    4   2048 0.020000  2016   1  21  15  33
         16         10         11         42
     0.2243    -0.3689    -0.1196     0.5600
     0.2332    -0.4054     0.0142     0.3813
     0.0465    -0.5974     0.0410     0.3154
    -0.0157    -0.6887     0.1660     0.0897
    -0.1402    -0.8532     0.2731    -0.1078
    -0.1669    -0.9354     0.3267    -0.2018
    -0.2914    -1.0632     0.4249    -0.3522
    -0.3803    -1.2367     0.4874    -0.4650
    -0.5225    -1.3280     0.5320    -0.6060
    -0.5492    -1.4467     0.5856    -0.8410
    -0.6737    -1.5471     0.5856    -0.8880
    -0.6826    -1.5562     0.6034    -1.0478
    -0.7627    -1.6292     0.6392    -1.1417
    -0.8783    -1.7296     0.6481    -1.3015
    -0.9138    -1.7752     0.6392    -1.4236
    -0.9939    -1.7569     0.6927    -1.4706
    -1.0473    -1.7934     0.7642    -1.6302
    -1.1362    -1.7843     0.7910    -1.6678
    -1.1184    -1.8573     0.8445    -1.7617
    -1.1451    -1.8390     0.8713    -1.8087
    -1.1807    -1.8299     0.9338    -1.8838
    -1.1985    -1.7569     0.9338    -1.8650
    -1.2607    -1.6657     0.9517    -1.8838
    -1.2607    -1.6474     0.9606    -1.8650
    -1.2785    -1.5106     0.9874    -1.8932
    -1.2341    -1.3919     0.9517    -1.8181
    -1.2607    -1.3189     0.9606    -1.7993
    -1.1629    -1.2732     0.9517    -1.7336
    -1.1362    -1.0632     0.9696    -1.6678
    -1.0739    -0.9993     0.9338    -1.6396
    -1.0562    -0.8349     0.9874    -1.4799
    -0.9939    -0.6613     0.9428    -1.4424
    -0.9405    -0.5425     0.9696    -1.3015
    -0.8694    -0.3963     0.9517    -1.1793
    -0.7538    -0.2226     0.9160    -1.0290
    -0.6737    -0.0580     0.8892    -0.9256
    -0.5225     0.1706     0.8267    -0.7470
    -0.4692     0.2804     0.7017    -0.5778
    -0.3269     0.5000     0.6570    -0.4368
    -0.1935     0.6190     0.5320    -0.3052
    -0.0602     0.8020     0.4517    -0.1266
     0.0732     0.9760     0.2999     0.0333
     0.1532     1.1867     0.2553     0.2402
     0.3043     1.3515     0.1392     0.4753
     0.4376     1.3699     0.0589     0.6823
     0.5799     1.4065    -0.0036     0.7952
     0.6687     1.4615    -0.1464     1.0681
     0.7932     1.4615    -0.2267     1.2657
     0.9531     1.4707    -0.2714     1.4916
     1.0331     1.4523    -0.3517     1.6046
     1.1575     1.5165    -0.4409     1.6705
     1.2286     1.5715    -0.5926     1.6329
     1.3708     1.5531    -0.6015     1.7270
     1.4241     1.5165    -0.7175     1.8023
     1.5040     1.6173    -0.7889     1.9342
     1.5396     1.5715    -0.8335     1.9907
     1.4774     1.6081    -0.9049     2.0848
     1.5218     1.5348    -0.9584     2.0848
     1.5396     1.5531    -0.9763     2.1413
     1.4863     1.5256    -1.0387     2.1602
     1.5396     1.5806    -1.1012     2.0943
     1.5218     1.4340    -1.0833     2.1131
     1.5307     1.4065    -1.1056     2.1225
     1.5307     1.2691    -1.1279     2.0848
     1.4685     1.0584    -1.1993     2.0378
     1.3974     0.9668    -1.2082     2.0566
     1.4241     0.8204    -1.1458     1.9436
     1.2997     0.5457    -1.1725     1.8212
     1.2286     0.4542    -1.1458     1.6705
     1.0420     0.3536    -1.1012     1.4352
     0.9620     0.1157    -1.0209     1.2469
     0.8643     0.0060    -1.0209     1.1057
     0.7487    -0.1678    -0.9138     0.8422
     0.5354    -0.3597    -0.8960     0.6541
     0.4821    -0.4329    -0.8514     0.4283
     0.3932    -0.5608    -0.7621     0.2214
     0.3043    -0.7435    -0.6640     0.0521
     0.1354    -0.8532    -0.5391    -0.1642
     0.0465    -0.9445    -0.4498    -0.3052
    -0.1046    -1.0267    -0.3606    -0.4744
    -0.1402    -1.1728    -0.2803    -0.5966
    -0.2825    -1.1728    -0.1553    -0.7658
    -0.3981    -1.3280    -0.0750    -0.8880
    -0.4781    -1.3828     0.0767    -1.0666
    -0.5581    -1.3919     0.2017    -1.1605
    -0.6204    -1.4649     0.2553    -1.3296
    -0.7715    -1.5288     0.4070    -1.4048
    -0.7982    -1.5379     0.5320    -1.4893
    -0.8783    -1.5653     0.6659    -1.6302
    -0.9939    -1.5927     0.7731    -1.6584
    -1.0028    -1.5106     0.8713    -1.7242
    -1.0650    -1.4832     0.9160    -1.7523
    -1.1629    -1.5288     0.9696    -1.8275
    -1.2163    -1.4832     0.9963    -1.7899
    -1.2341    -1.3919     0.9428    -1.8556
    -1.2696    -1.3828     1.0499    -1.8556
    -1.3141    -1.3006     1.1839    -1.7899
    -1.2696    -1.1363     1.2464    -1.7993
    -1.2874    -1.0724     1.3000    -1.7336
    -1.3052    -0.9993     1.3089    -1.6396
    -1.3230    -0.9080     1.3625    -1.5645
    -1.3052    -0.8166     1.4251    -1.4987
    -1.2341    -0.6522     1.4161    -1.3766
    -1.2607    -0.5974     1.4429    -1.2733
    -1.1540    -0.5151     1.4251    -1.1981
    -1.1273    -0.3872     1.4518    -1.0196
    -1.0295    -0.2592     1.4251    -0.8974
    -0.9761    -0.1312     1.4072    -0.7752
    -0.8872     0.0791     1.4429    -0.6342
    -0.8071     0.2255     1.3983    -0.4838
    -0.6826     0.3261     1.4340    -0.3898
    -0.6026     0.4542     1.3625    -0.2394
    -0.4959     0.6647     1.3000    -0.0890
    -0.3358     0.7471     1.2196     0.0897
    -0.2024     0.8753     1.0767     0.2966
    -0.0957     0.9943     0.9249     0.4377
    -0.0246     1.1042     0.7820     0.6259
     0.1443     1.2233     0.7195     0.7576
     0.2776     1.4157     0.5320     0.9363
     0.4110     1.4432     0.3802     1.1434
     0.5354     1.4982     0.2731     1.2375
     0.7043     1.5256     0.0946     1.3787
     0.8376     1.5256    -0.0125     1.5387
     0.9354     1.5348    -0.2000     1.6234
     1.0331     1.5898    -0.3160     1.7553
     1.2108     1.5898    -0.4231     1.9059
     1.2641     1.4982    -0.5837     1.9153
     1.3708     1.5348    -0.6818     2.0283
     1.4507     1.5715    -0.8068     2.0283
     1.5040     1.5715    -0.9763     2.0943
     1.5396     1.5256    -1.0298     2.0566
     1.5129     1.5165    -1.1814     2.0943
     1.5040     1.5073    -1.2528     2.0283
     1.5485     1.5531    -1.3242     2.0142
     1.5396     1.5165    -1.4134     2.0001
     1.4952     1.3882    -1.5115     1.9812
     1.5129     1.3149    -1.6096     1.9530
     1.5040     1.1775    -1.6006     1.8871
     1.4774     1.0584    -1.6720     1.7553
     1.5129     1.0035    -1.6898     1.6517
     1.4596     0.9211    -1.7166     1.5387
     1.3441     0.7471    -1.7077     1.4446
     1.2464     0.6739    -1.6987     1.2940
     1.1842     0.5183    -1.6452     1.1528
     1.0509     0.4451    -1.6542     1.0493
     0.9442     0.3078    -1.6006     0.8987
     0.8021     0.1157    -1.5115     0.7293
     0.6954     0.0426    -1.4847     0.6259
     0.6065    -0.1678    -1.3777     0.4189
     0.4910    -0.3049    -1.3152     0.3060
     0.4021    -0.3323    -1.2082     0.0991
     0.2421    -0.4786    -1.0566    -0.0137
     0.1532    -0.5882    -0.9941    -0.1736
     0.0287    -0.6430    -0.8514    -0.2300
    -0.0424    -0.7618    -0.7086    -0.3992
    -0.2113    -0.8714    -0.5926    -0.4744
    -0.3091    -0.9445    -0.4231    -0.5872
    -0.3536    -0.9628    -0.2535    -0.7376
    -0.4959    -1.0632    -0.0482    -0.8222
    -0.5937    -1.1728     0.0678    -0.8880
    -0.6381    -1.1819     0.2731    -0.9726
    -0.7715    -1.2185     0.4695    -1.0572
    -0.8694    -1.3189     0.6392    -1.1135
    -0.9494    -1.3737     0.8088    -1.1793
    -0.9850    -1.3919     0.9963    -1.2733
    -1.0739    -1.3463     1.1303    -1.2827
    -1.1362    -1.3508     1.3625    -1.3296
    -1.1896    -1.3554     1.3357    -1.3390
    -1.2341    -1.3463     1.4608    -1.4236
    -1.1985    -1.3371     1.5054    -1.4142
    -1.2429    -1.3737     1.6305    -1.4424
    -1.2696    -1.3189     1.7109    -1.4142
    -1.3230    -1.2641     1.8181    -1.4236
    -1.3319    -1.2915     1.9164    -1.3766
    -1.3052    -1.2002     1.9700    -1.3484
    -1.2874    -1.0541     2.0504    -1.2639
    -1.2252    -0.9902     2.0594    -1.2357
    -1.2429    -0.9628     2.0951    -1.1605
    -1.1629    -0.7984     2.0951    -1.0947
    -1.1362    -0.7435     2.1219    -1.0478
    -1.0917    -0.6613     2.0862    -0.9820
    -0.9850    -0.5517     2.1040    -0.8504
    -0.8961    -0.4329     2.0862    -0.7470
    -0.8160    -0.3140     2.0594    -0.6718
    -0.7804    -0.2043     1.9879    -0.5684
    -0.6115    -0.0672     1.9075    -0.4650
    -0.4870     0.1432     1.8003    -0.3146
    -0.4514     0.3170     1.5948    -0.2582
    -0.2914     0.3993     1.4518    -0.0984
    -0.1580     0.5824     1.2911     0.0239
    -0.0424     0.6739     1.0856     0.1837
     0.0732     0.8753     0.8981     0.3530
     0.2154     0.9485     0.7552     0.4471
     0.3043     1.0859     0.5499     0.6447
     0.4910     1.2050     0.3445     0.7482
     0.5532     1.3699     0.0857     0.8611
     0.7221     1.4523    -0.0661     0.9740
     0.8465     1.5440    -0.2178     1.1528
     0.9620     1.5623    -0.4052     1.3128
     1.0953     1.5990    -0.6105     1.4540
     1.1486     1.5715    -0.7621     1.5293
     1.2553     1.5531    -0.9406     1.6705
     1.3885     1.5806    -1.0922     1.7929
     1.4774     1.5440    -1.1993     1.8494
     1.4952     1.5211    -1.3598     1.9812
     1.4774     1.4982    -1.4490     1.9436
     1.4952     1.5531    -1.5828     2.0378
     1.4863     1.5165    -1.6452     2.0848
     1.4952     1.6081    -1.7879     2.0896
     1.5129     1.5715    -1.8325     2.0943
     1.4996     1.5348    -1.9395     2.0001
     1.4863     1.5165    -2.0465     2.0283
     1.4774     1.4707    -2.0465     1.9718
     1.4685     1.3424    -2.0108     1.9624
     1.4596     1.2508    -2.0643     1.8118
     1.4241     1.0676    -2.0643     1.6894
     1.3885     0.9119    -2.0287     1.5952
     1.2286     0.7746    -2.0198     1.5105
     1.1575     0.6098    -1.9038     1.3504
     1.0064     0.4634    -1.8860     1.2657
     0.9709     0.3078    -1.7433     1.0869
     0.8376     0.1615    -1.6987     0.9552
     0.7221     0.0334    -1.5650     0.7576
     0.6154    -0.1586    -1.4669     0.6353
     0.5532    -0.2958    -1.3688     0.4095
     0.4376    -0.4146    -1.1725     0.2778
     0.3399    -0.5151    -1.0209     0.0897
     0.1710    -0.7070    -0.8692    -0.0608
     0.0554    -0.7801    -0.7175    -0.1924
     0.0021    -0.8623    -0.5034    -0.3334
    -0.1135    -1.0632    -0.3695    -0.5214
    -0.2469    -1.1272    -0.1375    -0.6060
    -0.3358    -1.2276     0.0232    -0.8034
    -0.3981    -1.2641     0.2553    -0.8786
    -0.5492    -1.3098     0.4784    -1.0102
    -0.6470    -1.4375     0.6302    -1.1135
    -0.6915    -1.4102     0.8267    -1.1793
    -0.7982    -1.5014     1.0231    -1.3015
    -0.8872    -1.4923     1.2107    -1.4048
    -1.0206    -1.5197     1.3804    -1.4518
    -1.0384    -1.5197     1.5590    -1.5081
    -1.0739    -1.5197     1.8003    -1.5645
    -1.1807    -1.5197     1.8717    -1.5927
    -1.1629    -1.5288     2.0415    -1.6584
    -1.2074    -1.4649     2.0326    -1.6960
    -1.2429    -1.4193     2.0862    -1.6866
    -1.2963    -1.3828     2.1040    -1.6490
    -1.3230    -1.3006     2.1666    -1.6678
    -1.2785    -1.2185     2.1666    -1.5739
    -1.2963    -1.1180     2.1845    -1.5551
    -1.3141    -0.9810     2.2470    -1.4612
    -1.2518    -0.9536     2.2023    -1.4236
    -1.2163    -0.8623     2.1845    -1.3578
    -1.2074    -0.6887     2.2381    -1.2075
    -1.1006    -0.6430     2.2202    -1.1323
    -1.0828    -0.4786     2.1845    -1.0290
    -1.0295    -0.4237     2.1040    -0.8880
    -0.8783    -0.2500     2.1308    -0.8034
    -0.7804    -0.0763     1.8985    -0.6436
    -0.7093     0.0243     1.8360    -0.5308
    -0.6470     0.1889     1.6305    -0.4180
    -0.5314     0.3627     1.4965    -0.2864
    -0.3803     0.4451     1.3089    -0.1172
    -0.3180     0.6190     1.0856    -0.0420
    -0.2024     0.6922     0.9428     0.1932
    -0.0513     0.8844     0.7552     0.3530
     0.0643     0.9852     0.5499     0.5130
     0.1621     1.0584     0.3445     0.6259
     0.3221     1.2141     0.1928     0.7576
     0.4021     1.3424    -0.0304     0.9175
     0.5087     1.4157    -0.2000     1.0775
     0.6154     1.4982    -0.4141     1.2093
     0.7665     1.5348    -0.5391     1.3504
     0.8643     1.5806    -0.7086     1.5199
     0.9620     1.5623    -0.9049     1.5764
     1.0864     1.5898    -1.0476     1.6988
     1.1486     1.5440    -1.1458     1.8023
     1.3175     1.5440    -1.2528     1.9247
     1.3885     1.5073    -1.4044     1.9624
     1.4774     1.5348    -1.4847     2.0001
     1.4507     1.5806    -1.5828     2.0283
     1.5040     1.5715    -1.6631     2.0001
     1.5396     1.6081    -1.6809     2.0472
     1.5396     1.5348    -1.8058     2.0754
     1.5396     1.5440    -1.8236     2.0660
     1.5573     1.4798    -1.8236     2.0001
     1.4863     1.4982    -1.8593     1.9718
     1.4952     1.3607    -1.8459     1.9436
     1.5218     1.3057    -1.8325     1.8400
     1.4952     1.2050    -1.7968     1.7176
     1.4241     1.0676    -1.7790     1.6517
     1.4063     0.8936    -1.6987     1.5105
     1.2730     0.8570    -1.6096     1.4352
     1.2375     0.6373    -1.5917     1.3128
     1.0953     0.5549    -1.4936     1.1999
     0.9709     0.4451    -1.3866     1.0587
     0.8820     0.3170    -1.3152     0.8517
     0.7843     0.1615    -1.1725     0.7293
     0.6065    -0.0032    -1.0833     0.5506
     0.5354    -0.0946    -0.8960     0.4471
     0.4465    -0.3415    -0.7443     0.2402
     0.3488    -0.4054    -0.6194     0.1555
     0.2154    -0.5151    -0.4141    -0.0702
     0.0465    -0.6430    -0.3071    -0.1924
    -0.0335    -0.6796    -0.1375    -0.2582
    -0.1402    -0.8440     0.0232    -0.3804
    -0.2469    -0.9536     0.2374    -0.5214
    -0.3358    -1.0267     0.3802    -0.6718
    -0.4514    -1.0906     0.5767    -0.7188
    -0.5759    -1.2459     0.7374    -0.8222
    -0.6559    -1.2732     0.8624    -0.9538
    -0.7538    -1.3189     1.0589    -1.0102
    -0.8605    -1.4284     1.1571    -1.1981
    -0.9050    -1.5014     1.3089    -1.2075
    -1.0117    -1.5014     1.4072    -1.2921
    -1.0295    -1.5562     1.5680    -1.3296
    -1.1184    -1.5653     1.7109    -1.4330
    -1.1718    -1.5471     1.8003    -1.4612
    -1.1896    -1.5927     1.9253    -1.5739
    -1.1896    -1.5471     1.9700    -1.5175
    -1.2874    -1.5562     2.0326    -1.5739
    -1.2874    -1.4832     2.1219    -1.5175
    -1.2252    -1.4284     2.1219    -1.5363
    -1.2607    -1.4010     2.1308    -1.5833
    -1.2518    -1.3371     2.1487    -1.5175
    -1.2696    -1.2185     2.1308    -1.4706
    -1.2163    -1.0998     2.1577    -1.4142
    -1.2074    -1.0450     2.1130    -1.3390
    -1.1540    -0.9445     2.0504    -1.2545
    -1.1095    -0.8440     1.9700    -1.1981
    -1.0028    -0.7070     1.8717    -1.0947
    -0.9494    -0.5517     1.7734    -1.0008
    -0.8872    -0.4146     1.7020    -0.9350
    -0.8160    -0.2958     1.5948    -0.7846
    -0.7004    -0.1403     1.4697    -0.7188
    -0.5848     0.0151     1.3000    -0.5308
    -0.5314     0.1706     1.2553    -0.4086
    -0.3714     0.4176     1.1124    -0.2582
    -0.3447     0.5183     0.9696    -0.1642
    -0.1402     0.6922     0.7910    -0.0420
    -0.0602     0.8112     0.6749     0.2026
     0.0732     1.0035     0.5409     0.3625
     0.1443     1.0767     0.3624     0.4941
     0.2865     1.2233     0.2285     0.6917
     0.4465     1.3515     0.0500     0.8517
     0.5443     1.5073    -0.0929     1.0210
     0.6954     1.5256    -0.1910     1.1151
     0.7932     1.5348    -0.3606     1.3128
     0.8643     1.5348    -0.5034     1.4728
     0.9709     1.5531    -0.6283     1.6329
     1.0864     1.5715    -0.7175     1.7364
     1.2108     1.5669    -0.8781     1.8871
     1.3263     1.5623    -0.9763     2.0283
     1.3797     1.5806    -1.0476     2.0754
     1.4152     1.6265    -1.1725     2.1225
     1.4863     1.5806    -1.2350     2.1131
     1.5129     1.5806    -1.3420     2.0754
     1.5040     1.6081    -1.4134     2.0754
     1.5485     1.5715    -1.5115     2.1319
     1.5218     1.5348    -1.5025     2.0754
     1.4952     1.5715    -1.6006     2.0613
     1.4774     1.4248    -1.5828     2.0472
     1.5129     1.3790    -1.6542     2.1037
     1.5040     1.2599    -1.6274     2.0095
     1.4596     1.1409    -1.6809     1.9812
     1.3352     0.9577    -1.6898     1.7929
     1.2997     0.8020    -1.6542     1.6423
     1.1931     0.7471    -1.6363     1.5293
     1.1575     0.5640    -1.5471     1.4258
     1.0420     0.4817    -1.5204     1.1904
     0.9265     0.3810    -1.4490     1.0869
     0.8109     0.2346    -1.3955     0.8705
     0.6954     0.1066    -1.2796     0.7199
     0.6065    -0.0306    -1.2350     0.5318
     0.5443    -0.2683    -1.0922     0.3719
     0.4288    -0.3597    -1.0030     0.2026
     0.3221    -0.4694    -0.9227     0.0239
     0.1976    -0.5791    -0.7711    -0.1642
     0.0998    -0.6339    -0.6462    -0.2488
    -0.0513    -0.7435    -0.5034    -0.3804
    -0.1580    -0.7710    -0.3606    -0.5402
    -0.2380    -0.8532    -0.2446    -0.6342
    -0.3180    -0.9902    -0.0929    -0.7658
    -0.4514    -1.0906     0.0678    -0.8974
    -0.5670    -1.0998     0.2374    -1.0102
    -0.6559    -1.1819     0.4249    -1.0572
    -0.7449    -1.2093     0.6124    -1.1699
    -0.7804    -1.3098     0.7910    -1.2169
    -0.9050    -1.3554     0.8803    -1.3296
    -0.9672    -1.3645     1.0589    -1.3954
    -1.0028    -1.3508     1.1928    -1.3954
    -1.1273    -1.3371     1.3625    -1.4048
    -1.1273    -1.4193     1.5233    -1.4424
    -1.1985    -1.4102     1.6037    -1.4612
    -1.2607    -1.3463     1.7466    -1.4799
    -1.2874    -1.3737     1.8271    -1.4940
    -1.2874    -1.2732     1.9700    -1.5081
    -1.2607    -1.2641     2.0236    -1.4048
    -1.3230    -1.2367     2.0683    -1.4330
    -1.2963    -1.2002     2.1398    -1.3202
    -1.3052    -1.1180     2.1130    -1.3390
    -1.2252    -0.9902     2.1755    -1.2263
    -1.1896    -0.9902     2.1398    -1.1887
    -1.1273    -0.8623     2.1577    -1.0572
    -1.1362    -0.7344     2.1130    -0.9914
    -1.0828    -0.6522     2.0326    -0.8880
    -0.9850    -0.5151     1.9521    -0.8410
    -0.9050    -0.4786     1.8360    -0.6812
    -0.7982    -0.3140     1.7377    -0.6154
    -0.7627    -0.1952     1.6216    -0.4932
    -0.6559     0.0060     1.5501    -0.3804
    -0.4870     0.1523     1.3893    -0.2488
    -0.3892     0.2804     1.2643    -0.1454
    -0.2736     0.4451     1.0946    -0.0608
    -0.2024     0.5366     0.9517     0.1179
    -0.0691     0.7563     0.7463     0.2778
     0.0554     0.8844     0.6034     0.4283
     0.1887     0.9668     0.3892     0.5600
     0.3043     1.0859     0.2106     0.7011
     0.3843     1.2599     0.0321     0.8140
     0.5087     1.4065    -0.1643     1.0305
     0.6954     1.4248    -0.2892     1.1151
     0.7576     1.5256    -0.5034     1.2751
     0.9265     1.5348    -0.6551     1.4258
     1.0242     1.5623    -0.8068     1.5387
     1.1220     1.5990    -0.9584     1.6799
     1.1842     1.6035    -1.0922     1.7647
     1.2908     1.6081    -1.1993     1.8871
     1.4152     1.5623    -1.3420     2.0001
     1.4685     1.5715    -1.4401     2.0566
     1.4863     1.5990    -1.6185     2.0472
     1.4774     1.5623    -1.6452     2.0472
     1.5040     1.5256    -1.7166     2.0754
     1.5485     1.6081    -1.7968     2.0566
     1.5396     1.5715    -1.8414     2.0566
     1.5307     1.5256    -1.8949     2.0566
     1.4774     1.5623    -1.9663     2.0754
     1.4863     1.4798    -1.9752     2.0001
     1.5218     1.3515    -1.9663     1.9907
     1.4418     1.2233    -1.9573     1.9059
     1.4063     1.0676    -1.9038     1.7929
     1.3974     0.9852    -1.8593     1.6799
     1.2819     0.8295    -1.8860     1.5293
     1.2019     0.6190    -1.7523     1.3787
     1.1220     0.4817    -1.6898     1.2657
     0.9531     0.4268    -1.5917     1.0775
     0.8554     0.2712    -1.5204     0.9363
     0.7576     0.0243    -1.4134     0.6917
     0.6776    -0.0855    -1.2796     0.5788
     0.5976    -0.2409    -1.1725     0.3436
     0.4643    -0.3780    -1.0655     0.2308
     0.2776    -0.4877    -0.8960    -0.0137
     0.2065    -0.5699    -0.7621    -0.1172
     0.0998    -0.7070    -0.6015    -0.2770
     0.0198    -0.8349    -0.4498    -0.3804
    -0.0691    -0.8714    -0.2803    -0.5308
    -0.2291    -0.9810    -0.1286    -0.6906
    -0.2825    -1.0906     0.1124    -0.8692
    -0.4247    -1.1454     0.1928    -0.9914
    -0.4781    -1.1819     0.4695    -1.0384
    -0.5759    -1.2732     0.6034    -1.2451
    -0.6915    -1.3554     0.7910    -1.2733
    -0.8071    -1.4102     0.9160    -1.3954
    -0.8160    -1.3737     1.0767    -1.4424
    -0.8961    -1.4467     1.2107    -1.5645
    -0.9939    -1.4832     1.3715    -1.6208
    -1.0384    -1.4193     1.4876    -1.6490
    -1.1451    -1.4467     1.5680    -1.6584
    -1.1718    -1.4193     1.7020    -1.6866
    -1.1851    -1.4284     1.7734    -1.7054
    -1.1985    -1.3554     1.9164    -1.7429
    -1.1807    -1.3645     1.9611    -1.7242
    -1.2518    -1.2824     2.0057    -1.6772
    -1.2518    -1.2002     2.0057    -1.6584
    -1.2518    -1.1637     2.0236    -1.5833
    -1.1985    -1.1454     1.9879    -1.5457
    -1.1896    -1.0906     1.9968    -1.5081
    -1.1718    -0.9262     1.9968    -1.4142
    -1.0917    -0.8532     1.8896    -1.3202
    -1.0562    -0.7892     1.8717    -1.1793
    -1.0295    -0.6339     1.7824    -1.0947
    -0.9405    -0.5608     1.6930    -0.9632
    -0.8160    -0.5060     1.6305    -0.8786
    -0.7627    -0.3415     1.4697    -0.7282
    -0.7004    -0.2043     1.4072    -0.6342
    -0.6115    -0.1678     1.2375    -0.4556
    -0.4603     0.0426     1.1214    -0.4180
    -0.3447     0.2255     0.9874    -0.2112
    -0.2291     0.3444     0.8624    -0.1078
    -0.1758     0.4451     0.6838     0.0615
    -0.0602     0.5732     0.5320     0.1837
     0.0821     0.7196     0.3535     0.3530
     0.2776     0.7929     0.2017     0.4753
     0.3754     0.9485     0.0678     0.6447
     0.5176     1.0310    -0.1196     0.7105
     0.6243     1.1592    -0.2267     0.9175
     0.7665     1.3149    -0.3874     1.0587
     0.8643     1.4340    -0.5123     1.2375
     0.9798     1.4982    -0.6818     1.3034
     1.0864     1.4890    -0.7711     1.4634
     1.1931     1.4798    -0.9138     1.5387
     1.2908     1.5623    -1.0833     1.6799
     1.3974     1.5348    -1.1012     1.7176
     1.4685     1.5806    -1.1993     1.7929
     1.4774     1.5440    -1.2974     1.8871
     1.5040     1.5806    -1.4044     1.9436
     1.5218     1.5990    -1.4758     1.9812
     1.5218     1.5715    -1.5917     2.0189
     1.5218     1.5898    -1.6185     2.0189
     1.5662     1.5531    -1.6274     1.9624
     1.5396     1.5165    -1.6987     1.9342
     1.5573     1.4523    -1.7166     1.9436
     1.4774     1.4065    -1.7523     1.8306
     1.4863     1.2691    -1.7344     1.7364
     1.4685     1.1592    -1.7612     1.6988
     1.4685     1.0126    -1.6809     1.5387
     1.3974     0.8387    -1.6898     1.5011
     1.3086     0.7196    -1.6185     1.3410
     1.2019     0.6373    -1.6096     1.2375
     1.1575     0.4359    -1.5561     1.0681
     1.0420     0.2621    -1.4758     0.8893
     0.9620     0.1706    -1.3688     0.7576
     0.8021    -0.0215    -1.2528     0.6259
     0.6954    -0.1586    -1.2528     0.4189
     0.6154    -0.2683    -1.0655     0.2778
     0.4643    -0.4603    -1.0298     0.0521
     0.3576    -0.5791    -0.8424    -0.0702
     0.2599    -0.6979    -0.7175    -0.2018
     0.1265    -0.8075    -0.5926    -0.3804
    -0.0335    -0.8623    -0.4498    -0.5026
    -0.1046    -0.9536    -0.2535    -0.6624
    -0.1935    -1.0815    -0.1553    -0.7752
    -0.3358    -1.1911     0.0767    -0.9538
    -0.4692    -1.2550     0.2017    -1.0478
    -0.5137    -1.2915     0.3624    -1.1323
    -0.6470    -1.4010     0.6034    -1.3108
    -0.7182    -1.4102     0.7284    -1.3860
    -0.8071    -1.4558     0.9070    -1.4330
    -0.8694    -1.5106     1.0231    -1.5551
    -0.8872    -1.5106     1.2285    -1.5833
    -0.9939    -1.5379     1.3804    -1.6490
    -1.0117    -1.5014     1.5233    -1.6772
    -1.0917    -1.4558     1.6037    -1.7523
    -1.1273    -1.4375     1.7734    -1.7148
    -1.1451    -1.4010     1.8717    -1.7429
    -1.1095    -1.4375     1.9789    -1.7242
    -1.1718    -1.3554     2.0862    -1.7805
    -1.2074    -1.2915     2.1219    -1.6678
    -1.1896    -1.2367     2.1398    -1.6490
    -1.2029    -1.2185     2.1398    -1.5739
    -1.2163    -1.1637     2.1487    -1.5363
    -1.1896    -1.0724     2.1219    -1.4236
    -1.1540    -0.9719     2.1755    -1.3860
    -1.1184    -0.8532     2.1398    -1.2545
    -1.1006    -0.7801     2.1577    -1.1417
    -1.0117    -0.7161     2.1040    -1.0290
    -0.9494    -0.5791     2.0683    -0.9162
    -0.9405    -0.5151     1.9343    -0.7940
    -0.8338    -0.3597     1.8181    -0.7000
    -0.7360    -0.3049     1.7377    -0.5308
    -0.6115    -0.1860     1.5948    -0.4274
    -0.5937     0.0243     1.4340    -0.2770
    -0.4603     0.1523     1.2553    -0.1924
    -0.2647     0.2895     1.1303    -0.0420
    -0.1491     0.4176     0.9428     0.1367
    -0.0335     0.5274     0.7910     0.2872
     0.0910     0.6830     0.6570     0.4753
     0.2510     0.8020     0.4249     0.6070
     0.3932     0.8936     0.2820     0.7011
     0.4465     0.9485     0.0321     0.9175
     0.6510     1.0584    -0.0839     1.0775
     0.7754     1.1683    -0.2178     1.1622
     0.7932     1.3332    -0.4588     1.3410
     1.0064     1.3882    -0.5658     1.4069
     1.0420     1.4798    -0.7443     1.5575
     1.1753     1.4798    -0.7889     1.6329
     1.2019     1.5073    -0.9138     1.7176
     1.3175     1.5531    -1.0655     1.8588
     1.3175     1.5256    -1.1636     1.9530
     1.4418     1.5623    -1.2706     2.0001
     1.4507     1.5256    -1.3242     2.0001
     1.4241     1.5898    -1.4044     2.0660
     1.4507     1.5440    -1.4758     2.0189
     1.4685     1.5073    -1.5293     2.0754
     1.4863     1.5531    -1.5650     2.0189
     1.4685     1.5073    -1.5739     2.0566
     1.4241     1.4248    -1.6274     1.9907
     1.4241     1.3515    -1.6185     1.9624
     1.4418     1.2416    -1.6274     1.8400
     1.4330     1.1134    -1.5739     1.7647
     1.3797     0.9668    -1.5917     1.6423
     1.3352     0.8844    -1.4669     1.5575
     1.2375     0.7196    -1.4401     1.3881
     1.2197     0.6098    -1.3688     1.2657
     1.0953     0.4542    -1.3063     1.0775
     1.0242     0.3719    -1.1636     0.9928
     0.9265     0.1523    -1.1190     0.7482
     0.8021    -0.0032    -1.0030     0.5788
     0.6154    -0.1129    -0.9317     0.4471
     0.5354    -0.2775    -0.7889     0.2684
     0.3399    -0.4054    -0.6372     0.1273
     0.2510    -0.5699    -0.5034    -0.0984
     0.1354    -0.6522    -0.3695    -0.2018
    -0.0424    -0.7344    -0.1910    -0.3240
    -0.1491    -0.8532    -0.0572    -0.4744
    -0.2469    -0.9719     0.1214    -0.6624
    -0.3892    -1.0998     0.2553    -0.7846
    -0.4514    -1.1637     0.4249    -0.9162
    -0.6204    -1.2185     0.5499    -1.0478
    -0.6826    -1.2641     0.7284    -1.1417
    -0.7804    -1.2915     0.8356    -1.2733
    -0.8605    -1.4102     0.9785    -1.3766
    -0.8783    -1.3828     1.1571    -1.4893
    -0.9494    -1.4102     1.2643    -1.5363
    -1.0206    -1.4649     1.3893    -1.5645
    -1.0117    -1.4558     1.4965    -1.6396
    -1.1095    -1.4923     1.6037    -1.7148
    -1.1184    -1.4467     1.7198    -1.7429
    -1.2252    -1.4558     1.8092    -1.7148
    -1.2252    -1.3828     1.9343    -1.7617
    -1.2252    -1.4102     1.9611    -1.7429
    -1.1985    -1.3554     2.0057    -1.7242
    -1.2696    -1.3189     2.0594    -1.7054
    -1.2785    -1.2367     2.0683    -1.6208
    -1.2785    -1.1454     2.0951    -1.6021
    -1.2874    -1.0815     2.1308    -1.5175
    -1.3141    -0.9810     2.0862    -1.4424
    -1.2785    -0.9354     2.0594    -1.3578
    -1.2074    -0.8714     2.0326    -1.2733
    -1.1985    -0.7161     1.9343    -1.1041
    -1.1896    -0.6156     1.9164    -1.0572
    -1.1006    -0.5791     1.7913    -0.8786
    -1.0206    -0.4786     1.7377    -0.7846
    -0.9494    -0.2958     1.6216    -0.6154
    -0.8694    -0.2043     1.4876    -0.5308
    -0.7449    -0.0946     1.4072    -0.3428
    -0.5848     0.1066     1.2375    -0.2958
    -0.4603     0.2529     1.1571    -0.1078
    -0.3180     0.3627     0.9963     0.0145
    -0.1758     0.4817     0.8267     0.1743
    -0.0602     0.6373     0.7017     0.3907
     0.0821     0.7105     0.5677     0.5506
     0.2154     0.8661     0.3892     0.6823
     0.3488     0.9302     0.2553     0.8140
     0.4376     1.1134     0.0321     0.9646
     0.5887     1.2050    -0.1286     1.1151
     0.6687     1.3332    -0.2714     1.2846
     0.7576     1.4432    -0.4141     1.3787
     0.8731     1.4798    -0.5212     1.5105
     0.9709     1.5715    -0.6462     1.6423
     1.0064     1.5440    -0.8603     1.7835
     1.0864     1.5348    -0.9227     1.8588
     1.1575     1.5898    -1.1101     2.0001
     1.2286     1.5348    -1.1814     2.0566
     1.3175     1.5165    -1.2974     2.0472
     1.3352     1.5623    -1.3420     2.0472
     1.3530     1.5440    -1.4401     2.0566
     1.3797     1.5531    -1.4758     2.0660
     1.3885     1.5806    -1.5382     2.0754
     1.4330     1.5990    -1.6096     2.0566
     1.3885     1.5256    -1.6809     2.0754
     1.3930     1.4890    -1.7166     2.0472
     1.3974     1.4890    -1.7701     2.0848
     1.4152     1.3699    -1.7523     2.0378
     1.3263     1.3332    -1.7255     1.9436
     1.3263     1.1317    -1.7166     1.8400
     1.2286     1.0493    -1.7166     1.7458
     1.1753     0.8753    -1.6809     1.6423
     1.0509     0.7288    -1.6185     1.4916
     0.9442     0.5824    -1.5115     1.3222
     0.8820     0.4908    -1.4490     1.1904
     0.7754     0.3902    -1.3688     1.0210
     0.6510     0.1889    -1.3420     0.8517
     0.5265     0.0791    -1.1458     0.6541
     0.3754    -0.0306    -1.1012     0.5130
     0.3221    -0.2592    -0.9049     0.2966
     0.1710    -0.3689    -0.8157     0.1837
    -0.0157    -0.4511    -0.6372    -0.0231
    -0.1224    -0.5608    -0.5123    -0.1548
    -0.2113    -0.6522    -0.3160    -0.2864
    -0.2558    -0.7161    -0.1732    -0.3898
    -0.4336    -0.8258    -0.0125    -0.5308
    -0.5403    -0.9171     0.2017    -0.6718
    -0.6470    -0.9445     0.3802    -0.8316
    -0.6915    -1.0084     0.5499    -0.8974
    -0.8249    -1.0906     0.7106    -0.9632
    -0.8961    -1.1454     0.8624    -1.1135
    -0.9316    -1.2093     1.0499    -1.1511
    -1.0028    -1.2550     1.2107    -1.2357
    -1.1184    -1.2459     1.3447    -1.3015
    -1.1451    -1.2732     1.4518    -1.3484
    -1.1629    -1.2824     1.5680    -1.4330
    -1.1896    -1.3006     1.7198    -1.4518
    -1.2429    -1.2093     1.8003    -1.4893
    -1.2963    -1.2367     1.9253    -1.4893
    -1.2518    -1.1819     1.9879    -1.4893
    -1.2963    -1.2276     2.0683    -1.4518
    -1.3052    -1.0815     2.0772    -1.4142
    -1.3319    -1.0906     2.1577    -1.4048
    -1.2963    -0.9810     2.1308    -1.3578
    -1.2874    -0.9445     2.1130    -1.2545
    -1.2341    -0.8349     2.1219    -1.2169
    -1.2607    -0.7801     2.1130    -1.1323
    -1.2074    -0.6613     2.0236    -1.0478
    -1.2163    -0.5974     2.0057    -0.9914
    -1.1184    -0.4968     1.8807    -0.8974
    -1.1184    -0.4146     1.7377    -0.7376
    -0.9761    -0.3506     1.6662    -0.6436
    -0.9405    -0.1678     1.5769    -0.5308
    -0.8605     0.0426     1.4429    -0.3804
    -0.7271     0.1706     1.3357    -0.3052
    -0.5759     0.2346     1.1392    -0.1360
    -0.4603     0.4176     1.0231    -0.0608
    -0.3536     0.5000     0.9160     0.1367
    -0.2291     0.6373     0.7463     0.2778
    -0.1046     0.7746     0.5499     0.4565
     0.0910     0.9485     0.4070     0.5788
     0.2421     0.9852     0.2463     0.7011
     0.3932     1.1683     0.1303     0.8893
     0.4732     1.2416    -0.0393     1.0681
     0.5887     1.3515    -0.1732     1.2093
     0.7576     1.5073    -0.3338     1.3410
     0.8554     1.5623    -0.4588     1.4728
     0.8998     1.5256    -0.5837     1.6046
     1.0420     1.5623    -0.7354     1.6799
     1.0687     1.5440    -0.8960     1.8023
     1.1753     1.5348    -1.0030     1.8777
     1.2464     1.5806    -1.0209     2.0095
     1.2997     1.5806    -1.1368     2.0378
     1.2819     1.5440    -1.1993     2.0848
     1.2819     1.5348    -1.3152     2.0472
     1.3797     1.5256    -1.3955     2.0189
     1.3708     1.5623    -1.4044     2.0848
     1.4063     1.5898    -1.5025     2.0660
     1.4241     1.5531    -1.5471     2.0378
     1.4241     1.5715    -1.5293     2.0848
     1.4507     1.4890    -1.6274     2.0001
     1.4152     1.3974    -1.6096     1.9530
     1.4330     1.4157    -1.6452     1.8777
     1.4063     1.2416    -1.5382     1.8306
     1.3530     1.1134    -1.5382     1.6705
     1.3263     0.9668    -1.5382     1.5387
     1.2464     0.8204    -1.5025     1.3975
     1.1575     0.6647    -1.4223     1.2751
     1.0331     0.5732    -1.3420     1.1528
     0.9620     0.3444    -1.3063     0.9175
     0.8465     0.2712    -1.1904     0.7858
     0.6776     0.1249    -1.1458     0.5412
     0.5443    -0.0306    -1.0119     0.4565
     0.4376    -0.1678    -0.9584     0.2214
     0.2954    -0.3232    -0.8157     0.0145
     0.2065    -0.4329    -0.6640    -0.0984
     0.0643    -0.5517    -0.5123    -0.2206
    -0.0691    -0.6796    -0.4231    -0.3898
    -0.1580    -0.7618    -0.2803    -0.5214
    -0.2558    -0.8349    -0.0839    -0.6248
    -0.3447    -0.9628     0.0321    -0.8128
    -0.4336    -0.9810     0.1928    -0.9350
    -0.6026    -1.1089     0.3713    -1.0008
    -0.6737    -1.1272     0.5320    -1.0947
    -0.6648    -1.2550     0.7284    -1.2169
    -0.7893    -1.2732     0.8713    -1.3390
    -0.8249    -1.3371     1.0142    -1.4048
    -0.8961    -1.3828     1.2018    -1.4987
    -1.0028    -1.4193     1.3179    -1.5457
    -1.0117    -1.4375     1.4251    -1.6021
    -1.0384    -1.4649     1.6126    -1.6208
    -1.1184    -1.4741     1.7198    -1.6678
    -1.2074    -1.4923     1.8181    -1.6584
    -1.1985    -1.4832     1.9253    -1.6678
    -1.2163    -1.4193     2.0415    -1.6772
    -1.2429    -1.4284     2.0236    -1.6772
    -1.1985    -1.3919     2.1487    -1.6584
    -1.2029    -1.3189     2.1755    -1.6490
    -1.2074    -1.2459     2.1666    -1.5645
    -1.2429    -1.1454     2.1398    -1.5363
    -1.1807    -1.1363     2.1219    -1.4424
    -1.1807    -0.9902     2.1398    -1.4142
    -1.1540    -0.9354     2.1130    -1.2921
    -1.1095    -0.8258     2.1130    -1.1887
    -1.0117    -0.7435     1.9789    -1.0853
    -1.0206    -0.6156     1.8985    -0.9914
    -0.9227    -0.4786     1.8003    -0.8316
    -0.7982    -0.4694     1.6752    -0.7188
    -0.7271    -0.2592     1.5501    -0.6060
    -0.6204    -0.1129     1.3893    -0.4180
    -0.4959     0.0060     1.2911    -0.3146
    -0.3180     0.1615     1.0946    -0.2018
    -0.2291     0.3078     0.9338    -0.0514
    -0.0513     0.4542     0.7999     0.1085
     0.0732     0.5915     0.6302     0.2966
     0.2154     0.6922     0.4427     0.4377
     0.3132     0.8478     0.2820     0.6070
     0.5087     0.9028     0.1481     0.7388
     0.6687     1.0676    -0.0482     0.9458
     0.7310     1.1592    -0.2267     1.0681
     0.8820     1.2874    -0.3695     1.2187
     0.9709     1.3607    -0.4677     1.3599
     1.0864     1.4615    -0.6462     1.4916
     1.1931     1.5348    -0.7354     1.6329
     1.2464     1.5073    -0.8692     1.6894
     1.3530     1.5806    -1.0298     1.8494
     1.4063     1.5806    -1.0922     1.9059
     1.4863     1.5256    -1.2350     2.0095
     1.4952     1.5531    -1.3063     2.0660
     1.5129     1.5806    -1.4758     2.0378
     1.5129     1.5760    -1.4847     2.0189
     1.5396     1.5715    -1.5471     2.0943
     1.5396     1.5531    -1.5917     2.0754
     1.5396     1.5623    -1.6809     1.9907
     1.5129     1.4707    -1.6898     2.0283
     1.4774     1.4982    -1.7790     2.0378
     1.5040     1.3790    -1.7523     1.9530
     1.5573     1.2874    -1.8147     1.9059
     1.5129     1.1958    -1.7879     1.7458
     1.4774     1.0310    -1.7166     1.6140
     1.5129     0.9028    -1.7433     1.5293
     1.4952     0.8570    -1.6452     1.3881
     1.3974     0.6647    -1.6452     1.2751
     1.3086     0.6098    -1.5917     1.1340
     1.1664     0.4359    -1.4847     0.8987
     1.0775     0.2621    -1.4401     0.7293
     0.8820     0.1615    -1.2974     0.5788
     0.8198     0.0060    -1.2171     0.4377
     0.6954    -0.1495    -1.1012     0.2308
     0.5265    -0.3049    -1.0655     0.0897
     0.3843    -0.3872    -0.8603    -0.1360
     0.2510    -0.4968    -0.7621    -0.2300
     0.1887    -0.6339    -0.6372    -0.3710
     0.0643    -0.7892    -0.5034    -0.5120
    -0.0335    -0.8532    -0.3071    -0.6530
    -0.2202    -0.8897    -0.2089    -0.7188
    -0.2825    -0.9628     0.0053    -0.8692
    -0.3447    -1.0358     0.0946    -0.9820
    -0.4692    -1.1819     0.2374    -1.1135
    -0.4959    -1.1728     0.4784    -1.1887
    -0.6204    -1.3006     0.6570    -1.2921
    -0.7004    -1.3463     0.7552    -1.3484
    -0.7093    -1.3645     0.9606    -1.4236
    -0.7627    -1.3645     1.0589    -1.4518
    -0.8783    -1.3919     1.2018    -1.5269
    -0.9050    -1.4375     1.3357    -1.5645
    -0.9138    -1.4467     1.4518    -1.5833
    -1.0117    -1.3828     1.5948    -1.5786
    -1.0028    -1.3737     1.7377    -1.5739
    -1.0650    -1.3371     1.8360    -1.5927
    -1.0562    -1.2824     1.8628    -1.6115
    -1.0562    -1.2732     1.9968    -1.5645
    -1.0828    -1.2002     1.9968    -1.5551
    -1.1629    -1.1637     2.0683    -1.4518
    -1.1362    -1.1180     2.0504    -1.4330
    -1.1362    -0.9993     2.0594    -1.3484
    -1.0562    -0.9080     2.0415    -1.2921
    -1.0650    -0.7892     2.0504    -1.1981
    -1.0473    -0.7161     1.9611    -1.1041
    -1.0028    -0.6613     1.9432    -0.9538
    -0.9316    -0.5243     1.8628    -0.8974
    -0.8160    -0.4146     1.7466    -0.7094
    -0.7538    -0.3506     1.6752    -0.6154
    -0.6826    -0.1129     1.5501    -0.4462
    -0.6026     0.0243     1.3983    -0.3146
    -0.4069     0.1157     1.2732    -0.2300
    -0.3091     0.2712     1.1928    -0.0890
    -0.1758     0.3902     1.0499     0.1085
    -0.0957     0.4817     0.8624     0.2402
     0.0465     0.6373     0.7284     0.4095
     0.2510     0.8387     0.5499     0.5600
     0.3754     0.8753     0.4338     0.7482
     0.4999     1.0493     0.2820     0.9081
     0.6154     1.0859     0.1035     1.0493
     0.7398     1.2233    -0.0215     1.2187
     0.8820     1.3607    -0.1732     1.3599
     0.9531     1.4615    -0.3874     1.4728
     1.0331     1.5348    -0.5034     1.5858
     1.1220     1.5256    -0.6105     1.7270
     1.2019     1.5806    -0.7354     1.8306
     1.2641     1.5623    -0.8424     1.9624
     1.3263     1.5898    -0.9763     1.9812
     1.3885     1.5898    -1.0566     2.0472
     1.4063     1.5440    -1.1012     2.0848
     1.3974     1.5623    -1.2617     2.0660
     1.4596     1.5348    -1.3063     2.0378
     1.4418     1.5715    -1.3331     2.0754
     1.5129     1.5348    -1.3777     2.0943
     1.4952     1.5623    -1.4223     2.0848
     1.4596     1.5715    -1.4758     2.1037
     1.4596     1.5531    -1.4936     2.0472
     1.4418     1.4798    -1.5561     2.0378
     1.4596     1.3790    -1.5204     1.9436
     1.4418     1.3057    -1.4847     1.8777
     1.4241     1.1683    -1.5115     1.7270
     1.2819     0.9852    -1.5293     1.6517
     1.2641     0.8753    -1.4669     1.4728
     1.1753     0.7380    -1.4134     1.3128
     1.0420     0.6464    -1.3509     1.1716
     0.9709     0.4817    -1.3152     1.0305
     0.8198     0.3353    -1.2350     0.8328
     0.6332     0.2255    -1.1547     0.6541
     0.6065     0.0151    -1.0744     0.4471
     0.4821    -0.1678    -0.9584     0.2778
     0.2865    -0.2775    -0.8871     0.0991
     0.1799    -0.4146    -0.7621    -0.1078
     0.0198    -0.5060    -0.5926    -0.2676
    -0.0869    -0.6430    -0.5212    -0.3616
    -0.1402    -0.7710    -0.3338    -0.5402
    -0.2469    -0.8075    -0.2714    -0.6436
    -0.4247    -0.8806    -0.0839    -0.8410
    -0.5137    -0.9628     0.0232    -0.9162
    -0.5937    -1.0358     0.2106    -1.0666
    -0.6381    -1.1454     0.2999    -1.1417
    -0.7271    -1.2276     0.4338    -1.2639
    -0.8160    -1.3098     0.6034    -1.3578
    -0.9138    -1.3828     0.7731    -1.4424
    -0.9583    -1.3828     0.8535    -1.5363
    -1.0117    -1.4558     0.9963    -1.5645
    -1.0828    -1.4832     1.1660    -1.6960
    -1.0828    -1.4923     1.2285    -1.6678
    -1.1362    -1.4284     1.3893    -1.7617
    -1.1896    -1.4649     1.4965    -1.7711
    -1.1985    -1.4741     1.5412    -1.7805
    -1.2074    -1.4558     1.6394    -1.7523
    -1.2429    -1.4102     1.7556    -1.7711
    -1.3319    -1.3737     1.8003    -1.7429
    -1.2874    -1.3463     1.8628    -1.7054
    -1.3230    -1.2824     1.8449    -1.6208
    -1.2607    -1.1454     1.8717    -1.5927
    -1.2785    -1.0815     1.8807    -1.5175
    -1.2341    -0.9719     1.8807    -1.4706
    -1.2341    -0.9262     1.8271    -1.3578
    -1.1718    -0.8623     1.7824    -1.2733
    -1.1273    -0.7161     1.7020    -1.1417
    -0.9939    -0.6339     1.6573    -1.0572
    -0.9494    -0.5425     1.5322    -0.9162
    -0.8783    -0.3780     1.4518    -0.7846
    -0.7804    -0.2683     1.3089    -0.6342
    -0.6559    -0.2135     1.2464    -0.5402
    -0.5314     0.0243     1.1214    -0.3898
    -0.3803     0.1249     0.9338    -0.2112
    -0.2113     0.3170     0.8267    -0.1266
    -0.1313     0.3536     0.6838     0.0521
     0.0021     0.5183     0.5052     0.2684
     0.1354     0.6190     0.3624     0.4095
     0.3132     0.7929     0.2017     0.5882
     0.4199     0.8753     0.0410     0.6635
     0.5443     1.0035    -0.1553     0.9269
     0.6865     1.1317    -0.2178     1.0493
     0.7398     1.1775    -0.3874     1.2093
     0.8998     1.3699    -0.5302     1.3881
     1.0064     1.3699    -0.6105     1.4728
     1.0687     1.4523    -0.7711     1.6423
     1.1931     1.4707    -0.8781     1.7364
     1.2286     1.5073    -0.9495     1.8871
     1.3441     1.5348    -1.0298     1.9530
     1.3885     1.5440    -1.1368     2.0001
     1.4330     1.5348    -1.2439     2.0660
     1.4330     1.5256    -1.2706     2.0378
     1.4418     1.5623    -1.3688     2.0943
     1.4507     1.5165    -1.3777     2.1037
     1.4418     1.5073    -1.4490     2.0754
     1.4863     1.5531    -1.4312     2.0754
     1.4507     1.5073    -1.4758     2.1037
     1.4952     1.4248    -1.4669     2.0283
     1.4863     1.3424    -1.4936     2.0566
     1.4596     1.2233    -1.4758     1.9812
     1.3885     1.1592    -1.4401     1.9530
     1.3530     1.0584    -1.4312     1.8400
     1.3530     0.8753    -1.3866     1.7082
     1.2997     0.7654    -1.3242     1.5952
     1.1753     0.7013    -1.2796     1.4446
     1.1309     0.5457    -1.2260     1.2846
     0.9709     0.3993    -1.1101     1.1528
     0.8820     0.2895    -1.0566     1.0116
     0.7487     0.1340    -0.9673     0.8422
     0.5976     0.0700    -0.9049     0.6353
     0.4554    -0.0763    -0.7889     0.5130
     0.3221    -0.2683    -0.6640     0.2778
     0.1354    -0.3872    -0.5837     0.1649
     0.0198    -0.4968    -0.4409    -0.0231
    -0.0869    -0.5699    -0.3338    -0.1830
    -0.2113    -0.6430    -0.2178    -0.2770
    -0.2558    -0.7892    -0.0661    -0.4368
    -0.4069    -0.8440     0.1214    -0.5684
    -0.5048    -0.9262     0.2285    -0.6718
    -0.5225    -0.9445     0.4070    -0.7940
    -0.6737    -1.0450     0.5677    -0.8974
    -0.6826    -1.1545     0.6570    -0.9726
    -0.7715    -1.1728     0.8088    -1.0572
    -0.7982    -1.2093     0.9428    -1.1981
    -0.9050    -1.2367     1.0856    -1.2263
    -0.9227    -1.2732     1.2375    -1.3015
    -0.9850    -1.2641     1.3536    -1.3672
    -1.0562    -1.2367     1.3804    -1.4048
    -1.1451    -1.2504     1.5590    -1.4424
    -1.1718    -1.2641     1.6216    -1.4424
    -1.1718    -1.2185     1.7288    -1.4987
    -1.2252    -1.1728     1.8092    -1.4706
    -1.2607    -1.1637     1.9343    -1.5081
    -1.3141    -1.1089     1.9611    -1.4706
    -1.2874    -1.0815     2.0057    -1.4706
    -1.3408    -0.9536     2.0236    -1.4330
    -1.2518    -0.9628     2.0683    -1.3954
    -1.2429    -0.8806     2.0147    -1.3108
    -1.2074    -0.8440     1.9789    -1.2545
    -1.2074    -0.6430     1.9432    -1.1887
    -1.1985    -0.5882     1.8717    -1.1041
    -1.1095    -0.5060     1.8539    -1.0384
    -1.0206    -0.3872     1.6841    -0.8880
    -0.8872    -0.3232     1.6662    -0.8222
    -0.8249    -0.2500     1.5144    -0.6718
    -0.7449    -0.0946     1.3715    -0.5590
    -0.6470     0.0700     1.2464    -0.4368
    -0.5137     0.1615     1.1660    -0.3522
    -0.4603     0.3353     1.0321    -0.2300
    -0.2914     0.3536     0.8356    -0.1078
    -0.2469     0.5732     0.6570     0.0709
    -0.0957     0.6830     0.5142     0.1932
     0.0910     0.7380     0.3624     0.3248
     0.2243     0.8936     0.2553     0.4941
     0.3488     0.9943     0.0589     0.6823
     0.4732     1.0401    -0.0661     0.7764
     0.5887     1.1775    -0.2446     0.8987
     0.7398     1.2783    -0.3785     1.0869
     0.8554     1.4157    -0.5034     1.1999
     0.9442     1.5073    -0.6462     1.3222
     1.0064     1.5073    -0.8157     1.4728
     1.0953     1.5165    -0.8960     1.5481
     1.1931     1.5073    -0.9495     1.6988
     1.2375     1.4982    -1.0833     1.7553
     1.3619     1.5531    -1.1368     1.8588
     1.3708     1.5806    -1.2171     1.9247
     1.4152     1.5165    -1.3331     1.9530
     1.4152     1.4982    -1.3598     1.9247
     1.4330     1.4798    -1.4401     1.9624
     1.4063     1.4707    -1.4490     2.0095
     1.4774     1.4615    -1.5115     1.9907
     1.4774     1.3699    -1.4936     1.8871
     1.4418     1.3699    -1.5471     1.9153
     1.3708     1.2691    -1.5204     1.8023
     1.3974     1.1225    -1.5025     1.7270
     1.4063     0.9668    -1.4936     1.6517
     1.3619     0.8570    -1.4669     1.5011
     1.2908     0.7196    -1.4134     1.4258
     1.2464     0.6556    -1.3152     1.2657
     1.1664     0.5366    -1.3063     1.1716
     1.0331     0.3353    -1.1904     1.0116
     0.9176     0.2163    -1.1279     0.8517
     0.8021     0.0791    -1.0655     0.6259
     0.7398    -0.0306    -0.9852     0.5224
     0.5710    -0.2043    -0.8603     0.3436
     0.4376    -0.3506    -0.7532     0.2120
     0.3132    -0.4420    -0.6372     0.0145
     0.1799    -0.5791    -0.5658    -0.1172
     0.0376    -0.6522    -0.4141    -0.2582
    -0.0869    -0.7618    -0.3071    -0.3804
    -0.1313    -0.7892    -0.1464    -0.4744
    -0.3002    -0.9536    -0.0036    -0.5590
    -0.4158    -0.9993     0.1303    -0.7282
    -0.4603    -1.0632     0.2999    -0.8034
    -0.6026    -1.1637     0.4249    -0.8786
    -0.6470    -1.2276     0.5499    -1.0102
    -0.7627    -1.2732     0.7463    -1.0760
    -0.8605    -1.3189     0.8445    -1.1793
    -0.9227    -1.3006     1.0231    -1.2921
    -1.0117    -1.3280     1.1214    -1.3015
    -1.0384    -1.3280     1.2732    -1.3108
    -1.1006    -1.3554     1.4161    -1.4048
    -1.1896    -1.4010     1.5412    -1.4518
    -1.1985    -1.3737     1.6216    -1.4048
    -1.2429    -1.3645     1.7556    -1.4612
    -1.3675    -1.2824     1.7466    -1.4424
    -1.3675    -1.2276     1.9253    -1.4706
    -1.3586    -1.1454     1.9075    -1.4142
    -1.3764    -1.1911     2.0147    -1.4048
    -1.3586    -1.1089     2.0326    -1.3578
    -1.3586    -0.9445     2.0326    -1.3015
    -1.4120    -0.9628     2.0415    -1.2451
    -1.3675    -0.8440     2.0683    -1.2169
    -1.3497    -0.7618     2.0147    -1.1135
    -1.3230    -0.6613     1.9253    -1.0102
    -1.2341    -0.5060     1.8807    -0.9538
    -1.1985    -0.4694     1.8360    -0.8598
    -1.1807    -0.3323     1.7198    -0.7564
    -1.0828    -0.2500     1.5858    -0.6060
    -0.9494    -0.0855     1.4965    -0.4838
    -0.8783     0.0517     1.3357    -0.4180
    -0.8249     0.1615     1.1750    -0.2582
    -0.6737     0.2987     1.0678    -0.2018
    -0.5759     0.3993     0.9338    -0.0702
    -0.3803     0.5732     0.7374     0.0803
    -0.2914     0.5824     0.6481     0.2590
    -0.1224     0.8295     0.4874     0.4377
    -0.0335     0.9119     0.2731     0.5600
     0.1532     1.0401     0.1214     0.6541
     0.2599     1.0859    -0.0215     0.7952
     0.4465     1.2691    -0.1464     0.9646
     0.5621     1.3424    -0.2714     1.0681
     0.7132     1.4707    -0.4677     1.1904
     0.8109     1.4523    -0.5837     1.3410
     0.9354     1.5073    -0.7175     1.4540
     1.0598     1.5531    -0.8514     1.5670
     1.1931     1.5531    -0.8960     1.6705
     1.1931     1.5165    -1.0655     1.7364
     1.2908     1.5073    -1.0833     1.8212
     1.3974     1.5348    -1.1904     1.8965
     1.4507     1.5348    -1.2617     1.9247
     1.4330     1.5256    -1.4134     1.9812
     1.4418     1.5806    -1.3777     1.9530
     1.4418     1.5806    -1.5025     1.9812
     1.4774     1.5348    -1.5204     1.9436
     1.5040     1.5531    -1.5561     1.9624
     1.5307     1.4615    -1.5917     1.9153
     1.5396     1.4523    -1.5650     1.8400
     1.5218     1.3332    -1.5561     1.7553
     1.5307     1.2325    -1.6006     1.6705
     1.5263     1.0401    -1.5471     1.6140
     1.5218     0.9485    -1.5025     1.4916
     1.4685     0.7563    -1.5025     1.3410
     1.4863     0.6739    -1.4580     1.2093
     1.3619     0.5000    -1.3777     1.0587
     1.2464     0.3536    -1.3509     0.9269
     1.1575     0.2255    -1.2528     0.7670
     1.0331     0.0609    -1.1279     0.5600
     0.9531    -0.1220    -1.0387     0.3719
     0.7754    -0.2135    -0.9406     0.2590
     0.6687    -0.4420    -0.8692     0.0897
     0.4821    -0.5060    -0.7175    -0.1078
     0.3665    -0.6430    -0.6551    -0.2018
     0.2687    -0.7161    -0.4677    -0.3804
     0.1532    -0.8166    -0.4320    -0.4650
     0.0376    -0.9445    -0.2535    -0.5872
    -0.0957    -1.0998    -0.1107    -0.7188
    -0.1580    -1.1637     0.0857    -0.8880
    -0.2825    -1.1728     0.1838    -0.9820
    -0.3269    -1.2732     0.4070    -1.0853
    -0.4781    -1.3371     0.5231    -1.1323
    -0.5670    -1.3645     0.6570    -1.2451
    -0.6648    -1.4284     0.8445    -1.2921
    -0.6915    -1.4558     0.9428    -1.3954
    -0.7627    -1.5106     1.1392    -1.4048
    -0.8872    -1.5014     1.2196    -1.5269
    -0.9138    -1.5471     1.3625    -1.5175
    -1.0295    -1.5379     1.5054    -1.5175
    -1.0828    -1.4923     1.5948    -1.5457
    -1.1362    -1.5014     1.7288    -1.5457
    -1.1273    -1.4375     1.7734    -1.5645
    -1.1896    -1.4284     1.8807    -1.5363
    -1.2252    -1.4467     1.9075    -1.5175
    -1.2429    -1.3554     2.0147    -1.4799
    -1.2252    -1.3006     1.9611    -1.4142
    -1.2696    -1.1454     1.9968    -1.3766
    -1.2607    -1.0815     2.0415    -1.2921
    -1.2607    -0.9719     2.0415    -1.2733
    -1.2429    -0.9445     1.9343    -1.1511
    -1.1985    -0.8440     1.8985    -1.0853
    -1.1540    -0.6796     1.8271    -0.9914
    -1.1540    -0.6065     1.8003    -0.9256
    -1.0828    -0.4968     1.6841    -0.8128
    -1.0562    -0.4054     1.5412    -0.6812
    -0.9138    -0.2683     1.4429    -0.5966
    -0.8071    -0.0763     1.2911    -0.4368
    -0.7093     0.0883     1.2464    -0.3522
    -0.6381     0.2072     1.0946    -0.2582
    -0.5403     0.3353     0.9785    -0.1078
    -0.3981     0.4542     0.7910     0.0521
    -0.2380     0.6007     0.6838     0.2120
    -0.0957     0.7471     0.5052     0.3248
     0.0376     0.8753     0.3445     0.4659
     0.1265     0.9119     0.2106     0.6070
     0.3043     1.1042     0.0678     0.7576
     0.4199     1.1958    -0.0929     0.8705
     0.5354     1.2966    -0.2178     1.0493
     0.6421     1.4065    -0.3606     1.1246
     0.7754     1.4615    -0.5391     1.2187
     0.9265     1.5073    -0.6015     1.4163
     1.0687     1.5806    -0.7800     1.4916
     1.1486     1.5531    -0.8424     1.5858
     1.2286     1.5531    -0.9673     1.6517
     1.2908     1.5669    -1.0833     1.7741
     1.4152     1.5806    -1.1814     1.8588
     1.4152     1.5531    -1.2885     1.9342
     1.4863     1.5623    -1.2974     1.8965
     1.4596     1.5165    -1.4312     1.9059
     1.4774     1.5440    -1.4936     1.9153
     1.5218     1.5165    -1.4847     1.9342
     1.4596     1.5715    -1.5650     1.8965
     1.5040     1.5165    -1.5739     1.8871
     1.5085     1.4798    -1.6542     1.8118
     1.5129     1.3424    -1.6096     1.7458
     1.4863     1.2966    -1.6542     1.6329
     1.4330     1.1317    -1.5917     1.5764
     1.4507     1.0126    -1.6274     1.4258
     1.4863     0.8478    -1.5204     1.3128
     1.4063     0.7105    -1.5204     1.1904
     1.3885     0.6098    -1.5025     1.0963
     1.2375     0.4542    -1.4134     0.9081
     1.1931     0.3719    -1.3509     0.7576
     1.0331     0.0974    -1.2885     0.5600
     0.8998    -0.0306    -1.1725     0.4753
     0.8198    -0.1586    -1.1368     0.2872
     0.7132    -0.2958    -1.0030     0.1649
     0.5621    -0.4511    -0.9673    -0.0326
     0.4110    -0.6339    -0.7532    -0.1642
     0.2954    -0.7435    -0.7265    -0.2958
     0.1976    -0.8532    -0.5569    -0.4086
     0.0910    -0.9902    -0.4231    -0.5966
    -0.0424    -1.0906    -0.3160    -0.6718
    -0.1402    -1.1728    -0.1286    -0.8410
    -0.2558    -1.2459    -0.0304    -0.9256
    -0.3358    -1.3463     0.1749    -0.9726
    -0.4247    -1.4284     0.3177    -1.1229
    -0.4336    -1.4010     0.4517    -1.1511
    -0.5670    -1.4467     0.5320    -1.2921
    -0.6204    -1.4832     0.7017    -1.3015
    -0.6826    -1.5106     0.8892    -1.4330
    -0.6826    -1.5197     1.0321    -1.4518
    -0.7182    -1.5288     1.1303    -1.4799
    -0.8071    -1.5471     1.2285    -1.4893
    -0.8338    -1.4649     1.3715    -1.5457
    -0.8783    -1.5014     1.4340    -1.4987
    -0.9227    -1.4649     1.5412    -1.5363
    -0.9405    -1.4467     1.6037    -1.4799
    -0.9672    -1.3828     1.6930    -1.4893
    -1.0384    -1.3189     1.7466    -1.4142
    -1.0206    -1.2367     1.8181    -1.3766
    -1.0650    -1.2276     1.8449    -1.3484
    -1.0917    -1.0998     1.8539    -1.2921
    -1.0562    -1.0450     1.7734    -1.2357
    -1.0562    -0.9171     1.7824    -1.1323
    -0.9939    -0.8532     1.7109    -1.0760
    -0.9761    -0.7710     1.6216    -0.9820
    -0.9050    -0.6248     1.5769    -0.9350
    -0.7982    -0.5517     1.5322    -0.8034
    -0.7627    -0.4054     1.4786    -0.6530
    -0.6381    -0.3232     1.3268    -0.5778
    -0.5581    -0.1678     1.2643    -0.4368
    -0.4603    -0.0215     1.1303    -0.3804
    -0.3981     0.1798     1.0053    -0.2394
    -0.2647     0.2987     0.8624    -0.0890
    -0.1847     0.4176     0.7463     0.0145
    -0.1135     0.5824     0.5677     0.2120
     0.0021     0.7105     0.4517     0.3060
     0.1265     0.8295     0.3267     0.4471
     0.2776     1.0126     0.1214     0.5882
     0.3665     1.1042     0.0053     0.7293
     0.5532     1.2691    -0.1375     0.8705
     0.6065     1.3699    -0.2535     1.0210
     0.7132     1.4340    -0.4231     1.1340
     0.8731     1.5165    -0.5123     1.2469
     0.9531     1.4890    -0.6640     1.3881
     1.1220     1.5027    -0.7978     1.4728
     1.1309     1.5165    -0.8781     1.5764
     1.2019     1.5348    -1.0119     1.6517
     1.3263     1.5256    -1.1368     1.7553
     1.2997     1.5073    -1.1458     1.8306
     1.3708     1.5623    -1.2796     1.9153
     1.3974     1.5165    -1.3420     1.9436
     1.3530     1.5165    -1.4134     1.9624
     1.3619     1.5715    -1.4580     1.9718
     1.4152     1.5256    -1.5204     1.9153
     1.3885     1.4890    -1.6363     1.9436
     1.3530     1.5165    -1.6096     1.8494
     1.3530     1.4890    -1.6185     1.8212
     1.3175     1.4340    -1.6720     1.7176
     1.3175     1.2599    -1.6274     1.6140
     1.2553     1.1775    -1.6096     1.5764
     1.2641     0.9577    -1.6363     1.4352
     1.2286     0.8844    -1.5650     1.3410
     1.1753     0.7471    -1.5204     1.1810
     1.0153     0.6464    -1.4847     1.0963
     0.9354     0.5274    -1.4490     0.9175
     0.8909     0.3627    -1.3777     0.7764
     0.7398     0.1889    -1.3242     0.6259
     0.6332     0.1249    -1.2528     0.4941
     0.5443    -0.0763    -1.1458     0.3154
     0.3932    -0.2409    -1.0209     0.2120
     0.2065    -0.4694    -0.9673     0.0145
     0.0643    -0.5608    -0.8514    -0.1360
    -0.0780    -0.6796    -0.6908    -0.2206
    -0.1758    -0.8349    -0.6729    -0.3898
    -0.2647    -0.9719    -0.4945    -0.5496
    -0.3892    -1.0450    -0.3695    -0.6060
    -0.4692    -1.1272    -0.2624    -0.7752
    -0.5937    -1.2824    -0.1107    -0.9068
    -0.6115    -1.3280     0.0321    -0.9632
    -0.6648    -1.3463     0.1928    -1.1041
    -0.7804    -1.3737     0.3713    -1.1605
    -0.8427    -1.4193     0.5052    -1.2451
    -0.9138    -1.4375     0.5945    -1.3015
    -0.9939    -1.5197     0.7374    -1.4048
    -0.9761    -1.5106     0.8713    -1.4424
    -1.0650    -1.5106     1.0499    -1.4518
    -1.0739    -1.4558     1.2018    -1.5081
    -1.1540    -1.4375     1.2643    -1.5457
    -1.1985    -1.3737     1.4340    -1.5175
    -1.2252    -1.3645     1.5144    -1.4987
    -1.1985    -1.3098     1.6216    -1.4987
    -1.2785    -1.2824     1.6484    -1.4799
    -1.2518    -1.1819     1.7109    -1.4330
    -1.2696    -1.1363     1.8271    -1.3390
    -1.2429    -1.1363     1.8449    -1.2921
    -1.1985    -1.0358     1.8628    -1.2451
    -1.1718    -0.9810     1.8449    -1.1699
    -1.1807    -0.8897     1.8628    -1.0947
    -1.1273    -0.7527     1.8092    -1.0196
    -1.0739    -0.6979     1.7734    -0.9350
    -1.0562    -0.6705     1.7198    -0.8598
    -0.9939    -0.5151     1.6662    -0.7376
    -0.9050    -0.3963     1.5858    -0.6248
    -0.8516    -0.3049     1.4786    -0.5872
    -0.7093    -0.0855     1.3089    -0.3992
    -0.6381     0.0700     1.2732    -0.3522
    -0.5403     0.2163     1.1660    -0.2394
    -0.4603     0.3353     1.0231    -0.1642
    -0.3269     0.4725     0.9160    -0.0043
    -0.2469     0.6007     0.7910     0.1649
    -0.1313     0.7654     0.6481     0.2872
     0.0643     0.9211     0.5320     0.4565
     0.1887     1.0310     0.3892     0.5694
     0.3488     1.1775     0.1838     0.6447
     0.4732     1.3149     0.0410     0.8140
     0.5532     1.4340    -0.0929     0.9646
     0.6865     1.4523    -0.1821     1.0963
     0.8198     1.4798    -0.3249     1.2187
     0.8643     1.5073    -0.4409     1.3787
     1.0064     1.5165    -0.5302     1.4822
     1.0509     1.5531    -0.6997     1.6423
     1.1575     1.5256    -0.7978     1.7647
     1.1842     1.5256    -0.8692     1.8023
     1.2375     1.4982    -0.9941     1.8871
     1.3086     1.5440    -1.0476     1.9718
     1.3086     1.5531    -1.1458     1.9812
     1.3619     1.5623    -1.2706     1.9530
     1.3708     1.5531    -1.2796     1.9624
     1.3352     1.4707    -1.4044     1.9342
     1.3441     1.4798    -1.4490     1.8965
     1.3797     1.5073    -1.4758     1.8682
     1.3263     1.4157    -1.5382     1.7835
     1.3441     1.3607    -1.5471     1.6894
     1.2730     1.2141    -1.5561     1.5670
     1.2908     1.1409    -1.5561     1.5011
     1.2553     1.0218    -1.5382     1.4163
     1.1486     0.8570    -1.5650     1.2657
     1.1131     0.7654    -1.4936     1.2281
     1.0687     0.6281    -1.5025     1.0116
     1.0064     0.4542    -1.4223     0.9928
     0.8554     0.2438    -1.4580     0.8046
     0.7665     0.0700    -1.3509     0.6823
     0.6332    -0.0672    -1.2171     0.5412
     0.5176    -0.2683    -1.1725     0.3813
     0.3843    -0.4237    -1.1279     0.2684
     0.2954    -0.5151    -0.9673     0.0709
     0.1799    -0.6796    -0.9227    -0.0514
     0.0376    -0.7527    -0.8068    -0.1830
    -0.1046    -0.9445    -0.7265    -0.3428
    -0.2291    -1.0176    -0.5837    -0.4744
    -0.2825    -1.1272    -0.4498    -0.5496
    -0.3536    -1.1911    -0.3249    -0.7188
    -0.4959    -1.2732    -0.1732    -0.8034
    -0.5937    -1.3189    -0.0482    -0.9726
    -0.6559    -1.3554     0.0857    -1.0947
    -0.6648    -1.3554     0.1928    -1.1605
    -0.7804    -1.3645     0.4249    -1.2357
    -0.7627    -1.4284     0.5767    -1.2639
    -0.8605    -1.4193     0.6481    -1.3390
    -0.8961    -1.3554     0.8803    -1.4048
    -0.9494    -1.3737     0.9785    -1.4236
    -1.0384    -1.3919     1.1214    -1.4330
    -1.0739    -1.3189     1.2196    -1.4236
    -1.0873    -1.3280     1.3536    -1.4424
    -1.1006    -1.2915     1.4608    -1.4330
    -1.0828    -1.2732     1.5412    -1.4424
    -1.1184    -1.2641     1.6394    -1.3672
    -1.1273    -1.1911     1.6573    -1.3672
    -1.1540    -1.1728     1.7645    -1.2921
    -1.1184    -1.0724     1.7645    -1.2733
    -1.0917    -0.9810     1.8003    -1.1605
    -1.0917    -0.9445     1.8181    -1.1417
    -1.0828    -0.8440     1.7556    -1.0666
    -0.9672    -0.7435     1.7288    -0.9820
    -0.9316    -0.6339     1.7466    -0.9538
    -0.9050    -0.4786     1.6573    -0.8410
    -0.7982    -0.4054     1.6037    -0.7658
    -0.7715    -0.2409     1.5412    -0.6248
    -0.7004    -0.1769     1.4786    -0.5872
    -0.6381     0.0151     1.3268    -0.4838
    -0.5581     0.1798     1.2285    -0.4274
    -0.4069     0.3170     1.1303    -0.3146
    -0.2825     0.4634     0.9785    -0.2300
    -0.2469     0.5915     0.8535    -0.1266
    -0.0780     0.7563     0.7642     0.0521
     0.0109     0.8661     0.5856     0.1649
     0.1710     0.9852     0.4517     0.3436
     0.2599     1.0401     0.3802     0.4565
     0.4465     1.1775     0.2106     0.5882
     0.5621     1.2599     0.0946     0.6917
     0.6243     1.3149    -0.0839     0.8517
     0.7843     1.3974    -0.2267     1.0399
     0.8021     1.4615    -0.3338     1.1622
     0.9265     1.4248    -0.4677     1.2281
     1.0064     1.4157    -0.5569     1.3787
     1.1042     1.4523    -0.6997     1.4540
     1.1397     1.5073    -0.7889     1.6046
     1.2019     1.4707    -0.8603     1.6140
     1.2641     1.4982    -0.9852     1.6611
     1.2553     1.4615    -1.1012     1.7082
     1.2997     1.4707    -1.1814     1.7647
     1.2997     1.4615    -1.2350     1.7647
     1.2997     1.4798    -1.3063     1.7270
     1.3352     1.4798    -1.3688     1.7270
     1.2375     1.4340    -1.3955     1.6611
     1.2197     1.3332    -1.4490     1.6329
     1.2197     1.2416    -1.4490     1.5764
     1.1842     1.1225    -1.4847     1.5199
     1.1842     1.0035    -1.5382     1.4352
     1.1753     0.9211    -1.4936     1.3975
     1.0864     0.7563    -1.4847     1.2469
     1.0687     0.6281    -1.4847     1.1622
     1.0153     0.5091    -1.4312     1.0963
     0.9354     0.3719    -1.3509     0.9458
     0.8021     0.1340    -1.3509     0.8234
     0.7487    -0.0032    -1.2885     0.6729
     0.6598    -0.1495    -1.1993     0.5600
     0.4821    -0.2866    -1.1636     0.3719
     0.3754    -0.4786    -1.0209     0.2308
     0.2510    -0.6522    -0.9673     0.0709
     0.1621    -0.7344    -0.8157    -0.1078
    -0.0246    -0.7801    -0.7175    -0.2112
    -0.1580    -0.9445    -0.6818    -0.3334
    -0.2024    -0.9993    -0.5034    -0.5402
    -0.3180    -1.0541    -0.3606    -0.5966
    -0.3981    -1.1637    -0.2357    -0.6906
    -0.5581    -1.2550    -0.0839    -0.8316
    -0.5937    -1.2824     0.0142    -0.9538
    -0.7093    -1.3006     0.1481    -0.9914
    -0.7360    -1.3645     0.3177    -1.0853
    -0.7804    -1.4193     0.4517    -1.1511
    -0.8872    -1.4467     0.6392    -1.1981
    -0.9316    -1.4467     0.7195    -1.2639
    -0.9939    -1.4284     0.9070    -1.3484
    -1.0650    -1.4193     1.0410    -1.3672
    -1.0739    -1.4102     1.1928    -1.4048
    -1.1006    -1.4558     1.2911    -1.3954
    -1.1985    -1.4193     1.3625    -1.4236
    -1.2074    -1.3463     1.4965    -1.4048
    -1.1896    -1.3554     1.6484    -1.4236
    -1.1985    -1.2732     1.6752    -1.4142
    -1.2607    -1.2185     1.8271    -1.3672
    -1.2341    -1.1454     1.8896    -1.3860
    -1.2607    -1.0906     1.9343    -1.3202
    -1.2163    -1.0084     1.9521    -1.2921
    -1.2074    -0.9628     1.9432    -1.2357
    -1.1807    -0.8440     1.9387    -1.1417
    -1.1807    -0.7801     1.9343    -1.1229
    -1.1184    -0.6796     1.8985    -1.0008
    -1.0384    -0.6430     1.8449    -0.9726
    -0.9939    -0.5425     1.8360    -0.8692
    -0.9583    -0.3597     1.7109    -0.7564
    -0.8872    -0.2226     1.6662    -0.7000
    -0.8071    -0.1220     1.4965    -0.5684
    -0.7182    -0.0032     1.4161    -0.5214
    -0.6915     0.1340     1.3000    -0.3992
    -0.5937     0.2987     1.1392    -0.3334
    -0.4514     0.4085     1.0678    -0.1924
    -0.3625     0.5549     0.9338    -0.1266
    -0.2024     0.6464     0.7463     0.0709
    -0.1491     0.7471     0.6302     0.1743
    -0.0246     0.8112     0.4963     0.3154
     0.1087     1.0126     0.2999     0.4377
     0.2687     1.0951     0.2285     0.5600
     0.3932     1.2325     0.0857     0.6729
     0.5354     1.2141    -0.0929     0.8140
     0.6154     1.3790    -0.2357     1.0116
     0.7487     1.4432    -0.3428     1.0775
     0.8287     1.4340    -0.4141     1.2187
     0.9265     1.4294    -0.6015     1.3787
     1.0331     1.4248    -0.6729     1.4728
     1.0864     1.4523    -0.7621     1.5670
     1.0687     1.4248    -0.9227     1.6611
     1.2019     1.4340    -1.0209     1.7458
     1.2197     1.4248    -1.1279     1.7929
     1.2108     1.4432    -1.2082     1.8306
     1.2641     1.4157    -1.2439     1.8306
     1.2908     1.4340    -1.3598     1.8306
     1.2908     1.4432    -1.3688     1.8306
     1.2553     1.4065    -1.4847     1.7929
     1.2553     1.3515    -1.5204     1.6988
     1.2819     1.1958    -1.5025     1.6517
     1.2730     1.1225    -1.5650     1.5670
     1.2908     1.0035    -1.5561     1.5387
     1.2375     0.9485    -1.5650     1.4258
     1.1397     0.8204    -1.5739     1.3222
     1.1575     0.6647    -1.5650     1.2375
     1.0598     0.5732    -1.4758     1.1622
     0.9798     0.4359    -1.4936     1.0210
     0.9176     0.2621    -1.4490     0.8893
     0.8021     0.1432    -1.3420     0.8234
     0.7221    -0.0397    -1.2796     0.6635
     0.6510    -0.2592    -1.2260     0.5412
     0.5354    -0.3963    -1.1279     0.4001
     0.4288    -0.5060    -1.0566     0.2120
     0.2687    -0.6522    -0.9673     0.1273
     0.1621    -0.7527    -0.8781    -0.0890
     0.0021    -0.8532    -0.7711    -0.2300
    -0.0602    -0.9171    -0.6194    -0.3616
    -0.1847    -1.0176    -0.4855    -0.4556
    -0.2291    -1.0815    -0.3695    -0.6154
    -0.3180    -1.2002    -0.2535    -0.7376
    -0.3981    -1.2093    -0.1107    -0.7940
    -0.5314    -1.2276     0.0321    -0.9256
    -0.5403    -1.2367     0.2106    -1.0384
    -0.6115    -1.3006     0.3892    -1.0947
    -0.6470    -1.2915     0.4874    -1.1793
    -0.7360    -1.2915     0.6749    -1.2169
    -0.7893    -1.3006     0.7642    -1.2827
    -0.8160    -1.2824     0.9070    -1.3390
    -0.8783    -1.3189     1.0589    -1.3390
    -0.8961    -1.3006     1.1660    -1.3578
    -0.8872    -1.2732     1.2375    -1.4048
    -0.8961    -1.2276     1.3983    -1.3672
    -0.9672    -1.1454     1.4608    -1.4142
    -0.9939    -1.1089     1.5412    -1.3766
    -0.9583    -1.0724     1.5680    -1.3390
    -0.9672    -1.1089     1.6752    -1.3578
    -0.9672    -0.9902     1.7020    -1.3015
    -1.0028    -0.9536     1.7020    -1.2263
    -0.9761    -0.9719     1.6975    -1.1887
    -0.9494    -0.8532     1.6930    -1.1229
    -0.9583    -0.7984     1.6573    -1.1323
    -0.9138    -0.6979     1.6394    -1.0478
    -0.8872    -0.6613     1.5858    -0.9820
    -0.8249    -0.5791     1.5680    -0.8692
    -0.7538    -0.4420     1.4429    -0.8598
    -0.6648    -0.2866     1.3983    -0.7282
    -0.6115    -0.1312     1.3179    -0.6906
    -0.5670    -0.0032     1.1571    -0.5590
    -0.4959     0.0609     1.0946    -0.5308
    -0.3981     0.2255     0.9428    -0.3992
    -0.2736     0.3444     0.8088    -0.3334
    -0.1669     0.5091     0.7106    -0.2018
    -0.0691     0.5824     0.5767    -0.0796
     0.0287     0.6922     0.4160     0.0333
     0.1087     0.8295     0.2999     0.1837
     0.2421     0.8661     0.1571     0.3060
     0.3488     0.9394    -0.0661     0.4283
     0.4288     1.0493    -0.1821     0.6070
     0.6065     1.1409    -0.3160     0.7293
     0.7132     1.2141    -0.4588     0.8987
     0.7576     1.1958    -0.5391     1.0022
     0.8376     1.2783    -0.7086     1.1246
     0.9442     1.3424    -0.7711     1.2657
     1.0598     1.3974    -0.9317     1.3222
     1.0420     1.3424    -0.9941     1.3881
     1.0953     1.3470    -1.1190     1.4916
     1.0953     1.3515    -1.2260     1.4964
     1.1309     1.3882    -1.2706     1.5011
     1.1309     1.3515    -1.3509     1.5575
     1.1931     1.3882    -1.4669     1.5952
     1.1664     1.3699    -1.4758     1.6046
     1.1486     1.2966    -1.5917     1.5858
     1.1664     1.2233    -1.5917     1.5764
     1.0953     1.1683    -1.6185     1.5481
     1.1220     1.0951    -1.7077     1.4916
     1.0509     0.9394    -1.7433     1.4540
     1.0331     0.8661    -1.7433     1.4069
     1.0598     0.7929    -1.7077     1.3410
     1.0420     0.6830    -1.6809     1.2187
     0.9620     0.5091    -1.7077     1.1810
     0.9265     0.3536    -1.6274     1.0399
     0.8554     0.2804    -1.6096     0.9363
     0.7843     0.0700    -1.5471     0.8046
     0.6865    -0.0489    -1.4669     0.6823
     0.5354    -0.1769    -1.3866     0.5224
     0.4465    -0.3689    -1.3242     0.4189
     0.3754    -0.5243    -1.2171     0.2308
     0.1887    -0.5608    -1.1279     0.0145
     0.1087    -0.7253    -1.0387    -0.0984
    -0.0513    -0.8166    -0.9317    -0.2018
    -0.1313    -0.8714    -0.8157    -0.3616
    -0.2469    -1.0084    -0.7086    -0.5026
    -0.3002    -1.0267    -0.5837    -0.6248
    -0.4514    -1.0998    -0.4231    -0.6906
    -0.5314    -1.1545    -0.2892    -0.8692
    -0.6204    -1.2276    -0.1821    -0.9632
    -0.6559    -1.2641     0.0232    -1.0760
    -0.7804    -1.3554     0.1392    -1.1323
    -0.8071    -1.3463     0.2999    -1.2263
    -0.9050    -1.3737     0.4427    -1.2639
    -0.9227    -1.3828     0.6034    -1.3484
    -0.9761    -1.4102     0.7284    -1.3954
    -0.9761    -1.4102     0.9338    -1.3954
    -1.0295    -1.4558     1.0410    -1.4799
    -1.1095    -1.3737     1.2107    -1.4612
    -1.1006    -1.4010     1.3357    -1.4893
    -1.1629    -1.3098     1.4161    -1.4612
    -1.1451    -1.2641     1.5501    -1.4893
    -1.2074    -1.2367     1.5858    -1.4518
    -1.2163    -1.2550     1.7020    -1.4142
    -1.1896    -1.2093     1.8003    -1.4142
    -1.2252    -1.1089     1.8539    -1.4142
    -1.1807    -1.0541     1.8807    -1.3296
    -1.1807    -1.0267     1.8985    -1.3484
    -1.1362    -0.9628     1.8807    -1.2639
    -1.1451    -0.9080     1.8985    -1.1699
    -1.1273    -0.8075     1.8539    -1.1041
    -1.0917    -0.6705     1.8003    -1.0290
    -1.0028    -0.5974     1.7377    -0.9820
    -0.9316    -0.5243     1.6394    -0.8786
    -0.8961    -0.3689     1.5590    -0.8128
    -0.8160    -0.2500     1.4965    -0.7188
    -0.7271    -0.1312     1.3625    -0.6060
    -0.6648    -0.0215     1.2553    -0.5496
    -0.6115     0.1157     1.1571    -0.3992
    -0.4959     0.2438     0.9963    -0.3428
    -0.3981     0.3627     0.8445    -0.2300
    -0.2825     0.4451     0.7195    -0.0890
    -0.1758     0.5824     0.6392     0.0239
    -0.0068     0.7654     0.4427     0.1932
     0.0910     0.8387     0.3088     0.2966
     0.2599     0.8753     0.1303     0.4377
     0.3843     0.9943     0.0142     0.5882
     0.4554     1.1317    -0.1732     0.7482
     0.6065     1.1958    -0.3071     0.8799
     0.7310     1.2233    -0.4231     1.0681
     0.7665     1.2966    -0.5569     1.1151
     0.8643     1.3515    -0.7086     1.3034
     1.0064     1.3790    -0.7889     1.3881
     1.0153     1.3607    -0.9495     1.4728
     1.0598     1.3790    -0.9941     1.5764
     1.1220     1.4432    -1.1368     1.5670
     1.1220     1.4157    -1.2260     1.6705
     1.1664     1.3790    -1.2617     1.6799
     1.1753     1.4248    -1.3777     1.7082
     1.1309     1.3149    -1.3955     1.7082
     1.1486     1.3607    -1.5115     1.6894
     1.1486     1.3332    -1.5471     1.6988
     1.1842     1.2966    -1.5561     1.6423
     1.1664     1.2233    -1.6452     1.5764
     1.1309     1.0859    -1.6096     1.5481
     1.1220     0.9760    -1.6542     1.4540
     1.0420     0.8844    -1.6987     1.3881
     1.0153     0.8020    -1.6631     1.3504
     1.0153     0.6739    -1.6274     1.2751
     0.9531     0.4634    -1.6006     1.1810
     0.9176     0.3536    -1.5115     1.0022
     0.8287     0.2346    -1.4669     0.9458
     0.7310     0.0517    -1.4312     0.8328
     0.5710    -0.0580    -1.3420     0.6823
     0.4821    -0.2135    -1.2528     0.5412
     0.4110    -0.3872    -1.2439     0.3625
     0.2954    -0.5151    -1.0833     0.2026
     0.1621    -0.5882    -1.0119     0.0991
     0.0465    -0.7435    -0.8960    -0.0890
    -0.0513    -0.8075    -0.7443    -0.2112
    -0.1847    -0.9445    -0.6283    -0.3710
    -0.2291    -0.9902    -0.5302    -0.5120
    -0.3714    -1.0358    -0.4052    -0.6342
    -0.4603    -1.0815    -0.2892    -0.7470
    -0.5314    -1.2002    -0.1464    -0.8410
    -0.6470    -1.2367     0.0053    -0.9444
    -0.6470    -1.2367     0.1749    -1.0196
    -0.7449    -1.3371     0.2731    -1.0853
    -0.7627    -1.3737     0.4695    -1.1887
    -0.8338    -1.4010     0.5320    -1.2075
    -0.9138    -1.4102     0.7463    -1.3108
    -0.9227    -1.3828     0.8535    -1.4048
    -0.9583    -1.3645     1.0142    -1.4095
    -1.0562    -1.3463     1.1035    -1.4142
    -1.1184    -1.3554     1.2107    -1.4330
    -1.0828    -1.2641     1.3715    -1.4612
    -1.1095    -1.2367     1.4340    -1.4518
    -1.1362    -1.2185     1.5233    -1.3954
    -1.2163    -1.1454     1.6037    -1.4142
    -1.2074    -1.0998     1.6841    -1.3954
    -1.1807    -1.0632     1.6752    -1.3202
    -1.1896    -0.9719     1.7377    -1.2921
    -1.1896    -0.8988     1.7198    -1.2639
    -1.1629    -0.8166     1.7243    -1.1605
    -1.1629    -0.7801     1.7288    -1.1605
    -1.1718    -0.7253     1.7198    -1.0666
    -1.1362    -0.6339     1.6930    -1.0290
    -1.1095    -0.5699     1.6394    -0.9444
    -1.0384    -0.4329     1.5412    -0.8974
    -0.9583    -0.3415     1.4786    -0.7752
    -0.9138    -0.2043     1.3179    -0.6342
    -0.8961    -0.1038     1.2821    -0.5872
    -0.8249     0.0426     1.1839    -0.4462
    -0.7093     0.1798     1.0499    -0.3616
    -0.6470     0.2987     0.8713    -0.3240
    -0.4959     0.4268     0.7820    -0.2018
    -0.3536     0.5732     0.6392    -0.1172
    -0.2469     0.6464     0.5052     0.0803
    -0.1491     0.7380     0.3624     0.1837
    -0.0602     0.8295     0.2017     0.3248
     0.1087     0.9028     0.1124     0.4753
     0.2332     1.0401    -0.0661     0.6259
     0.2865     1.1317    -0.2089     0.7199
     0.4376     1.1317    -0.3606     0.8893
     0.5354     1.2783    -0.4945     1.0681
     0.6332     1.2874    -0.5480     1.1246
     0.6954     1.2783    -0.7086     1.2846
     0.7576     1.3332    -0.8246     1.3410
     0.8643     1.3607    -0.8781     1.4728
     0.8554     1.3607    -1.0119     1.5481
     0.9354     1.3607    -1.1458     1.5387
     0.9887     1.4157    -1.1814     1.5952
     1.0064     1.3790    -1.2706     1.6046
     1.0064     1.3424    -1.3688     1.6517
     1.0331     1.3057    -1.3955     1.6046
     1.1042     1.2691    -1.5115     1.6140
     1.1220     1.2508    -1.5115     1.5952
     1.1042     1.1867    -1.6096     1.5575
     1.0953     1.1225    -1.6363     1.4822
     1.0953     1.0126    -1.6363     1.4728
     1.0775     0.8936    -1.6452     1.3693
     1.0420     0.7471    -1.6452     1.3034
     1.0598     0.6281    -1.6452     1.2375
     1.0598     0.5183    -1.5917     1.1622
     1.0153     0.4176    -1.5561     1.0963
     0.9176     0.2438    -1.5204     0.9928
     0.9087     0.0700    -1.4847     0.8234
     0.8198    -0.0306    -1.4223     0.7293
     0.7398    -0.2043    -1.3152     0.5318
     0.6065    -0.3780    -1.2796     0.3907
     0.5532    -0.4603    -1.1814     0.2684
     0.4376    -0.5882    -1.0655     0.1273
     0.2776    -0.6522    -0.9406    -0.0796
     0.1621    -0.7892    -0.8335    -0.2488
     0.1354    -0.8988    -0.6908    -0.3616
    -0.0246    -0.9536    -0.5658    -0.4368
    -0.0691    -1.0450    -0.4588    -0.5778
    -0.1580    -1.1089    -0.3160    -0.6718
    -0.2647    -1.1272    -0.1286    -0.7940
    -0.3981    -1.2002    -0.0750    -0.8504
    -0.4069    -1.2641     0.1303    -0.9820
    -0.4603    -1.3280     0.3088    -1.0478
    -0.6026    -1.4010     0.4427    -1.0666
    -0.6293    -1.4193     0.6213    -1.1229
    -0.6915    -1.4010     0.7374    -1.2357
    -0.7360    -1.4375     0.8713    -1.3015
    -0.7804    -1.4741     0.9963    -1.2733
    -0.8249    -1.4375     1.0946    -1.3296
    -0.8427    -1.4102     1.2732    -1.3015
    -0.9050    -1.3554     1.3893    -1.3202
    -0.9316    -1.2641     1.4518    -1.3766
    -0.9939    -1.2550     1.5858    -1.3296
    -1.0562    -1.2002     1.6305    -1.3484
    -1.1095    -1.1545     1.7288    -1.3108
    -1.0828    -1.0906     1.7734    -1.3484
    -1.0917    -0.9902     1.8092    -1.3108
    -1.1006    -0.9810     1.8985    -1.2545
    -1.1273    -0.8897     1.8896    -1.1699
    -1.1451    -0.8258     1.8628    -1.1605
    -1.0739    -0.6887     1.8539    -1.1041
    -1.0917    -0.6065     1.8539    -1.0478
    -1.0384    -0.5517     1.8181    -0.9256
    -1.0473    -0.4329     1.7288    -0.9162
    -0.9939    -0.3872     1.5948    -0.7846
    -0.9316    -0.2592     1.6126    -0.7282
    -0.8516    -0.0763     1.4518    -0.5590
    -0.8249     0.0883     1.3536    -0.4556
    -0.7538     0.1523     1.2553    -0.3804
    -0.7271     0.2895     1.0142    -0.3052
    -0.6115     0.3902     0.9428    -0.2582
    -0.5225     0.4908     0.8267    -0.0514
    -0.3536     0.7105     0.6659     0.0803
    -0.2647     0.7288     0.5409     0.2120
    -0.1402     0.8478     0.4606     0.3060
    -0.0602     0.9852     0.2999     0.4659
     0.0732     1.0493     0.1481     0.5882
     0.2154     1.1958     0.0321     0.7011
     0.3132     1.1867    -0.1375     0.8328
     0.4732     1.2874    -0.2446     1.0399
     0.5710     1.3790    -0.3428     1.1528
     0.6776     1.4432    -0.4498     1.2375
     0.7665     1.4523    -0.5926     1.3504
     0.7843     1.4432    -0.7086     1.4916
     0.9087     1.4615    -0.8068     1.6140
     0.9531     1.4340    -0.9227     1.6517
     0.9798     1.4432    -1.0119     1.6988
     0.9531     1.4798    -1.1012     1.7647
     1.0242     1.4157    -1.1547     1.7788
     1.0864     1.3882    -1.1993     1.7929
     1.0598     1.4157    -1.2796     1.8023
     1.0864     1.3790    -1.3598     1.8023
     1.2019     1.2416    -1.3688     1.7364
     1.2019     1.1592    -1.4134     1.7082
     1.1842     1.0859    -1.5025     1.6046
     1.1931     1.0310    -1.4847     1.5575
     1.1575     0.9028    -1.5025     1.4822
     1.1664     0.8295    -1.5561     1.4728
     1.1309     0.7196    -1.5561     1.3787
     1.1131     0.5824    -1.5115     1.2846
     1.0509     0.3719    -1.5025     1.1904
     1.0153     0.2895    -1.4490     1.0963
     0.9798     0.1798    -1.4669     0.9834
     0.8731    -0.0215    -1.3955     0.8517
     0.7576    -0.1312    -1.3331     0.6635
     0.6598    -0.2592    -1.2706     0.5506
     0.5887    -0.3963    -1.1636     0.3907
     0.4199    -0.5060    -1.0476     0.2120
     0.3132    -0.6248    -0.9406     0.0615
     0.2154    -0.7070    -0.8692    -0.1266
     0.0821    -0.8532    -0.7265    -0.2582
    -0.0424    -0.9262    -0.6015    -0.3616
    -0.1313    -1.0358    -0.4766    -0.4932
    -0.2202    -1.1180    -0.3071    -0.6436
    -0.2558    -1.1637    -0.1910    -0.6906
    -0.3625    -1.2185    -0.0215    -0.8504
    -0.4069    -1.2550     0.1392    -0.9068
    -0.5137    -1.3280     0.2463    -1.0384
    -0.5848    -1.3645     0.4160    -1.0947
    -0.6470    -1.3280     0.5856    -1.2357
    -0.6648    -1.3463     0.7017    -1.2263
    -0.7449    -1.3371     0.8088    -1.3108
    -0.7982    -1.4467     0.9517    -1.3578
    -0.8071    -1.3919     1.1303    -1.3672
    -0.8872    -1.2824     1.1928    -1.4330
    -0.8872    -1.2641     1.3536    -1.4330
    -0.9583    -1.2824     1.4608    -1.4706
    -0.9583    -1.2276     1.4876    -1.4142
    -1.0384    -1.1819     1.6126    -1.4424
    -1.0117    -1.1819     1.6930    -1.4518
    -1.1184    -1.0815     1.7109    -1.4048
    -1.0828    -1.0084     1.8092    -1.3860
    -1.0828    -0.9993     1.8003    -1.3390
    -1.0828    -0.9445     1.8003    -1.3390
    -1.0473    -0.8714     1.8271    -1.2639
    -1.0562    -0.7435     1.8360    -1.2169
    -1.0117    -0.6613     1.8181    -1.1887
    -1.0295    -0.6796     1.7556    -1.0666
    -0.9850    -0.5517     1.7198    -0.9914
    -0.9050    -0.4146     1.6126    -0.9068
    -0.9138    -0.3140     1.5501    -0.7846
    -0.8071    -0.2226     1.4429    -0.7470
    -0.7715    -0.0215     1.2821    -0.5966
    -0.6737     0.0883     1.2375    -0.4932
    -0.6026     0.2255     1.0767    -0.3616
    -0.4959     0.3627     0.9517    -0.3052
    -0.3536     0.5183     0.7731    -0.1548
    -0.2380     0.5366     0.6927    -0.0890
    -0.1847     0.6922     0.5142     0.0991
    -0.0691     0.8753     0.3892     0.2308
     0.0198     0.9668     0.2463     0.3907
     0.2065     1.0584     0.1035     0.4847
     0.3221     1.1500    -0.0482     0.6729
     0.4376     1.2141    -0.1553     0.7952
     0.5354     1.3241    -0.2535     0.9646
     0.6065     1.3974    -0.4141     1.1151
     0.7310     1.4798    -0.4766     1.2469
     0.8287     1.4798    -0.6015     1.3693
     0.9354     1.5256    -0.7354     1.4634
     0.9798     1.5165    -0.8335     1.5952
     1.0242     1.4982    -0.9138     1.6517
     1.0953     1.5256    -0.9584     1.7458
     1.0598     1.4798    -1.0655     1.7741
     1.1397     1.4982    -1.1368     1.8588
     1.1575     1.4890    -1.1904     1.8494
     1.1842     1.4890    -1.2350     1.8541
     1.1575     1.4707    -1.3242     1.8588
     1.1664     1.4065    -1.3688     1.8588
     1.1931     1.3424    -1.4134     1.8212
     1.2464     1.2325    -1.4401     1.8306
     1.2464     1.1225    -1.4669     1.6988
     1.1753     1.0676    -1.4401     1.6894
     1.1753     0.9394    -1.4669     1.5764
     1.1664     0.8020    -1.4936     1.5199
     1.1309     0.7196    -1.4669     1.4163
     1.1220     0.5732    -1.4669     1.3128
     1.0864     0.4634    -1.4223     1.1810
     0.9620     0.3078    -1.3152     1.1057
     0.9087     0.1523    -1.2706     0.9646
     0.7754    -0.0306    -1.2439     0.8140
     0.7043    -0.2135    -1.1190     0.6447
     0.6243    -0.3597    -1.0744     0.5036
     0.4999    -0.4968    -0.9852     0.3436
     0.3576    -0.6065    -0.8068     0.1367
     0.2243    -0.6705    -0.7175    -0.0420
     0.1710    -0.7892    -0.6015    -0.1924
     0.0287    -0.8806    -0.4855    -0.3334
    -0.0513    -1.0176    -0.3160    -0.4556
    -0.1135    -1.1089    -0.2000    -0.5590
    -0.2113    -1.1454    -0.0661    -0.6624
    -0.3625    -1.1819     0.0946    -0.7658
    -0.4158    -1.2367     0.2642    -0.8598
    -0.4870    -1.2824     0.3981    -0.9914
    -0.5048    -1.3098     0.5856    -1.0196
    -0.5848    -1.2915     0.6749    -1.1511
    -0.6470    -1.2732     0.7820    -1.1887
    -0.7360    -1.3919     0.9963    -1.2733
    -0.7271    -1.3645     1.0678    -1.2733
    -0.8249    -1.3463     1.2196    -1.3296
    -0.8160    -1.3371     1.3357    -1.3484
    -0.8427    -1.2459     1.4251    -1.4142
    -0.9227    -1.2093     1.5144    -1.4048
    -0.9672    -1.1728     1.6484    -1.4048
    -0.9494    -1.2002     1.6841    -1.3766
    -0.9850    -1.0998     1.7645    -1.4236
    -1.0650    -1.0632     1.8539    -1.3672
    -1.0562    -1.0541     1.8985    -1.3672
    -1.0828    -0.9354     1.8896    -1.3296
    -1.0473    -0.8897     1.8807    -1.2733
    -1.0828    -0.8714     1.9521    -1.2263
    -1.0650    -0.7710     1.9164    -1.1887
    -0.9850    -0.6430     1.9075    -1.1041
    -0.9494    -0.5699     1.8449    -1.0478
    -0.9405    -0.4786     1.7288    -0.9726
    -0.8694    -0.3963     1.7109    -0.8410
    -0.8605    -0.2958     1.5948    -0.7752
    -0.7538    -0.1586     1.4518    -0.7000
    -0.7449    -0.0397     1.3715    -0.5590
    -0.6648     0.0700     1.2196    -0.4932
    -0.6026     0.2072     1.0589    -0.3898
    -0.4870     0.3719     0.8981    -0.2488
    -0.4158     0.4176     0.7910    -0.1736
    -0.2558     0.6098     0.5945    -0.0702
    -0.1580     0.6922     0.4517     0.1179
    -0.0957     0.8387     0.3088     0.2026
     0.0287     0.8844     0.1392     0.3436
     0.2332     0.9760     0.0142     0.4847
     0.3221     1.1134    -0.1464     0.6164
     0.4732     1.2141    -0.2892     0.7482
     0.4999     1.2233    -0.4320     0.9552
     0.6598     1.3057    -0.5658     1.0587
     0.7132     1.4065    -0.6462     1.1904
     0.8820     1.4065    -0.7354     1.3504
     0.9087     1.4523    -0.8603     1.4352
     0.9798     1.4340    -0.9852     1.5293
     1.0509     1.4798    -1.0566     1.6611
     1.0953     1.4523    -1.1368     1.6894
     1.0775     1.4386    -1.2082     1.7741
     1.1131     1.4248    -1.2350     1.8588
     1.1486     1.4340    -1.2885     1.8494
     1.1353     1.3882    -1.4134     1.8965
     1.1220     1.3241    -1.4401     1.8588
     1.1264     1.3607    -1.4847     1.8494
     1.1309     1.2874    -1.4936     1.7929
     1.1264     1.1683    -1.5650     1.7364
     1.1220     1.1225    -1.6096     1.6705
     1.1042     1.0676    -1.6363     1.6705
     1.1220     0.9760    -1.6274     1.5764
     1.1042     0.8661    -1.6274     1.4634
     1.1220     0.7196    -1.6096     1.4069
     1.0420     0.6464    -1.5382     1.3128
     1.0331     0.4451    -1.5293     1.2563
     0.9265     0.3444    -1.4758     1.1340
     0.8909     0.2072    -1.3777     0.9175
     0.7754    -0.0032    -1.3152     0.8234
     0.7132    -0.1678    -1.2617     0.6447
     0.6154    -0.2866    -1.1725     0.4847
     0.5087    -0.4237    -1.0387     0.4001
     0.4021    -0.5699    -0.9227     0.2402
     0.2421    -0.6339    -0.8246     0.0803
     0.1799    -0.8166    -0.6640    -0.0890
     0.0109    -0.8349    -0.5391    -0.2582
    -0.0957    -0.9536    -0.4141    -0.3898
    -0.1313    -0.9719    -0.2892    -0.5214
    -0.1847    -1.0541    -0.1286    -0.5872
    -0.3002    -1.0450    -0.0036    -0.7094
    -0.3625    -1.1819     0.2374    -0.8410
    -0.4514    -1.1454     0.3535    -0.9256
    -0.5403    -1.1819     0.4874    -0.9538
    -0.5492    -1.2824     0.6302    -1.0290
    -0.6381    -1.2732     0.8088    -1.0947
    -0.6559    -1.2732     0.8981    -1.1793
    -0.7449    -1.3554     1.0856    -1.2921
    -0.7360    -1.3463     1.1660    -1.2639
    -0.8338    -1.3463     1.3179    -1.3015
    -0.8427    -1.3463     1.4251    -1.3860
    -0.8516    -1.3098     1.5769    -1.3390
    -0.9583    -1.2824     1.5858    -1.3437
    -0.9761    -1.2276     1.7377    -1.3484
    -1.0117    -1.2002     1.8449    -1.3437
    -1.0295    -1.1272     1.8717    -1.3390
    -1.0206    -0.9993     1.9789    -1.3484
    -1.0650    -0.9262     1.9611    -1.3296
    -1.0650    -0.8988     1.9879    -1.2639
    -1.0384    -0.8349     1.9879    -1.1981
    -1.0473    -0.7344     1.9789    -1.1135
    -0.9939    -0.6156     1.9611    -1.0478
    -0.9405    -0.5791     1.8807    -1.0478
    -0.9316    -0.4786     1.8717    -0.9538
    -0.9050    -0.3232     1.7645    -0.8692
    -0.8872    -0.2775     1.6394    -0.7846
    -0.8071    -0.1403     1.5858    -0.6342
    -0.7449    -0.0580     1.4518    -0.5590
    -0.6293     0.1432     1.2732    -0.4556
    -0.5937     0.2621     1.2018    -0.3804
    -0.5137     0.3353     1.0142    -0.2958
    -0.3981     0.4359     0.8267    -0.1548
    -0.2469     0.5457     0.7463    -0.0984
    -0.1580     0.7105     0.6034     0.1179
    -0.0513     0.8295     0.3981     0.2026
     0.0910     0.9211     0.2374     0.3719
     0.1887     0.9943     0.1214     0.4847
     0.3310     1.1775    -0.1018     0.6353
     0.4288     1.2050    -0.2089     0.7105
     0.5710     1.3241    -0.3249     0.8799
     0.6065     1.4523    -0.4766     1.0116
     0.7487     1.4432    -0.5926     1.1434
     0.7754     1.4798    -0.7086     1.3222
     0.8731     1.5256    -0.7800     1.4069
     0.9176     1.4982    -0.9495     1.5293
     0.9709     1.4707    -1.0298     1.5858
     1.0064     1.4615    -1.1190     1.6611
     1.0864     1.4615    -1.1458     1.7270
     1.1042     1.4615    -1.2350     1.7458
     1.0687     1.5073    -1.3777     1.7600
     1.0953     1.3607    -1.3598     1.7741
     1.1397     1.3561    -1.4223     1.7835
     1.1664     1.3515    -1.5025     1.7741
     1.1753     1.3241    -1.5382     1.6988
     1.1486     1.2599    -1.6363     1.6894
     1.1753     1.1775    -1.5917     1.6423
     1.2108     1.0676    -1.6096     1.6046
     1.1842     0.9668    -1.6542     1.5670
     1.1309     0.8204    -1.6898     1.4352
     1.1220     0.6373    -1.6096     1.3975
     1.0775     0.5732    -1.6274     1.3034
     1.0242     0.3627    -1.5917     1.2187
     0.9798     0.2621    -1.4847     1.0399
     0.9087     0.1523    -1.5025     0.9740
     0.8021    -0.0580    -1.3598     0.8140
     0.7221    -0.1769    -1.3152     0.6729
     0.5710    -0.2683    -1.1993     0.4659
     0.4732    -0.4237    -1.1190     0.3248
     0.4021    -0.4603    -1.0119     0.1837
     0.2776    -0.5608    -0.8960     0.0615
     0.1799    -0.7253    -0.7443    -0.0796
     0.0821    -0.7527    -0.6729    -0.2300
     0.0198    -0.8897    -0.5391    -0.3334
    -0.0780    -0.9262    -0.3785    -0.4556
    -0.1580    -0.9993    -0.2535    -0.5872
    -0.2914    -1.0632    -0.1286    -0.6342
    -0.2736    -1.1637     0.0767    -0.8034
    -0.3714    -1.1363     0.1571    -0.8786
    -0.4158    -1.1728     0.3981    -0.9350
    -0.5225    -1.2732     0.5142    -1.0290
    -0.5759    -1.2550     0.7284    -1.1041
    -0.6381    -1.2367     0.8535    -1.1605
    -0.7004    -1.2230     0.9874    -1.1793
    -0.6826    -1.2093     1.0767    -1.2733
    -0.7449    -1.2459     1.2018    -1.2639
    -0.8249    -1.1637     1.3268    -1.2921
    -0.8694    -1.1728     1.4340    -1.2733
    -0.8783    -1.1545     1.5858    -1.3202
    -0.8783    -1.0724     1.6394    -1.2827
    -0.9405    -1.0450     1.7913    -1.2733
    -0.9761    -0.9719     1.8449    -1.3296
          3          3          3          3
