    4   2048 0.020000  2016   1  21  16  58
         16         10         11         42
    -0.8353    -0.1018     0.6489     0.0168
    -1.3779    -0.0927     0.6311    -0.0020
    -1.7515    -0.0378     0.6221    -0.0490
    -1.9384     0.0079     0.6043    -0.1242
    -2.0808    -0.0104     0.6132    -0.1430
    -2.1875     0.0628     0.5864    -0.1336
    -2.3121     0.0719     0.5150    -0.1618
    -2.3299     0.0628     0.5239    -0.1806
    -2.2765     0.1543     0.4346    -0.2371
    -2.1964     0.0994     0.4257    -0.2559
    -1.9740     0.1360     0.3364    -0.2465
    -1.6181     0.1360     0.3097    -0.2371
    -1.2178     0.1543     0.2740    -0.2841
    -0.8976     0.1177     0.1847    -0.2747
    -0.4440     0.0811     0.1311    -0.2841
     0.0805     0.0079     0.0865    -0.2277
     0.5516    -0.0835     0.0776    -0.2371
     1.0938    -0.1841     0.0151    -0.2371
     1.6890    -0.3030    -0.0117    -0.2183
     2.2131    -0.3487    -0.0563    -0.2277
     2.7371    -0.4767    -0.0741    -0.1712
     3.1011    -0.5041    -0.0474    -0.1524
     3.3408    -0.6412    -0.1188    -0.1618
     3.3053    -0.6777    -0.1009    -0.1242
     3.0212    -0.7508    -0.1098    -0.0960
     2.4352    -0.7782    -0.1188    -0.0678
     1.8934    -0.7874    -0.0741    -0.0772
     1.2359    -0.7874    -0.0652    -0.0866
     0.6227    -0.7874     0.0062    -0.0772
     0.0272    -0.6960    -0.0027    -0.0490
    -0.6130    -0.6046     0.0597    -0.0490
    -1.1644    -0.4310     0.0865    -0.0772
    -1.5647    -0.2390     0.0954    -0.1242
    -1.7871     0.0171     0.1847    -0.1430
    -1.9206     0.2641     0.2383    -0.1712
    -2.0719     0.6576     0.2829    -0.1901
    -2.1519     0.8865     0.3007    -0.2371
    -2.2409     1.0879     0.3632    -0.2841
    -2.2587     1.9769     0.3900    -0.2371
    -2.1164     2.6742     0.3900    -0.2653
    -1.9117     2.7385     0.4257    -0.2653
    -1.6003     2.2613     0.4971    -0.2653
    -1.2178     1.4636     0.4971    -0.2606
    -0.8531     0.6301     0.4882    -0.2559
    -0.4974    -0.0287     0.4704    -0.2747
     0.0361    -0.6960     0.5061    -0.2841
     0.5428    -1.2440     0.5061    -0.1901
     1.0404    -1.7734     0.4436    -0.1712
     1.6357    -2.1657     0.4168    -0.0866
     2.1687    -2.4483     0.4168     0.0921
     2.7726    -2.5850     0.3097     0.1955
     3.2077    -2.5850     0.3454     0.2802
     3.4740    -2.5850     0.2650     0.4495
     3.5450    -2.4939     0.2561     0.5059
     3.2876    -2.2842     0.1758     0.5624
     2.6927    -2.0197     0.1222     0.5529
     2.0532    -1.7369     0.0508     0.6376
     1.4936    -1.2806    -0.0027     0.6847
     0.8005    -0.7782     0.0062     0.8070
     0.1250    -0.2756    -0.0741     1.0799
    -0.4707     0.5020    -0.0920     1.0893
    -1.0488     1.2345    -0.1455     1.0046
    -1.4135     1.7386    -0.1991     0.6376
    -1.5914     2.3714    -0.1812     0.0450
    -1.7782     2.7385    -0.2526    -0.4063
    -1.9117     2.7568    -0.2169    -0.8951
    -2.0096     2.9588    -0.2259    -1.2803
    -2.1164     2.9496    -0.2705    -1.5903
    -2.1119     2.8762    -0.2080    -1.8063
    -2.1075     2.5457    -0.2080    -2.0036
    -1.8672     2.0778    -0.1902    -1.9848
    -1.5825     1.5094    -0.1812    -2.0130
    -1.1822     1.0055    -0.1009    -1.9003
    -0.8442     0.4105    -0.0831    -1.6467
    -0.3996    -0.2664    -0.0027    -1.3273
     0.0983    -0.7600     0.0330    -0.8951
     0.6316    -1.2440     0.0687    -0.3311
     1.1115    -1.5179     0.0954     0.3272
     1.6535    -1.7369     0.1222     0.9952
     2.1954    -1.9650     0.2025     1.5693
     2.7371    -2.1109     0.2472     2.6712
     3.1011    -2.2477     0.2829     3.6043
     3.3319    -2.2568     0.2829     3.8494
     3.4385    -2.2660     0.3097     3.8306
     3.3852    -2.1383     0.3722     3.6891
     2.9946    -1.8920     0.3543     3.0858
     2.3375    -1.5909     0.4079     2.4640
     1.7690    -1.2075     0.3632     1.8141
     1.1737    -0.8696     0.3900     1.2304
     0.5072    -0.4675     0.3543     0.5718
    -0.1595     0.0994     0.3364    -0.0020
    -0.7108     0.5752     0.3454    -0.4909
    -1.1822     1.1154     0.3186    -0.8951
    -1.5202     1.5736     0.2740    -1.2709
    -1.6982     1.9494     0.1936    -1.5809
    -1.8494     2.2613     0.1758    -1.7218
    -2.0363     2.6834     0.1490    -1.9660
    -2.1253     2.8119     0.0508    -2.0599
    -2.1519     2.8257     0.0330    -2.0223
    -2.0630     2.8395    -0.0206    -2.0787
    -1.8939     2.6192    -0.0831    -2.0317
    -1.5647     2.2980    -0.0831    -1.8815
    -1.3512     1.9586    -0.1188    -1.6279
    -1.0132     1.5736    -0.1545    -1.3273
    -0.5774     1.1521    -0.2259    -0.9796
    -0.1151     0.6210    -0.2169    -0.6037
     0.5072     0.1817    -0.2348    -0.2089
     1.0493    -0.3121    -0.2259     0.3084
     1.5736    -0.6412    -0.2348     0.8446
     2.1065    -0.8696    -0.2705     1.3716
     2.7016    -1.1345    -0.2169     1.9177
     3.1100    -1.3536    -0.1991     2.4263
     3.3497    -1.5544    -0.1455     2.8408
     3.3541    -1.7004    -0.1277     3.1801
     3.3586    -1.7917    -0.1098     3.1518
     2.9147    -1.8829    -0.0563     3.1235
     2.3375    -1.8920     0.0330     2.8503
     1.8134    -1.8373     0.0597     2.5017
     1.1382    -1.6913     0.0865     2.0590
     0.5072    -1.3992     0.1847     1.6352
    -0.1595    -1.0614     0.1847     1.1175
    -0.8175    -0.8239     0.2561     0.6094
    -1.2800    -0.4675     0.2918     0.1391
    -1.5736     0.0171     0.3275    -0.3029
    -1.8316     0.4471     0.4168    -0.7165
    -2.0363     0.9414     0.4168    -1.0736
    -2.1431     1.4269     0.4793    -1.3179
    -2.2943     1.7386     0.5150    -1.5058
    -2.2765     2.2429     0.4882    -1.6936
    -2.2587     2.5457     0.5150    -1.7218
    -2.1253     2.8027     0.5239    -1.6843
    -1.8494     2.7844     0.4971    -1.6843
    -1.5558     2.7018     0.4971    -1.5903
    -1.1288     2.4907     0.4436    -1.4682
    -0.7642     2.2062     0.4257    -1.3273
    -0.2306     1.7936     0.4168    -1.1018
     0.3383     1.2620     0.3722    -0.8857
     0.8360     0.6942     0.3275    -0.5661
     1.4492     0.1268     0.2740    -0.2089
     1.9644    -0.4035     0.2472     0.1955
     2.5240    -0.9153     0.2293     0.5812
     2.9502    -1.3262     0.1579     1.0893
     3.1810    -1.5727     0.1668     1.5223
     3.1988    -1.8373     0.1311     1.9836
     3.2165    -2.0289     0.0687     2.3698
     2.8170    -2.1565     0.0419     2.6053
     2.1865    -2.1520     0.0151     2.6241
     1.5025    -2.1474     0.0151     2.6430
     0.8449    -1.9559     0.0240     2.4357
     0.2050    -1.7369     0.0330     2.2096
    -0.4174    -1.4540     0.0419     1.7953
    -0.9865    -1.0888     0.0419     1.3810
    -1.5558    -0.7325     0.0865     0.8446
    -1.8850    -0.3030     0.0597     0.3742
    -2.0719     0.3555     0.1401    -0.0302
    -2.2320     0.8773     0.1401    -0.4157
    -2.3210     1.4361     0.1936    -0.7729
    -2.4456     1.8852     0.2115    -1.1582
    -2.4590     2.4081     0.2650    -1.4118
    -2.4723     2.8946     0.3007    -1.7406
    -2.1964     2.8854     0.3097    -1.9472
    -1.9295     2.8762     0.3900    -2.0787
    -1.6003     2.8670     0.3900    -2.1350
    -1.1644     2.5733     0.4614    -2.0317
    -0.7731     2.0320     0.4346    -1.8533
    -0.3285     1.3536     0.5239    -1.6561
     0.2939     0.7491     0.4793    -1.4494
     0.8272     0.1451     0.4971    -1.2052
     1.4136    -0.5498     0.5507    -0.8011
     2.0266    -1.0705     0.5507    -0.3405
     2.5861    -1.5270     0.5150     0.1955
     2.9235    -1.9285     0.4525     0.8822
     3.2254    -2.2295     0.4704     1.5034
     3.2520    -2.3754     0.3811     2.1531
     3.0123    -2.4848     0.3989     2.8031
     2.5595    -2.6306     0.3543     3.5100
     1.9911    -2.5941     0.2650     3.7457
     1.2448    -2.4392     0.2293     3.6609
     0.5961    -2.1839     0.1668     3.1424
     0.0627    -1.9103     0.1490     2.5488
    -0.5063    -1.4814     0.1044     1.8800
    -1.0844    -0.9883     0.0419     1.2399
    -1.4669    -0.4767    -0.0206     0.5812
    -1.8227     0.1543    -0.0741     0.0356
    -2.0185     0.8407    -0.1455    -0.5285
    -2.1786     1.6652    -0.1812    -0.9702
    -2.2498     2.4448    -0.1723    -1.5152
    -2.2765     2.8670    -0.2348    -1.8721
    -2.3032     3.1150    -0.2437    -2.0881
    -2.1964     3.1884    -0.2348    -2.1632
    -2.0274     3.1976    -0.2883    -2.2289
    -1.7604     2.7660    -0.2526    -2.3228
    -1.4491     2.2705    -0.2526    -2.3134
    -1.0666     1.6652    -0.2437    -2.1914
    -0.6930     0.9964    -0.2348    -1.9097
    -0.2395     0.4562    -0.2080    -1.7312
     0.3117    -0.1201    -0.1545    -1.3743
     0.8183    -0.5863    -0.1277    -0.9890
     1.3514    -1.0340    -0.0831    -0.5473
     1.9111    -1.4905    -0.0295    -0.0490
     2.4796    -1.7734    -0.0206     0.4683
     2.9413    -1.9285     0.0062     1.0516
     3.1899    -2.0562     0.0954     1.5317
     3.4118    -2.1474     0.0687     1.9930
     3.3231    -2.1474     0.0954     2.4545
     2.9324    -2.1474     0.1222     2.6618
     2.3641    -2.0653     0.1936     2.7937
     1.6979    -1.8555     0.1579     2.7749
     1.0582    -1.5818     0.1668     2.5299
     0.3828    -1.3171     0.2025     2.2567
    -0.2218    -0.9792     0.1668     1.9365
    -0.8175    -0.6503     0.1847     1.6635
    -1.3690    -0.2756     0.1222     1.2304
    -1.6537     0.3006     0.1579     0.7693
    -1.9651     0.8681     0.0776     0.2896
    -2.1164     1.3811     0.0508    -0.1995
    -2.1519     1.8211     0.0330    -0.5943
    -2.1697     2.2705     0.0330    -0.9890
    -2.1875     2.6650    -0.0295    -1.2709
    -2.1075     2.9037    -0.0563    -1.5715
    -1.9562     2.9588    -0.0474    -1.8251
    -1.6715     2.7018    -0.1188    -1.9472
    -1.2445     2.3806    -0.1009    -1.9754
    -0.7909     1.9861    -0.1366    -2.0317
    -0.4618     1.4361    -0.1634    -1.9378
    -0.0350     0.8681    -0.1634    -1.7406
     0.5250     0.3006    -0.1723    -1.3743
     1.0138    -0.2024    -0.1812    -0.9984
     1.5736    -0.7782    -0.1723    -0.5849
     2.0799    -1.3080    -0.1455    -0.1524
     2.6572    -1.6365    -0.0920     0.2990
     3.1278    -1.8829    -0.0652     0.8164
     3.4473    -2.0653     0.0240     1.3340
     3.5450    -2.2386    -0.0027     1.8235
     3.5361    -2.3115     0.0508     2.3509
     3.1455    -2.4118     0.1401     2.9445
     2.5417    -2.4301     0.2293     3.3969
     1.8223    -2.3024     0.2740     3.4157
     1.1737    -2.0653     0.3097     3.4346
     0.4894    -1.6457     0.3632     3.0482
    -0.1151    -1.1893     0.4257     2.4451
    -0.7909    -0.6320     0.5061     1.7200
    -1.3067    -0.1018     0.5775     0.9575
    -1.5647     0.4471     0.5507     0.2519
    -1.7960     1.2803     0.5953    -0.3593
    -1.9829     2.0962     0.6132    -0.7917
    -2.0719     3.0231     0.6489    -1.2333
    -2.1964     3.3814     0.6489    -1.5997
    -2.1875     3.8685     0.6668    -1.7688
    -2.1786     3.8868     0.6489    -1.8251
    -1.9473     3.7122     0.6221    -1.9566
    -1.7071     3.0415     0.6400    -1.9566
    -1.2978     2.3806     0.6132    -1.9566
    -0.9865     1.7294     0.5686    -1.8721
    -0.5419     0.9964     0.5686    -1.6655
    -0.1684     0.3006     0.5239    -1.3461
     0.3828    -0.3030     0.4168    -1.0548
     0.8538    -0.9244     0.3989    -0.6977
     1.2892    -1.4631     0.3722    -0.3311
     1.8756    -1.8555     0.3275     0.2707
     2.4174    -2.0745     0.2293     0.8446
     2.9591    -2.1748     0.2115     1.4752
     3.3586    -2.2295     0.1758     2.0590
     3.3808    -2.2112     0.1044     2.7466
     3.4030    -2.1201     0.0865     3.3592
     3.0834    -2.0197     0.0865     3.7740
     2.4174    -1.9650     0.0687     3.8117
     1.7512    -1.6822     0.0508     3.6514
     1.1293    -1.3445     0.0508     3.2461
     0.4716    -0.9153     0.0330     2.6618
    -0.1684    -0.6138     0.0062     2.0495
    -0.7464    -0.3030     0.0865     1.2775
    -1.2800     0.1360     0.0597     0.5529
    -1.6448     0.6301     0.1311    -0.0960
    -1.8939     1.1246     0.1847    -0.5567
    -1.9740     1.6835     0.1668    -1.0830
    -2.1786     2.1237     0.2650    -1.5715
    -2.3566     2.6192     0.2918    -1.9003
    -2.3299     2.9772     0.2740    -2.1632
    -2.3032     3.3262     0.3632    -2.3416
    -2.1519     3.4181     0.3364    -2.4542
    -1.8494     3.0874     0.3722    -2.4261
    -1.5380     2.7109     0.4079    -2.3416
    -1.1377     2.2705     0.3811    -2.1444
    -0.7375     1.8119     0.4079    -1.9848
    -0.3551     1.1337     0.3811    -1.7030
     0.2672     0.5294     0.4079    -1.2991
     0.7650     0.0354     0.3275    -0.7729
     1.2448    -0.4401     0.3454    -0.1712
     1.8578    -0.8970     0.3007     0.4777
     2.4263    -1.3171     0.2829     0.9763
     2.9502    -1.4358     0.2204     1.5223
     3.3053    -1.7004     0.2293     2.0213
     3.3186    -1.8647     0.1311     2.4828
     3.3319    -2.0289     0.1133     2.8691
     2.9857    -2.1839     0.0419     3.1707
     2.3996    -2.1474     0.0151     3.1424
     1.7246    -2.0562     0.0240     3.0010
     1.1826    -1.8464    -0.0206     2.6901
     0.5428    -1.4905    -0.0741     2.2096
    -0.1151    -1.1253    -0.0563     1.6446
    -0.7464    -0.8513    -0.1009     1.0987
    -1.3690    -0.4767    -0.1455     0.5341
    -1.7782    -0.0835    -0.1723    -0.0678
    -2.0363     0.4288    -0.1723    -0.6319
    -2.1786     0.8590    -0.1455    -1.0830
    -2.3833     1.3628    -0.1545    -1.4870
    -2.4723     1.7202    -0.1009    -1.8251
    -2.4679     2.0320    -0.0652    -1.8721
    -2.4634     2.2705    -0.0474    -1.9754
    -2.2320     2.3714    -0.0206    -1.9660
    -1.9740     2.1971    -0.0206    -2.0036
    -1.6003     1.9953     0.0240    -1.9848
    -1.2889     1.7936     0.0776    -1.9097
    -0.8175     1.5461     0.1044    -1.7312
    -0.3907     1.1429     0.1311    -1.5058
     0.2494     0.8681     0.2115    -1.1864
     0.7916     0.4745     0.2383    -0.9233
     1.2804     0.0445     0.2650    -0.5285
     1.8667    -0.3670     0.2740    -0.1524
     2.4529    -0.7143     0.2740     0.2331
     2.8614    -1.0340     0.2918     0.5435
     3.1544    -1.3353     0.3454     0.8446
     3.1677    -1.7552     0.3097     1.3246
     3.1810    -2.0653     0.3543     1.7670
     2.7904    -2.2933     0.3186     2.2285
     2.2486    -2.3024     0.3364     2.5582
     1.6890    -2.2842     0.2918     2.8126
     0.9338    -2.1474     0.2918     2.7984
     0.2850    -2.0197     0.3097     2.7843
    -0.3196    -1.8555     0.2472     2.5299
    -0.8887    -1.5818     0.2561     2.1437
    -1.4580    -1.0888     0.1936     1.6352
    -1.7960    -0.5589     0.2115     1.0422
    -2.0808    -0.0287     0.2025     0.4495
    -2.1964     0.5660     0.1222    -0.1242
    -2.3210     1.3170     0.1311    -0.5473
    -2.3344     1.7661     0.1311    -0.9796
    -2.3477     2.5549     0.1311    -1.2991
    -2.3388     3.3262     0.1222    -1.4964
    -2.2053     3.5376     0.0687    -1.6749
    -1.9918     3.5743     0.0508    -1.9190
    -1.7160     3.4181     0.0954    -2.0317
    -1.3067     2.6650     0.0999    -2.0130
    -0.8798     1.8027     0.1044    -1.9942
    -0.4085     1.1521     0.1222    -1.8063
     0.0894     0.4562     0.0865    -1.4776
     0.6227    -0.0104     0.1044    -1.0548
     1.2182    -0.5772     0.1401    -0.7353
     1.7779    -1.1527     0.1311    -0.3969
     2.1865    -1.4997     0.2025     0.1015
     2.6838    -1.8190     0.1936     0.6188
     2.9679    -1.9741     0.2383     1.1928
     3.2254    -2.1201     0.2115     1.7388
     3.1810    -2.2660     0.2383     2.1814
     2.9946    -2.2477     0.2740     2.6241
     2.4707    -2.0289     0.2472     3.0010
     1.7779    -1.8008     0.2918     3.2649
     1.1293    -1.5544     0.2829     3.3215
     0.4805    -1.1710     0.3007     3.0576
    -0.0617    -0.8330     0.3186     2.7278
    -0.7019    -0.4767     0.2918     2.2379
    -1.2178     0.0994     0.3186     1.5882
    -1.6626     0.6393     0.2918     0.9952
    -1.9740     1.1063     0.3186     0.4683
    -2.1431     1.6469     0.2740     0.0168
    -2.3121     2.1879     0.2606    -0.3593
    -2.4278     2.5916     0.2472    -0.6977
    -2.4189     2.9956     0.2740    -0.9327
    -2.3922     3.2252     0.2829    -1.0642
    -2.2587     3.2619     0.2293    -1.2897
    -2.0897     3.2987     0.2472    -1.5434
    -1.8049     2.9405     0.2293    -1.7594
    -1.4313     2.4540     0.1758    -1.8251
    -0.9687     1.9128     0.1936    -1.7876
    -0.4885     1.2437     0.1490    -1.6279
     0.0716     0.5294     0.1401    -1.4118
     0.6939    -0.0470     0.1133    -1.1206
     1.1826    -0.5498     0.0865    -0.8105
     1.7512    -1.1619     0.1133    -0.4815
     2.3996    -1.5635     0.0508    -0.0960
     2.8259    -1.8373     0.0597     0.3178
     3.1189    -2.0927     0.0151     0.8070
     3.3852    -2.2204    -0.0027     1.2304
     3.4651    -2.2477    -0.0117     1.6823
     3.1810    -2.2340    -0.0295     2.1626
     2.5684    -2.2204    -0.0384     2.5205
     1.9555    -2.1383    -0.0563     2.7843
     1.3159    -2.0015    -0.0117     2.7843
     0.6494    -1.6548    -0.0652     2.7843
     0.0894    -1.1619    -0.0384     2.4734
    -0.5508    -0.6777    -0.0741     1.9930
    -1.1021    -0.2847    -0.0563     1.4940
    -1.3957     0.2458    -0.0384     0.8917
    -1.7515     0.7949     0.0330     0.3836
    -1.9206     1.3719     0.0508    -0.2277
    -2.0541     1.8944     0.0776    -0.6977
    -2.1519     2.3530     0.0954    -1.1864
    -2.1697     2.9405     0.1847    -1.5903
    -2.2231     3.3905     0.1847    -1.9190
    -2.1164     3.5467     0.2650    -2.0317
    -1.9473     3.5284     0.3186    -2.3510
    -1.5914     2.9496     0.3543    -2.5387
    -1.2800     2.2796     0.4704    -2.4918
    -0.9243     1.5552     0.4614    -2.3416
    -0.4885     0.8041     0.5596    -2.0599
    -0.0173     0.2092     0.5507    -1.7594
     0.5516    -0.4401     0.6311    -1.3367
     1.1471    -1.1162     0.6132    -0.9233
     1.7868    -1.6183     0.6489    -0.4439
     2.3197    -1.9468     0.6043     0.1579
     2.9413    -2.1565     0.6221     0.6094
     3.4030    -2.2204     0.6311     1.2399
     3.5361    -2.2660     0.5507     1.7576
     3.5095    -2.2021     0.5596     2.2379
     3.2876    -2.2386     0.4882     2.6335
     2.7548    -2.3024     0.3632     2.9162
     2.0177    -2.1748     0.3275     3.0105
     1.4403    -1.9650     0.2472     2.8220
     0.8272    -1.5362     0.1668     2.4734
     0.1783    -1.1253     0.0330     2.0213
    -0.4174    -0.8056    -0.0027     1.4752
    -1.0043    -0.3853    -0.0920     0.9293
    -1.4224    -0.0287    -0.1634     0.4212
    -1.7160     0.4288    -0.2616    -0.0866
    -1.8939     1.0879    -0.3419    -0.4345
    -2.0185     1.4727    -0.3597    -0.9233
    -2.1875     1.8669    -0.3686    -1.3179
    -2.3477     2.3255    -0.3776    -1.5903
    -2.3388     2.7477    -0.3776    -1.8157
    -2.2142     2.9864    -0.2973    -1.9660
    -1.9829     3.0047    -0.2437    -1.9942
    -1.7693     2.7752    -0.1991    -2.0130
    -1.3423     2.5274    -0.0920    -1.9097
    -0.9954     2.2521     0.0240    -1.8157
    -0.5419     1.7569     0.1668    -1.6185
     0.0005     1.1429     0.3097    -1.3555
     0.6050     0.4745     0.4793    -1.1018
     1.1204    -0.1750     0.6578    -0.7353
     1.7601    -0.7143     0.6936    -0.3029
     2.2931    -1.3262     0.6757     0.1579
     2.9058    -1.8099     0.8453     0.6188
     3.3231    -2.0289     0.9436     1.3057
     3.5095    -2.2295     1.0507     1.8141
     3.4740    -2.3480     1.1222     2.4074
     3.2343    -2.4027     1.1758     2.9068
     2.6394    -2.3845     1.1490     3.4440
     1.9733    -2.3024     1.1132     3.3780
     1.3692    -2.0289     1.1400     3.3121
     0.7827    -1.6457     1.1311     2.6807
     0.1694    -1.1162     1.0239     1.9648
    -0.4440    -0.7417     0.7561     1.3057
    -0.9776    -0.3396     0.4346     0.6188
    -1.3957     0.0811     0.1579     0.1391
    -1.6893     0.6027    -0.1277    -0.1806
    -1.9384     1.0696    -0.3954    -0.5003
    -2.0096     1.5552    -0.6899    -0.8951
    -2.1431     2.0962    -0.8772    -1.2052
    -2.1564     2.4356    -1.1270    -1.4682
    -2.1697     2.8762    -1.2430    -1.5621
    -2.1253     3.2068    -1.4035    -1.5809
    -1.9740     3.2068    -1.4927    -1.6749
    -1.6982     3.1425    -1.4927    -1.7406
    -1.2978     2.8854    -1.4927    -1.7218
    -0.9154     2.6100    -1.3321    -1.6185
    -0.4618     1.9586    -1.2073    -1.5246
     0.0716     1.2986    -0.9843    -1.2991
     0.6939     0.6484    -0.7523    -1.1018
     1.2715    -0.1384    -0.4668    -0.7917
     1.9378    -0.8330    -0.0920    -0.4439
     2.5506    -1.3353     0.3186    -0.1430
     3.1544    -1.7187     0.8364     0.3084
     3.4473    -1.9924     1.1043     0.7599
     3.5095    -2.1657     1.3633     1.2963
     3.4917    -2.2933     1.7831     1.7576
     3.0834    -2.3480     2.2031     2.1626
     2.4440    -2.4665     2.5337     2.5205
     1.8312    -2.4209     2.6320     2.8220
     1.1826    -2.2751     2.6499     2.8597
     0.5961    -1.8738     2.4890     2.7466
     0.0272    -1.4905     1.9886     2.4922
    -0.5685    -0.9975     1.4794     2.2379
    -0.9776    -0.6046     0.8811     1.8894
    -1.3334    -0.1476     0.3007     1.3246
    -1.6181     0.3281    -0.3330     0.7317
    -1.7604     0.8773    -0.8148     0.1767
    -1.9384     1.3811    -1.2697    -0.3405
    -2.0986     1.8211    -1.4481    -0.8857
    -2.1342     2.3530    -1.6621    -1.2991
    -2.0986     2.6467    -1.8672    -1.5434
    -2.0274     2.9129    -1.9742    -1.7688
    -1.8583     2.9083    -2.0099    -2.0599
    -1.5469     2.9037    -1.8761    -2.2759
    -1.1199     2.7018    -1.7335    -2.2665
    -0.6930     2.3347    -1.5016    -2.1726
    -0.2218     1.8944    -1.2430    -1.9378
     0.3650     1.4178    -0.7969    -1.7406
     0.9249     0.9139    -0.3330    -1.4400
     1.5913     0.3922     0.1222    -1.1300
     2.1332    -0.2390     0.7025    -0.7729
     2.7371    -0.7234     1.1668    -0.3593
     3.2787    -1.2623     1.5509     0.2331
     3.5539    -1.6457     1.9976     0.7129
     3.5272    -1.9650     2.2388     1.2869
     3.4385    -2.2112     2.3192     1.7482
     2.9946    -2.4574     2.1495     2.2002
     2.3730    -2.5668     1.9886     2.6524
     1.6535    -2.5896     1.8010     2.9728
     1.1026    -2.6124     1.5241     3.0764
     0.4983    -2.4392     1.2025     2.8691
    -0.0884    -2.1109     0.7828     2.5582
    -0.6841    -1.6822     0.3900     1.9836
    -1.0755    -1.2532     0.1044     1.4375
    -1.4135    -0.6960    -0.1634     0.8917
    -1.6982    -0.1933    -0.3240     0.3366
    -1.9295     0.5752    -0.5471    -0.1336
    -2.0452     1.3170    -0.6809    -0.5191
    -2.1519     1.8852    -0.8326    -0.8575
    -2.2409     2.5274    -0.9218    -1.1488
    -2.3655     3.0690    -0.9218    -1.2709
    -2.3299     3.3722    -0.8594    -1.4400
    -2.1253     3.3630    -0.7702    -1.5809
    -1.8049     3.2344    -0.6096    -1.7500
    -1.4669     2.9588    -0.4668    -1.8063
    -1.0310     2.5274    -0.4668    -1.7594
    -0.6041     2.0045    -0.3062    -1.5997
    -0.1151     1.5277    -0.1277    -1.4118
     0.6050     0.9322     0.0776    -1.0830
     1.1915     0.3464     0.3454    -0.8293
     1.8489    -0.2573     0.5239    -0.6037
     2.4352    -0.8605     0.7739    -0.2559
     3.0478    -1.2806     0.9346     0.0638
     3.3941    -1.6092     1.0954     0.5153
     3.3586    -1.8464     1.2115     0.9105
     3.0656    -1.9832     1.3722     1.2869
     2.6483    -2.0015     1.5509     1.6917
     2.1065    -2.1201     1.6849     2.1437
     1.4758    -2.2021     1.7742     2.4263
     0.9160    -2.3024     1.8189     2.6524
     0.3294    -2.1292     1.8010     2.6241
    -0.2573    -1.8738     1.6849     2.5959
    -0.8442    -1.3445     1.5419     2.3603
    -1.3245    -0.8787     1.3186     1.9083
    -1.7160    -0.4035     1.0418     1.3810
    -1.9206     0.0628     0.7025     0.8917
    -2.1431     0.6576     0.3454     0.3178
    -2.2854     1.2803     0.0062    -0.2747
    -2.3744     1.8486    -0.2437    -0.6695
    -2.5524     2.4173    -0.5293    -1.0830
    -2.5880     2.9588    -0.7077    -1.4118
    -2.4723     3.2160    -0.9129    -1.6185
    -2.2053     3.2987    -1.1002    -1.8533
    -1.9384     3.1241    -1.2697    -2.0130
    -1.6270     2.6467    -1.3500    -2.0599
    -1.2000     2.1329    -1.3321    -1.9942
    -0.7998     1.5736    -1.2876    -1.8533
    -0.2129     1.0147    -1.1538    -1.6185
     0.3561     0.4928    -1.0021    -1.4025
     0.9782    -0.0195    -0.7345    -1.1206
     1.7068    -0.4584    -0.4490    -0.8293
     2.3108    -1.0157    -0.1366    -0.3593
     2.8259    -1.3353     0.2918     0.2331
     3.1544    -1.6548     0.7203     0.7882
     3.2077    -1.8373     1.1668     1.3057
     2.9413    -1.9741     1.5509     1.8612
     2.6305    -2.0653     2.1584     2.4640
     2.1598    -2.1383     2.5337     3.0387
     1.5469    -2.2751     2.6141     3.3403
     1.0138    -2.1930     2.5873     3.5666
     0.4361    -2.1109     2.4443     3.5666
    -0.1773    -1.7278     2.0333     3.1989
    -0.7820    -1.3445     1.6402     2.6053
    -1.2000    -0.8605     1.2561     1.9177
    -1.4402    -0.4401     0.7828     1.2493
    -1.7249     0.1177     0.2829     0.5529
    -1.9206     0.6484    -0.2169    -0.0866
    -2.0541     1.4452    -0.6185    -0.4909
    -2.2142     1.9494    -1.0289    -1.0642
    -2.3121     2.6100    -1.4124    -1.4870
    -2.4011     3.1701    -1.7424    -1.8063
    -2.2498     3.4365    -1.9118    -1.9378
    -1.9651     3.4824    -1.9163    -2.0505
    -1.6270     3.3446    -1.9207    -2.1726
    -1.2800     2.8946    -1.7780    -2.1820
    -0.8709     2.2888    -1.4303    -2.0036
    -0.4174     1.6744    -1.1270    -1.7030
     0.1516     1.0605    -0.7702    -1.4212
     0.8005     0.4837    -0.1634    -1.1206
     1.4225    -0.1110     0.4793    -0.7823
     2.1687    -0.6960     1.2383    -0.3593
     2.8081    -1.1893     1.8635     0.0921
     3.4207    -1.6183     2.4265     0.6941
     3.5450    -1.9194     2.6052     1.1646
     3.5539    -2.0562     2.6499     1.7011
     3.5361    -2.2021     2.6052     2.2285
     3.1455    -2.1839     2.5605     2.6241
     2.4529    -2.1839     2.4265     2.9351
     1.9200    -2.1292     2.0601     3.0764
     1.3248    -2.1201     1.7831     3.0953
     0.6583    -1.9741     1.3722     2.8691
     0.0450    -1.6000     0.8811     2.5205
    -0.5330    -1.0979     0.3275     2.0966
    -1.0666    -0.6229    -0.2616     1.5128
    -1.4046    -0.0561    -0.6274     1.0328
    -1.5825     0.4471    -1.0378     0.5529
    -1.7693     1.0696    -1.3232     0.1767
    -1.9117     1.6285    -1.5640    -0.2935
    -2.0630     2.0687    -1.8405    -0.7729
    -2.0986     2.5090    -1.9475    -1.1864
    -2.0452     2.9680    -2.0812    -1.4494
    -2.0274     3.2252    -2.0188    -1.6749
    -1.7693     3.2252    -1.8583    -1.9003
    -1.4046     3.0047    -1.6086    -2.0787
    -0.9598     2.6559    -1.3678    -2.0599
    -0.5419     2.2888    -1.0735    -2.0411
    -0.1062     1.6469    -0.7523    -1.9097
     0.4628     1.1337    -0.2883    -1.6655
     1.0582     0.6576     0.3275    -1.3461
     1.5824     0.1909     0.9793    -1.0360
     2.1865    -0.3853     1.5598    -0.6507
     2.8703    -0.8148     2.0333    -0.2841
     3.3319    -1.2532     2.5337     0.1297
     3.5184    -1.6092     2.6946     0.7129
     3.5627    -1.8282     3.1237     1.2869
     3.3408    -2.0197     3.7317     1.9271
     2.9679    -2.1565     3.6422     2.4451
     2.3375    -2.2021     2.8734     2.8031
     1.8134    -2.1976     2.0422     3.1707
     1.1915    -2.1930     1.3633     3.2178
     0.5694    -1.9559     0.7203     3.0010
    -0.1328    -1.6731     0.1758     2.5488
    -0.7197    -1.2623    -0.2259     1.9930
    -1.2534    -0.9975    -0.6631     1.3999
    -1.5558    -0.6229    -0.9754     0.8258
    -1.7782    -0.1201    -1.3232     0.3930
    -1.9384     0.3098    -1.6086    -0.1054
    -2.0185     0.8498    -1.7156    -0.5097
    -2.1964     1.6011    -1.8315    -0.9139
    -2.2765     2.1237    -1.8315    -1.2052
    -2.2409     2.6742    -1.9296    -1.4118
    -2.0719     3.2711    -1.9118    -1.5997
    -1.8583     3.4365    -1.7959    -1.7406
    -1.5914     3.5192    -1.5729    -1.8439
    -1.1021     3.3170    -1.4213    -1.9378
    -0.6308     2.8670    -1.2073    -1.9754
    -0.0973     2.2705    -0.8951    -1.8533
     0.5872     1.6744    -0.5471    -1.6279
     1.1737     0.9780    -0.2080    -1.4400
     1.7423     0.4471     0.1668    -1.1488
     2.4884    -0.1841     0.5061    -0.7259
     3.1011    -0.7874     0.9525    -0.3499
     3.5450    -1.3080     1.2561     0.0356
     3.5361    -1.7278     1.6045     0.5059
     3.5361    -2.0562     2.0333     1.0610
     3.2520    -2.2842     2.3371     1.5128
     2.7104    -2.3936     2.7393     2.1060
     2.0532    -2.3845     2.8734     2.5299
     1.5291    -2.3754     2.8018     2.8785
     0.8805    -2.3207     2.5516     3.0576
     0.2405    -2.1839     2.1495     3.1047
    -0.4263    -1.9559     1.7027     2.9539
    -1.0399    -1.5453     1.2025     2.5488
    -1.4669    -1.0797     0.6757     2.0119
    -1.7782    -0.6412     0.2383     1.3528
    -2.0007    -0.1933    -0.1812     0.7505
    -2.2053     0.3372    -0.4311     0.0921
    -2.2587     0.9597    -0.6453    -0.4627
    -2.3566     1.6560    -0.7702    -0.8575
    -2.3833     2.1787    -0.7791    -1.2803
    -2.2943     2.8027    -0.7702    -1.6091
    -2.2142     3.3262    -0.7880    -1.7782
    -1.9918     3.3308    -0.8683    -1.9660
    -1.6537     3.3354    -0.9486    -2.2289
    -1.1822     2.9680    -0.9932    -2.2665
    -0.7820     2.5182    -1.0200    -2.2195
    -0.2218     2.0411    -0.9129    -2.0881
     0.4450     1.3353    -0.8772    -1.9097
     0.9960     0.8132    -0.6185    -1.7406
     1.5469     0.2092    -0.3865    -1.4776
     2.2131    -0.4035    -0.1723    -1.1958
     2.7548    -0.8787     0.0954    -0.8011
     3.1810    -1.3262     0.3632    -0.3217
     3.4207    -1.6822     0.7025     0.2049
     3.3497    -1.9832     1.0061     0.6752
     3.1100    -2.1748     1.2829     1.1834
     2.5684    -2.2568     1.5062     1.7482
     1.9289    -2.3115     1.7027     2.2379
     1.4847    -2.3571     1.8635     2.7183
     0.8360    -2.3298     1.9708     3.0764
     0.0716    -2.0562     2.0958     3.0670
    -0.5774    -1.8008     2.0780     2.6712
    -1.2178    -1.4084     1.9976     2.1626
    -1.5736    -1.0431     1.8367     1.5505
    -1.8583    -0.7051     1.6402     0.9763
    -2.1342    -0.2847     1.3722     0.3930
    -2.2765     0.2275     1.0061    -0.0678
    -2.4189     0.6759     0.6757    -0.3781
    -2.5524     1.1795     0.3097    -0.8387
    -2.5524     1.6835     0.0240    -1.1582
    -2.5346     2.1145    -0.2259    -1.3649
    -2.3744     2.4081    -0.4490    -1.4682
    -2.0452     2.6467    -0.5293    -1.6373
    -1.7338     2.5916    -0.7256    -1.7030
    -1.2623     2.4723    -0.7345    -1.7218
    -0.7731     2.1971    -0.7077    -1.6561
    -0.3107     1.9219    -0.6274    -1.5340
     0.2494     1.6285    -0.4936    -1.3367
     0.8360     1.2437    -0.4133    -1.0736
     1.4314     0.7949    -0.1902    -0.9233
     2.1598     0.2732     0.0062    -0.7729
     2.7282    -0.3030     0.2650    -0.5473
     3.1633    -0.8513     0.5150    -0.1995
     3.4473    -1.3080     0.7471     0.2802
     3.3674    -1.6731     0.9257     0.7223
     3.0656    -1.8647     1.0507     1.2775
     2.5861    -2.0927     1.1758     1.7859
     1.9822    -2.2295     1.2025     2.3886
     1.3514    -2.3480     1.3276     2.9162
     0.7294    -2.4301     1.4258     3.5572
     0.0627    -2.2386     1.5241     3.7834
    -0.5152    -2.0745     1.6491     3.8023
    -1.0666    -1.6365     1.6670     3.2555
    -1.4491    -1.1071     1.6045     2.5299
    -1.6982    -0.6594     1.4794     1.8518
    -1.9473    -0.0744     1.1936     1.0893
    -2.0630     0.4928     0.8811     0.4212
    -2.2231     1.1704     0.3900    -0.1806
    -2.3566     1.7844     0.0597    -0.6037
    -2.3522     2.5916    -0.2616    -1.1206
    -2.3477     3.2711    -0.5650    -1.5152
    -2.1608     3.6846    -0.7523    -1.6749
    -1.9117     3.6938    -0.9575    -1.7406
    -1.5825     3.5743    -0.9932    -1.9003
    -1.1466     2.9864    -1.0556    -1.9942
    -0.6219     2.4173    -1.0735    -1.9378
    -0.1684     1.9678    -1.0869    -1.6843
     0.6050     1.3261    -1.1002    -1.3931
     1.1915     0.8041    -0.9218    -1.0830
     1.8934     0.2823    -0.7166    -0.8387
     2.5328    -0.2847    -0.4311    -0.5285
     3.0478    -0.8239    -0.0741    -0.1430
     3.5272    -1.2714     0.3275     0.4401
     3.5982    -1.6183     0.7203     0.9858
     3.5627    -1.8190     1.1222     1.4846
     3.5006    -2.0380     1.4884     2.0590
     3.0390    -2.0745     2.1673     2.5770
     2.5417    -2.0197     3.2220     3.0670
     1.8134    -1.9011     3.4545     3.2555
     1.1115    -1.9194     3.4723     3.2649
     0.3828    -1.7187     3.0790     3.1047
    -0.3018    -1.5179     2.4086     2.7843
    -0.8531    -1.0979     1.7563     2.3133
    -1.2889    -0.6320     1.0239     1.8141
    -1.5825    -0.1476     0.2918     1.2587
    -1.8049     0.2641    -0.2883     0.7129
    -1.9295     0.6576    -0.8683     0.1861
    -2.0274     1.3261    -1.2340    -0.2841
    -2.1253     1.8852    -1.5819    -0.8105
    -2.1253     2.3622    -1.8405    -1.2991
    -2.0274     2.8395    -2.0455    -1.6655
    -1.9206     3.0782    -2.1971    -1.8439
    -1.6359     3.1517    -2.1614    -1.9754
    -1.2889     2.8211    -2.0901    -2.0505
    -0.8264     2.4356    -1.7602    -2.0975
    -0.3285     1.9036    -1.5819    -2.0411
     0.0894     1.4086    -1.2251    -1.8721
     0.7472     0.8590    -0.7791    -1.6561
     1.2626     0.3006    -0.2973    -1.3649
     1.8578    -0.1018     0.2025    -0.9702
    -1.4402     3.2160    -1.5373    -2.0881
    -1.4313     3.2435    -1.5462    -2.0881
    -1.3957     3.2160    -1.5729    -2.1162
    -1.3779     3.1609    -1.5373    -2.1256
    -1.3067     3.1517    -1.5194    -2.1256
    -1.2267     3.1976    -1.5105    -2.1256
    -1.2089     3.1609    -1.4748    -2.1256
    -1.1733     3.1701    -1.4659    -2.1162
    -1.0933     3.1333    -1.4748    -2.1256
    -1.0488     3.1425    -1.4748    -2.0975
    -1.0666     3.0598    -1.5105    -2.1444
    -0.9509     3.0415    -1.5194    -2.1068
    -0.9509     3.0047    -1.5016    -2.1350
    -0.9598     2.9588    -1.5194    -2.1444
    -0.9154     2.9956    -1.4927    -2.1726
    -0.8709     2.9864    -1.4659    -2.1068
    -0.7642     2.9864    -1.4748    -2.0787
    -0.7108     2.9313    -1.4213    -2.1068
    -0.6575     2.9037    -1.4392    -2.0693
    -0.6486     2.9129    -1.3767    -2.0881
    -0.5774     2.8303    -1.3857    -2.0317
    -0.5241     2.8119    -1.4303    -2.0505
    -0.5152     2.8211    -1.4481    -2.0505
    -0.4974     2.7385    -1.4570    -2.1068
    -0.4707     2.6926    -1.4124    -2.0787
    -0.2929     2.6559    -1.3767    -2.0317
     0.2494     2.1879    -1.2876    -1.8345
     0.9516     1.7110    -1.2340    -1.6185
     1.5380     1.1521    -0.9129    -1.4306
     2.1954     0.5477    -0.6542    -1.1300
     2.8170    -0.0104    -0.4133    -0.8293
     3.4917    -0.5315    -0.0474    -0.5191
     3.6604    -1.0431     0.3632    -0.2559
     3.7314    -1.3992     0.7471     0.1861
     3.7136    -1.6457     1.1490     0.6282
     3.4118    -1.8282     1.5509     1.1834
     2.7193    -2.0015     1.8725     1.7388
     2.1110    -2.1748     2.2567     2.3321
     1.5025    -2.4027     2.4086     2.7089
     0.7027    -2.5394     2.4801     3.0764
    -0.0262    -2.4665     2.3103     3.0811
    -0.6930    -2.2295     2.1048     3.0858
    -1.2534    -1.9194     1.7206     2.7843
    -1.6270    -1.6092     1.2919     2.2756
    -1.8850    -1.1253     0.8364     1.6446
    -2.0541    -0.5406     0.3186     0.9952
    -2.2142     0.2275    -0.0563     0.4589
    -2.2320     1.0696    -0.4043    -0.1242
    -2.2943     1.8486    -0.6720    -0.6319
    -2.2988     2.4540    -0.9129    -1.0830
    -2.3032     3.1792    -1.0467    -1.4400
    -2.0719     3.4824    -1.1448    -1.7406
    -1.7604     3.5651    -1.1984    -1.9848
    -1.2712     3.5284    -1.3054    -2.1726
    -0.8353     3.0323    -1.4392    -2.2383
    -0.3285     2.5366    -1.3589    -2.2665
     0.2316     1.9219    -1.2608    -2.2383
     0.8805     1.3719    -1.1181    -2.0975
     1.3781     0.7583    -0.8505    -1.8439
     1.9289     0.2366    -0.6274    -1.5809
     2.5506    -0.3396    -0.3062    -1.2427
     3.2077    -0.8422     0.0151    -0.8481
     3.5716    -1.3719     0.5150    -0.3593
     3.6071    -1.7004     0.9704     0.1015
     3.4296    -1.9376     1.3901     0.5812
     2.9946    -2.1292     1.8546     1.2587
     2.4796    -2.2568     2.1941     1.8047
     1.7246    -2.2568     2.6231     2.5111
     1.1382    -2.2705     2.9270     2.9445
     0.4983    -2.2842     2.9180     3.4157
    -0.1862    -2.1201     2.6231     3.2366
    -0.9154    -1.8647     2.2031     2.7089
    -1.5113    -1.6183     1.7831     2.1060
    -1.8405    -1.2806     1.3097     1.4940
    -2.0096    -0.9609     0.8721     0.9387
    -2.1875    -0.5132     0.5150     0.4118
    -2.3299    -0.0653     0.1222     0.0544
    -2.4456     0.4105    -0.2794    -0.2465
    -2.5613     1.0421    -0.4668    -0.6413
    -2.6236     1.6744    -0.6809    -1.0642
    -2.5168     2.3347    -0.8059    -1.3931
    -2.2765     2.8211    -0.9664    -1.6091
    -1.9028     3.2619    -1.0556    -1.7030
    -1.4313     3.2803    -1.1002    -1.8627
    -1.0399     3.2987    -1.1359    -1.9660
    -0.5330     2.9221    -1.1359    -1.9284
    -0.0439     2.3897    -1.1627    -1.7688
     0.6227     1.7294    -1.0467    -1.5621
     1.1115     1.1612    -0.8951    -1.3743
     1.8134     0.6667    -0.7077    -1.1206
     2.5062     0.1451    -0.4490    -0.8669
     3.0478    -0.4035    -0.1009    -0.5661
     3.5006    -0.9609     0.2472    -0.2089
     3.6781    -1.3445     0.6311     0.1955
     3.6071    -1.6092     1.1579     0.6658
     3.2343    -1.7552     1.6223     1.1081
     2.6838    -1.8829     2.1137     1.5128
     1.9644    -1.9741     2.6052     1.9742
     1.3248    -2.1201     2.9449     2.4734
     0.6050    -2.1657     2.8108     2.8597
    -0.1062    -2.0197     2.4622     3.0670
    -0.7642    -1.7734     2.0780     3.1330
    -1.2534    -1.5362     1.6134     2.9068
    -1.6626    -1.1619     1.1222     2.6712
    -1.8049    -0.7782     0.7739     2.3603
    -1.9651    -0.4218     0.3811     1.9083
    -2.0808     0.0628     0.0419     1.3905
    -2.2409     0.6484    -0.1723     0.7129
    -2.3210     1.1612    -0.3240     0.2237
    -2.3166     1.7752    -0.4043    -0.3687
    -2.3121     2.2613    -0.4490    -0.8481
    -2.1253     2.6926    -0.5382    -1.1958
    -1.8583     3.0782    -0.5650    -1.4212
    -1.3868     3.0828    -0.6899    -1.6185
    -0.9598     3.0874    -0.8148    -1.8721
    -0.5152     2.8578    -1.0021    -1.9660
    -0.0617     2.5457    -1.0735    -1.9848
     0.5872     2.0503    -1.1805    -1.9472
     1.2093     1.5461    -1.1359    -1.7970
     1.8489     1.0879    -0.9664    -1.5903
     2.4884     0.4654    -0.7791    -1.3743
     3.0301    -0.0653    -0.5025    -1.1018
     3.5361    -0.6046    -0.1009    -0.6695
     3.7314    -1.1253     0.3811    -0.1242
     3.6426    -1.4631     0.8275     0.5059
     3.3674    -1.6457     1.2740     1.2399
     2.8614    -1.9285     1.7295     1.9742
     2.1865    -2.0562     2.0422     2.6241
     1.5291    -2.1657     2.2299     3.1612
     0.8805    -2.1884     2.3014     3.4723
     0.2228    -2.2112     2.1673     3.3026
    -0.4352    -2.0197     2.0065     2.7843
    -0.9865    -1.7461     1.7027     2.2379
    -1.3601    -1.3992     1.4705     1.7105
    -1.6359    -1.0157     1.0775     1.2399
    -1.8405    -0.5863     0.7382     0.7129
    -1.9384    -0.1110     0.2918     0.3648
    -2.1075     0.4928     0.0240     0.0356
    -2.2053     1.2620    -0.2794    -0.3499
    -2.3744     2.1053    -0.5828    -0.7541
    -2.2943     2.8119    -0.8683    -1.1206
    -2.0274     3.4916    -1.1092    -1.3179
    -1.7249     3.7122    -1.1716    -1.4494
    -1.3601     3.8041    -1.2073    -1.5434
    -0.9598     3.5927    -1.1181    -1.6185
    -0.5863     2.8303    -1.0289    -1.7312
    -0.0439     2.1053    -1.0646    -1.7218
     0.5161     1.4452    -1.1002    -1.6561
     1.0849     0.7400    -1.0021    -1.4494
     1.7335     0.1177    -0.8237    -1.2615
     2.4085    -0.4035    -0.5471    -0.9608
     2.9324    -0.9518    -0.2259    -0.6601
     3.4385    -1.4358     0.2561    -0.3217
     3.6604    -1.7187     0.7561     0.1297
     3.5894    -1.9468     1.3008     0.6658
     3.2698    -2.0562     1.8725     1.2022
     2.6838    -2.0471     2.4086     1.8047
     2.0710    -2.0380     2.7125     2.3698
     1.3959    -2.1565     2.6991     2.8408
     0.7738    -2.1702     2.6856     3.2272
     0.1339    -2.1839     2.3550     3.3215
    -0.5063    -1.8738     1.8725     2.9822
    -1.1021    -1.4540     1.3365     2.4828
    -1.5469    -1.0705     0.6936     1.8518
    -1.8138    -0.6412     0.2293     1.1269
    -1.9028    -0.2664    -0.3240     0.5435
    -2.0630     0.3555    -0.7434    -0.0584
    -2.2231     0.8590    -1.1627    -0.3029
    -2.2765     1.4727    -1.4035    -0.7917
    -2.2765     1.9953    -1.5462    -1.2052
    -2.2053     2.5274    -1.6265    -1.5340
    -2.0719     2.9129    -1.6354    -1.6467
    -1.7604     3.1241    -1.6443    -1.7500
    -1.2889     3.1333    -1.4659    -1.8533
    -0.8798     2.8211    -1.2340    -1.8721
    -0.3729     2.5274    -1.0646    -1.8909
     0.1872     1.9861    -0.8951    -1.9378
     0.7116     1.4911    -0.7345    -1.8533
     1.4047     0.9597    -0.5293    -1.5903
     2.0799     0.5569    -0.1812    -1.3931
     2.8081     0.0902     0.1401    -1.1112
     3.4207    -0.4218     0.4257    -0.8575
     3.7403    -0.7691     0.9436    -0.3405
     3.7269    -1.0431     1.3008     0.1767
     3.7136    -1.2897     1.6670     0.6564
     3.0656    -1.5453     1.8993     1.2022
     2.4085    -1.7734     2.0958     1.7200
     1.8045    -2.0197     2.1673     2.3227
     1.0849    -2.1839     2.2120     2.7560
     0.4983    -2.1657     2.1048     3.0199
    -0.1328    -2.1474     1.8725     3.0482
    -0.7375    -1.9285     1.6223     2.8785
    -1.3245    -1.7461     1.3276     2.6147
    -1.7871    -1.4449     1.0150     2.2096
    -2.1075    -1.1619     0.7382     1.7294
    -2.2676    -0.7234     0.4525     1.2304
    -2.4011    -0.2573     0.2293     0.6000
    -2.4189     0.3555    -0.0117     0.0450
    -2.4100     0.8315    -0.2616    -0.3969
    -2.4011     1.4178    -0.4757    -0.9139
    -2.2587     1.9953    -0.7969    -1.3367
    -1.9740     2.4540    -1.0289    -1.5621
    -1.6181     2.9864    -1.2876    -1.7594
    -1.2356     3.3079    -1.4392    -1.9848
    -0.7464     3.2803    -1.5551    -2.0881
    -0.2840     2.9588    -1.6175    -2.1820
     0.4272     2.4448    -1.5908    -2.1350
     0.9871     1.9494    -1.4570    -2.0599
     1.7246     1.3628    -1.1716    -1.8627
     2.3996     0.7583    -0.8326    -1.5997
     3.0035     0.1817    -0.3419    -1.3931
     3.5361    -0.4218     0.1579    -1.0548
     3.7048    -0.9153     0.8186    -0.5285
     3.6338    -1.4631     1.4705    -0.0678
     3.2609    -1.8373     1.8814     0.3930
     2.7016    -1.9741     2.3818     0.9293
     2.0977    -2.0562     2.6678     1.4846
     1.4758    -2.2204     2.6856     2.0307
     0.8183    -2.3389     2.5963     2.5111
     0.2316    -2.3115     2.3818     2.8785
    -0.3818    -2.2842     2.0601     3.0387
    -1.0221    -2.0836     1.6134     3.0010
    -1.5380    -1.7552     1.2115     2.8314
    -1.9562    -1.4358     0.8364     2.5393
    -2.2142    -0.9701     0.4257     2.0684
    -2.4100    -0.5406     0.1311     1.5223
    -2.4189    -0.1476    -0.1277     0.9575
    -2.4901     0.5020    -0.3151     0.2613
    -2.4545     1.1612    -0.4579    -0.2559
    -2.3477     1.8302    -0.5828    -0.7635
    -2.1164     2.4264    -0.7702    -1.1582
    -1.7960     3.1884    -0.9129    -1.4682
    -1.4224     3.5376    -0.9486    -1.6185
    -1.0666     3.5284    -0.9397    -1.7594
    -0.6219     3.5192    -1.0289    -1.9378
     0.0005     3.0598    -1.0556    -1.9472
     0.7116     2.3897    -0.9575    -1.9097
     1.3692     1.8486    -0.7612    -1.7500
     2.0799     1.1612    -0.5917    -1.5997
     2.7815     0.4288    -0.3865    -1.2897
     3.4030    -0.1476    -0.0652    -1.0266
     3.7314    -0.7508     0.3275    -0.7447
     3.7580    -1.3536     0.7203    -0.3123
     3.7491    -1.7278     1.0150     0.1485
     3.5272    -1.9559     1.2472     0.6564
     3.0123    -2.0015     1.5687     1.0705
     2.4796    -2.0197     1.7831     1.6070
     1.9200    -1.9650     1.9440     2.1249
     1.3070    -1.9468     1.9171     2.5582
     0.6494    -1.9240     1.8010     2.9445
     0.0450    -1.9011     1.6402     3.2178
    -0.6041    -1.7004     1.4884     3.1424
    -1.1555    -1.3262     1.3276     2.8597
    -1.5291    -0.9792     1.2025     2.3133
    -1.9117    -0.6320     0.9793     1.7482
    -2.0719    -0.3121     0.7739     1.2116
    -2.1964     0.1177     0.5150     0.6847
    -2.2231     0.7308     0.2293     0.1485
    -2.2098     1.2803    -0.0563    -0.3311
    -2.1964     1.7844    -0.3597    -0.7353
    -2.0897     2.2429    -0.5560    -1.0736
    -1.8494     2.8119    -0.8237    -1.3743
    -1.5291     3.1517    -0.9754    -1.4306
    -1.0933     3.1838    -1.1716    -1.5434
    -0.6397     3.2160    -1.3411    -1.6561
    -0.1417     2.8854    -1.5284    -1.6514
     0.4094     2.3530    -1.6532    -1.6467
     0.9871     1.8211    -1.6889    -1.5434
     1.5291     1.3170    -1.5462    -1.4025
     2.1776     0.7033    -1.2965    -1.2427
     2.6838     0.2092    -1.1002    -0.9702
     3.3142    -0.3121    -0.6274    -0.7071
     3.6071    -0.8330    -0.1098    -0.3405
     3.6515    -1.2166     0.5418     0.0826
     3.4385    -1.5727     1.1758     0.5247
     2.9768    -1.6822     2.0065     1.0799
     2.4352    -1.8464     2.6052     1.6635
     1.7956    -1.8920     2.8823     2.3509
     1.1204    -1.9559     2.8465     2.9162
     0.5072    -1.9832     2.6678     3.3121
    -0.1595    -2.0106     2.3728     3.3121
    -0.7553    -1.7734     2.0333     3.3121
    -1.3779    -1.4540     1.6223     2.8879
    -1.7338    -1.0888     1.2293     2.3227
    -1.9295    -0.6686     0.7650     1.7200
    -2.0719    -0.2390     0.2561     1.0234
    -2.2142     0.2000    -0.1991     0.3742
    -2.3210     0.7308    -0.5114    -0.1901
    -2.3922     1.2253    -0.6988    -0.4815
    -2.4367     1.7110    -0.9040    -0.9514
    -2.3121     2.1971    -1.0200    -1.3837
    -2.0986     2.6008    -1.1448    -1.6091
    -1.7426     2.8211    -1.1315    -1.7500
    -1.3423     2.8211    -1.1181    -1.8815
    -0.9243     2.8211    -1.1805    -1.9566
    -0.4974     2.6283    -1.0735    -1.9754
    -0.0350     2.2888    -1.0110    -1.9472
     0.4716     1.7477    -0.8059    -1.8157
     0.9960     1.2162    -0.5650    -1.4870
     1.6446     0.7308    -0.3686    -1.2521
     2.2042     0.1177    -0.1188    -1.0266
     2.7371    -0.4584     0.1133    -0.7259
     3.1278    -0.8879     0.3900    -0.3969
     3.2698    -1.3171     0.7828     0.1015
     3.1899    -1.5088     1.1400     0.5624
     2.9235    -1.7004     1.4884     1.1081
     2.4973    -1.8464     1.7027     1.6164
     1.9378    -1.9741     1.9082     2.1155
     1.4136    -2.1474     1.9440     2.5770
     0.7472    -2.1657     1.8814     2.9256
     0.1250    -2.1839     1.8903     2.9351
    -0.4618    -1.9376     1.7474     2.9445
    -0.9687    -1.5544     1.6223     2.6995
    -1.3868    -1.2258     1.4080     2.3321
    -1.5736    -0.9518     1.0864     1.8612
    -1.8049    -0.5406     0.7650     1.3810
    -2.0007    -0.1384     0.3543     0.8822
    -2.2320     0.4013    -0.0027     0.2707
    -2.3477     1.0238    -0.3597    -0.1430
    -2.3833     1.6469    -0.6720    -0.5849
    -2.1608     2.1879    -1.0021    -1.0454
    -1.8672     2.7752    -1.3232    -1.3367
    -1.4846     3.2895    -1.4659    -1.5058
    -1.1199     3.3905    -1.6800    -1.5997
    -0.6664     3.1701    -1.7424    -1.7500
    -0.2662     2.7109    -1.6978    -1.7547
     0.3205     2.1329    -1.4927    -1.7594
     0.8894     1.5277    -1.2786    -1.7688
     1.4847     0.8773    -1.0467    -1.5997
     2.0710     0.2549    -0.7166    -1.4306
     2.6660    -0.3030    -0.3330    -1.2239
     3.1810    -0.7874     0.2829    -1.0548
     3.5627    -1.3171     0.8364    -0.6883
     3.5982    -1.5818     1.3633    -0.3405
     3.3674    -1.7917     1.9618    -0.0208
     2.8525    -1.9376     2.2388     0.5906
     2.3108    -1.9650     2.5158     1.0987
     1.6624    -2.0197     2.5069     1.7294
     1.0582    -1.8647     2.4980     2.2662
     0.4805    -1.8373     2.3997     2.6807
    -0.1417    -1.7552     2.1941     3.1047
    -0.7019    -1.5909     1.9171     3.0811
    -1.2356    -1.3262     1.6402     3.0576
    -1.5558    -0.9244     1.3812     2.7278
    -1.7515    -0.5863     0.9793     2.0872
    -1.9384    -0.2481     0.5596     1.4846
    -2.0897     0.2000     0.1311     0.8540
    -2.2498     0.7308    -0.3330     0.2425
    -2.3388     1.2712    -0.7434    -0.2841
    -2.3477     1.6560    -1.0110    -0.7165
    -2.1342     2.0870    -1.2697    -1.1488
    -1.8405     2.5366    -1.5284    -1.5246
    -1.5202     2.8854    -1.6800    -1.7500
    -1.0577     3.0415    -1.6532    -1.8627
    -0.6041     3.0047    -1.6532    -2.0036
    -0.1151     2.7844    -1.5462    -1.9942
     0.4983     2.4540    -1.3767    -1.9097
     1.0493     1.9861    -1.1002    -1.7876
     1.6357     1.3903    -0.6453    -1.6655
     2.1687     0.7033    -0.3330    -1.4212
     2.7548     0.1817     0.0597    -1.1488
     3.2876    -0.4310     0.4614    -0.8481
     3.4562    -1.0340     0.8811    -0.4533
     3.3941    -1.5270     1.1668     0.0450
     3.1011    -1.8099     1.5241     0.5624
     2.6572    -2.0289     1.8814     1.0705
     2.2131    -2.1839     2.1316     1.5599
     1.6180    -2.3115     2.3014     2.1249
     0.9960    -2.4027     2.3014     2.5959
     0.3828    -2.4027     2.2746     2.8785
    -0.2306    -2.4027     2.1316     3.0576
    -0.7998    -2.2021     1.9171     2.9728
    -1.2000    -1.7917     1.7742     2.7843
    -1.4846    -1.1893     1.5509     2.5205
    -1.8049    -0.6594     1.3097     2.1531
    -1.9651    -0.1110     0.9793     1.6823
    -2.1075     0.4928     0.6400     1.2681
    -2.2142     1.3170     0.3097     0.7411
    -2.2320     1.8027    -0.0474     0.2049
    -2.2498     2.3714    -0.3151    -0.3123
    -2.1342     2.6926    -0.6363    -0.8199
    -1.9117     2.8808    -0.8772    -1.3743
    -1.6270     3.0690    -1.0735    -1.7030
    -1.1555     2.9864    -1.2073    -2.0130
    -0.7108     2.8578    -1.3321    -2.2383
    -0.2395     2.5733    -1.3143    -2.3885
     0.3739     2.1512    -1.3143    -2.3979
     1.0138     1.6285    -1.1359    -2.2946
     1.5913     1.0788    -0.9575    -2.0411
     2.2309     0.5203    -0.6809    -1.7030
     2.8703    -0.0378    -0.3776    -1.4025
     3.3142    -0.6046     0.0687    -1.0172
     3.5627    -1.0066     0.4704    -0.4345
     3.5184    -1.3992     0.7739     0.2143
     3.2432    -1.5635     1.1132     0.9199
     2.7992    -1.7461     1.4169     1.6258
     2.3108    -1.7825     1.7385     2.4074
     1.7690    -1.8647     1.9082     2.8785
     1.2182    -1.9650     1.9976     3.2272
     0.5605    -2.0653     2.0154     3.2084
    -0.0795    -2.1109     1.9708     3.0105
    -0.6219    -1.8829     1.8725     2.6335
    -1.1377    -1.4814     1.6491     2.2096
    -1.4224    -1.0797     1.3990     1.7576
    -1.6804    -0.7508     1.0864     1.2681
    -1.9473    -0.4310     0.6846     0.8540
    -2.1075    -0.1567     0.3275     0.4777
    -2.2320     0.2549    -0.0652     0.0921
    -2.2498     0.6942    -0.3240    -0.3217
    -2.2053     1.0238    -0.6631    -0.6695
    -2.1075     1.5369    -0.9843    -0.9984
    -1.9384     1.9219    -1.2430    -1.2239
    -1.6893     2.2796    -1.4838    -1.3743
    -1.3957     2.5457    -1.5462    -1.5246
    -0.9243     2.5916    -1.5908    -1.6373
    -0.5063     2.4907    -1.5462    -1.7688
     0.0539     2.2246    -1.4838    -1.7782
     0.7116     1.9861    -1.4124    -1.7312
     1.3248     1.5094    -1.1270    -1.4588
     2.0621     1.0147    -0.7523    -1.2803
     2.7104     0.5203    -0.3330    -1.0548
     3.1899     0.0628     0.3097    -0.8105
     3.4917    -0.4858     0.7650    -0.5849
     3.5184    -0.9335     1.2740    -0.3781
     3.2698    -1.2440     1.6759    -0.0114
     2.8170    -1.5270     1.9261     0.3930
     2.3108    -1.9194     2.1495     0.7882
     1.7157    -2.2112     2.2835     1.2775
     1.1382    -2.4301     2.3371     1.7859
     0.6050    -2.4255     2.2120     2.2285
    -0.0262    -2.4209     2.0333     2.6901
    -0.5774    -2.1109     1.8010     2.9068
    -0.9687    -1.8464     1.5598     2.8974
    -1.2889    -1.4814     1.3454     2.7655
    -1.5113    -1.0797     1.0329     2.5111
    -1.7160    -0.7143     0.7561     2.1155
    -1.8850    -0.3030     0.4257     1.6070
    -2.0541     0.2275     0.0865     1.0140
    -2.0674     0.8590    -0.2259     0.4683
    -2.0808     1.4727    -0.5203    -0.1148
    -2.0541     1.9403    -0.8148    -0.6601
    -1.8850     2.3897    -1.0913    -1.1394
    -1.7160     2.7936    -1.3321    -1.6091
    -1.3868     2.9772    -1.5016    -1.8627
    -1.0755     3.0598    -1.7245    -2.1162
    -0.6930     2.8119    -1.7780    -2.3228
    -0.2218     2.4907    -1.7914    -2.4448
     0.2761     1.8669    -1.8048    -2.3791
     0.7294     1.2437    -1.6978    -2.1350
     1.2359     0.5386    -1.5105    -1.8439
     1.8223    -0.0744    -1.2608    -1.5340
     2.3996    -0.6229    -0.8951    -1.1582
     2.8436    -1.1710    -0.3597    -0.7447
     3.1366    -1.5453     0.2918    -0.1901
     3.1499    -1.7461     0.9882     0.3084
     3.1633    -1.9285     1.7295     1.0140
     2.8259    -2.0015     2.2656     1.5976
     2.2575    -2.1657     2.8465     2.2756
     1.6357    -2.1748     2.8465     2.8503
     0.9605    -2.0106     2.8465     3.1989
     0.3828    -1.7643     2.5158     3.3780
    -0.1684    -1.4175     2.1763     3.3121
    -0.7108    -1.0614     1.7653     2.9351
    -1.2356    -0.7691     1.3990     2.4828
    -1.5469    -0.3030     0.9882     2.0401
    -1.6982     0.0171     0.6400     1.4846
    -1.8761     0.4471     0.2561     0.9387
    -2.0096     0.8865    -0.1009     0.3648
    -2.1786     1.3261    -0.3597    -0.1712
    -2.1786     1.7477    -0.5650    -0.6225
    -2.1608     2.1237    -0.7702    -0.9984
    -1.9829     2.4723    -0.8683    -1.3085
    -1.6893     2.7477    -1.0646    -1.5340
    -1.4135     2.7844    -1.1092    -1.7030
    -1.1377     2.6926    -1.1448    -1.7171
    -0.7820     2.5090    -1.0378    -1.7312
    -0.3640     2.2521    -0.9040    -1.7500
     0.1428     1.7936    -0.8326    -1.6749
     0.6672     1.3811    -0.6720    -1.4870
     1.2182     0.8681    -0.4043    -1.2427
     1.8401     0.3189    -0.0027    -0.9890
     2.4085    -0.1933     0.3454    -0.6883
     2.9235    -0.8330     0.7471    -0.4533
     3.3053    -1.3536     1.1400    -0.0772
     3.2654    -1.7096     1.4973     0.3178
     3.2254    -2.0380     1.8099     0.7223
     2.7904    -2.2751     1.9708     1.2022
     2.2486    -2.4756     1.9574     1.6541
     1.5736    -2.4802     1.9440     2.1531
     0.8894    -2.4848     1.8635     2.4922
     0.3205    -2.3115     1.7206     2.7749
    -0.2306    -2.1109     1.5330     2.8597
    -0.7642    -1.7734     1.4080     2.6430
    -1.2267    -1.1527     1.1936     2.3792
    -1.5024    -0.5863     0.8900     1.9083
    -1.7426    -0.0012     0.5864     1.4281
    -1.9117     0.7857     0.2650     0.8728
    -2.0452     1.6377    -0.0831     0.4118
    -2.1431     2.3163    -0.3865    -0.0302
    -2.1253     3.0966    -0.6453    -0.3969
    -2.0541     3.5743    -0.8594    -0.8763
    -1.8761     3.8501    -1.0021    -1.2803
    -1.6181     3.8225    -1.1002    -1.5997
    -1.3067     3.5743    -1.1270    -1.8063
    -0.9776     2.7293    -1.1359    -2.0130
    -0.6308     2.0962    -1.2340    -2.2007
    -0.1773     1.3719    -1.2162    -2.1820
     0.4005     0.7674    -1.2162    -2.0411
     0.9605     0.1543    -1.0646    -1.8909
     1.5913    -0.3670    -0.9040    -1.5809
     2.2131    -0.8513    -0.6096    -1.2991
     2.8614    -1.2166    -0.3062    -0.9608
     3.3053    -1.5270     0.0597    -0.5473
     3.5450    -1.6731     0.4525    -0.0208
     3.4740    -1.8008     0.9971     0.5153
     3.2077    -1.8555     1.4526     1.2116
     2.5772    -1.9011     2.1673     1.9177
     2.0000    -1.7734     2.5605     2.7183
     1.3870    -1.6639     2.6856     3.4157
     0.7472    -1.5362     2.6141     3.8306
     0.1516    -1.3445     2.4086     3.7457
    -0.4263    -1.1893     2.1763     3.1141
    -1.0399    -0.9153     1.9261     2.2944
    -1.4135    -0.6777     1.7027     1.6070
    -1.6359    -0.4127     1.4169     0.9858
    -1.9028    -0.0195     1.0597     0.4307
    -2.0986     0.3647     0.6400    -0.0114
    -2.2587     0.6759     0.0508    -0.3405
    -2.3299     0.9964    -0.5203    -0.6225
    -2.3833     1.4086    -1.0824    -1.0830
    -2.2765     1.6560    -1.5105    -1.4400
    -2.0808     1.9769    -1.8137    -1.6373
    -1.7782     2.2154    -2.1169    -1.7124
    -1.4046     2.4540    -2.2149    -1.7782
    -1.0132     2.5733    -2.2506    -1.6655
    -0.5508     2.5274    -2.1258    -1.5809
    -0.0617     2.4264    -2.0455    -1.5152
     0.5605     2.0503    -1.8494    -1.3461
     1.1471     1.7752    -1.5551    -1.2521
     1.7246     1.3170    -1.2430    -1.0924
     2.3552     0.8407    -0.7077    -0.8951
     2.9768     0.2823    -0.2437    -0.5285
     3.2520    -0.3121     0.3632    -0.1336
     3.4562    -0.8239     1.0418     0.1109
     3.3586    -1.3445     1.6581     0.5906
     3.1544    -1.7643     2.2299     1.0705
     2.6660    -2.1383     2.6678     1.5505
     2.1154    -2.3754     2.6633     2.0684
     1.5469    -2.5121     2.6588     2.6147
     0.9160    -2.7582     2.3639     2.9916
     0.2939    -2.7308     1.9797     3.2272
    -0.2662    -2.6215     1.6938     3.2225
    -0.8264    -2.2751     1.4348     3.2178
    -1.2356    -1.7825     1.0954     2.9068
    -1.4758    -1.1893     0.9078     2.4734
    -1.7604    -0.6320     0.6221     1.8518
    -1.9918    -0.0927     0.3900     1.1646
    -2.1164     0.7583     0.0954     0.5153
    -2.1386     1.3994    -0.1455    -0.1054
    -2.1608     1.8302    -0.3776    -0.7447
    -2.0452     2.1879    -0.5917    -1.2991
    -1.9473     2.5733    -0.8059    -1.9284
    -1.7160     2.5687    -0.9932    -2.3510
    -1.4313     2.5641    -1.0913    -2.4354
    -1.0488     2.3806    -1.1181    -2.4448
    -0.6397     2.1787    -1.0735    -2.3603
    -0.2129     2.0228    -1.0913    -2.3322
     0.4094     1.7477    -1.0289    -2.1162
     0.9071     1.3811    -0.7702    -1.7500
     1.4492     0.9964    -0.4579    -1.3649
     2.0088     0.7217    -0.0920    -0.9514
     2.5506     0.2915     0.3543    -0.6507
     2.9324    -0.1384     0.7025    -0.2183
     3.1721    -0.4492     1.1132     0.2802
     3.2254    -0.6412     1.3812     0.8634
     3.1100    -0.8787     1.6223     1.3434
     2.7460    -1.0614     1.7653     1.8141
     2.2842    -1.1984     1.7027     2.2756
     1.8134    -1.4631     1.5509     2.5676
     1.2359    -1.6000     1.3276     2.7372
     0.6139    -1.6046     1.1847     2.6712
     0.0805    -1.6092     1.0686     2.4828
    -0.4707    -1.5088     1.0061     2.2567
    -0.9865    -1.2897     0.9078     1.8800
    -1.2623    -1.1893     0.7382     1.5411
    -1.5647    -0.9701     0.5775     1.1457
    -1.8049    -0.7234     0.3454     0.6752
    -2.0719    -0.4492     0.1222     0.2425
    -2.1608    -0.1567    -0.1366    -0.0584
    -2.1786     0.2092    -0.2883    -0.3217
    -2.1342     0.4928    -0.3776    -0.6319
    -1.9829     0.7491    -0.5560    -0.8951
    -1.7960     1.0879    -0.6185    -1.0266
    -1.5469     1.3170    -0.7880    -1.2427
    -1.2712     1.5552    -0.8326    -1.4212
    -0.8442     1.7661    -0.9664    -1.5058
    -0.3818     1.8486    -1.1092    -1.5997
     0.1694     1.8852    -1.1359    -1.5434
     0.7650     1.7110    -1.1359    -1.4870
     1.3426     1.5919    -1.0289    -1.4682
     1.9733     1.2253    -0.8148    -1.3461
     2.5240     0.8224    -0.5203    -1.2239
     2.9768     0.4105    -0.1098    -1.0266
     3.2520    -0.2024     0.4614    -0.8293
     3.3053    -0.6960     1.1847    -0.5849
     3.1988    -1.0797     2.2924    -0.2653
     2.8703    -1.4084     3.1326     0.0168
     2.2842    -1.6183     3.4366     0.4965
     1.6269    -1.7734     3.4366     0.9105
     0.9249    -1.9650     3.3740     1.2775
     0.3205    -1.9468     3.0700     1.8047
    -0.2218    -1.9285     2.4980     2.2285
    -0.8264    -1.8373     1.8010     2.5864
    -1.2800    -1.5909     1.0954     2.8691
    -1.6003    -1.2623     0.4257     2.9068
    -1.8672    -0.7874    -0.1366     2.7183
    -2.0719    -0.1658    -0.7166     2.3886
    -2.1964     0.4837    -1.1627     1.9554
    -2.2854     1.3903    -1.4303     1.4375
    -2.3121     2.6926    -1.6889     0.8540
    -2.2409     3.7949    -1.7602     0.2707
    -2.0452     3.7903    -1.9296    -0.2559
    -1.8227     3.7857    -1.9742    -0.7259
    -1.4669     3.1241    -1.9296    -1.1676
    -0.9954     2.3255    -1.8048    -1.5621
    -0.5152     1.6652    -1.5908    -1.7970
    -0.0706     0.9597    -1.3589    -1.8627
     0.6316     0.2823    -1.1181    -2.0036
     1.2715    -0.2938    -0.8059    -2.0317
     1.8223    -0.8330    -0.3686    -1.9754
     2.4618    -1.3080     0.1401    -1.7970
     2.8880    -1.6822     0.5775    -1.5246
     3.1100    -1.9559     1.1043    -1.1770
     3.2432    -2.0471     1.4705    -0.7917
     3.1899    -2.1201     1.7921    -0.3217
     2.9768    -2.1292     2.1048     0.2707
     2.5772    -2.1383     2.2567     0.7882
     2.0177    -1.9376     2.3460     1.3152
     1.4758    -1.7096     2.3639     1.7765
     0.8627    -1.4723     2.2656     2.2379
     0.3294    -1.1527     2.0422     2.5017
    -0.2306    -0.7691     1.8903     2.7089
    -0.8086    -0.4127     1.6938     2.7231
    -1.2267     0.1451     1.4258     2.7372
    -1.4669     0.5111     1.1043     2.4828
    -1.7071     1.0055     0.6846     2.2002
    -1.8850     1.5094     0.2472     1.6729
    -2.0897     1.8944    -0.1188     1.1646
    -2.2231     2.2980    -0.4043     0.6847
    -2.2231     2.6467    -0.6899     0.1203
    -2.2053     2.8946    -0.9129    -0.3781
    -2.0808     2.8211    -1.0913    -0.7917
    -1.8494     2.5274    -1.1894    -1.1958
    -1.6181     2.2062    -1.1805    -1.5058
    -1.2267     1.8394    -1.2340    -1.6843
    -0.8264     1.3353    -1.2786    -1.8157
    -0.3729     0.9048    -1.1002    -1.9472
     0.1872     0.4105    -0.9397    -1.9378
     0.7827    -0.0744    -0.6453    -1.9284
     1.3070    -0.5498    -0.4490    -1.8533
     1.8223    -0.9518    -0.1812    -1.6185
     2.3641    -1.2806     0.1044    -1.3367
     2.7637    -1.5544     0.3543    -1.0266
     3.0212    -1.7643     0.6578    -0.5003
     3.0301    -2.0471     0.8721     0.2425
     2.8969    -2.1201     1.0864     0.7787
     2.7016    -2.1565     1.2561     1.5787
     2.3463    -2.1383     1.3812     2.4169
     1.8845    -2.1383     1.4258     3.3686
     1.4136    -1.9103     1.4348     4.3493
     0.8005    -1.7096     1.4526     4.3304
     0.1872    -1.4358     1.3990     3.8117
    -0.3373    -1.0614     1.4169     2.9351
    -0.8709    -0.7691     1.4258     2.2285
    -1.3334    -0.3304     1.3901     1.5505
    -1.5825     0.2092     1.2383     0.8540
    -1.8494     0.6759     1.0239     0.1955
    -2.0719     1.2528     0.8007    -0.4157
    -2.1786     1.7110     0.4346    -0.9233
    -2.2409     2.3072     0.0419    -1.3179
    -2.2142     2.6192    -0.3151    -1.6749
    -2.0541     3.0507    -0.6720    -1.8157
    -1.8583     3.1333    -0.9664    -1.7594
    -1.6359     2.9680    -1.1716    -1.9566
    -1.3245     2.6926    -1.2965    -2.1068
    -0.9332     2.2980    -1.4481    -2.0787
    -0.4263     1.8302    -1.4481    -1.9660
     0.0716     1.2620    -1.3411    -1.7500
     0.6939     0.6667    -1.0378    -1.5434
     1.2981     0.2183    -0.7969    -1.2615
     1.9289    -0.2756    -0.3597    -0.9139
     2.5861    -0.5681    -0.0117    -0.4533
     3.1100    -0.9609     0.3722     0.0074
     3.4651    -1.2075     0.8721     0.4871
     3.4429    -1.2988     1.3276     0.9199
     3.4207    -1.4540     1.8725     1.5034
     3.0745    -1.6365     2.4086     2.1626
     2.4618    -1.7461     2.6588     2.8220
     1.8845    -1.7369     2.6767     3.2649
     1.2270    -1.7369     2.5337     3.4817
     0.5605    -1.5727     2.3371     3.4629
    -0.0350    -1.4266     2.2567     3.0858
    -0.6930    -1.1162     2.1941     2.6618
    -1.1733    -0.8787     1.9797     2.1531
    -1.5291    -0.6960     1.4437     1.5787
    -1.7960    -0.4858     0.8632     1.0610
    -2.0541    -0.2481     0.2115     0.4683
    -2.2676     0.0536    -0.4043    -0.0490
    -2.4189     0.5111    -1.0289    -0.4157
    -2.4456     0.8132    -1.3767    -0.8951
    -2.3922     1.1154    -1.6175    -1.3649
    -2.2409     1.4727    -1.7870    -1.6373
    -1.9918     1.7569    -1.9564    -1.8345
    -1.6448     1.9769    -1.9207    -2.0223
    -1.2534     2.1512    -1.8048    -2.0505
    -0.7820     2.2154    -1.6354    -2.0975
    -0.3996     2.0778    -1.3321    -2.0411
     0.0627     1.8211    -1.1181    -1.9284
     0.8538     1.6469    -0.7880    -1.7876
     1.5913     1.3078    -0.4846    -1.5152
     2.3019     1.0147    -0.0474    -1.2146
     2.9147     0.5569     0.3900    -0.8669
     3.3763     0.1360     0.8364    -0.5191
     3.4651    -0.2938     1.4348    -0.2371
     3.4385    -0.6412     1.9886     0.2049
     3.1633    -0.9883     2.5337     0.8070
     2.6927    -1.2897     3.0074     1.3528
     2.1154    -1.5453     3.2399     1.9459
     1.4936    -1.6639     3.3114     2.4640
     0.8894    -1.7643     3.1684     2.8220
     0.3650    -1.7369     2.9717     3.1707
    -0.2040    -1.6822     2.5873     3.1707
    -0.7642    -1.5362     2.0512     2.8879
    -1.2712    -1.3171     1.4616     2.6335
    -1.5202    -1.1071     0.8364     2.2473
    -1.6893    -0.7600     0.2740     1.6917
    -1.9028    -0.4584    -0.2348     1.2304
    -1.9918     0.0079    -0.6631     0.6941
    -2.0986     0.3922    -1.0200     0.2237
    -2.1608     0.8041    -1.2340    -0.1430
    -2.1342     1.0971    -1.4303    -0.5003
    -2.0274     1.5369    -1.6532    -0.7635
    -1.8672     1.8761    -1.7602    -0.9984
    -1.5647     2.2796    -1.7647    -1.2052
    -1.2267     2.5916    -1.7691    -1.3931
    -0.8442     2.5962    -1.6443    -1.5340
    -0.4529     2.6008    -1.4124    -1.7030
    -0.0795     2.3072    -1.1894    -1.7406
     0.4628     1.8761    -0.7345    -1.6655
     0.9516     1.3445    -0.2705    -1.6091
     1.5380     0.7217     0.2025    -1.4212
     2.0710     0.0994     0.7293    -1.2146
     2.6927    -0.4492     1.1579    -1.0360
     3.1011    -0.8605     1.6223    -0.8481
     3.3408    -1.2623     2.0512    -0.5567
     3.3319    -1.5727     2.3550    -0.2465
     3.1633    -1.8008     2.4801     0.0921
     2.6838    -1.8555     2.4801     0.5435
     2.1598    -2.0106     2.3103     0.9105
     1.5025    -1.9924     2.2209     1.2963
     0.8449    -1.9650     2.0333     1.6729
     0.2672    -1.7917     1.8189     2.0119
    -0.2840    -1.5635     1.6134     2.2473
    -0.7998    -1.3262     1.3276     2.4451
    -1.1822    -0.9701     0.9257     2.4263
    -1.4135    -0.5315     0.5864     2.3227
    -1.6448    -0.0378     0.1579     2.1249
    -1.8939     0.6393    -0.1455     1.7576
    -2.0630     1.1429    -0.4043     1.3528
    -2.1875     1.5644    -0.6185     0.8917
    -2.1519     2.0136    -0.7612     0.4777
    -2.0986     2.4907    -0.8772     0.0544
    -1.9206     2.7660    -0.8683    -0.2747
    -1.6804     2.7844    -0.9397    -0.5943
    -1.4224     2.8027    -0.9664    -0.7823
    -1.1021     2.5366    -1.0110    -0.8199
    -0.7019     2.0962    -1.0021    -1.0078
    -0.1773     1.6011    -0.9486    -1.1676
     0.3917     1.0055    -0.8683    -1.3085
     0.9605     0.4288    -0.7345    -1.4306
     1.5736    -0.2207    -0.6988    -1.5246
     2.1598    -0.7143    -0.5560    -1.5152
     2.7104    -1.1710    -0.4400    -1.3931
     3.1988    -1.5453    -0.2259    -1.3085
     3.4385    -1.7369     0.1401    -1.0736
     3.4829    -1.7825     0.5150    -0.7541
     3.3053    -1.9011     0.9525    -0.4721
     2.7904    -1.9650     1.3454    -0.1242
     2.2042    -1.9559     1.8993     0.2802
     1.5913    -1.9103     2.5158     0.6188
     0.9071    -1.6822     3.0253     1.0610
     0.2672    -1.4723     3.2667     1.4469
    -0.3107    -1.2532     3.3829     1.7105
    -0.8798    -0.9244     3.1326     2.0119
    -1.2712    -0.6229     2.4622     2.2191
    -1.5647    -0.1750     1.6759     2.2379
    -1.8316     0.3189     0.9436     2.2567
    -2.0808     0.9139     0.2918     2.0966
    -2.2142     1.4544    -0.2526     1.7953
    -2.3210     2.0320    -0.6631     1.5128
    -2.3566     2.4998    -0.8951     1.0516
    -2.3121     2.9956    -1.1181     0.6000
    -2.1164     3.0093    -1.1359     0.1015
    -1.7960     3.0231    -1.1805    -0.2841
    -1.4758     2.7660    -1.2608    -0.6601
    -1.1644     2.4081    -1.2251    -1.0642
    -0.7197     1.9219    -1.1270    -1.2897
    -0.2751     1.2986    -1.1270    -1.4494
     0.2939     0.7674    -0.9754    -1.6373
     0.8005     0.2000    -0.8505    -1.7500
     1.3781    -0.4584    -0.5471    -1.7030
     1.9289    -0.9701    -0.2705    -1.6091
     2.5062    -1.5088     0.0330    -1.3931
     3.0478    -1.7643     0.4079    -1.1770
     3.3941    -2.0106     0.7828    -0.9045
     3.3985    -2.1109     1.2025    -0.6319
     3.4030    -2.0973     1.5419    -0.2465
     2.8614    -2.0836     1.8903     0.2425
     2.1243    -2.1201     2.0601     0.7411
     1.4403    -1.9468     2.1852     1.4658
     0.7472    -1.7187     2.2656     2.2285
     0.1605    -1.3171     2.1316     3.8117
    -0.3996    -0.9792     1.9529     4.2833
    -1.0043    -0.5315     1.6938     4.0003
    -1.4046    -0.0653     1.3454     3.1047
    -1.6893     0.4288     0.9882     2.2850
    -1.8405     1.0421     0.6043     1.5128
    -1.9829     1.6285     0.2115     0.7787
    -2.0719     2.1145    -0.0741     0.0921
    -2.1075     2.6834    -0.3776    -0.4157
    -2.0541     3.0782    -0.6185    -0.8387
    -1.9384     3.3814    -0.8059    -1.2709
    -1.7871     3.3630    -1.0200    -1.6655
    -1.5736     3.2252    -1.0646    -1.8627
    -1.3067     2.8854    -1.1538    -1.8909
    -0.8887     2.3897    -1.1002    -1.9284
    -0.4796     1.7936    -1.0556    -1.9660
     0.0272     1.1337    -0.9754    -1.8627
     0.5161     0.4105    -0.9040    -1.7500
     0.9516    -0.1384    -0.7702    -1.5809
     1.4581    -0.6777    -0.5114    -1.3555
     1.9378    -1.2440    -0.2348    -1.0548
     2.3730    -1.6548     0.1222    -0.7353
     2.7104    -1.8829     0.4971    -0.2747
     3.0212    -2.0562     0.9971     0.3930
     3.1899    -2.1292     1.5330     1.0987
     3.1366    -2.1383     2.1763     1.7576
     2.9857    -2.2295     2.5426     2.4169
     2.6305    -2.2021     2.5784     3.1989
     2.0977    -2.0927     2.4712     3.7740
     1.5469    -1.9285     2.1584     3.8023
     0.9693    -1.4449     1.7474     3.8306
     0.3205    -1.0979     1.3276     3.5006
    -0.3551    -0.7143     0.9078     2.9256
    -0.9421    -0.2664     0.4971     2.2191
    -1.3957     0.1177    -0.0206     1.5599
    -1.6537     0.6210    -0.4043     0.8540
    -1.9829     1.1154    -0.6988     0.2237
    -2.2231     1.5919    -0.9932    -0.3217
    -2.3655     1.9311    -1.1805    -0.7259
    -2.3566     2.3072    -1.4124    -1.1112
    -2.3922     2.7293    -1.5462    -1.3743
    -2.3388     2.9496    -1.6889    -1.6561
    -2.1519     2.9496    -1.7424    -1.7312
    -1.8939     2.9496    -1.7335    -1.7876
    -1.4935     2.7293    -1.5997    -1.9848
    -1.1199     2.3347    -1.3321    -2.1162
    -0.6041     1.8486    -1.0200    -2.0693
     0.0005     1.2162    -0.4222    -1.9284
     0.6583     0.7033     0.1758    -1.6936
     1.2537     0.2275     0.8811    -1.3931
     1.8489    -0.3030     1.5777    -1.1018
     2.3819    -0.7508     2.2477    -0.7823
     2.8081    -1.1527     2.7929    -0.3405
     3.0834    -1.3262     3.0432     0.0826
     3.1189    -1.5088     3.1147     0.4589
     2.9768    -1.6274     3.0790     0.9105
     2.7104    -1.8282     2.9717     1.4469
     2.3197    -2.0015     2.8287     1.9742
     1.7690    -1.9468     2.6052     2.4545
     1.2715    -1.8008     2.1226     2.8126
     0.7116    -1.6000     1.5419     3.0199
     0.1250    -1.2623     0.9704     3.0670
    -0.4974    -1.0066     0.3454     2.8785
    -1.0399    -0.8148    -0.1902     2.6618
    -1.4491    -0.6320    -0.7523     2.3603
    -1.6626    -0.4127    -1.1538     1.9742
    -1.9473    -0.0835    -1.4213     1.4940
    -2.1342     0.2549    -1.6443     0.9575
    -2.2765     0.5752    -1.9118     0.3272
    -2.3388     0.8865    -1.9742    -0.1806
    -2.2943     1.1704    -2.0010    -0.5567
    -2.1253     1.4086    -1.9831    -0.9984
    -1.9562     1.6377    -1.9207    -1.3367
    -1.6626     1.9036    -1.7780    -1.4682
    -1.2356     1.9769    -1.5551    -1.7030
    -0.7642     2.1053    -1.3054    -1.8909
    -0.1862     2.1145    -0.8594    -1.9848
     0.4450     1.9036    -0.4311    -1.9801
     1.0760     1.6744     0.0508    -1.9754
     1.6535     1.3536     0.5150    -1.8439
     2.1865     0.9689     1.0150    -1.5340
     2.5595     0.5111     1.3722    -1.3461
     2.8525     0.0079     1.7563    -1.0642
     3.0922    -0.3853     2.0958    -0.8575
     3.1721    -0.7325     2.3014    -0.5849
     3.1988    -0.9792     2.4980    -0.1901
     3.0745    -1.2258     2.5516     0.4212
     2.8170    -1.4540     2.6410     1.0422
     2.3108    -1.4814     2.6588     1.5882
     1.6535    -1.4358     2.6410     2.1249
     1.0049    -1.3171     2.4980     2.5582
     0.3561    -1.2623     2.3460     2.9916
    -0.3196    -1.1527     1.9350     3.2272
    -1.0132    -0.9153     1.3365     3.1141
    -1.6092    -0.6412     0.7293     2.9256
    -1.9651    -0.2207     0.0687     2.5582
    -2.2409     0.1543    -0.5114     2.1155
    -2.4545     0.5843    -0.9218     1.5317
    -2.5791     0.9414    -1.1448     1.0140
    -2.5880     1.5736    -1.3500     0.5059
    -2.5613     2.5457    -1.5194    -0.0114
    -2.4456     3.3170    -1.5194    -0.3687
    -2.1519     3.2344    -1.5194    -0.7447
    -1.7782     2.9864    -1.4659    -1.1018
    -1.2978     2.3347    -1.4927    -1.4025
    -0.7909     1.5827    -1.4392    -1.5340
    -0.2751     1.0605    -1.2697    -1.6091
     0.4094     0.4745    -1.1538    -1.6936
     0.9782     0.0902    -0.8772    -1.7500
     1.5291    -0.3944    -0.6185    -1.7218
     2.1332    -0.9244    -0.3686    -1.6185
     2.6394    -1.3445    -0.1098    -1.4118
     2.9058    -1.7825     0.0508    -1.1676
     3.0390    -2.0927     0.3275    -0.9045
     3.0123    -2.0836     0.5507    -0.6319
     2.8348    -2.1565     0.8721    -0.3499
     2.5861    -2.0289     1.1758    -0.2183
     2.2575    -1.9650     1.5152    -0.0020
     1.8756    -1.7552     1.8278     0.3272
     1.4314    -1.5270     2.1405     0.6752
     0.8805    -1.2532     2.4443     1.1175
     0.3472    -0.9883     2.4175     1.5223
    -0.2306    -0.5589     2.2924     1.9742
    -0.7731    -0.1110     1.9886     2.3227
    -1.2534     0.4654     1.6938     2.4640
    -1.5558     0.9414     1.3008     2.3980
    -1.8138     1.6102     1.0061     2.2567
    -1.9918     2.0228     0.6400     1.9836
    -2.0808     2.6559     0.4346     1.6352
    -2.1075     2.9588     0.1936     1.2399
    -2.1253     3.0690     0.0508     0.7693
    -2.0185     3.0507    -0.0652     0.3460
    -1.8583     3.0323    -0.1634    -0.0678
    -1.6003     2.6375    -0.2616    -0.4251
    -1.2889     2.2429    -0.4668    -0.7071
    -0.8798     1.7477    -0.5917    -0.9139
    -0.4707     1.1521    -0.7612    -1.0078
    -0.0617     0.5203    -0.8415    -1.0830
     0.5072    -0.0470    -0.8237    -1.2239
     0.9427    -0.4949    -0.8951    -1.3179
     1.4314    -0.9701    -0.8951    -1.3649
     1.8756    -1.3901    -0.8415    -1.3367
     2.3375    -1.5270    -0.6096    -1.2333
     2.6927    -1.7096    -0.4311    -1.1394
     2.8614    -1.8373    -0.2705    -0.9139
     2.9235    -1.9924    -0.1277    -0.5473
     2.8170    -2.0653     0.1222    -0.1995
     2.5684    -2.0653     0.3543     0.1955
     2.2398    -1.9650     0.5328     0.6470
     1.8134    -1.8738     0.6400     0.9952
     1.3514    -1.6822     0.6311     1.5693
     0.7916    -1.2897     0.7025     2.5770
     0.2050    -0.9609     0.7025     2.7183
    -0.4174    -0.5041     0.7739     2.6571
    -0.8887    -0.0744     0.8989     2.5959
    -1.2800     0.4013     0.8721     2.1155
    -1.5825     0.8956     0.9168     1.6446
    -1.8672     1.2162     0.8632     1.0610
    -2.0274     1.6285     0.7382     0.5341
    -2.2409     1.9678     0.6489    -0.0208
    -2.2543     2.3163     0.4971    -0.4439
    -2.2676     2.5916     0.3989    -0.7917
    -2.0986     2.5779     0.2650    -1.2052
    -1.7960     2.5641     0.1847    -1.4964
    -1.5647     2.3530     0.0687    -1.6843
    -1.2000     2.0687    -0.0117    -1.8157
    -0.7553     1.6927    -0.0206    -1.8157
    -0.2306     1.3536    -0.0295    -1.7876
     0.4272     0.8956     0.0240    -1.7218
     1.0316     0.4562     0.0687    -1.5903
     1.5913    -0.1018     0.1668    -1.3931
     2.1954    -0.6686     0.2472    -1.0548
     2.7548    -0.9792     0.4346    -0.7541
     3.1810    -1.2714     0.5507    -0.1806
     3.3852    -1.4814     0.7025     0.2237
     3.3053    -1.5818     0.8721     0.7129
     3.0656    -1.6000     0.9346     1.2775
     2.7371    -1.6274     0.9525     1.9271
     2.2575    -1.6457     0.8275     2.5111
     1.7779    -1.4540     0.7293     3.1047
     1.1560    -1.3719     0.5686     3.4817
     0.5961    -1.2075     0.4168     3.5006
    -0.0795    -0.9609     0.2293     3.2084
    -0.6841    -0.5772     0.0597     2.6430
    -1.1644    -0.2207    -0.1902     1.9930
    -1.5469     0.1268    -0.3062     1.4187
    -1.8316     0.4928    -0.4936     0.8822
    -2.0452     0.8041    -0.6096     0.2896
    -2.2320     1.1612    -0.6631    -0.1806
    -2.4100     1.4636    -0.7523    -0.6413
    -2.4367     1.7019    -0.8505    -1.1206
    -2.3299     2.0503    -0.9932    -1.4494
    -2.1164     2.1971    -1.0378    -1.6749
    -1.8405     2.3439    -1.1448    -1.9190
    -1.4935     2.3163    -1.1181    -2.0130
    -1.0933     2.2246    -0.9843    -2.1350
    -0.6575     1.9128    -0.8059    -2.1209
    -0.1240     1.4544    -0.4579    -2.1068
     0.4894     0.9231    -0.1188    -1.9472
     1.0404     0.3006     0.3900    -1.7782
     1.5558    -0.2847     0.9078    -1.3555
     2.0621    -0.8513     1.6045    -0.9796
     2.4973    -1.3627     2.2209    -0.5943
     2.7815    -1.6822     2.6410    -0.1806
     2.8525    -1.9741     3.1326     0.2802
     2.8792    -2.2568     3.5170     0.7223
     2.6927    -2.2523     3.5573     1.2116
     2.4973    -2.2477     3.5975     1.6258
     2.2398    -2.1018     2.8912     2.0872
     1.8934    -1.9103     2.1316     2.5017
     1.4314    -1.7004     1.5152     2.7466
     0.8983    -1.3627     0.8096     2.7513
     0.2672    -0.9883     0.1936     2.7560
    -0.2840    -0.4767    -0.4757     2.5770
    -0.7909     0.0262    -1.0021     2.2567
    -1.2978     0.6210    -1.3857     1.8706
    -1.5914     1.2162    -1.6710     1.4375
    -1.8850     1.6377    -1.8405     0.8917
    -2.0630     2.1145    -1.7602     0.5247
    -2.2498     2.6834    -1.6354     0.1391
    -2.3477     3.1792    -1.5997    -0.2935
    -2.3922     3.3905    -1.4124    -0.5849
    -2.3032     3.4273    -1.3321    -0.9139
    -2.0185     3.2068    -1.2073    -1.2427
    -1.7249     2.7660    -1.0913    -1.4682
    -1.3601     2.1237    -0.9129    -1.6936
    -0.9243     1.3536    -0.5739    -1.7594
    -0.3818     0.7217    -0.2169    -1.8345
     0.3472     0.0628     0.2383    -1.8345
     0.9160    -0.5041     0.6400    -1.7782
     1.5736    -1.0888     0.9525    -1.5340
     2.2042    -1.5270     1.1579    -1.3649
     2.7726    -1.8555     1.3365    -1.0360
     3.1633    -2.1292     1.4526    -0.6413
     3.3408    -2.2386     1.6313    -0.2559
     3.3852    -2.2842     1.7653     0.1391
     3.2343    -2.2568     1.9708     0.4871
     3.0567    -2.1383     2.1226     0.7976
     2.5684    -1.9011     2.1405     1.1834
     1.8401    -1.6731     2.0601     1.5128
     1.1471    -1.3536     1.8814     1.7670
     0.5161    -1.1527     1.7563     2.0307
    -0.1151    -0.8879     1.5241     2.2379
    -0.8086    -0.5041     1.3901     2.2944
    -1.4135    -0.0835     1.1043     2.3415
    -1.8316     0.3922     0.8275     2.2756
    -2.0897     0.9231     0.5507     2.0307
    -2.3121     1.3078     0.2115     1.7576
    -2.4545     1.8394    -0.0563     1.3528
    -2.4634     2.1787    -0.3776     0.9293
    -2.4100     2.6100    -0.6274     0.5059
    -2.2320     2.8395    -0.8148    -0.0114
    -2.0096     3.0507    -1.1092    -0.3875
    -1.7338     2.9588    -1.3232    -0.7165
    -1.2978     2.7109    -1.4481    -0.9890
    -0.9065     2.3255    -1.4213    -1.2052
    -0.4440     1.9678    -1.3411    -1.4118
     0.1516     1.4178    -1.1092    -1.5058
     0.7472     0.8773    -0.9218    -1.4776
     1.1915     0.3189    -0.7791    -1.4212
     1.7690    -0.2481    -0.5203    -1.3367
     2.3108    -0.6869    -0.2883    -1.1864
     2.7460    -1.1071     0.0597    -0.9984
     2.9768    -1.2897     0.2918    -0.8011
     3.1721    -1.4814     0.5953    -0.4627
     3.0922    -1.6457     0.7828    -0.1712
     2.9147    -1.7917     1.0150     0.0921
     2.6216    -1.8738     1.1936     0.4777
     2.1421    -1.9194     1.3454     0.8070
     1.6269    -1.8373     1.4169     1.1457
     1.0849    -1.7004     1.5241     1.5882
     0.5339    -1.4358     1.5152     1.9930
    -0.0439    -1.0249     1.4437     2.3698
    -0.6130    -0.7143     1.3186     3.1612
    -1.1199    -0.4401     1.0775     3.1188
    -1.5024    -0.1750     0.9168     3.0764
    -1.6804     0.1360     0.6936     2.3133
    -1.8761     0.4928     0.4971     1.3905
    -2.0274     0.7400     0.3454     0.5435
    -2.1608     1.1154     0.1490    -0.2277
    -2.1697     1.5644    -0.0652    -0.8857
    -2.0541     1.9036    -0.1545    -1.3649
    -1.9206     2.1695    -0.2794    -1.7406
    -1.6804     2.3439    -0.3508    -2.0881
    -1.3957     2.3209    -0.3776    -2.1914
    -1.0399     2.2980    -0.3954    -2.2852
    -0.6575     2.0962    -0.4579    -2.1256
    -0.1862     1.7661    -0.4757    -1.9566
     0.4005     1.3170    -0.5203    -1.7406
     0.8805     0.8407    -0.5203    -1.4400
     1.4403     0.4928    -0.5114    -1.2146
     2.0621    -0.0561    -0.4668    -0.8951
     2.5861    -0.4767    -0.3330    -0.3311
     3.0567    -0.9153    -0.2080     0.1861
     3.3053    -1.2532     0.0776     0.7411
     3.2609    -1.5453     0.2561     1.4187
     2.9591    -1.7917     0.5150     1.8894
     2.5151    -2.0562     0.7471     2.5017
     1.9644    -2.1565     0.9168     3.0105
     1.3781    -2.1201     1.0775     3.2649
     0.8805    -1.8920     1.2025     3.3026
     0.2583    -1.6274     1.2561     3.1518
    -0.1951    -1.3080     1.2695     2.8220
    -0.6575    -0.9427     1.2829     2.3698
    -1.0666    -0.4767     1.2472     1.9365
    -1.3512    -0.1293     1.2293     1.3622
    -1.5736     0.4379     1.0597     0.8822
    -1.7338     0.9689     0.8632     0.3460
    -1.8761     1.5369     0.5596    -0.1336
    -1.9651     2.0870     0.3007    -0.5473
    -2.0541     2.6283     0.1133    -1.0172
    -2.0185     3.1792    -0.1098    -1.3743
    -1.8939     3.3814    -0.2080    -1.4494
    -1.6982     3.4089    -0.3865    -1.6279
    -1.4491     2.9956    -0.4668    -1.8439
    -1.1555     2.3989    -0.6274    -1.9472
    -0.8086     1.6927    -0.7345    -1.9660
    -0.4352     1.0971    -0.9218    -1.9003
     0.0983     0.4288    -0.9575    -1.7406
     0.6761    -0.1110    -0.9843    -1.5715
     1.2182    -0.6229    -0.9307    -1.2709
     1.8578    -1.1619    -0.7791    -0.9327
     2.4440    -1.4449    -0.6274    -0.5285
     2.9324    -1.6457    -0.3954    -0.1712
     3.2520    -1.8282    -0.1455     0.3648
     3.2476    -1.9924     0.1847     0.7599
     3.2432    -2.0106     0.5239     1.2963
     2.8170    -2.1292     0.8543     1.6446
     2.3641    -2.1383     1.1222     1.9554
     1.7246    -1.8829     1.4080     2.1814
     1.1026    -1.6822     1.8546     2.3509
     0.4983    -1.2806     2.0869     2.4828
    -0.0795    -0.9244     2.1226     2.4828
    -0.6486    -0.5406     1.9171     2.3133
    -1.0844    -0.2298     1.6849     2.0778
    -1.4135     0.2549     1.4080     1.7294
    -1.6359     0.6759     1.0775     1.4469
    -1.8583     1.2070     0.7561     1.1269
    -1.9740     1.6194     0.4614     0.8446
    -2.0808     2.0962     0.0776     0.4401
    -2.1697     2.4907    -0.2259     0.0544
    -2.1431     2.8119    -0.5560    -0.2747
    -1.9918     2.9588    -0.7434    -0.5661
    -1.7515     2.9956    -0.8594    -0.9139
    -1.4402     2.7385    -0.9129    -1.2146
    -1.1822     2.4173    -0.8683    -1.4400
    -0.8264     1.9219    -0.8326    -1.5621
    -0.3729     1.4178    -0.7345    -1.5809
     0.1072     0.8681    -0.6185    -1.5434
     0.6583     0.3830    -0.3776    -1.4588
     1.2448    -0.1658    -0.0474    -1.3837
     1.7157    -0.6229     0.3543    -1.2803
     2.2664    -1.1071     0.7382    -1.1488
     2.6483    -1.4084     1.1847    -0.9045
     2.8348    -1.6274     1.5955    -0.6601
     2.9235    -1.9376     2.2209    -0.3969
     2.8703    -2.0836     2.9002    -0.0396
     2.5861    -2.2386     2.9180     0.4024
     2.2042    -2.3024     2.3728     0.7411
     1.7335    -2.2568     1.7295     1.1457
     1.2270    -2.0289     1.2204     1.4846
     0.7827    -1.6913     0.6668     1.7576
     0.2761    -1.1801     0.2383     2.0966
    -0.2395    -0.7600    -0.2080     2.2191
    -0.7375    -0.3670    -0.5650     2.2756
    -1.1110     0.0811    -0.9218     2.3133
    -1.4758     0.5294    -1.2073     2.1814
    -1.6982     0.9780    -1.4481     1.9554
    -1.9117     1.3719    -1.6175     1.7011
    -2.1164     1.7569    -1.6978     1.2399
    -2.2231     2.1420    -1.6978     0.7129
    -2.2320     2.4264    -1.4927     0.0921
    -2.1608     2.5182    -1.3767    -0.4533
    -2.0096     2.5182    -1.1359    -0.8669
    -1.7426     2.4631    -0.9486    -1.2052
    -1.4669     2.2429    -0.6185    -1.4494
    -1.1110     2.0320    -0.3686    -1.6091
    -0.7286     1.7110    -0.0920    -1.7500
    -0.2218     1.2620     0.4346    -1.7782
     0.5339     0.7674     0.7471    -1.8063
     1.2004     0.3006     1.1311    -1.7406
     1.9822    -0.2756     1.5330    -1.5621
     2.7282    -0.8056     2.0333    -1.2615
     3.1988    -1.2440     2.4622    -0.9890
     3.2077    -1.5453     3.0968    -0.6695
     3.2165    -1.8647     3.5618    -0.2653
     2.8792    -2.1657     4.1252     0.1485
     2.4707    -2.3389     4.0536     0.5624
     1.9733    -2.4027     3.3382     1.0987
     1.4581    -2.3662     2.5784     1.6352
     0.8360    -2.1930     1.7653     2.2096
     0.2850    -1.9650     1.0597     2.9256
    -0.2129    -1.6000     0.3186     3.3121
    -0.6930    -1.1893    -0.2259     3.6420
    -1.1377    -0.7874    -0.7702     3.6797
    -1.3868    -0.2756    -1.2073     3.2366
    -1.6448     0.2366    -1.5908     2.5488
    -1.8405     0.7766    -1.8672     1.8235
    -1.9295     1.3536    -2.0099     1.0046
    -2.0808     1.8852    -2.0634     0.1673
    -2.0808     2.3714    -2.1525    -0.5567
    -2.0986     2.9037    -2.1882    -1.1300
    -1.9918     3.1150    -2.1347    -1.6936
    -1.8049     3.1792    -2.0188    -2.1914
    -1.5469     3.0323    -1.7424    -2.4167
    -1.1822     2.7293    -1.4213    -2.4636
    -0.7909     2.3255    -1.0646    -2.4730
    -0.3107     1.7386    -0.6096    -2.3791
     0.2850     1.1612    -0.3419    -2.1632
     0.8894     0.5569     0.0151    -2.0411
     1.5291     0.0262     0.4704    -1.7124
     2.0444    -0.5681     0.7739    -1.2709
     2.4352    -1.0157     1.0061    -0.7917
     2.8259    -1.4723     1.1936    -0.3311
     3.0212    -1.7278     1.4169     0.2802
     3.0656    -2.0197     1.4973     0.7787
     2.9502    -2.1930     1.6045     1.4093
     2.6749    -2.2842     1.7295     2.0684
     2.2131    -2.2386     1.8099     2.6712
     1.7157    -2.1201     1.8814     3.1801
     1.1026    -2.0106     1.9529     3.5572
     0.4361    -1.8282     1.9440     3.5666
    -0.0617    -1.5909     1.8010     3.3592
    -0.6575    -1.1619     1.6581     2.9916
    -1.1555    -0.7325     1.5152     2.4169
    -1.4402    -0.1841     1.3901     1.8989
    -1.7426     0.4288     1.2561     1.3152
    -1.9206     0.9322     1.0686     0.6941
    -2.1253     1.5461     0.8186     0.1391
    -2.2142     2.0411     0.6132    -0.2559
    -2.1964     2.5549     0.3454    -0.6601
    -2.1875     2.8303     0.0954    -0.9890
    -2.0986     3.0966    -0.1812    -1.2146
    -1.8850     3.0874    -0.4222    -1.3461
    -1.6003     2.9680    -0.7256    -1.4588
    -1.1911     2.7018    -0.9218    -1.6373
    -0.7464     2.3989    -1.0378    -1.7500
    -0.3196     1.9036    -1.1270    -1.6936
     0.2583     1.4269    -1.1092    -1.5809
     0.8449     0.7583    -1.1002    -1.3555
     1.3781     0.3098    -0.9040    -1.2146
     1.9200    -0.2847    -0.7880    -0.9796
     2.5062    -0.6960    -0.6631    -0.7259
     2.9502    -1.0797    -0.5293    -0.5191
     3.1455    -1.3536    -0.3419    -0.2183
     3.1544    -1.5088    -0.1277     0.1861
     3.1633    -1.6457    -0.0206     0.4965
     2.8969    -1.9011     0.1401     0.8728
     2.3641    -2.0653     0.1668     1.2963
     1.7512    -2.0106     0.2918     1.5505
     1.1471    -1.9832     0.3364     1.8518
     0.4805    -1.8738     0.4704     2.0024
    -0.1151    -1.7278     0.5775     2.0778
    -0.7108    -1.3627     0.7025     2.0684
    -1.2089    -0.9609     0.8096     2.0024
    -1.5291    -0.4767     0.8275     1.9271
    -1.7871     0.0262     0.8453     1.7859
    -1.9562     0.4196     0.8275     1.5787
          3          3          3          3
