    4   2048 0.020000  2016   1  22   9  37
         16         10         11         42
    -0.3063     0.4320     0.0472     0.2557
    -0.5820     0.4595     0.1007     0.3685
    -0.9911     0.4595     0.0561     0.4343
    -1.3737     0.4686     0.0383     0.4814
    -1.6940     0.3772    -0.0331     0.4249
    -1.9521     0.3589    -0.0688     0.5190
    -2.2279     0.3680    -0.1313     0.4908
    -2.4238     0.2766    -0.1313     0.4720
    -2.5573     0.2034    -0.1848     0.5002
    -2.6997     0.1120    -0.2116     0.4720
    -2.8065     0.0571    -0.2562     0.4437
    -2.9134    -0.0891    -0.3365     0.4249
    -2.8956    -0.1165    -0.3276     0.4343
    -2.8778    -0.2171    -0.3543     0.4343
    -2.8065    -0.2627    -0.3989     0.4531
    -2.6908    -0.3084    -0.3989     0.3967
    -2.5395    -0.3541    -0.4346     0.3591
    -2.3170    -0.4729    -0.4882     0.3403
    -2.0855    -0.5186    -0.4882     0.2181
    -1.7919    -0.5551    -0.4971     0.1146
    -1.5160    -0.5460    -0.4971     0.0770
    -1.1513    -0.5734    -0.5060    -0.0734
    -0.8043    -0.6099    -0.5060    -0.1204
    -0.4575    -0.6373    -0.5328    -0.2332
    -0.0484    -0.6373    -0.5060    -0.2802
     0.2628    -0.6373    -0.5149    -0.3930
     0.7784    -0.6099    -0.4971    -0.4306
     1.1695    -0.6373    -0.4882    -0.4964
     1.5160    -0.6556    -0.4703    -0.5622
     1.8715    -0.6099    -0.4525    -0.6279
     2.1735    -0.5734    -0.4792    -0.6655
     2.5110    -0.5094    -0.3543    -0.6749
     2.8485    -0.5094    -0.3365    -0.7407
     3.0350    -0.4181    -0.3543    -0.7313
     3.0705    -0.4455    -0.2562    -0.8065
     3.1238    -0.2810    -0.2294    -0.7971
     3.1682    -0.2719    -0.2294    -0.7689
     3.1149    -0.1531    -0.1402    -0.8159
     3.0617    -0.0800    -0.1045    -0.7783
     2.9906     0.0754    -0.0956    -0.7783
     2.7686     0.0937    -0.0242    -0.7783
     2.4400     0.2217     0.0293    -0.6655
     2.0847     0.3223     0.0561    -0.5998
     1.6849     0.3772     0.1097    -0.5810
     1.2939     0.4320     0.1632    -0.4870
     0.9295     0.4412     0.2168    -0.4212
     0.6006     0.5052     0.2525    -0.3930
     0.3695     0.5143     0.3060    -0.2990
     0.0583     0.4686     0.3506    -0.2426
    -0.2529     0.4686     0.3774    -0.1486
    -0.5197     0.4686     0.4042    -0.0170
    -0.8577     0.4686     0.4220     0.0582
    -1.2313     0.5143     0.4131     0.1804
    -1.5338     0.4961     0.4220     0.2745
    -1.8542     0.5418     0.4042     0.4249
    -2.0055     0.5235     0.4577     0.4531
    -2.1656     0.4869     0.4577     0.4626
    -2.2725     0.4961     0.4220     0.4626
    -2.4683     0.5235     0.4577     0.4343
    -2.5573     0.4869     0.4399     0.4531
    -2.5929     0.4732     0.4310     0.5472
    -2.6107     0.4595     0.4577     0.5660
    -2.6285     0.5235     0.4667     0.5942
    -2.5929     0.5143     0.4488     0.6601
    -2.5217     0.4778     0.4488     0.6695
    -2.4238     0.3772     0.4488     0.6695
    -2.2012     0.3680     0.4042     0.7259
    -2.0499     0.2400     0.3953     0.7165
    -1.8364     0.1577     0.3506     0.6695
    -1.6673     0.0297     0.3953     0.6601
    -1.3648    -0.0800     0.3149     0.6601
    -1.0979    -0.2171     0.2346     0.6601
    -0.7954    -0.2719     0.2525     0.6413
    -0.5375    -0.3541     0.1275     0.6036
    -0.2085    -0.4912     0.1454     0.5848
     0.0583    -0.5551     0.0650     0.5284
     0.2806    -0.6190    -0.0420     0.3497
     0.6629    -0.6830    -0.0510     0.2087
     1.0895    -0.7104    -0.0688     0.1146
     1.3650    -0.7195    -0.1134    -0.0170
     1.6049    -0.7286    -0.1937    -0.1204
     1.9514    -0.8199    -0.2205    -0.2520
     2.1913    -0.7743    -0.2919    -0.3460
     2.3689    -0.8017    -0.2919    -0.3930
     2.6709    -0.8199    -0.3365    -0.5246
     2.8663    -0.7651    -0.4079    -0.5998
     2.9196    -0.7925    -0.3989    -0.6749
     2.9551    -0.7195    -0.4614    -0.7689
     2.9906    -0.7104    -0.4882    -0.8065
     2.7953    -0.6556    -0.5060    -0.9098
     2.6265    -0.5642    -0.4882    -0.9474
     2.5466    -0.5368    -0.5328    -0.9474
     2.3512    -0.4272    -0.5417    -0.9944
     2.0847    -0.3450    -0.5685    -0.9850
     1.7915    -0.2627    -0.5863    -0.9850
     1.5782    -0.1896    -0.5328    -1.0226
     1.2228    -0.0526    -0.4971    -0.9662
     1.0095     0.1028    -0.4971    -0.9568
     0.6895     0.1577    -0.4436    -0.9098
     0.3339     0.2766    -0.4346    -0.8629
    -0.0840     0.4046    -0.4436    -0.7877
    -0.5019     0.4778    -0.3989    -0.7125
    -0.9111     0.4961    -0.3543    -0.6279
    -1.2313     0.4503    -0.3008    -0.5434
    -1.4715     0.5326    -0.2205    -0.4118
    -1.7296     0.4869    -0.1937    -0.3272
    -2.0321     0.5235    -0.1759    -0.2238
    -2.2190     0.5326    -0.0688    -0.1110
    -2.4060     0.5143    -0.0688    -0.0076
    -2.6463     0.5601    -0.0063     0.1804
    -2.7976     0.5601     0.1007     0.3215
    -2.8689     0.5601     0.1275     0.4626
    -2.9223     0.4961     0.2257     0.6130
    -2.9312     0.5052     0.2435     0.6318
    -2.8778     0.4961     0.3060     0.6695
    -2.7709     0.5418     0.3506     0.6883
    -2.6196     0.5143     0.4042     0.6507
    -2.5217     0.5418     0.4042     0.6977
    -2.3793     0.4961     0.4220     0.7918
    -2.1211     0.4503     0.4042     0.8294
    -1.8364     0.4778     0.4042     0.9140
    -1.5694     0.3223     0.4577     0.9046
    -1.2936     0.2674     0.4310     0.9423
    -0.9022     0.1211     0.4577     0.9046
    -0.4752    -0.0160     0.4577     0.8952
    -0.1551    -0.2262     0.4756     0.8952
     0.2272    -0.3450     0.4667     0.8952
     0.6362    -0.4729     0.4488     0.9046
     1.0806    -0.5551     0.4577     0.9046
     1.4450    -0.5916     0.4533     0.8576
     1.9070    -0.7469     0.4488     0.8012
     2.2712    -0.7743     0.4756     0.7165
     2.5732    -0.8564     0.4577     0.5096
     2.9995    -0.9477     0.4488     0.3779
     3.1149    -0.9843     0.4488     0.2181
     3.1061    -1.0482     0.4310     0.0488
     3.2393    -1.1029     0.4220    -0.1204
     3.2259    -1.0847     0.3774    -0.2614
     3.2126    -1.1303     0.3685    -0.3836
     3.2659    -1.1212     0.2792    -0.5058
     3.2304    -1.0573     0.2435    -0.5904
     2.9995    -1.0390     0.2078    -0.6749
     2.6532    -0.9569     0.1097    -0.8159
     2.2712    -0.8564     0.0472    -0.8910
     1.8537    -0.8199    -0.0242    -0.9756
     1.3561    -0.7560    -0.1224    -1.0695
     1.0273    -0.6008    -0.1313    -1.1071
     0.6184    -0.5368    -0.2027    -1.1541
     0.3161    -0.4546    -0.2205    -1.1917
    -0.0484    -0.3084    -0.2830    -1.2292
    -0.3774    -0.1257    -0.3008    -1.2762
    -0.8132     0.0480    -0.3811    -1.2950
    -1.2313     0.1851    -0.4168    -1.1729
    -1.5427     0.3589    -0.4614    -1.1259
    -1.8097     0.4320    -0.4882    -1.0602
    -2.0321     0.4869    -0.4792    -1.0132
    -2.2725     0.5418    -0.4971    -0.9098
    -2.4416     0.5418    -0.5595    -0.8065
    -2.6374     0.5601    -0.5685    -0.6843
    -2.7976     0.5875    -0.5595    -0.5528
    -2.8065     0.7156    -0.5328    -0.4588
    -2.8511     0.7614    -0.5238    -0.3460
    -2.8956     0.8529    -0.5506    -0.1580
    -2.7620     0.9169    -0.4882    -0.0264
    -2.6908     0.8895    -0.4614     0.1522
    -2.6196     0.8986    -0.4614     0.3403
    -2.4594     0.9261    -0.3811     0.5660
    -2.2903     0.9352    -0.3365     0.7823
    -2.0499     0.9261    -0.3722     0.8670
    -1.8186     0.8712    -0.2473     0.9423
    -1.5427     0.8986    -0.1937     0.9705
    -1.2135     0.9078    -0.2116     0.9705
    -0.8933     0.8163    -0.0956     1.0081
    -0.5553     0.7339    -0.0777     1.0740
    -0.1907     0.4686    -0.0153     1.1022
     0.0850     0.3863     0.0650     1.1963
     0.4762     0.1668     0.1275     1.1681
     0.8673    -0.0069     0.1989     1.1963
     1.2050    -0.1714     0.2525     1.1963
     1.5427    -0.3541     0.3239     1.1775
     1.9070    -0.5003     0.4042     1.2057
     2.2090    -0.6464     0.4042     1.2057
     2.5199    -0.8199     0.4220     1.1963
     2.8485    -0.9112     0.4934     1.1304
     3.1416    -1.1120     0.4577     0.8858
     3.1860    -1.1668     0.4399     0.7541
     3.2481    -1.2033     0.4533     0.5190
     3.2659    -1.3311     0.4667     0.3121
     3.2393    -1.3858     0.5113     0.1146
     3.2126    -1.3676     0.4756    -0.1298
     3.1327    -1.3812     0.4756    -0.2520
     2.8397    -1.3949     0.4756    -0.4494
     2.5643    -1.3949     0.4667    -0.5810
     2.2268    -1.3493     0.4577    -0.7313
     1.8359    -1.2489     0.4756    -0.9098
     1.5072    -1.1577     0.4577    -1.0132
     1.1428    -1.0755     0.4577    -1.1729
     0.8228    -0.9843     0.4934    -1.3420
     0.5117    -0.8108     0.4934    -1.3889
     0.2450    -0.5916     0.4934    -1.4922
    -0.1640    -0.5094     0.4131    -1.5204
    -0.5998    -0.2627     0.3596    -1.5580
    -1.0356    -0.1257     0.3239    -1.5627
    -1.3648     0.1211     0.2435    -1.5674
    -1.6762     0.3314     0.1989    -1.5486
    -1.9343     0.5235     0.1275    -1.4828
    -2.1923     0.8346     0.0472    -1.3889
    -2.4149     0.9169     0.0204    -1.3138
    -2.6018     0.8895    -0.0867    -1.2105
    -2.6908     0.9352    -0.1045    -1.1259
    -2.8065     0.9535    -0.1580    -0.9098
    -2.8867     1.0634    -0.2473    -0.7595
    -2.9134     1.2556    -0.3097    -0.5622
    -2.8422     1.3197    -0.3097    -0.3460
    -2.8065     1.3838    -0.3633    -0.1862
    -2.6730     1.4571    -0.3989     0.0770
    -2.5484     1.4571    -0.4436     0.3027
    -2.4238     1.4296    -0.4792     0.5754
    -2.1834     1.4022    -0.5149     0.8764
    -1.9254     1.3930    -0.5238     1.0834
    -1.5872     1.3838    -0.5506     1.1963
    -1.3470     1.3747    -0.5417     1.2057
    -0.9733     1.3930    -0.5863     1.3092
    -0.5553     1.1366    -0.5060     1.4880
    -0.1996     0.9718    -0.4614     1.6292
     0.0672     0.7248    -0.4436     1.7704
     0.4762     0.4686    -0.3989     1.8175
     0.9295     0.2857    -0.3811     1.8363
     1.2761    -0.0526    -0.3097     1.8834
     1.6760    -0.2262    -0.2740     1.8457
     2.0314    -0.4546    -0.2294     1.8645
     2.3867    -0.7104    -0.1134     1.8457
     2.6887    -0.8473    -0.0688     1.8457
     2.9906    -1.0938    -0.0599     1.8363
     3.2304    -1.2124     0.0472     1.7139
     3.3014    -1.4132     0.1186     1.4692
     3.2748    -1.4953     0.2525     1.1587
     3.3192    -1.6230     0.3239     0.8858
     3.3103    -1.7415     0.3596     0.5942
     3.2393    -1.7689     0.4756     0.2839
     3.1061    -1.7689     0.4756     0.0394
     2.8308    -1.8145     0.5024    -0.2520
     2.4933    -1.7963     0.5202    -0.4776
     2.1557    -1.7415     0.5291    -0.7219
     1.7826    -1.6230     0.5113    -0.9004
     1.4183    -1.5865     0.5113    -1.1071
     1.0362    -1.4223     0.5470    -1.3326
     0.8051    -1.2489     0.5916    -1.4922
     0.5028    -1.1303     0.5648    -1.6425
     0.1028    -0.8564     0.6363    -1.8115
    -0.2173    -0.6190     0.6184    -1.8772
    -0.6442    -0.4272     0.6541    -1.9617
    -1.0623    -0.1531     0.6541    -2.0556
    -1.3559     0.1120     0.6630    -2.1025
    -1.6584     0.3680     0.6720    -2.0838
    -1.8987     0.7065     0.6452    -2.0180
    -2.0410     0.9902     0.6363    -1.9429
    -2.3081     1.2465     0.6273    -1.8021
    -2.4772     1.4113     0.5916    -1.7082
    -2.6463     1.4571     0.6095    -1.5110
    -2.7264     1.4479     0.5738    -1.3232
    -2.8154     1.6495     0.5381    -1.1447
    -2.7976     1.7777     0.4934    -0.8816
    -2.7531     1.9335     0.3328    -0.6467
    -2.6819     2.0710     0.2703    -0.3742
    -2.5840     2.0527     0.2078    -0.0828
    -2.4594     2.0985     0.0918     0.1993
    -2.3081     2.0710     0.0293     0.5754
    -2.1211     2.0893    -0.0688     0.9046
    -1.8631     2.0618    -0.1491     1.2810
    -1.5249     2.0618    -0.1937     1.6951
    -1.2847     1.9060    -0.3097     1.8457
    -0.9289     1.5670    -0.3454     1.9022
    -0.5909     1.2831    -0.4257     2.0057
    -0.2440     1.0268    -0.4882     2.2223
     0.0850     0.7156    -0.4882     2.4483
     0.4940     0.4412    -0.5685     2.5425
     0.9651     0.0480    -0.5863     2.6273
     1.3383    -0.2902    -0.6041     2.6838
     1.7293    -0.5460    -0.6220     2.6555
     2.0669    -0.8747    -0.6398     2.7026
     2.4489    -1.0938    -0.6309     2.6838
     2.7864    -1.3402    -0.5952     2.6273
     3.0705    -1.5683    -0.5506     2.4766
     3.3192    -1.8327    -0.5328     2.1941
     3.3103    -2.0059    -0.4614     1.7610
     3.3280    -2.1336    -0.4168     1.3845
     3.3724    -2.2338    -0.3454     1.0740
     3.3547    -2.3887    -0.2473     0.6789
     3.2925    -2.3978    -0.2383     0.3403
     3.1771    -2.3340    -0.0956    -0.0358
     2.8752    -2.3340    -0.0063    -0.4024
     2.5643    -2.2703     0.0829    -0.7407
     2.2002    -2.2065     0.1989    -1.0414
     1.8359    -2.0789     0.3060    -1.3513
     1.4183    -1.9786     0.3685    -1.6331
     1.0184    -1.7233     0.5113    -1.8772
     0.7606    -1.5044     0.5827    -2.1025
     0.4051    -1.3219     0.6452    -2.2903
     0.0761    -0.9477     0.6273    -2.4029
    -0.3596    -0.7012     0.6809    -2.5624
    -0.7510    -0.3541     0.6809    -2.6563
    -1.0890     0.0297     0.6720    -2.6657
    -1.3915     0.4229     0.6987    -2.6750
    -1.6406     0.7156     0.7255    -2.6187
    -1.9343     1.1275     0.7880    -2.5624
    -2.1478     1.4754     0.7969    -2.4592
    -2.3526     1.8327     0.7880    -2.3184
    -2.5395     2.0343     0.7969    -2.1307
    -2.6730     2.0618     0.7880    -1.8772
    -2.7620     2.2177     0.7791    -1.6425
    -2.8333     2.4561     0.8327    -1.3513
    -2.7976     2.6579     0.7880    -0.9474
    -2.7976     2.6854     0.8237    -0.6185
    -2.6641     2.7588     0.7880    -0.1956
    -2.6196     2.7496     0.7880     0.1522
    -2.4950     2.7863     0.7345     0.5942
    -2.3259     2.7680     0.6630     1.0081
    -2.0588     2.7496     0.6006     1.5068
    -1.8542     2.5661     0.4399     1.9869
    -1.5605     2.1993     0.3506     2.4766
    -1.2491     1.8510     0.2614     2.6367
    -0.9289     1.4663     0.1543     2.7497
    -0.5820     1.0634    -0.0153     3.0795
    -0.2618     0.7156    -0.1045     3.3150
     0.0583     0.4046    -0.1580     3.4470
     0.4584    -0.0069    -0.3008     3.6449
     0.9295    -0.3633    -0.3989     3.6637
     1.3117    -0.7560    -0.4882     3.6355
     1.7115    -1.0664    -0.5417     3.6260
     2.0136    -1.3858    -0.6131     3.5978
     2.4045    -1.6412    -0.6844     3.3998
     2.7686    -1.9148    -0.7201     2.9664
     3.0883    -2.1244    -0.7469     2.5142
     3.2748    -2.2976    -0.8361     2.0717
     3.3369    -2.4525    -0.8093     1.5351
     3.3547    -2.4889    -0.8182     1.0363
     3.3458    -2.5436    -0.8048     0.5002
     3.3458    -2.5891    -0.7915     0.0676
     3.2481    -2.5982    -0.7825    -0.2708
     3.1061    -2.4889    -0.7379    -0.6561
     2.7953    -2.4525    -0.6666    -1.0695
     2.5643    -2.3340    -0.6131    -1.4828
     2.2179    -2.1336    -0.5149    -1.8021
     1.7915    -1.9512    -0.4257    -2.1119
     1.4450    -1.7507    -0.3276    -2.3841
     1.0717    -1.5318    -0.2383    -2.6094
     0.8051    -1.2216    -0.1491    -2.8439
     0.4673    -0.9021    -0.0331    -2.9377
     0.0850    -0.5094     0.1097    -3.0409
    -0.2707    -0.0891     0.1989    -3.0363
    -0.7154     0.3314     0.3774    -3.0316
    -1.0801     0.6333     0.4577    -3.0316
    -1.3470     1.0817     0.5827    -2.9377
    -1.5961     1.4388     0.6809    -2.7970
    -1.8364     1.8602     0.7702    -2.6750
    -2.0677     2.1627     0.7880    -2.4967
    -2.2725     2.5570     0.8059    -2.2715
    -2.4238     2.7588     0.7969    -2.0087
    -2.5751     2.8047     0.8416    -1.7082
    -2.7086     2.7680     0.8059    -1.3326
    -2.7442     2.8322     0.8594    -0.9192
    -2.7531     2.9240     0.8237    -0.4588
    -2.7620     2.8964     0.8684     0.0958
    -2.6819     2.9240     0.8684     0.5284
    -2.5217     2.8505     0.8505     0.9893
    -2.4772     2.8138     0.8416     1.4504
    -2.2903     2.7221     0.8416     1.9587
    -2.0855     2.3460     0.8237     2.4577
    -1.8275     2.0160     0.8059     2.9381
    -1.5961     1.5670     0.7434     3.4187
    -1.2758     1.1824     0.6809     3.5883
    -0.9644     0.8712     0.5648     3.6732
    -0.6264     0.5052     0.4131     3.8051
    -0.2173     0.2308     0.3149     3.9183
     0.0405    -0.1440     0.1721     3.9654
     0.5117    -0.4912     0.0115     3.8994
     0.9295    -0.8199    -0.1045     3.9277
     1.3383    -1.1851    -0.2562     3.8429
     1.6227    -1.4405    -0.3543     3.6543
     2.0936    -1.6503    -0.5149     3.2114
     2.4133    -1.8874    -0.5952     2.7309
     2.8219    -1.9968    -0.7023     2.2788
     3.1061    -2.1244    -0.7647     1.8175
     3.3192    -2.2703    -0.8807     1.2528
     3.3280    -2.3705    -0.9520     0.7447
     3.3458    -2.3796    -1.0234     0.2463
     3.3547    -2.4160    -1.1126    -0.1768
     3.3813    -2.3249    -1.1126    -0.4964
     3.3369    -2.2611    -1.1126    -0.9098
     3.2215    -2.1244    -1.1036    -1.2856
     2.8841    -2.0242    -1.1126    -1.6894
     2.5199    -1.9057    -1.0858    -1.9617
     2.1469    -1.6595    -0.9966    -2.2339
     1.7826    -1.4497    -0.9342    -2.4874
     1.3472    -1.2216    -0.8896    -2.6563
     1.0451    -1.0025    -0.7736    -2.8439
     0.7962    -0.6738    -0.6844    -2.9096
     0.4584    -0.3267    -0.5417    -2.9659
     0.1383    -0.0708    -0.4525    -2.9518
    -0.3063     0.2857    -0.2830    -2.9377
    -0.6620     0.6699    -0.1580    -2.8627
    -1.0000     0.9627    -0.0420    -2.7970
    -1.3559     1.2831     0.1275    -2.6375
    -1.5427     1.6220     0.2614    -2.4686
    -1.7830     1.9243     0.4488    -2.3184
    -2.0143     2.1352     0.5827    -2.1401
    -2.1656     2.4286     0.7345    -1.8303
    -2.3704     2.6395     0.8148    -1.4828
    -2.5217     2.7496     0.8505    -1.0977
    -2.5662     2.8047     0.8416    -0.7031
    -2.6908     2.8689     0.8951    -0.2050
    -2.7175     2.8505     0.9844     0.2275
    -2.6463     2.7496     1.0201     0.5754
    -2.5929     2.6579     1.0826     0.9893
    -2.4505     2.4836     1.0826     1.4221
    -2.3437     2.2819     1.0826     1.8551
    -2.2457     2.0618     1.0916     2.2223
    -1.9788     1.8144     1.1362     2.5802
    -1.7385     1.5670     1.1362     2.9099
    -1.5071     1.3014     1.0648     3.2491
    -1.1868     1.0085     1.0648     3.4187
    -0.8577     0.8071     1.0469     3.6166
    -0.5642     0.5235     0.9666     3.6920
    -0.1551     0.3131     0.8148     3.6826
     0.1739    -0.0251     0.6630     3.5318
     0.5117    -0.2993     0.5202     3.3716
     0.9917    -0.5186     0.3060     3.1737
     1.3383    -0.8291     0.1543     2.9193
     1.8093    -1.1120    -0.0688     2.6084
     2.1824    -1.2946    -0.2294     2.2882
     2.5555    -1.4679    -0.3811     1.9587
     2.9551    -1.5865    -0.5149     1.5821
     3.2126    -1.7689    -0.6666     1.2245
     3.3369    -1.9239    -0.8450     0.7635
     3.3547    -1.9786    -0.9699     0.3497
     3.3902    -2.0424    -1.0412     0.0770
     3.3636    -2.0880    -1.1661    -0.2708
     3.3991    -2.0698    -1.2463    -0.5904
     3.3547    -2.0151    -1.3177    -0.9850
     3.2393    -1.9968    -1.3623    -1.2480
     2.9018    -1.9330    -1.3712    -1.5016
     2.5022    -1.8145    -1.4336    -1.7552
     2.1646    -1.7142    -1.3979    -1.9899
     1.7737    -1.5135    -1.3266    -2.1682
     1.3828    -1.3858    -1.2731    -2.2903
     1.0984    -1.1942    -1.1750    -2.4123
     0.8228    -0.9660    -1.0501    -2.4404
     0.6006    -0.6738    -0.9342    -2.5249
     0.2006    -0.4455    -0.7915    -2.5155
    -0.1729    -0.1714    -0.6577    -2.5530
    -0.5553     0.1486    -0.4792    -2.4967
    -0.9111     0.4229    -0.3008    -2.4498
    -1.1868     0.7522    -0.0956    -2.3090
    -1.4448     1.0176     0.1364    -2.1495
    -1.7118     1.2739     0.3239    -2.0368
    -1.8987     1.5853     0.5827    -1.7458
    -2.1478     1.7502     0.7612    -1.5955
    -2.2903     1.9885     0.9934    -1.3232
    -2.4149     2.1352     1.1184    -0.9662
    -2.6018     2.2910     1.1184    -0.6373
    -2.6374     2.4836     1.2434    -0.3272
    -2.6641     2.5019     1.3327    -0.0922
    -2.6908     2.5661     1.5291     0.3027
    -2.5662     2.6304     1.6274     0.5942
    -2.4683     2.4653     1.7167     0.8858
    -2.4327     2.4011     1.7524     1.2339
    -2.2368     2.3460     1.7971     1.5727
    -2.0321     2.1260     1.8328     1.9022
    -1.8453     1.9610     1.7792     2.1470
    -1.5249     1.7869     1.8149     2.4766
    -1.3292     1.4663     1.7703     2.7026
    -0.9289     1.1275     1.7792     2.9004
    -0.5820     0.9444     1.6810     3.0606
    -0.1729     0.6699     1.5738     3.2019
     0.1917     0.2674     1.3505     3.2114
     0.6184    -0.1074     1.1362     3.1737
     0.9917    -0.3815     0.9755     3.1266
     1.4183    -0.7195     0.7255     2.9476
     1.8892    -0.9295     0.4667     2.8157
     2.3068    -1.2033     0.2257     2.6084
     2.6709    -1.4497    -0.0242     2.3165
     3.0439    -1.6686    -0.2651     2.0246
     3.3192    -1.8692    -0.4792     1.6198
     3.3902    -1.9968    -0.6933     1.2622
     3.4701    -2.1609    -0.8539     0.8012
     3.4435    -2.2429    -1.0680     0.4249
     3.4701    -2.3158    -1.1750     0.0676
     3.3902    -2.3158    -1.3890    -0.2144
     3.3813    -2.3295    -1.4158    -0.5058
     3.1771    -2.3432    -1.5228    -0.8347
     2.8219    -2.2429    -1.6208    -1.1729
     2.5732    -2.1700    -1.5941    -1.4171
     2.1646    -2.0151    -1.6298    -1.7270
     1.8448    -1.9148    -1.5673    -1.9523
     1.5516    -1.6868    -1.5049    -2.1213
     1.2139    -1.4953    -1.3890    -2.2809
     0.9917    -1.3037    -1.2731    -2.4498
     0.6451    -0.9569    -1.2285    -2.5718
     0.3161    -0.5916    -1.0323    -2.6281
    -0.0573    -0.2902    -0.8539    -2.6657
    -0.4575     0.0480    -0.6131    -2.6844
    -0.8310     0.4412    -0.3811    -2.5906
    -1.1068     0.7797    -0.1134    -2.5249
    -1.3915     1.1641     0.1186    -2.4404
    -1.5961     1.4388     0.3685    -2.3372
    -1.8275     1.7869     0.6720    -2.1589
    -2.0410     2.0893     0.9398    -1.9148
    -2.2368     2.2910     1.2255    -1.5955
    -2.4060     2.5570     1.5559    -1.2950
    -2.5217     2.8047     1.7703    -0.9098
    -2.6641     2.9331     1.7971    -0.6092
    -2.6552     2.9240     1.9400    -0.2332
    -2.6819     2.9423     2.0650     0.0300
    -2.5751     2.9056     2.2705     0.4155
    -2.4861     2.8505     2.4224     0.8482
    -2.4505     2.7771     2.5564     1.2904
    -2.3437     2.5019     2.5654     1.7704
    -2.0766     2.2543     2.5743     2.1564
    -1.8364     1.9793     2.5743     2.6178
    -1.5338     1.6495     2.6011     2.9099
    -1.2402     1.2007     2.5832     3.2491
    -1.0000     0.8163     2.4760     3.5978
    -0.5464     0.4961     2.2705     3.8523
    -0.2085     0.1303     1.9757     3.9277
     0.2183    -0.1988     1.6720     3.9560
     0.6184    -0.4637     1.4130     3.9277
     0.9651    -0.8291     1.1719     3.8240
     1.4894    -1.2033     0.8416     3.5601
     1.8626    -1.4770     0.5291     3.2679
     2.2890    -1.6503     0.1811     2.9476
     2.6532    -1.8510    -0.1134     2.5613
     3.0439    -2.0424    -0.4703     2.1752
     3.3280    -2.2611    -0.7469     1.7045
     3.3991    -2.3432    -0.9699     1.1681
     3.4079    -2.4616    -1.2285     0.6883
     3.4168    -2.4343    -1.4693     0.1804
     3.4523    -2.4343    -1.7011    -0.1768
     3.4079    -2.4160    -1.8705    -0.4776
     3.3547    -2.3887    -2.0042    -0.7971
     3.2393    -2.2885    -2.0488    -1.1917
     2.9729    -2.1427    -2.1022    -1.5767
     2.6354    -1.9330    -2.1646    -1.8772
     2.3334    -1.7780    -2.1736    -2.1401
     1.9692    -1.6047    -2.1290    -2.3841
     1.7026    -1.3219    -1.9864    -2.5718
     1.2939    -0.9843    -1.9061    -2.6657
     0.9917    -0.7104    -1.7011    -2.8064
     0.6806    -0.4546    -1.5317    -2.8345
     0.2806    -0.1988    -1.2731    -2.8392
    -0.0573     0.2034    -1.0858    -2.8439
    -0.5197     0.6424    -0.7825    -2.7970
    -0.8577     0.9627    -0.4703    -2.6844
    -1.2224     1.2739    -0.1313    -2.5249
    -1.4982     1.6128     0.2257    -2.4123
    -1.7385     1.8694     0.6006    -2.2152
    -1.9788     2.1077     0.9666    -1.9899
    -2.1923     2.3460     1.2969    -1.6894
    -2.4060     2.5111     1.7256    -1.3701
    -2.5128     2.6946     2.1186    -0.9192
    -2.6196     2.7588     2.4760    -0.5622
    -2.7620     2.8414     2.5386    -0.1486
    -2.7353     2.8781     2.7798     0.2275
    -2.7620     2.8230     2.9765     0.6695
    -2.6374     2.7221     3.1731     1.0646
    -2.5662     2.5845     3.3608     1.4692
    -2.4594     2.4744     3.4323     1.8834
    -2.2636     2.2177     3.5128     2.3259
    -2.0677     1.9885     3.4681     2.6555
    -1.8453     1.7961     3.4681     3.0041
    -1.6050     1.4846     3.4144     3.2396
    -1.2580     1.2373     3.2446     3.5035
    -0.9467     0.9627     2.8781     3.5978
    -0.5731     0.7522     2.4939     3.7015
    -0.2351     0.4503     2.0650     3.6637
     0.1383     0.0114     1.5916     3.5695
     0.5206    -0.1896     1.0916     3.4941
     0.9206    -0.4912     0.6095     3.2773
     1.4005    -0.7104     0.2078     3.0135
     1.7382    -1.0573    -0.1045     2.7309
     2.1291    -1.2763    -0.5238     2.4766
     2.5199    -1.4588    -0.8717     2.0811
     2.8308    -1.6139    -1.2998     1.7327
     3.1949    -1.7780    -1.6565     1.3186
     3.3280    -1.9239    -1.9685     0.9329
     3.4435    -2.0880    -2.2270     0.4814
     3.4523    -2.0606    -2.4677     0.1898
     3.4168    -2.0880    -2.7172    -0.0828
     3.4346    -2.0971    -2.8330    -0.3742
     3.3369    -2.1336    -2.9578    -0.6655
     3.0794    -2.0515    -2.9934    -0.9756
     2.7597    -1.9877    -3.0380    -1.2668
     2.4311    -1.8418    -2.9934    -1.5016
     2.1202    -1.7142    -2.8865    -1.7270
     1.7293    -1.5500    -2.7439    -1.9617
     1.4272    -1.3858    -2.5746    -2.0650
     1.0273    -1.1668    -2.4320    -2.2246
     0.8317    -0.9204    -2.1379    -2.3278
     0.5295    -0.5916    -1.8437    -2.3747
     0.1828    -0.2719    -1.5406    -2.3372
    -0.1996    -0.0160    -1.1839    -2.2527
    -0.6442     0.3497    -0.8093    -2.2339
    -0.9911     0.7065    -0.3722    -2.2339
    -1.2491     1.0085     0.0650    -2.1589
    -1.5427     1.4205     0.5291    -2.0180
    -1.7741     1.6861     1.0916    -1.9054
    -2.0143     2.0435     1.5738    -1.6706
    -2.2101     2.3277     2.0918    -1.4734
    -2.4238     2.5111     2.4939    -1.2105
    -2.5662     2.8322     2.9854    -0.8816
    -2.7442     2.9056     3.3161    -0.5340
    -2.7798     2.9331     3.4323    -0.2990
    -2.8065     2.9698     3.6290     0.0206
    -2.8244     2.9515     3.8615     0.4155
    -2.7353     2.9607     4.0045     0.7541
    -2.6997     2.9240     4.0224     1.1116
    -2.5929     2.9331     4.0135     1.4692
    -2.4594     2.8138     3.9956     1.9210
    -2.2547     2.5753     3.9509     2.2506
    -2.0232     2.2727     3.7184     2.6084
    -1.7118     1.9702     3.2804     2.9004
    -1.3915     1.5395     2.7977     3.2302
    -1.0623     1.2099     2.2973     3.4564
    -0.6531     0.8986     1.7971     3.6543
    -0.3241     0.5509     1.1630     3.8523
     0.0583     0.2308     0.6006     3.8711
     0.4406    -0.1805     0.0740     3.8429
     0.9028    -0.5460    -0.4436     3.7769
     1.3383    -0.8473    -0.8539     3.5695
     1.6938    -1.0755    -1.2196     3.3433
     2.1113    -1.3676    -1.5495     3.0418
     2.4755    -1.5044    -1.9150     2.7309
     2.7775    -1.7415    -2.2716     2.3165
     3.0350    -1.8874    -2.5122     1.9210
     3.2481    -2.0971    -2.7528     1.4598
     3.3280    -2.1336    -2.9578     1.0646
     3.3813    -2.1427    -3.0647     0.6036
     3.3458    -2.1427    -3.2696     0.2181
     3.3369    -2.1336    -3.2785    -0.1392
     3.2215    -2.1518    -3.2518    -0.4588
     2.9729    -2.0698    -3.1716    -0.8065
     2.7597    -1.9512    -3.0914    -1.2011
     2.4489    -1.7871    -2.9221    -1.4547
     2.1202    -1.6777    -2.7974    -1.7552
     1.7026    -1.4679    -2.4498    -1.9993
     1.3294    -1.3311    -2.1736    -2.2339
     1.0184    -1.0664    -1.9329    -2.3278
     0.7429    -0.7377    -1.5495    -2.4874
     0.4495    -0.4546    -1.2820    -2.5437
     0.0672    -0.1165    -0.8361    -2.5906
    -0.3241     0.2400    -0.4614    -2.6187
    -0.6798     0.5784     0.1275    -2.5812
    -1.0178     0.8986     0.7077    -2.4874
    -1.3292     1.2739     1.2434    -2.4123
    -1.6584     1.5304     1.6452    -2.3560
    -1.8542     1.8877     2.1186    -2.1025
    -2.0855     2.0710     2.5386    -1.9335
    -2.2636     2.4286     2.9139    -1.6519
    -2.4861     2.6395     3.3340    -1.3420
    -2.6374     2.8414     3.6737    -1.0320
    -2.7264     2.8964     3.8168    -0.7971
    -2.8065     2.8781     3.8704    -0.3836
    -2.9045     2.8873     3.8704    -0.0358
    -2.8689     2.9240     3.8704     0.4249
    -2.7798     2.9240     3.9062     0.8012
    -2.6552     2.8597     3.8704     1.2339
    -2.5306     2.7496     3.7989     1.6763
    -2.3437     2.5478     3.5038     2.1564
    -2.1478     2.2819     3.2446     2.5331
    -1.9432     2.0160     2.8781     2.8157
    -1.6228     1.7961     2.5028     3.1548
    -1.3826     1.5121     1.9489     3.4470
    -1.0000     1.1366     1.5113     3.6449
    -0.5464     0.8254     0.9755     3.7015
    -0.1907     0.4412     0.5113     3.7486
     0.1383     0.0937     0.0918     3.7297
     0.5562    -0.1988    -0.2205     3.6166
     0.9917    -0.3998    -0.5238     3.4470
     1.3650    -0.6738    -0.9253     3.2114
     1.8537    -0.9021    -1.3444     2.8816
     2.1557    -1.2124    -1.6298     2.5990
     2.5910    -1.4405    -1.9150     2.2035
     2.8841    -1.7051    -2.1022     1.7986
     3.0972    -1.8510    -2.2270     1.4127
     3.3280    -2.0151    -2.4498     1.0175
     3.3325    -2.1244    -2.5657     0.5754
     3.3369    -2.1882    -2.6459     0.2087
     3.3458    -2.1882    -2.6994    -0.1204
     3.3547    -2.2247    -2.6103    -0.3648
     3.2836    -2.2156    -2.6192    -0.7501
     3.0439    -2.2065    -2.5033    -1.0695
     2.7597    -2.1062    -2.4409    -1.3701
     2.4933    -2.0515    -2.2270    -1.6519
     2.0936    -1.9148    -2.1022    -1.8960
     1.8004    -1.7689    -1.7902    -2.1119
     1.4005    -1.6321    -1.4336    -2.2246
     1.1339    -1.3493    -1.1571    -2.3935
     0.8228    -1.1577    -0.9163    -2.4967
     0.5028    -0.8838    -0.6041    -2.6469
     0.0850    -0.5186    -0.3097    -2.6281
    -0.2707    -0.1622     0.1811    -2.6469
    -0.6087     0.1577     0.6273    -2.5718
    -0.9733     0.5784     1.0291    -2.4874
    -1.2491     0.9169     1.3505    -2.4217
    -1.5694     1.2465     1.7167    -2.3935
    -1.7652     1.6037     2.0114    -2.2152
    -1.9877     1.8419     2.3420    -2.0931
    -2.1478     2.1260     2.5922    -1.8303
    -2.3081     2.4377     2.8692    -1.5674
    -2.4594     2.6395     3.0748    -1.2480
    -2.5662     2.7404     3.2804    -0.9192
    -2.6997     2.8505     3.3787    -0.5810
    -2.6730     2.9056     3.4413    -0.3460
    -2.7086     2.8689     3.4323    -0.0358
    -2.6196     2.8597     3.3608     0.3591
    -2.4772     2.7771     3.2267     0.7541
    -2.3615     2.5753     3.0390     1.1304
    -2.1656     2.3735     2.8781     1.5068
    -2.0499     2.1902     2.6369     1.9304
    -1.7919     1.8969     2.3777     2.2506
    -1.4804     1.5395     2.0293     2.6178
    -1.1957     1.1915     1.6542     2.8533
    -0.8488     0.8529     1.2880     3.1266
    -0.5464     0.5875     0.9844     3.2773
    -0.1284     0.2674     0.6184     3.4375
     0.2272    -0.1074     0.3863     3.4564
     0.6540    -0.4637     0.0026     3.5129
     1.0806    -0.8108    -0.3722     3.3433
     1.5249    -1.0390    -0.6755     3.2491
     1.9070    -1.3219    -0.9788     2.9758
     2.2890    -1.5865    -1.2017     2.6744
     2.6976    -1.8327    -1.4158     2.3730
     3.0794    -2.0333    -1.6832     1.9775
     3.2836    -2.2338    -1.8259     1.4974
     3.3458    -2.2611    -1.9953     1.0081
     3.4257    -2.3067    -2.0844     0.5754
     3.4079    -2.3432    -2.2538     0.1240
     3.4168    -2.3978    -2.3607    -0.2426
     3.4079    -2.3614    -2.4498    -0.5528
     3.3991    -2.3614    -2.3964    -0.8253
     3.2126    -2.3067    -2.3875    -1.2292
     2.9196    -2.2520    -2.2359    -1.5486
     2.5910    -2.0789    -2.1379    -1.8772
     2.2357    -1.9330    -1.9953    -2.0931
     1.9603    -1.8327    -1.8883    -2.3747
     1.5427    -1.5865    -1.6743    -2.4874
     1.2939    -1.3493    -1.4603    -2.6094
     0.9562    -1.0573    -1.2017    -2.7782
     0.6629    -0.7377    -0.9163    -2.7407
     0.2183    -0.4181    -0.5328    -2.7876
    -0.0840    -0.0617    -0.2830    -2.7595
    -0.4841     0.2857     0.0829    -2.6469
    -0.8577     0.6607     0.4220    -2.5530
    -1.1068     0.9627     0.6809    -2.4592
    -1.3915     1.2831     0.9755    -2.2715
    -1.6228     1.5670     1.3059    -2.1589
    -1.8631     1.7502     1.5827    -1.9335
    -1.9877     2.0252     1.9311    -1.7270
    -2.2012     2.2360     2.2169    -1.4171
    -2.3526     2.4102     2.4671    -1.1353
    -2.4950     2.6028     2.6547    -0.6937
    -2.5662     2.6762     2.8156    -0.3648
    -2.6552     2.7955     2.9675     0.0112
    -2.6107     2.7771     3.0480     0.3591
    -2.5039     2.7313     3.0480     0.7353
    -2.4505     2.7221     3.0480     1.0928
    -2.3437     2.6120     3.0033     1.4974
    -2.1567     2.4377     2.9050     1.8928
    -1.9521     2.1993     2.7798     2.2600
    -1.7385     2.0160     2.5207     2.5613
    -1.5160     1.7686     2.2795     2.8533
    -1.1779     1.4022     2.0025     3.0418
    -0.9467     1.1091     1.6810     3.2679
    -0.5553     0.8346     1.2880     3.3904
    -0.1195     0.5052     0.8862     3.5129
     0.2539     0.2034     0.5470     3.4658
     0.6273    -0.2171     0.1543     3.4093
     1.0273    -0.5094    -0.1447     3.2491
     1.4894    -0.8656    -0.4436     3.0323
     1.9248    -1.1212    -0.8182     2.8910
     2.3689    -1.4041    -1.0769     2.5708
     2.7331    -1.6047    -1.4068     2.2788
     3.1149    -1.8601    -1.6565     1.7986
     3.3103    -1.9786    -1.9596     1.3657
     3.3902    -2.1062    -2.1736     1.0081
     3.3458    -2.2156    -2.4320     0.5942
     3.3991    -2.2429    -2.5568     0.2745
     3.3547    -2.2703    -2.7172    -0.0828
     3.3902    -2.2520    -2.7528    -0.4024
     3.3636    -2.3067    -2.7796    -0.7125
     3.1505    -2.2520    -2.7528    -1.0038
     2.8485    -2.1609    -2.7350    -1.2668
     2.5022    -2.0059    -2.6370    -1.5204
     2.2090    -1.8965    -2.5479    -1.8115
     1.9248    -1.6959    -2.3785    -2.0368
     1.5782    -1.5500    -2.1736    -2.2152
     1.2050    -1.2763    -1.9774    -2.3560
     0.9917    -0.9843    -1.7367    -2.4874
     0.5651    -0.6373    -1.4158    -2.5343
     0.2272    -0.3450    -1.1661    -2.6187
    -0.1818     0.0023    -0.8361    -2.5812
    -0.5286     0.4137    -0.4703    -2.5437
    -0.8310     0.6607    -0.0867    -2.5624
    -1.1868     1.0725     0.3239    -2.4310
    -1.4182     1.4479     0.8327    -2.2903
    -1.6762     1.7502     1.1719    -2.1870
    -1.9076     1.9977     1.6006    -1.9711
    -2.1745     2.1993     1.9668    -1.7552
    -2.3170     2.4194     2.3420    -1.5204
    -2.5306     2.6304     2.6815    -1.2292
    -2.5840     2.7588     2.9496    -0.8723
    -2.7442     2.7771     3.3072    -0.4964
    -2.7353     2.8505     3.5485    -0.1674
    -2.6819     2.8414     3.6379     0.1993
    -2.7086     2.7771     3.5843     0.5660
    -2.5662     2.6854     3.6737     0.9705
    -2.5395     2.6120     3.6201     1.3657
    -2.3437     2.4286     3.5575     1.8269
    -2.1567     2.1810     3.4502     2.2317
    -1.8987     1.9977     3.1999     2.6461
    -1.5872     1.7044     2.8424     2.9476
    -1.3648     1.4388     2.4582     3.2396
    -1.0000     1.1091     2.0561     3.4658
    -0.6442     0.8712     1.5648     3.7109
    -0.3330     0.5509     1.0559     3.7769
     0.0939     0.2308     0.6363     3.7674
     0.4851    -0.1714     0.1811     3.6543
     0.8228    -0.5003    -0.2294     3.5035
     1.2850    -0.8382    -0.5328     3.2302
     1.6493    -1.1029    -0.8807     2.9381
     2.0491    -1.3949    -1.2820     2.5802
     2.4666    -1.5865    -1.5763     2.2694
     2.8219    -1.7324    -1.9507     1.7986
     3.1327    -1.9239    -2.1736     1.3939
     3.3103    -2.0971    -2.4588     0.8764
     3.3014    -2.1974    -2.5924     0.5284
     3.3192    -2.2611    -2.7617     0.0958
     3.3014    -2.3796    -2.8152    -0.1956
     3.2881    -2.3523    -2.8687    -0.5152
     3.2748    -2.2976    -2.7796    -0.8535
     3.0528    -2.2429    -2.7350    -1.2105
     2.7242    -2.0971    -2.6013    -1.4453
     2.3600    -2.0242    -2.5390    -1.6894
     2.0403    -1.9604    -2.3518    -1.9805
     1.6316    -1.7507    -2.1914    -2.1589
     1.3561    -1.5865    -1.9329    -2.3184
     0.9384    -1.3949    -1.7457    -2.4217
     0.7162    -1.1212    -1.4158    -2.5155
     0.4495    -0.8291    -1.0947    -2.6469
     0.0494    -0.4546    -0.7290    -2.7032
    -0.3507    -0.1622    -0.3365    -2.7501
    -0.7954     0.2308     0.0829    -2.6469
    -1.1513     0.5235     0.5470    -2.5530
    -1.4093     0.8346     1.0201    -2.4498
    -1.6851     1.1275     1.4666    -2.3653
    -1.8898     1.5029     1.8239    -2.2621
    -2.1656     1.8235     2.1901    -2.0838
    -2.2992     2.0252     2.4760    -1.8115
    -2.5395     2.2452     2.7977    -1.5298
    -2.6641     2.4653     3.0480    -1.1917
    -2.8333     2.6579     3.2893    -0.8347
    -2.8689     2.7037     3.5038    -0.5152
    -2.9045     2.7221     3.5754    -0.2426
    -2.8422     2.7221     3.6022     0.0958
    -2.7709     2.7129     3.5575     0.4720
    -2.7175     2.6212     3.5128     0.8482
    -2.6374     2.4653     3.3429     1.2433
    -2.5306     2.3277     3.0837     1.6292
    -2.3170     2.0435     2.8067     2.0528
    -2.0677     1.7686     2.4671     2.3636
    -1.7385     1.4846     2.1454     2.6744
    -1.4715     1.2007     1.6720     2.9099
    -1.1157     0.8986     1.2612     3.1266
    -0.7243     0.6150     0.8327     3.3245
    -0.3063     0.3772     0.3863     3.3716
     0.0227    -0.0251     0.0026     3.3998
     0.4317    -0.3358    -0.3008     3.3433
     0.8940    -0.5916    -0.5863     3.2208
     1.2583    -0.8838    -0.8896     3.0700
     1.7293    -1.1942    -1.2196     2.8062
     2.2002    -1.4405    -1.5495     2.4954
     2.5110    -1.6868    -1.7724     2.1470
     2.9018    -1.9057    -2.0220     1.7798
     3.0972    -2.0971    -2.2359     1.3469
     3.2304    -2.2247    -2.5033     0.9517
     3.3103    -2.2794    -2.5835     0.4531
     3.3103    -2.3432    -2.7172     0.0582
     3.3014    -2.3705    -2.7617    -0.3084
     3.2481    -2.3796    -2.8063    -0.5528
     3.2304    -2.3614    -2.7617    -0.9192
     2.9729    -2.3249    -2.7261    -1.2105
     2.7420    -2.2611    -2.5390    -1.5486
     2.4045    -2.0880    -2.4231    -1.8303
     2.0936    -1.9604    -2.3162    -2.1307
     1.7115    -1.8601    -2.1468    -2.3184
     1.2850    -1.6321    -1.9061    -2.4592
     0.9739    -1.4588    -1.7100    -2.6281
     0.6806    -1.1942    -1.4336    -2.7407
     0.3517    -0.9021    -1.1304    -2.8252
    -0.0395    -0.6373    -0.8004    -2.8533
    -0.3596    -0.2810    -0.5417    -2.8158
    -0.7154     0.1028    -0.1759    -2.7689
    -1.0445     0.4412     0.2525    -2.7220
    -1.3826     0.7248     0.6809    -2.6469
    -1.6673     1.1000     0.9755    -2.3935
    -1.8364     1.4296     1.3237    -2.2246
    -2.0410     1.7594     1.6006    -1.9711
    -2.1745     2.0343     1.9846    -1.7176
    -2.4149     2.2177     2.2348    -1.3701
    -2.5217     2.4469     2.5654    -1.0789
    -2.6196     2.6304     2.8067    -0.7595
    -2.7175     2.6946     3.0301    -0.3554
    -2.7620     2.7313     3.1910     0.0300
    -2.8065     2.7680     3.3787     0.3873
    -2.7175     2.6946     3.4055     0.6789
    -2.6196     2.6579     3.3966     1.0646
    -2.4772     2.4653     3.3698     1.4504
    -2.3526     2.3277     3.1820     1.8363
    -2.2279     2.1077     3.0301     2.2223
    -1.9699     1.7961     2.7977     2.5142
    -1.7029     1.4754     2.5207     2.7968
    -1.3737     1.1275     2.1991     3.0418
    -1.0445     0.8071     1.8239     3.2491
    -0.7065     0.5326     1.4845     3.3810
    -0.3418     0.2766     1.0559     3.5224
     0.0494    -0.0617     0.6809     3.5035
     0.4584    -0.4455     0.3596     3.4470
     0.9117    -0.6190     0.0472     3.3433
     1.3916    -0.9112    -0.2740     3.1925
     1.8448    -1.1029    -0.6933     2.9476
     2.1913    -1.2946    -1.0055     2.6649
     2.5732    -1.5226    -1.3801     2.4012
     2.9018    -1.7689    -1.6476     2.0246
     3.1149    -1.9512    -1.9596     1.6104
     3.1860    -2.1153    -2.1201     1.1775
     3.2304    -2.1427    -2.3162     0.7447
     3.2393    -2.2703    -2.4498     0.3309
     3.2393    -2.2794    -2.6370    -0.0076
     3.2748    -2.3158    -2.7350    -0.3460
     3.2393    -2.3432    -2.7617    -0.6843
     3.1238    -2.2611    -2.7617    -0.9850
     2.8752    -2.1700    -2.6192    -1.3044
     2.4311    -1.9968    -2.5746    -1.5861
     2.1291    -1.8145    -2.4677    -1.8584
     1.6582    -1.6686    -2.3607    -2.1495
     1.2850    -1.4497    -2.1290    -2.3184
     0.8940    -1.2581    -1.9150    -2.4592
     0.6984    -1.0025    -1.6030    -2.5812
     0.2984    -0.7012    -1.3444    -2.6281
     0.0050    -0.3998    -0.9877    -2.6563
    -0.3774    -0.0800    -0.6309    -2.6750
    -0.6976     0.3497    -0.2562    -2.6281
    -1.0534     0.6516     0.1097    -2.5906
    -1.3203     0.9535     0.6273    -2.4967
    -1.5427     1.3564     1.0291    -2.3560
    -1.7919     1.6037     1.4220    -2.2152
    -2.0677     1.8694     1.8864    -2.0368
    -2.2101     2.1810     2.2169    -1.7833
    -2.4683     2.4377     2.5654    -1.5016
    -2.6196     2.6028     2.9318    -1.2668
    -2.7709     2.6854     3.1642    -0.9380
    -2.8333     2.7313     3.4144    -0.5998
    -2.8288     2.7404     3.5396    -0.1768
    -2.8244     2.8047     3.5396     0.1804
    -2.8333     2.7863     3.5754     0.5660
    -2.7175     2.6670     3.5307     0.8576
    -2.6997     2.6028     3.5396     1.2998
    -2.5662     2.4286     3.3966     1.6104
    -2.3526     2.1168     3.1999     2.0340
    -2.1033     1.8877     2.8692     2.3636
    -1.8720     1.5579     2.5654     2.5990
    -1.5605     1.2373     2.1008     2.8533
    -1.3114     0.8895     1.5738     3.0041
    -0.9022     0.6058     1.0737     3.1737
    -0.5108     0.3497     0.6095     3.2679
    -0.1462    -0.0708     0.0918     3.2396
     0.2717    -0.3450    -0.3008     3.2114
     0.6806    -0.6373    -0.5863     3.1077
     1.1784    -0.9295    -0.8450     2.9570
     1.5960    -1.1851    -1.2285     2.6838
     2.0403    -1.3767    -1.5228     2.4201
     2.3600    -1.6412    -1.8794     2.0434
     2.7420    -1.8418    -2.1557     1.7233
     2.9640    -2.0698    -2.4142     1.2998
     3.1771    -2.2429    -2.6281     0.8952
     3.1860    -2.3796    -2.7528     0.3873
     3.1904    -2.4434    -2.8509     0.0112
     3.1949    -2.5254    -2.8687    -0.4306
     3.1416    -2.4889    -2.8687    -0.6843
     3.0528    -2.4616    -2.7617    -0.9850
     2.9107    -2.3796    -2.6815    -1.2762
     2.5999    -2.2885    -2.5211    -1.6894
     2.3334    -2.1882    -2.4588    -1.9523
     1.9692    -2.0242    -2.2894    -2.2715
     1.6493    -1.8601    -2.0666    -2.4967
     1.2050    -1.6139    -1.8170    -2.6938
     0.9295    -1.4223    -1.4871    -2.7970
     0.6540    -1.1577    -1.2374    -2.9096
     0.3339    -0.8838    -0.9609    -2.9284
    -0.0217    -0.5551    -0.6220    -2.9096
    -0.4308    -0.2445    -0.2830    -2.8815
    -0.7776     0.1120     0.1543    -2.7782
    -1.1157     0.4595     0.5559    -2.7313
    -1.4626     0.7888     0.8951    -2.6281
    -1.7118     1.0451     1.2612    -2.4592
    -1.8987     1.4479     1.6810    -2.2621
    -2.0944     1.6861     1.9936    -1.9993
    -2.3081     1.9702     2.3420    -1.7458
    -2.5395     2.1902     2.6815    -1.5486
    -2.6908     2.4011     2.8960    -1.2292
    -2.8065     2.6028     3.1642    -0.8816
    -2.9134     2.7221     3.2535    -0.4400
    -2.9045     2.7359     3.3698    -0.1016
    -2.8956     2.7496     3.3698     0.3591
    -2.8956     2.6212     3.3698     0.6601
    -2.8778     2.6120     3.3608     1.0552
    -2.7976     2.4469     3.2267     1.4221
    -2.6641     2.2635     3.0926     1.7704
    -2.4594     1.9518     2.9586     2.0717
    -2.2101     1.7502     2.7084     2.4201
    -1.9610     1.4205     2.4045     2.6649
    -1.7474     1.1275     2.0382     2.9664
    -1.4626     0.7797     1.6631     3.0983
    -1.1068     0.5235     1.2702     3.2302
    -0.7065     0.2766     0.8773     3.3904
    -0.3063    -0.0983     0.4845     3.4093
     0.1117    -0.3907     0.1275     3.3339
     0.5384    -0.6464    -0.1402     3.2773
     1.0362    -0.9295    -0.4346     3.1077
     1.4894    -1.1486    -0.8093     2.8816
     1.8359    -1.3493    -1.1304     2.6744
     2.2179    -1.5956    -1.3801     2.3541
     2.5555    -1.7324    -1.7189     2.0340
     2.8219    -1.9604    -1.9953     1.6386
     2.9729    -2.0515    -2.3251     1.2904
     3.1949    -2.1062    -2.4409     0.8200
     3.1860    -2.1882    -2.5924     0.4437
     3.2393    -2.2065    -2.7261     0.0206
     3.1860    -2.2065    -2.7617    -0.2708
     3.1771    -2.1791    -2.7796    -0.6749
     2.9729    -2.1153    -2.7172    -1.0038
     2.7420    -2.0789    -2.6637    -1.3795
     2.4222    -2.0059    -2.5033    -1.6331
     2.1024    -1.8783    -2.4498    -1.9711
     1.7026    -1.7415    -2.2092    -2.1682
     1.4183    -1.5409    -2.0577    -2.4123
     1.0095    -1.3219    -1.8616    -2.5530
     0.7784    -1.0208    -1.6387    -2.6563
     0.4584    -0.7104    -1.3623    -2.6563
     0.0939    -0.4455    -1.1036    -2.6281
    -0.2618    -0.1440    -0.7647    -2.6844
    -0.6709     0.1760    -0.3811    -2.6281
    -0.9555     0.4961    -0.0242    -2.6281
    -1.2491     0.8803     0.4488    -2.5530
    -1.4804     1.2556     0.9219    -2.4310
    -1.7118     1.5212     1.3416    -2.2527
    -1.9343     1.7961     1.7792    -2.0180
    -2.1300     2.1168     2.1454    -1.7833
    -2.3971     2.3369     2.5207    -1.4922
    -2.5573     2.5937     2.8781    -1.1541
    -2.6374     2.7588     3.0837    -0.8629
    -2.7531     2.7404     3.4323    -0.5246
    -2.7798     2.7680     3.4770    -0.2144
    -2.7442     2.7955     3.5575     0.1710
    -2.6641     2.7404     3.5485     0.5848
    -2.6285     2.7129     3.5843     0.8858
    -2.5662     2.5661     3.5396     1.2716
    -2.3882     2.4102     3.3519     1.6198
    -2.2279     2.1260     3.1910     1.9775
    -1.9432     1.8694     2.8960     2.3447
    -1.7385     1.5029     2.5207     2.5990
    -1.4982     1.1641     2.1276     2.7874
    -1.1957     0.7797     1.7435     2.9381
    -0.8043     0.5052     1.2612     3.1360
    -0.4486     0.2308     0.8505     3.1831
    -0.0662    -0.0891     0.3953     3.2208
     0.3606    -0.4181    -0.0420     3.1643
     0.7784    -0.7377    -0.3722     3.0700
     1.1873    -0.9477    -0.6844     2.9476
     1.6849    -1.1942    -0.9966     2.7591
     2.1113    -1.4862    -1.3355     2.5237
     2.5199    -1.7051    -1.7367     2.2694
     2.8485    -1.9148    -1.9864     1.8834
     3.0617    -2.0333    -2.2449     1.4880
     3.1860    -2.2247    -2.4944     1.0740
     3.2570    -2.2794    -2.6370     0.6224
     3.2659    -2.4069    -2.7439     0.1710
     3.3103    -2.4616    -2.8152    -0.1580
     3.2570    -2.4798    -2.8598    -0.5246
     3.2393    -2.5163    -2.8330    -0.8723
     3.1860    -2.4343    -2.7172    -1.2574
     3.0261    -2.3432    -2.6459    -1.5674
     2.6798    -2.2794    -2.5390    -1.8866
     2.3156    -2.1427    -2.3429    -2.1589
     1.9870    -1.9877    -2.1379    -2.4310
     1.5871    -1.7689    -1.9418    -2.5718
     1.3117    -1.5226    -1.6832    -2.6750
     1.0628    -1.2672    -1.4068    -2.7782
     0.6629    -0.9751    -1.1126    -2.8815
     0.2984    -0.6556    -0.8539    -2.9190
    -0.0662    -0.3176    -0.5149    -2.8627
    -0.4664     0.0297    -0.0599    -2.8627
    -0.7954     0.3314     0.3596    -2.7220
    -1.0801     0.7248     0.8416    -2.5718
    -1.2936     1.0268     1.2523    -2.3935
    -1.5694     1.3289     1.6095    -2.2621
    -1.7830     1.6678     1.9132    -1.9805
    -2.0321     2.0160     2.2616    -1.7458
    -2.2368     2.2452     2.6101    -1.4547
    -2.3882     2.5478     2.8603    -1.1165
    -2.4950     2.7129     3.1284    -0.7783
    -2.6641     2.7588     3.3161    -0.4964
    -2.6552     2.7863     3.5307    -0.1204
    -2.6552     2.7680     3.5396     0.3497
    -2.6018     2.7680     3.5396     0.6977
    -2.6018     2.7680     3.5128     1.0646
    -2.5217     2.6487     3.3787     1.3469
    -2.4327     2.4102     3.2088     1.7233
    -2.2101     2.1535     3.0211     2.0622
    -1.9699     1.8785     2.7888     2.4012
    -1.6851     1.6311     2.5118     2.6178
    -1.4893     1.2465     2.1722     2.7968
    -1.1690     0.9352     1.8060     3.0229
    -0.8132     0.6699     1.3148     3.1077
    -0.4486     0.3680     0.9130     3.2396
    -0.1195     0.0206     0.5738     3.2962
     0.3606    -0.2627     0.1811     3.2585
     0.7517    -0.4912    -0.0867     3.1360
     1.1517    -0.7834    -0.4168     3.0889
     1.5871    -0.9021    -0.8093     2.9476
     1.9958    -1.1303    -1.1304     2.6744
     2.4489    -1.3402    -1.4247     2.4201
     2.7153    -1.5318    -1.7367     2.0528
     2.9817    -1.7415    -2.0398     1.6951
     3.2126    -1.8783    -2.2092     1.2433
     3.3014    -2.0242    -2.3964     0.8200
     3.2748    -2.1427    -2.5657     0.3779
     3.3458    -2.2611    -2.6192    -0.0170
     3.3192    -2.3432    -2.6726    -0.3648
     3.3192    -2.3432    -2.7439    -0.7313
     3.1593    -2.3614    -2.7885    -1.1071
     2.9462    -2.2794    -2.7528    -1.4265
     2.5643    -2.2065    -2.5924    -1.7270
     2.2712    -2.1244    -2.4766    -1.9523
     1.8359    -1.9877    -2.2538    -2.2058
     1.5605    -1.8418    -2.0933    -2.4123
     1.1162    -1.6503    -1.7991    -2.6000
     0.9295    -1.3767    -1.5852    -2.7220
     0.6895    -1.1212    -1.3712    -2.8064
     0.2806    -0.7195    -1.0501    -2.8627
    -0.0751    -0.4089    -0.7469    -2.8158
    -0.5019    -0.0434    -0.3722    -2.8439
    -0.8488     0.4229     0.0026    -2.6938
    -1.1157     0.7156     0.4756    -2.5718
    -1.3737     1.0451     0.8684    -2.4217
    -1.6139     1.4663     1.2612    -2.2527
    -1.7741     1.7869     1.6810    -2.0087
    -2.0321     2.0527     2.0114    -1.7927
    -2.1923     2.3460     2.4045    -1.4828
    -2.3704     2.5478     2.7262    -1.1071
    -2.4594     2.6762     3.0033    -0.8347
    -2.5395     2.8230     3.2357    -0.4118
    -2.6018     2.8047     3.3966    -0.0640
    -2.5840     2.8047     3.4681     0.3215
    -2.5217     2.7771     3.5217     0.6601
    -2.4772     2.6395     3.4860     1.0740
    -2.3259     2.4377     3.3519     1.3657
    -2.2547     2.2543     3.2088     1.7704
    -2.0677     2.0527     3.0301     2.1470
    -1.8453     1.8327     2.7441     2.4389
    -1.5160     1.5762     2.4671     2.6367
    -1.2936     1.2831     2.0293     2.9004
    -0.9289     0.9444     1.6184     3.0323
    -0.6442     0.6516     1.2255     3.2114
    -0.2085     0.4595     0.7612     3.2396
     0.1561     0.2491     0.3685     3.3433
     0.5028    -0.1257     0.0026     3.3621
     0.9651    -0.3633    -0.3276     3.3150
     1.4094    -0.6556    -0.6398     3.1548
     1.8715    -0.8382    -0.9966     2.9947
     2.3156    -1.0938    -1.3533     2.7497
     2.5999    -1.3219    -1.6565     2.5331
     2.9906    -1.5956    -1.8883     2.1752
     3.1682    -1.8236    -2.1646     1.7798
     3.3458    -1.9877    -2.3429     1.3657
     3.3280    -2.1062    -2.5657     0.9517
     3.3636    -2.2065    -2.6726     0.4908
     3.3369    -2.2976    -2.7617     0.0676
     3.3902    -2.3340    -2.7617    -0.3178
     3.2925    -2.3432    -2.7617    -0.6279
     3.1593    -2.2885    -2.7439    -1.0132
     2.8397    -2.2338    -2.5835    -1.3138
     2.6087    -2.1427    -2.5568    -1.6800
     2.2446    -1.9786    -2.3162    -1.9335
     1.9070    -1.8692    -2.1557    -2.1682
     1.5782    -1.6868    -1.9774    -2.3560
     1.3028    -1.4041    -1.7189    -2.5249
     1.0184    -1.2033    -1.4603    -2.6094
     0.6540    -0.8747    -1.1928    -2.7126
     0.2628    -0.6008    -0.8717    -2.7313
    -0.1818    -0.2810    -0.5952    -2.7407
    -0.5286     0.1120    -0.1937    -2.7220
    -0.9289     0.4961     0.2435    -2.6375
    -1.2313     0.8346     0.6987    -2.5155
    -1.4360     1.1824     1.1451    -2.2996
    -1.6673     1.5121     1.4845    -2.1682
    -1.9343     1.8235     1.8685    -1.9242
    -2.0855     2.1260     2.1722    -1.6706
    -2.2636     2.4194     2.4582    -1.3232
    -2.4861     2.5753     2.7798    -1.0132
    -2.5484     2.7129     3.0658    -0.6655
    -2.7175     2.8047     3.2804    -0.2238
    -2.7887     2.8689     3.4591     0.1522
    -2.7887     2.8689     3.5932     0.4626
    -2.6997     2.8322     3.5843     0.7165
    -2.6730     2.7037     3.5754     1.0740
    -2.6374     2.5845     3.4770     1.4033
    -2.5039     2.3552     3.3519     1.7327
    -2.3437     2.1627     3.1642     2.0340
    -2.1211     1.9885     2.9496     2.3636
    -1.8453     1.7136     2.6726     2.5802
    -1.6317     1.4296     2.3599     2.8157
    -1.3114     1.1183     1.9132     2.9852
    -0.9644     0.9261     1.4577     3.1360
    -0.5642     0.6699     1.0737     3.2962
    -0.1907     0.3589     0.6184     3.3998
     0.1917     0.0754     0.1543     3.4658
     0.6006    -0.2445    -0.1759     3.4470
     1.0273    -0.5551    -0.4882     3.2868
     1.4538    -0.7286    -0.8539     3.1454
     1.8981    -1.0116    -1.1571     2.9193
     2.2623    -1.2489    -1.4871     2.6273
     2.5377    -1.5226    -1.7724     2.2976
     2.8841    -1.7415    -2.0844     1.8363
     3.1149    -1.9148    -2.3072     1.4221
     3.3014    -2.0515    -2.5746     0.9235
     3.3192    -2.1427    -2.7172     0.4626
     3.2748    -2.2976    -2.7617     0.0300
     3.2304    -2.3432    -2.8776    -0.3178
     3.1327    -2.3249    -2.8687    -0.6279
     3.0261    -2.2885    -2.8954    -1.0320
     2.7420    -2.2156    -2.8330    -1.3044
     2.5288    -2.1244    -2.6905    -1.6331
     2.1557    -1.9512    -2.5390    -1.8866
     1.8359    -1.8510    -2.3072    -2.1213
     1.4627    -1.5865    -2.1112    -2.2996
     1.0806    -1.4041    -1.9150    -2.4217
     0.8851    -1.1394    -1.6030    -2.5718
     0.5295    -0.8838    -1.3979    -2.6281
     0.2006    -0.5186    -1.0769    -2.7032
    -0.1640    -0.1622    -0.6755    -2.6657
    -0.5286     0.3040    -0.3454    -2.6094
    -0.8399     0.6607     0.1007    -2.4686
    -1.2224     0.9627     0.6363    -2.4029
    -1.4182     1.3014     1.0023    -2.1870
    -1.6673     1.6128     1.3952    -2.0556
    -1.8364     1.8235     1.7703    -1.8490
    -2.1122     2.1077     2.1186    -1.6143
    -2.2636     2.3827     2.4403    -1.3326
    -2.4416     2.5478     2.8245    -1.0789
    -2.5128     2.7496     3.1105    -0.7407
    -2.6641     2.8322     3.3161    -0.3554
    -2.6730     2.8505     3.5307    -0.0170
    -2.6908     2.8138     3.6022     0.3309
    -2.6018     2.7680     3.6022     0.5848
    -2.5840     2.7221     3.5932     0.9517
    -2.4594     2.5937     3.5575     1.2904
    -2.4238     2.4561     3.3876     1.6763
    -2.1656     2.2452     3.2088     1.9775
    -1.9966     1.9885     3.0033     2.3165
    -1.7474     1.6769     2.6637     2.5613
    -1.4804     1.3472     2.3777     2.8062
    -1.2313     1.1000     1.9936     3.0889
    -0.8666     0.7980     1.6631     3.2114
    -0.5197     0.5875     1.2702     3.3621
    -0.1373     0.2766     0.8594     3.4564
     0.2984    -0.1074     0.4488     3.5035
     0.6895    -0.4272     0.1275     3.3716
     1.1606    -0.6373    -0.2116     3.3056
     1.6227    -0.9204    -0.5952     3.0795
     2.0136    -1.1486    -0.9699     2.8533
     2.4755    -1.3676    -1.2998     2.4860
     2.6620    -1.5865    -1.5763     2.1281
     3.0084    -1.7689    -1.8616     1.6480
     3.1682    -1.9330    -2.1112     1.2904
     3.3103    -2.1336    -2.3251     0.8200
     3.3902    -2.2156    -2.3875     0.3309
     3.3724    -2.2429    -2.5122    -0.1016
     3.3369    -2.2703    -2.5835    -0.3742
     3.3103    -2.2794    -2.6370    -0.6655
     3.2393    -2.2885    -2.6192    -1.0038
     2.9551    -2.2703    -2.6103    -1.3326
     2.6709    -2.1609    -2.5211    -1.6894
     2.3245    -2.0515    -2.3340    -1.9148
     2.0047    -1.8601    -2.2449    -2.1870
     1.6227    -1.6686    -2.0933    -2.3466
     1.2228    -1.4679    -1.8705    -2.4967
     0.9295    -1.1486    -1.7546    -2.5906
     0.6184    -0.8930    -1.3890    -2.6000
     0.3250    -0.5277    -1.0590    -2.5953
    -0.0840    -0.2262    -0.7915    -2.5906
    -0.4575     0.0937    -0.3454    -2.4592
    -0.8221     0.4595     0.0383    -2.3935
    -1.0890     0.8712     0.5291    -2.2621
    -1.3648     1.2282     0.8951    -2.1025
    -1.6228     1.5945     1.2434    -1.9617
    -1.7919     1.8877     1.5916    -1.7552
    -2.0143     2.1810     2.0204    -1.5580
    -2.1923     2.4561     2.3420    -1.2950
    -2.3348     2.6395     2.6637    -0.9474
    -2.4772     2.8230     3.0122    -0.6749
    -2.5929     2.8276     3.2357    -0.2990
    -2.5929     2.8322     3.4770     0.1146
    -2.6196     2.8597     3.5217     0.5002
    -2.5751     2.9148     3.5754     0.8482
    -2.5039     2.7863     3.5307     1.1587
    -2.4060     2.7129     3.4234     1.4598
    -2.3259     2.5019     3.3608     1.8080
    -2.0944     2.2543     3.1642     2.1376
    -1.9432     1.9885     2.8871     2.4860
    -1.6940     1.6953     2.6279     2.7215
    -1.3915     1.4663     2.2795     2.9664
    -1.0712     1.1183     1.8685     3.1360
    -0.7954     0.9078     1.4845     3.3527
    -0.3774     0.6333     1.0826     3.4470
    -0.0039     0.3772     0.6184     3.5224
     0.3606     0.0571     0.2614     3.5412
     0.7695    -0.1805    -0.0956     3.4564
     1.2939    -0.4912    -0.3365     3.3339
     1.7026    -0.8473    -0.6844     3.0889
     2.1735    -1.0482    -1.0055     2.9287
     2.5288    -1.2216    -1.3444     2.6273
     2.9462    -1.4862    -1.6208     2.2882
     3.1949    -1.7051    -1.8972     1.8363
     3.3547    -1.8601    -2.1557     1.3845
     3.3724    -2.0515    -2.2805     0.9329
     3.4079    -2.1518    -2.4409     0.4626
     3.3636    -2.2520    -2.5033     0.0018
     3.3636    -2.2976    -2.5657    -0.3742
     3.3902    -2.2703    -2.6192    -0.7125
     3.3014    -2.2520    -2.6013    -1.1541
     3.0528    -2.2065    -2.5657    -1.4453
     2.6887    -2.1244    -2.4855    -1.8490
     2.3423    -2.0242    -2.3429    -2.1119
     1.9870    -1.8965    -2.1201    -2.4123
     1.6671    -1.7051    -1.9329    -2.5718
     1.2672    -1.5318    -1.6476    -2.6844
     0.9651    -1.2672    -1.4514    -2.8158
     0.7340    -0.9934    -1.1482    -2.8345
     0.3517    -0.6556    -0.8093    -2.8908
    -0.0306    -0.2719    -0.4882    -2.8439
    -0.4664     0.0114    -0.1580    -2.7970
    -0.8132     0.4595     0.3328    -2.7032
    -1.1602     0.7339     0.7434    -2.5718
    -1.4360     1.0268     1.1362    -2.4029
    -1.6228     1.3106     1.5738    -2.1589
    -1.8631     1.6861     1.9311    -1.9523
    -2.0766     1.9060     2.2973    -1.6988
    -2.2814     2.1443     2.6815    -1.4547
    -2.4327     2.3919     2.9318    -1.1165
    -2.5840     2.5937     3.2625    -0.7971
    -2.6819     2.6854     3.4860    -0.5058
    -2.7175     2.7863     3.6022    -0.0734
    -2.6997     2.7680     3.7184     0.2933
    -2.6285     2.6946     3.7274     0.6413
    -2.5840     2.6120     3.6916     0.9329
    -2.5306     2.4653     3.7184     1.3657
    -2.4149     2.3002     3.6290     1.6480
    -2.2012     2.1443     3.3608     2.0528
    -2.0321     1.9518     3.0748     2.3824
    -1.7741     1.7594     2.8335     2.7215
    -1.5605     1.4296     2.5028     2.9664
    -1.2313     1.1458     2.0650     3.1643
    -0.9289     0.9078     1.6988     3.3245
    -0.5286     0.5967     1.2344     3.5129
    -0.1284     0.3131     0.7702     3.6260
     0.2095    -0.0343     0.4310     3.5978
     0.7073    -0.3176     0.0829     3.6449
     1.1073    -0.5825    -0.2383     3.5129
     1.5960    -0.8382    -0.5238     3.3056
     2.0403    -1.0847    -0.8807     3.1266
     2.3778    -1.3402    -1.2463     2.7780
     2.7864    -1.4862    -1.4871     2.4483
     3.0084    -1.6959    -1.7724     2.0340
     3.2481    -1.8601    -2.0220     1.6010
     3.3280    -1.9786    -2.2003     1.1022
     3.3636    -2.0515    -2.3785     0.6695
     3.4168    -2.1062    -2.4855     0.1898
     3.3192    -2.1518    -2.4766    -0.1956
     3.2215    -2.1791    -2.4766    -0.5058
     3.0350    -2.1518    -2.4766    -0.8723
     2.8308    -2.0971    -2.4231    -1.1729
     2.4755    -1.9786    -2.3429    -1.5580
     2.1380    -1.9148    -2.1736    -1.8490
     1.9070    -1.7142    -1.9864    -2.0650
     1.5249    -1.4953    -1.7813    -2.2339
     1.2228    -1.3402    -1.5228    -2.4404
     0.9028    -1.0390    -1.3177    -2.4217
     0.7251    -0.7743    -1.0055    -2.4780
     0.3339    -0.4912    -0.6220    -2.4874
    -0.0751    -0.1257    -0.3186    -2.4967
    -0.4486     0.2583     0.0740    -2.5155
    -0.7954     0.5967     0.4756    -2.4592
    -1.1246     0.9718     0.9666    -2.3278
    -1.3292     1.2190     1.3416    -2.2433
    -1.6139     1.5853     1.7881    -2.0087
    -1.8008     1.8510     2.1276    -1.7833
    -1.9788     2.1260     2.5386    -1.5674
    -2.1478     2.3369     2.8513    -1.2762
    -2.2814     2.5937     3.1731    -0.9944
    -2.4060     2.7863     3.4144    -0.6749
    -2.5217     2.9148     3.5843    -0.2990
    -2.5840     2.9240     3.6827     0.0206
    -2.5751     2.9102     3.6916     0.3873
    -2.4950     2.8964     3.6827     0.6695
    -2.3971     2.8781     3.6827     1.0834
    -2.3081     2.8047     3.6648     1.4692
    -2.2457     2.5937     3.5843     1.7798
    -2.0410     2.3460     3.3519     2.1376
    -1.8453     2.1352     3.1195     2.4672
    -1.5872     1.8694     2.8156     2.8062
    -1.3025     1.5670     2.4760     3.0041
    -1.0356     1.3014     2.0204     3.2585
    -0.7243     0.9535     1.5827     3.3810
    -0.4041     0.7339     1.1898     3.5129
    -0.0039     0.5326     0.7434     3.5978
     0.3784     0.1486     0.3239     3.6166
     0.7784    -0.0891     0.0204     3.5506
     1.2050    -0.3998    -0.3276     3.4187
     1.6316    -0.7104    -0.6844     3.2302
     2.1202    -0.9477    -0.9877     2.9947
     2.4666    -1.2033    -1.3979     2.7120
     2.9018    -1.4405    -1.6119     2.2976
     3.1860    -1.6777    -1.8616     1.9022
     3.3547    -1.8145    -2.1201     1.5257
     3.4523    -2.0151    -2.2716     1.0740
     3.4257    -2.0971    -2.4320     0.6130
     3.4435    -2.1518    -2.5301     0.1428
     3.4168    -2.2429    -2.5301    -0.2144
     3.3991    -2.2520    -2.5479    -0.5528
     3.3103    -2.2065    -2.5657    -0.7125
     3.0883    -2.1609    -2.5211    -1.0508
     2.7953    -2.0789    -2.4766    -1.3795
     2.4755    -1.9421    -2.3162    -1.6425
     2.1824    -1.7780    -2.0933    -1.9899
     1.7915    -1.5226    -1.9329    -2.1682
     1.3916    -1.2489    -1.7100    -2.2527
     1.2228    -1.0573    -1.4158    -2.3653
     0.9206    -0.7469    -1.1839    -2.4686
     0.6006    -0.4272    -0.8539    -2.4780
     0.2272    -0.0800    -0.4703    -2.4123
    -0.1729     0.2857    -0.2294    -2.4217
    -0.5553     0.5875     0.2792    -2.3841
    -0.8399     0.8895     0.6006    -2.3090
    -1.1068     1.2739     0.9934    -2.1119
    -1.3915     1.6037     1.4666    -1.9617
    -1.5338     1.9243     1.9043    -1.7270
    -1.7830     2.1810     2.2259    -1.4547
    -1.9788     2.4194     2.6011    -1.2762
    -2.0677     2.6670     2.9318    -0.9192
    -2.2279     2.7771     3.1820    -0.6561
    -2.3081     2.8873     3.4055    -0.2144
    -2.3437     2.9698     3.5038     0.1428
    -2.3437     2.9607     3.6022     0.4531
    -2.3259     2.9423     3.5485     0.7823
    -2.1923     2.9423     3.5485     1.1493
    -2.1745     2.8873     3.4055     1.4974
    -2.0499     2.7037     3.2804     1.9022
    -1.8720     2.4653     3.0926     2.2129
    -1.6050     2.2360     2.8424     2.5425
    -1.4626     1.9427     2.5564     2.8439
    -1.1157     1.6220     2.2795     3.0418
    -0.8399     1.3747     1.8953     3.2585
    -0.5197     1.0542     1.4398     3.3621
    -0.1284     0.7980     1.0737     3.5129
     0.1472     0.5143     0.6363     3.5789
     0.5651     0.1394     0.2168     3.5506
     0.9117    -0.1805    -0.1134     3.4375
     1.3739    -0.4637    -0.4346     3.3056
     1.8448    -0.6556    -0.7915     3.1266
     2.2979    -0.8564    -1.1750     2.9099
     2.7242    -1.1394    -1.4514     2.6461
     3.0528    -1.4314    -1.7367     2.2600
     3.2836    -1.6412    -2.0398     1.8739
     3.4523    -1.8327    -2.2181     1.4692
     3.4257    -2.0151    -2.4053     0.9423
     3.4612    -2.1244    -2.6013     0.5566
     3.4568    -2.2065    -2.6370     0.0676
     3.4523    -2.1974    -2.6905    -0.3366
     3.4612    -2.2065    -2.7707    -0.6467
     3.2925    -2.1700    -2.7528    -0.9662
     3.1061    -2.1062    -2.7796    -1.3326
     2.7420    -1.9968    -2.6103    -1.7176
     2.4311    -1.8965    -2.4944    -1.9899
     2.0403    -1.7415    -2.3429    -2.2903
     1.6493    -1.6139    -2.1022    -2.4404
     1.3206    -1.4588    -1.9061    -2.6000
     1.0451    -1.2216    -1.6654    -2.7220
     0.7606    -0.9295    -1.3979    -2.7032
     0.4584    -0.6556    -1.0501    -2.6938
     0.0939    -0.3541    -0.6666    -2.6844
    -0.2796     0.0206    -0.2740    -2.6187
    -0.6798     0.3680     0.1007    -2.5530
    -1.0623     0.7339     0.6184    -2.4217
    -1.3470     0.9902     1.0380    -2.2621
    -1.5872     1.3564     1.4220    -2.1119
    -1.7563     1.6953     1.8685    -1.9429
    -2.0055     1.9243     2.2348    -1.6706
    -2.2101     2.1168     2.5564    -1.3983
    -2.3615     2.4011     2.8871    -1.1729
    -2.5217     2.5937     3.1463    -0.7971
    -2.5751     2.7313     3.3340    -0.4588
    -2.6819     2.7955     3.5396    -0.0828
    -2.6552     2.7955     3.6022     0.1804
    -2.6285     2.7404     3.6022     0.5472
    -2.5395     2.6854     3.5932     0.8764
    -2.5662     2.5570     3.5664     1.2716
    -2.3526     2.3644     3.3429     1.6010
    -2.1745     2.2543     3.1999     1.9681
    -1.9699     1.9702     3.0033     2.3541
    -1.7385     1.7319     2.6994     2.6084
    -1.5160     1.5121     2.3420     2.8439
    -1.2046     1.1549     2.0025     3.0700
    -0.9289     0.8895     1.6006     3.2773
    -0.5197     0.5875     1.1719     3.3245
    -0.1551     0.3040     0.7702     3.4093
     0.2272    -0.0526     0.4220     3.4093
     0.6806    -0.2627     0.0918     3.3245
     1.0628    -0.5186    -0.3008     3.2491
     1.5516    -0.7560    -0.6309     3.0418
     1.9603    -0.9751    -1.0858     2.8722
     2.3600    -1.1942    -1.3533     2.5425
     2.7331    -1.4497    -1.6476     2.2129
     3.0173    -1.6321    -1.9061     1.7798
     3.2925    -1.8510    -2.1379     1.3657
     3.3369    -1.9968    -2.3429     0.9423
     3.4257    -2.1244    -2.5033     0.4908
     3.3991    -2.1974    -2.5390     0.0864
     3.3724    -2.2338    -2.5924    -0.2708
     3.3458    -2.2384    -2.6637    -0.6092
     3.1949    -2.2429    -2.6459    -1.0132
     2.9462    -2.0789    -2.6013    -1.3420
     2.6887    -1.9877    -2.5122    -1.6519
     2.3600    -1.8965    -2.3518    -1.9617
     2.0136    -1.7871    -2.1914    -2.2246
     1.6138    -1.5956    -2.0398    -2.4686
     1.2939    -1.4679    -1.7902    -2.5624
     1.0184    -1.2581    -1.5138    -2.6563
     0.7073    -0.9386    -1.2107    -2.7126
     0.3962    -0.6921    -0.9431    -2.6657
    -0.0751    -0.3724    -0.5685    -2.6187
    -0.4219     0.0297    -0.1759    -2.5530
    -0.7688     0.3589     0.2257    -2.4686
    -1.1068     0.6973     0.6898    -2.3841
    -1.3648     1.0268     1.1094    -2.2715
    -1.6762     1.3655     1.4488    -2.1870
    -1.8542     1.6678     1.8685    -1.9617
    -2.0677     1.9335     2.2884    -1.7645
    -2.2903     2.2177     2.6190    -1.4734
    -2.4149     2.4561     2.9586    -1.1917
    -2.5929     2.6579     3.2625    -0.8535
    -2.6997     2.7771     3.4502    -0.4212
    -2.7353     2.9240     3.5575    -0.0828
    -2.6730     2.8873     3.6379     0.2651
    -2.6463     2.9148     3.6469     0.6507
    -2.6285     2.9056     3.6469     1.0269
    -2.5840     2.7221     3.5843     1.3092
    -2.4594     2.6304     3.4860     1.7045
    -2.2279     2.3919     3.3698     2.1281
    -2.0232     2.1810     3.1373     2.4201
    -1.7830     1.8602     2.8245     2.7120
    -1.4715     1.5579     2.4492     3.0135
    -1.2046     1.1915     2.0918     3.2302
    -0.9289     0.9444     1.6988     3.3998
    -0.5019     0.6699     1.3327     3.6166
    -0.1106     0.4229     0.9398     3.7486
     0.1917     0.0663     0.5559     3.7015
     0.6362    -0.2536     0.2346     3.7015
     1.0717    -0.5094    -0.1313     3.5035
     1.5249    -0.8017    -0.5149     3.2773
     1.9336    -0.9934    -0.8717     3.0512
     2.4489    -1.2216    -1.2374     2.7215
     2.7331    -1.4405    -1.4603     2.4012
     3.0794    -1.6230    -1.7189     1.9869
     3.2748    -1.8145    -2.0131     1.5539
     3.3813    -1.9604    -2.2003     1.1116
     3.4079    -2.1153    -2.3875     0.6318
     3.4257    -2.2794    -2.5033     0.1240
     3.4346    -2.2703    -2.5568    -0.2614
     3.3636    -2.2885    -2.6281    -0.5904
     3.2659    -2.2338    -2.6370    -0.9662
     3.1061    -2.0880    -2.6459    -1.3795
     2.7597    -2.0333    -2.5746    -1.7176
     2.4222    -1.8692    -2.4320    -2.0274
     2.0491    -1.7598    -2.3340    -2.2621
     1.6493    -1.5865    -2.1379    -2.4498
     1.2939    -1.3767    -1.9774    -2.5812
     0.9295    -1.1577    -1.7189    -2.6469
     0.7251    -0.8747    -1.4247    -2.7126
     0.3962    -0.5642    -1.1393    -2.6938
     0.0405    -0.1988    -0.7647    -2.7220
    -0.2796     0.1760    -0.3276    -2.6469
    -0.6798     0.5052     0.0650    -2.5906
    -1.0178     0.7888     0.4667    -2.4498
    -1.2580     1.1091     0.8862    -2.2621
    -1.5338     1.4296     1.3059    -2.1589
    -1.7029     1.7044     1.6988    -1.8960
    -1.9254     1.9518     2.0472    -1.6613
    -2.0855     2.2268     2.4224    -1.4265
    -2.3170     2.4561     2.7977    -1.1165
    -2.4416     2.6120     3.0926    -0.8065
    -2.4861     2.8138     3.3072    -0.4118
    -2.5751     2.8781     3.4949    -0.0640
    -2.5751     2.8414     3.5932     0.2839
    -2.5484     2.8964     3.5485     0.6695
    -2.4505     2.8414     3.5485     0.9987
    -2.3793     2.6854     3.4949     1.3845
    -2.3437     2.5478     3.3519     1.7516
    -2.1745     2.3735     3.1552     2.1658
    -1.8898     2.1077     2.9228     2.4106
    -1.6584     1.8327     2.6011     2.7780
    -1.4004     1.4663     2.2259     2.9664
    -1.0623     1.2556     1.8507     3.2302
    -0.7332     0.9627     1.4755     3.4187
    -0.3863     0.6973     1.0648     3.5695
    -0.0573     0.3223     0.6541     3.6355
     0.3250    -0.0526     0.2882     3.6166
     0.7784    -0.3358     0.0026     3.5695
     1.1339    -0.6008    -0.4168     3.4187
     1.5427    -0.8382    -0.7379     3.2019
     2.0136    -1.0573    -1.0680     3.0135
     2.4133    -1.2946    -1.3087     2.6461
     2.7864    -1.5591    -1.5584     2.2882
     3.0528    -1.7142    -1.8259     1.8645
     3.1860    -1.8783    -2.0488     1.4033
     3.3280    -1.9604    -2.3251     0.9329
     3.3547    -2.1336    -2.5033     0.4626
     3.3369    -2.2338    -2.5657     0.0770
     3.3458    -2.3249    -2.6726    -0.3836
     3.2037    -2.2703    -2.7261    -0.6937
     3.0705    -2.2611    -2.7172    -1.0508
     2.8219    -2.2703    -2.7083    -1.4077
     2.4844    -2.1609    -2.6192    -1.6988
     2.1824    -2.0698    -2.4231    -2.0931
     1.7826    -1.9330    -2.3429    -2.2715
     1.4716    -1.7689    -2.1646    -2.5155
     1.0984    -1.5044    -1.9685    -2.6375
     0.7962    -1.2854    -1.7635    -2.6844
     0.5651    -0.9477    -1.4960    -2.7689
     0.2006    -0.6464    -1.1928    -2.7689
    -0.1729    -0.3176    -0.8182    -2.7970
    -0.5375     0.0571    -0.4257    -2.7220
    -0.9378     0.3772     0.0026    -2.7407
    -1.2402     0.7522     0.4220    -2.6000
    -1.4804     0.9993     0.8327    -2.4310
    -1.6584     1.3289     1.1987    -2.3278
    -1.8987     1.6769     1.6095    -2.1401
    -2.0944     1.9518     2.0025    -1.8584
    -2.2814     2.1627     2.4313    -1.5861
    -2.4238     2.3735     2.8067    -1.3513
    -2.5840     2.5661     3.0748    -0.9380
    -2.6196     2.6946     3.3251    -0.5622
    -2.6463     2.7037     3.4323    -0.1674
    -2.6552     2.7221     3.5217     0.2087
    -2.5751     2.7588     3.4860     0.5096
    -2.5128     2.6120     3.4770     0.8106
    -2.4683     2.4836     3.4144     1.1869
    -2.3348     2.3460     3.3161     1.5633
    -2.2012     2.1168     3.1195     1.9398
    -1.9254     1.8419     2.8692     2.2129
    -1.7563     1.5762     2.6279     2.5708
    -1.4093     1.2831     2.3063     2.8251
    -1.1068     0.9169     1.9221     3.0418
    -0.7865     0.6790     1.5202     3.2491
    -0.3952     0.4686     1.1273     3.3716
    -0.0128     0.1851     0.8327     3.4941
     0.2984    -0.1348     0.4756     3.4564
     0.7073    -0.4820     0.2078     3.3433
     1.2139    -0.6282    -0.1759     3.3056
     1.6582    -0.8473    -0.5060     3.0700
     2.1557    -1.0847    -0.9253     2.8533
     2.5199    -1.3767    -1.1928     2.4954
     2.8752    -1.5683    -1.4514     2.1376
     3.1860    -1.8418    -1.7011     1.7139
     3.3369    -2.0151    -1.9596     1.3374
     3.3547    -2.1882    -2.2270     0.8858
     3.3813    -2.3340    -2.3696     0.3685
     3.3991    -2.3523    -2.5301     0.0300
     3.3636    -2.4160    -2.6103    -0.3084
     3.3547    -2.4525    -2.6013    -0.5998
     3.3014    -2.3614    -2.5969    -0.9662
     3.0350    -2.3432    -2.5924    -1.3232
     2.7064    -2.2429    -2.5390    -1.6706
     2.3512    -2.0424    -2.3785    -1.9617
     2.0580    -1.8510    -2.1646    -2.1401
     1.6938    -1.6595    -2.0220    -2.3278
     1.2761    -1.4132    -1.8081    -2.5061
     1.0006    -1.1303    -1.6565    -2.5718
     0.7695    -0.8382    -1.3712    -2.6563
     0.4051    -0.5916    -1.0590    -2.6750
     0.0050    -0.2079    -0.7290    -2.6375
    -0.3863     0.1211    -0.3276    -2.5812
    -0.7954     0.4503     0.1721    -2.5530
    -1.0979     0.7797     0.6541    -2.4217
    -1.3826     1.0817     0.9576    -2.2809
    -1.6317     1.4754     1.3327    -2.1589
    -1.7830     1.7686     1.7613    -2.0274
    -2.0499     2.0160     2.1722    -1.7552
    -2.2190     2.2727     2.5207    -1.4640
    -2.3971     2.5295     2.8335    -1.1729
    -2.5484     2.6762     3.1284    -0.8816
    -2.6196     2.8322     3.2982    -0.4682
    -2.6997     2.8414     3.3787    -0.0452
    -2.7086     2.8230     3.3876     0.3591
    -2.7175     2.8873     3.3742     0.7259
    -2.6730     2.8505     3.3608     1.0928
    -2.5929     2.8230     3.2625     1.4033
    -2.4505     2.6670     3.1105     1.8175
    -2.2814     2.4286     2.9139     2.1752
    -2.0677     2.1902     2.7352     2.4954
    -1.8275     1.8694     2.4403     2.7591
    -1.5338     1.5304     2.1186     2.9664
    -1.2936     1.2465     1.8060     3.1548
    -0.8488     0.9627     1.4845     3.2585
    -0.4930     0.6882     1.0916     3.4093
    -0.1729     0.3314     0.6452     3.5129
     0.2628     0.0571     0.3417     3.4564
     0.6273    -0.2810    -0.0242     3.3621
     1.0806    -0.4637    -0.2830     3.2773
     1.5871    -0.6921    -0.7112     3.0795
     1.9958    -0.9386    -1.0234     2.8251
     2.4133    -1.3037    -1.3533     2.4954
     2.8219    -1.5500    -1.5852     2.1470
     3.0617    -1.7689    -1.8526     1.7610
     3.2126    -1.9330    -2.1290     1.3186
     3.3369    -2.0698    -2.3162     0.9611
     3.3103    -2.1882    -2.5390     0.4908
     3.2925    -2.3432    -2.6637     0.0394
     3.3458    -2.3705    -2.6994    -0.2614
     3.2481    -2.3340    -2.7528    -0.6092
     3.1860    -2.2885    -2.7617    -0.9474
     2.8219    -2.1882    -2.6994    -1.3607
     2.5999    -2.0971    -2.6192    -1.6519
     2.2535    -1.9877    -2.4677    -1.9993
     1.8448    -1.8965    -2.2894    -2.2527
     1.5249    -1.6686    -2.0666    -2.4123
     1.1873    -1.4770    -1.8170    -2.6094
     0.8851    -1.2216    -1.5852    -2.6563
     0.6806    -0.9386    -1.3177    -2.6657
     0.3606    -0.6556    -0.9431    -2.6938
    -0.0306    -0.3358    -0.6041    -2.6187
    -0.4219     0.0571    -0.2473    -2.5718
    -0.7421     0.4778     0.1454    -2.5061
    -1.0712     0.7705     0.6541    -2.3841
    -1.4093     1.1091     0.9755    -2.2433
    -1.6050     1.4479     1.4220    -2.1213
    -1.8542     1.7228     1.7613    -1.8866
    -2.0766     2.0527     2.1097    -1.6613
    -2.2279     2.3185     2.4850    -1.4640
    -2.4505     2.4469     2.7620    -1.1729
    -2.5751     2.6946     3.0390    -0.8441
    -2.6641     2.7863     3.2088    -0.4964
    -2.7353     2.8230     3.3340    -0.1392
    -2.6997     2.7863     3.4234     0.1522
    -2.7086     2.7955     3.3966     0.5002
    -2.5929     2.7037     3.2893     0.8012
    -2.5662     2.5386     3.1820     1.1963
    -2.4060     2.4011     3.0301     1.5445
    -2.2457     2.1627     2.8603     1.9304
    -2.0232     1.9335     2.6815     2.2694
    -1.7385     1.7136     2.4135     2.5708
    -1.5071     1.4296     2.1544     2.7968
    -1.1602     1.1915     1.8596     3.0041
    -0.8043     0.9352     1.5023     3.1360
    -0.4930     0.6882     1.1005     3.2773
    -0.1640     0.4229     0.6809     3.3245
     0.1917     0.0114     0.2078     3.3150
     0.6451    -0.3084    -0.0777     3.2114
     1.0539    -0.6008    -0.3722     3.0983
     1.5249    -0.8108    -0.7469     2.9570
     1.9781    -1.1120    -1.1036     2.7215
     2.3956    -1.3311    -1.3533     2.3824
     2.7508    -1.5865    -1.7100     2.0622
     3.0528    -1.7415    -2.0398     1.6574
     3.2304    -1.9512    -2.2359     1.2245
     3.2748    -2.1336    -2.4588     0.7729
     3.2836    -2.2611    -2.6548     0.3403
     3.2925    -2.2976    -2.7528    -0.0734
     3.2570    -2.3113    -2.7617    -0.4306
     3.2836    -2.3249    -2.8776    -0.7125
     3.1505    -2.2794    -2.9043    -1.0977
     2.8574    -2.2338    -2.7885    -1.4922
     2.6087    -2.1609    -2.6815    -1.8209
     2.2357    -2.0880    -2.5390    -2.2152
     1.9248    -1.9057    -2.3072    -2.3935
     1.5338    -1.7324    -2.0844    -2.6187
     1.1873    -1.5409    -1.8883    -2.6844
     0.8851    -1.3493    -1.6565    -2.7501
     0.6806    -1.0847    -1.3623    -2.8064
     0.2806    -0.7743    -0.9788    -2.7501
    -0.1017    -0.4820    -0.5685    -2.6657
    -0.4130    -0.1622    -0.2383    -2.6469
    -0.7776     0.2126     0.1097    -2.5718
    -1.1424     0.5143     0.6541    -2.4592
    -1.3559     0.8071     1.0916    -2.3747
    -1.6673     1.0817     1.3862    -2.2433
    -1.8542     1.5121     1.7435    -2.0744
    -2.0588     1.7594     2.1544    -1.8584
    -2.2814     2.0985     2.4671    -1.5674
    -2.4327     2.3735     2.7352    -1.3044
    -2.5662     2.5753     3.0658    -0.9850
    -2.6374     2.7588     3.2446    -0.5622
    -2.6997     2.7496     3.3429    -0.1956
    -2.7353     2.7680     3.4681     0.1993
    -2.6908     2.8047     3.4860     0.5096
    -2.5929     2.7221     3.4413     0.8200
    -2.5395     2.6028     3.4055     1.2151
    -2.4594     2.4928     3.2446     1.6010
    -2.1923     2.2910     3.0658     1.8834
    -2.0232     2.0618     2.8513     2.2129
    -1.7830     1.8052     2.6279     2.5237
    -1.5427     1.5304     2.3241     2.7215
    -1.2580     1.2923     2.0472     2.9381
    -1.0000     0.9718     1.6452     3.1077
    -0.5909     0.7431     1.2702     3.2585
    -0.2707     0.4229     0.8237     3.3716
     0.1561     0.0663     0.3953     3.3998
     0.4851    -0.2902     0.0740     3.3716
     0.9384    -0.5368    -0.2383     3.2773
     1.3739    -0.8564    -0.5595     3.0889
     1.8626    -1.0938    -0.9966     2.9193
     2.3245    -1.3311    -1.3087     2.6084
     2.6976    -1.5591    -1.6565     2.2506
     2.9551    -1.7689    -1.9864     1.8080
     3.1682    -1.9877    -2.2805     1.3939
     3.2393    -2.1518    -2.4320     0.9517
     3.2304    -2.3249    -2.5924     0.4437
     3.2659    -2.3887    -2.7885     0.0206
     3.2836    -2.4160    -2.8330    -0.4024
     3.2037    -2.4343    -2.8776    -0.7407
     3.1416    -2.4160    -2.8330    -1.0789
     2.8752    -2.3523    -2.8063    -1.5298
     2.5732    -2.1244    -2.6637    -1.8303
     2.2979    -1.9968    -2.4766    -2.0556
     1.8981    -1.8510    -2.3251    -2.2809
     1.5605    -1.7051    -2.1112    -2.4498
     1.2228    -1.5409    -1.8705    -2.6187
     0.9384    -1.2581    -1.5941    -2.7220
     0.6362    -1.0299    -1.2820    -2.7220
     0.3161    -0.8382    -0.9520    -2.7782
    -0.0929    -0.5368    -0.5952    -2.7876
    -0.5019    -0.2627    -0.2651    -2.6844
    -0.8666     0.0846     0.1275    -2.6281
    -1.2046     0.4412     0.5827    -2.4686
    -1.3826     0.7522     0.9755    -2.4029
    -1.6406     1.0268     1.3773    -2.2621
    -1.8631     1.4388     1.8060    -2.0274
    -2.0232     1.7686     2.1097    -1.8584
    -2.2725     2.0710     2.4760    -1.5674
    -2.4505     2.3277     2.7977    -1.3513
    -2.5484     2.5570     3.1552    -1.0226
    -2.6908     2.6487     3.3161    -0.6561
    -2.7442     2.7588     3.4860    -0.2802
    -2.6908     2.7313     3.4949     0.0488
    -2.6730     2.6212     3.5485     0.3591
    -2.6196     2.6212     3.5128     0.7259
    -2.5662     2.5019     3.4770     1.1587
    -2.4060     2.3002     3.2267     1.4974
    -2.2903     2.0802     3.0122     1.9210
    -2.0855     1.9060     2.7620     2.2223
    -1.8097     1.6678     2.4403     2.5331
    -1.5338     1.3838     2.1276     2.7026
    -1.2580     1.1915     1.7524     2.9476
    -0.9822     0.9169     1.3684     3.0983
    -0.5553     0.5875     0.9130     3.1737
    -0.1818     0.2491     0.5202     3.2585
     0.1561    -0.1714     0.1811     3.2773
     0.5828    -0.4272    -0.0867     3.2962
     1.0273    -0.7651    -0.3989     3.1737
     1.4094    -0.9204    -0.8004     3.0418
     1.9248    -1.1759    -1.2017     2.8628
     2.3068    -1.4314    -1.5138     2.5425
     2.6798    -1.6959    -1.8081     2.1846
     3.0173    -1.8874    -2.1379     1.8363
     3.1149    -2.0606    -2.3696     1.3563
     3.2037    -2.1336    -2.5568     0.9423
     3.2126    -2.2429    -2.7707     0.4626
     3.2037    -2.3340    -2.9221     0.0112
     3.1771    -2.3887    -3.0380    -0.3460
     3.1327    -2.4434    -2.9845    -0.6937
     3.0084    -2.3887    -2.9800    -1.0320
     2.7331    -2.3614    -2.9756    -1.3701
     2.4666    -2.2794    -2.8509    -1.7552
     2.1291    -2.1518    -2.6905    -1.9805
     1.7648    -2.0151    -2.5568    -2.2621
     1.4094    -1.8145    -2.3429    -2.4780
     1.0451    -1.6230    -2.0755    -2.6000
     0.7340    -1.4223    -1.8526    -2.7032
     0.4495    -1.1668    -1.5495    -2.7220
     0.0672    -0.7743    -1.2374    -2.7032
    -0.2440    -0.4820    -0.8450    -2.7313
    -0.6087    -0.1896    -0.4971    -2.6750
    -0.9555     0.2400    -0.1224    -2.6375
    -1.2936     0.5418     0.3596    -2.5437
    -1.5605     0.8254     0.7880    -2.4686
    -1.7652     1.2190     1.2434    -2.4029
    -1.9254     1.5762     1.6720    -2.1870
    -2.1656     1.8785     2.1186    -1.9711
    -2.3526     2.1810     2.5207    -1.7082
    -2.5128     2.4102     2.8692    -1.3513
    -2.6463     2.6028     3.2267    -1.0508
    -2.7175     2.6946     3.3876    -0.6185
    -2.7220     2.7313     3.4591    -0.2238
    -2.7264     2.7221     3.4860     0.1428
    -2.7353     2.6487     3.4770     0.5190
    -2.6641     2.5661     3.5038     0.8858
    -2.5395     2.4561     3.4144     1.2716
    -2.4594     2.2910     3.2535     1.6763
    -2.2903     2.0802     3.0837     1.9963
    -2.0055     1.9335     2.8245     2.3165
    -1.8275     1.7136     2.5743     2.6461
    -1.5338     1.4388     2.2437     2.7686
    -1.2046     1.1732     1.8507     2.9758
    -0.8933     0.9444     1.4488     3.1360
    -0.4841     0.6607     1.0916     3.2302
    -0.1640     0.3954     0.7523     3.3339
     0.2450     0.0663     0.4042     3.3621
     0.6806    -0.2719     0.0740     3.3998
     1.0628    -0.5186    -0.2830     3.2868
     1.4983    -0.7104    -0.6755     3.0983
     1.9781    -1.0025    -1.0144     2.9099
     2.3867    -1.3037    -1.3979     2.5896
     2.7153    -1.5683    -1.7189     2.1752
     3.0794    -1.7780    -2.0042     1.7892
     3.1771    -1.9148    -2.2270     1.3374
     3.2126    -2.0971    -2.4409     0.9046
     3.2659    -2.2611    -2.5924     0.4626
     3.2836    -2.2976    -2.7617    -0.0170
     3.2481    -2.3887    -2.8063    -0.3178
     3.1771    -2.3887    -2.9043    -0.6843
     3.0528    -2.3067    -2.9221    -1.0132
     2.7953    -2.2611    -2.8865    -1.3889
     2.5022    -2.2065    -2.7439    -1.7739
     2.2357    -2.0242    -2.6905    -1.9993
     1.9248    -1.8145    -2.5211    -2.2809
     1.5072    -1.6412    -2.3251    -2.4217
     1.1428    -1.3949    -2.0309    -2.5155
     0.8673    -1.1942    -1.7278    -2.6375
     0.5295    -0.9477    -1.4871    -2.7220
     0.1828    -0.6647    -1.0590    -2.7407
    -0.2173    -0.3998    -0.6666    -2.7689
    -0.5197    -0.0708    -0.2562    -2.7313
    -0.8755     0.3223     0.1275    -2.6563
    -1.1957     0.5143     0.5827    -2.6657
    -1.4448     0.9078     0.9844    -2.5437
    -1.7563     1.2099     1.3862    -2.4686
    -1.9165     1.5212     1.8149    -2.2527
    -2.1656     1.7869     2.1722    -1.9899
    -2.3526     2.0343     2.4582    -1.7739
    -2.5039     2.2910     2.7709    -1.3607
    -2.6196     2.5295     3.0122    -1.0226
    -2.7442     2.6487     3.2178    -0.6373
    -2.7976     2.6762     3.2982    -0.1580
    -2.7798     2.6762     3.3251     0.1616
    -2.7264     2.5937     3.3161     0.5848
    -2.6552     2.4561     3.3072     0.8482
    -2.5751     2.4102     3.1731     1.2904
    -2.4772     2.2910     3.0390     1.6480
    -2.2279     2.0802     2.9228     1.9304
    -2.0410     1.9060     2.7798     2.3259
    -1.8097     1.6220     2.5207     2.5802
    -1.4893     1.3838     2.2169     2.7686
    -1.2135     1.1000     1.7613     3.0041
    -0.8577     0.8620     1.4130     3.1077
    -0.4664     0.6333     1.0201     3.2396
    -0.0840     0.2948     0.6095     3.3433
     0.2717    -0.0160     0.2346     3.3716
     0.6273    -0.2902    -0.0420     3.3433
     1.0539    -0.6190    -0.4436     3.2585
     1.5605    -0.8473    -0.7825     3.1077
     2.0225    -1.0664    -1.1661     2.8816
     2.4400    -1.3676    -1.5138     2.5519
     2.8219    -1.5683    -1.8259     2.2035
     3.1061    -1.7051    -2.1201     1.7986
     3.2126    -1.9057    -2.3518     1.3657
     3.3192    -2.0242    -2.5924     0.9611
     3.2748    -2.1244    -2.6815     0.5378
     3.2836    -2.2156    -2.8419     0.0770
     3.2570    -2.2520    -2.8954    -0.2332
     3.2836    -2.2065    -2.9043    -0.5340
     3.1505    -2.2065    -2.8776    -0.8816
     2.9817    -2.1062    -2.7885    -1.2105
     2.6532    -1.9421    -2.6815    -1.5580
     2.2890    -1.8418    -2.5479    -1.8490
     2.0047    -1.7051    -2.4588    -2.1213
     1.5782    -1.5683    -2.2359    -2.3184
     1.2228    -1.3676    -2.0131    -2.4592
     0.9739    -1.0847    -1.7546    -2.6000
     0.6095    -0.8108    -1.4514    -2.6094
     0.3073    -0.5916    -1.0234    -2.6469
    -0.0395    -0.3176    -0.6398    -2.6657
    -0.4752     0.1028    -0.2830    -2.5249
    -0.8132     0.4503     0.0204    -2.4967
    -1.0801     0.7339     0.4667    -2.4310
    -1.4093     1.0268     0.9398    -2.3372
    -1.6139     1.3472     1.2880    -2.2152
    -1.8453     1.5945     1.6988    -2.0087
    -2.0410     1.8602     2.0561    -1.8209
    -2.2814     2.1077     2.3777    -1.5016
    -2.4772     2.3552     2.6994    -1.1823
    -2.6018     2.5203     3.0033    -0.9004
    -2.6730     2.6304     3.1463    -0.4400
    -2.7086     2.6487     3.3519    -0.1016
    -2.6819     2.5753     3.4591     0.2369
    -2.6819     2.5203     3.4457     0.6224
    -2.5929     2.4102     3.4323     0.8952
    -2.5751     2.3002     3.2982     1.2528
    -2.4416     2.1902     3.1910     1.6480
    -2.2636     1.9885     3.0211     1.9587
    -1.9788     1.8327     2.7798     2.1752
    -1.7830     1.5670     2.5118     2.4389
    -1.4804     1.3014     2.2259     2.6649
    -1.2046     0.9993     1.8775     2.8816
    -0.9467     0.7248     1.4577     3.0512
    -0.5286     0.4961     1.0380     3.1737
    -0.1640     0.1486     0.6452     3.2491
     0.1828    -0.1988     0.2971     3.3150
     0.6184    -0.4363     0.0026     3.2773
     0.9651    -0.7560    -0.3276     3.1548
     1.4361    -0.9569    -0.6933     2.9947
     1.9248    -1.2216    -1.0412     2.7215
     2.2890    -1.4223    -1.3087     2.4106
     2.7064    -1.6686    -1.5317     2.0434
     3.0705    -1.8327    -1.8616     1.6669
     3.2748    -1.9512    -2.0933     1.2904
     3.3547    -2.0698    -2.2805     0.8858
     3.3636    -2.2338    -2.3964     0.4626
     3.3192    -2.2703    -2.5479    -0.0170
     3.3369    -2.2976    -2.6103    -0.3084
     3.3458    -2.2794    -2.6637    -0.5904
     3.2126    -2.2794    -2.6548    -1.0038
     3.0528    -2.1700    -2.6370    -1.2386
     2.7420    -2.0698    -2.5301    -1.5767
     2.3600    -1.9330    -2.3785    -1.9148
     2.0669    -1.8145    -2.1825    -2.1495
     1.6760    -1.6230    -1.9685    -2.3841
     1.2939    -1.4862    -1.7724    -2.5249
     1.0362    -1.2033    -1.5138    -2.6281
          3          3          3          3
