    4   2048 0.020000  2016   1  22  10  22
         16         10         11         42
    -2.0845    -0.5892     3.1352    -1.7035
    -1.9066    -0.2511     2.7866    -1.4499
    -1.7642     0.0232     2.4023    -1.2245
    -1.5240     0.3525     2.0449    -0.9238
    -1.3638     0.5903     1.6876    -0.6419
    -1.0969     0.8191     1.4107    -0.4069
    -0.9102     1.0022     1.0534    -0.2189
    -0.6522     1.2953     0.7141     0.0349
    -0.4388     1.5793     0.2499     0.4110
    -0.1631     1.8176    -0.0446     0.6462
     0.0681     2.0284    -0.4016     0.9002
     0.3703     2.2485    -0.7406     1.2201
     0.6014     2.4594    -1.0261     1.5307
     0.8503     2.6705    -1.2669     1.7660
     1.1347     2.8999    -1.5166     2.0673
     1.4102     3.0284    -1.7485     2.3121
     1.6590     3.2121    -1.9536     2.5664
     1.8189     3.3498    -2.1765     2.8208
     2.0410     3.4050    -2.3993     3.0658
     2.2453     3.5060    -2.5330     3.3014
     2.4229     3.5519    -2.7469     3.4616
     2.5561     3.5336    -2.8271     3.6312
     2.7160     3.4876    -2.9608     3.7821
     2.8581     3.4417    -2.9964     3.8952
     2.9025     3.3958    -3.0945     3.9424
     3.0445     3.2488    -3.1212     4.0461
     3.1156     3.1294    -3.1836     4.0178
     3.0978     3.0193    -3.2459     3.9801
     3.0357     2.8173    -3.2638     3.9329
     3.0090     2.6797    -3.2370     3.8575
     2.9291     2.4594    -3.1479     3.6972
     2.8048     2.1568    -3.0410     3.5370
     2.7071     1.9551    -2.9875     3.4050
     2.5561     1.6892    -2.8717     3.1788
     2.4584     1.3686    -2.7826     2.9244
     2.2364     1.1213    -2.6311     2.7548
     2.1031     0.8832    -2.4617     2.5005
     1.9610     0.5629    -2.3191     2.1426
     1.7567     0.2153    -2.1051     1.8131
     1.5346    -0.0591    -1.9357     1.5966
     1.3035    -0.3333    -1.7128     1.2389
     1.1080    -0.6074    -1.4364     0.9943
     0.8859    -0.8267    -1.2134     0.6932
     0.7081    -1.1463    -0.9815     0.3922
     0.4948    -1.3379    -0.7674     0.0631
     0.2992    -1.5661    -0.4373    -0.2565
     0.0414    -1.8489    -0.2053    -0.4821
    -0.1187    -2.0313     0.1339    -0.7453
    -0.3588    -2.2774     0.4552    -1.0554
    -0.5366    -2.4050     0.8302    -1.2433
    -0.7501    -2.5690     1.0981    -1.5344
    -0.9013    -2.7148     1.4017    -1.7598
    -1.0881    -2.8423     1.6518    -1.9664
    -1.3460    -3.0154     1.9109    -2.2105
    -1.4973    -3.0245     2.1968    -2.3325
    -1.6841    -3.1428     2.4560    -2.5202
    -1.7998    -3.2430     2.7330    -2.6892
    -1.9155    -3.2521     2.9743    -2.8205
    -2.0401    -3.2339     3.2336    -2.9331
    -2.1468    -3.2612     3.4660    -3.1020
    -2.2892    -3.1975     3.6896    -3.1958
    -2.3515    -3.1702     3.8237    -3.2333
    -2.4761    -3.1884     3.9310    -3.2802
    -2.4939    -3.0245     4.0920    -3.3084
    -2.6275    -2.8970     4.1815    -3.2896
    -2.5919    -2.7968     4.1815    -3.2709
    -2.6097    -2.6146     4.1681    -3.2239
    -2.6631    -2.4870     4.1546    -3.2052
    -2.6453    -2.3139     4.0920    -3.0739
    -2.5563    -2.0860     4.0115    -2.9613
    -2.4850    -1.9218     3.8506    -2.8581
    -2.4583    -1.6847     3.6985    -2.7267
    -2.4049    -1.4110     3.4839    -2.5578
    -2.3070    -1.0915     3.3141    -2.4264
    -2.1824    -0.8449     3.1174    -2.2386
    -2.0134    -0.5709     2.8224    -2.0227
    -1.8443    -0.2785     2.6258    -1.7504
    -1.6930     0.0141     2.3755    -1.4593
    -1.5151     0.3433     2.0360    -1.2339
    -1.2482     0.6452     1.8573    -0.9238
    -1.0792     0.9748     1.5893    -0.6795
    -0.8123     1.2495     1.2678    -0.4069
    -0.5544     1.5426     1.0177    -0.1155
    -0.3054     1.7901     0.7052     0.2794
    -0.0831     2.1384     0.4284     0.5521
     0.1925     2.3952     0.1785     0.9284
     0.4592     2.6429    -0.1249     1.2954
     0.7437     2.8632    -0.3391     1.6436
     0.9925     3.0468    -0.6068     1.9826
     1.2236     3.1570    -0.8834     2.2933
     1.5079     3.3498    -1.1331     2.6135
     1.7478     3.4325    -1.3294     2.9810
     1.9255     3.5336    -1.5345     3.2165
     2.1298     3.6438    -1.7842     3.4899
     2.3252     3.6071    -1.9447     3.7821
     2.4940     3.6530    -2.1408     4.0555
     2.6361     3.6071    -2.2745     4.2252
     2.7071     3.4968    -2.3726     4.3761
     2.8226     3.4141    -2.5776     4.4799
     2.8936     3.3039    -2.6845     4.4893
     2.9646     3.1570    -2.8004     4.4988
     2.9913     3.0009    -2.8271     4.4799
     2.9646     2.8449    -2.9162     4.3950
     2.9735     2.5879    -2.9341     4.2441
     2.8936     2.4136    -2.9430     4.0555
     2.8048     2.2118    -3.0054     3.8952
     2.7160     1.9917    -2.9964     3.6784
     2.6716     1.7992    -2.9875     3.4144
     2.5117     1.5335    -2.9697     3.0846
     2.3607     1.3228    -2.8984     2.7737
     2.2186     1.0389    -2.7737     2.5382
     2.1031     0.8100    -2.7202     2.2085
     1.9166     0.4988    -2.5954     1.8602
     1.7211     0.2701    -2.4974     1.5307
     1.5435     0.0324    -2.3904     1.2672
     1.3746    -0.2693    -2.2478     0.9660
     1.0903    -0.4612    -2.0873     0.7214
     0.9392    -0.7262    -1.8377     0.3828
     0.7170    -0.9363    -1.6593     0.0725
     0.4770    -1.1371    -1.4007    -0.1625
     0.2548    -1.3379    -1.1064    -0.4539
     0.0503    -1.4931    -0.8388    -0.6889
    -0.1276    -1.7485    -0.6068    -0.9426
    -0.3410    -1.9127    -0.3837    -1.2245
    -0.6078    -2.0313    -0.0892    -1.3842
    -0.7945    -2.1954     0.2053    -1.5908
    -1.0080    -2.4050     0.6070    -1.8537
    -1.2037    -2.4232     0.9016    -1.9570
    -1.3371    -2.5417     1.2142    -2.1354
    -1.4973    -2.6784     1.5893    -2.2762
    -1.7108    -2.7786     1.8752    -2.4264
    -1.8443    -2.8241     2.2504    -2.5015
    -2.0045    -2.8332     2.5185    -2.5953
    -2.1735    -2.9425     2.8581    -2.6985
    -2.2180    -2.9334     3.1352    -2.7830
    -2.3604    -2.9152     3.4124    -2.8393
    -2.4672    -2.9106     3.6717    -2.8581
    -2.4672    -2.9061     3.8506    -2.9237
    -2.6008    -2.8606     4.0563    -2.9519
    -2.6008    -2.7330     4.2888    -2.9519
    -2.6631    -2.6419     4.4140    -2.8862
    -2.6631    -2.5235     4.4230    -2.8956
    -2.6364    -2.4688     4.4677    -2.8205
    -2.6186    -2.3321     4.4051    -2.7642
    -2.6008    -2.1407     4.3604    -2.6422
    -2.5206    -1.9674     4.3335    -2.5672
    -2.4138    -1.7850     4.1815    -2.4545
    -2.4049    -1.4931     3.9758    -2.2762
    -2.2269    -1.2832     3.7611    -2.1260
    -2.1201    -0.9637     3.5018    -1.9758
    -2.0312    -0.7719     3.2157    -1.7410
    -1.8888    -0.4430     2.8671    -1.5156
    -1.6841    -0.1779     2.5274    -1.3372
    -1.4884     0.0872     2.2236    -1.0742
    -1.3015     0.4531     1.8394    -0.8111
    -1.0258     0.7276     1.5268    -0.5573
    -0.8301     1.0297     1.1249    -0.3224
    -0.5900     1.4052     0.8659    -0.0591
    -0.3676     1.6434     0.5713     0.2324
    -0.0564     1.9276     0.1874     0.4675
     0.2192     2.1843    -0.1517     0.8155
     0.4414     2.5604    -0.4908     1.1919
     0.6725     2.7531    -0.8388     1.5307
     0.9392     3.0101    -1.1510     1.8131
     1.1702     3.2672    -1.3829     2.1615
     1.4279     3.4509    -1.6682     2.4723
     1.7123     3.5244    -1.9447     2.7548
     1.9521     3.6254    -2.1230     3.0281
     2.1120     3.6990    -2.3013     3.3108
     2.3430     3.6714    -2.5152     3.5370
     2.5117     3.7265    -2.6845     3.8292
     2.6805     3.7265    -2.8628     4.0932
     2.7781     3.6254    -2.9875     4.2630
     2.9557     3.5795    -3.0677     4.4044
     3.0801     3.4509    -3.1925     4.4705
     3.0978     3.2672    -3.2549     4.4893
     3.1866     3.0376    -3.3261     4.4516
     3.1600     2.8265    -3.3707     4.4422
     3.0712     2.6338    -3.3885     4.3290
     3.0445     2.3402    -3.3974     4.2347
     2.9646     2.1476    -3.3350     4.0084
     2.8137     1.9092    -3.2638     3.7538
     2.6982     1.6618    -3.2281     3.5370
     2.5739     1.4327    -3.2103     3.2731
     2.4496     1.1579    -3.1658     2.9621
     2.2630     0.8832    -3.0321     2.6230
     2.1031     0.6452    -2.8717     2.3498
     1.9699     0.3708    -2.6845     1.9637
     1.7656     0.1055    -2.5063     1.5966
     1.5968    -0.1505    -2.3726     1.2201
     1.3924    -0.3424    -2.1408     0.9096
     1.1614    -0.6166    -1.9357     0.6180
     0.9658    -0.7993    -1.7307     0.2982
     0.7881    -0.9910    -1.4631    -0.0685
     0.5837    -1.1828    -1.2134    -0.3318
     0.3970    -1.4110    -0.8834    -0.6137
     0.1214    -1.5387    -0.5443    -0.9238
    -0.0653    -1.7577    -0.2320    -1.1681
    -0.2254    -1.8945     0.0357    -1.4405
    -0.4832    -2.0677     0.3481    -1.7410
    -0.6433    -2.1407     0.6606    -1.9476
    -0.8568    -2.2774     0.9284    -2.1260
    -1.0792    -2.3959     1.2320    -2.3325
    -1.2749    -2.5235     1.5536    -2.4733
    -1.4083    -2.6602     1.8573    -2.6047
    -1.5418    -2.6784     2.1611    -2.7455
    -1.7642    -2.7512     2.4291    -2.8581
    -1.8443    -2.8241     2.6973    -2.9613
    -2.0045    -2.7968     2.9743    -3.0832
    -2.1379    -2.8788     3.1799    -3.1301
    -2.2625    -2.8697     3.3766    -3.1770
    -2.3960    -2.8788     3.5018    -3.2239
    -2.3782    -2.9152     3.7075    -3.1770
    -2.4761    -2.8423     3.8237    -3.2052
    -2.5741    -2.8150     3.8774    -3.2427
    -2.5563    -2.6419     4.0115    -3.1395
    -2.5741    -2.5964     4.0026    -3.0926
    -2.5652    -2.4961     3.9042    -3.0551
    -2.5652    -2.3777     3.8416    -2.9707
    -2.4583    -2.2592     3.7701    -2.8768
    -2.3782    -2.1498     3.6091    -2.7361
    -2.3248    -1.9857     3.4303    -2.5953
    -2.2714    -1.7212     3.2246    -2.4827
    -2.1379    -1.5205     3.0727    -2.2856
    -1.9689    -1.2467     2.8224    -2.1260
    -1.8710    -0.9728     2.5721    -1.9664
    -1.7108    -0.7536     2.3666    -1.7223
    -1.5240    -0.4612     2.0985    -1.4687
    -1.2927    -0.1962     1.7858    -1.2339
    -1.1236     0.1421     1.5089    -1.0178
    -0.8835     0.4531     1.2767    -0.8017
    -0.6878     0.7734     0.9731    -0.5197
    -0.4744     1.0114     0.7320    -0.3130
    -0.2520     1.3686     0.3838    -0.0685
    -0.0653     1.6526     0.0982     0.2418
     0.2903     1.9367    -0.2320     0.5992
     0.5037     2.2485    -0.4908     0.8814
     0.7170     2.5420    -0.7139     1.1636
     1.0281     2.8265    -0.9637     1.5495
     1.1791     3.0101    -1.2402     1.8696
     1.4813     3.2672    -1.4007     2.1897
     1.7478     3.4050    -1.5969     2.5099
     1.9344     3.4876    -1.8912     2.8019
     2.1387     3.5795    -2.0516     3.0846
     2.3519     3.5795    -2.2834     3.3296
     2.5917     3.5887    -2.4528     3.5747
     2.7337     3.6254    -2.5598     3.8198
     2.8847     3.5152    -2.6489     4.0084
     3.0889     3.4233    -2.8360     4.1027
     3.2044     3.3039    -2.8984     4.2724
     3.2132     3.0468    -2.9964     4.3478
     3.1866     2.8816    -3.1212     4.3478
     3.2843     2.6429    -3.1301     4.3007
     3.2310     2.4044    -3.1836     4.1970
     3.1156     2.1568    -3.2281     4.0461
     3.0623     1.9184    -3.2549     3.8009
     2.8936     1.6343    -3.1925     3.5747
     2.7693     1.4418    -3.0766     3.3296
     2.6183     1.2037    -3.0856     3.0281
     2.4851     0.9931    -2.9875     2.7172
     2.3341     0.7093    -2.9697     2.4157
     2.1564     0.4531    -2.8093     2.0108
     1.9788     0.1787    -2.7113     1.6342
     1.8278    -0.0956    -2.6043     1.2295
     1.6323    -0.3790    -2.4082     0.8343
     1.4368    -0.5709    -2.2299     0.5051
     1.2058    -0.7627    -2.0338     0.1665
     1.0192    -0.9089    -1.7753    -0.0873
     0.8592    -1.1919    -1.5345    -0.3787
     0.6370    -1.3745    -1.3115    -0.6325
     0.4770    -1.5296    -1.0350    -0.9708
     0.2459    -1.6847    -0.7852    -1.2433
     0.0503    -1.8580    -0.4819    -1.4687
    -0.1364    -2.0677    -0.1785    -1.7692
    -0.4121    -2.1680     0.0982    -1.9476
    -0.6166    -2.2410     0.4909    -2.1354
    -0.7945    -2.4324     0.8749    -2.3325
    -1.0347    -2.5235     1.2142    -2.5202
    -1.2927    -2.5417     1.5982    -2.6516
    -1.4083    -2.6693     1.9377    -2.8111
    -1.5862    -2.7786     2.3040    -2.8487
    -1.8087    -2.8423     2.6436    -3.0363
    -1.9333    -2.9243     2.9654    -3.1020
    -2.1201    -2.9243     3.1978    -3.1301
    -2.1913    -2.8788     3.5197    -3.2239
    -2.3337    -2.9607     3.8416    -3.3084
    -2.3871    -2.9698     4.0920    -3.3178
    -2.5028    -2.9789     4.2441    -3.2896
    -2.5474    -2.9607     4.3783    -3.2709
    -2.5385    -2.8879     4.4319    -3.2052
    -2.6186    -2.7968     4.4140    -3.1583
    -2.5919    -2.6510     4.4230    -3.1114
    -2.6097    -2.5690     4.4230    -3.0645
    -2.5385    -2.4141     4.4230    -2.9425
    -2.4583    -2.3321     4.4051    -2.8018
    -2.3782    -2.1316     4.3067    -2.6704
    -2.2803    -1.9401     4.1994    -2.5390
    -2.1735    -1.7759     3.9310    -2.3701
    -2.0578    -1.5752     3.6359    -2.2011
    -1.9511    -1.2923     3.3498    -1.9946
    -1.8176    -1.0732     3.0548    -1.7880
    -1.6307    -0.7901     2.6883    -1.6283
    -1.4706    -0.5435     2.3845    -1.3278
    -1.3015    -0.2236     2.0449    -1.1117
    -1.1236     0.1147     1.6965    -0.9144
    -0.9546     0.4165     1.4196    -0.6231
    -0.7856     0.6727     1.0981    -0.3787
    -0.5722     0.9839     0.7856    -0.1155
    -0.3588     1.2861     0.4195     0.1571
    -0.1187     1.5884     0.0803     0.4581
     0.0947     1.8817    -0.2142     0.8249
     0.3348     2.1201    -0.5354     1.0695
     0.5925     2.4319    -0.7585     1.4930
     0.7792     2.7072    -1.0707     1.8225
     1.0992     2.9550    -1.2223     2.1238
     1.3213     3.1019    -1.4631     2.4252
     1.6145     3.2029    -1.7039     2.6889
     1.8811     3.4050    -1.8822     2.9904
     2.0943     3.4233    -2.0249     3.2354
     2.2808     3.3866    -2.1586     3.4993
     2.5295     3.3728    -2.2656     3.7538
     2.7426     3.3590    -2.3815     3.9612
     2.8936     3.3498    -2.4795     4.1592
     3.0268     3.2488    -2.5598     4.3950
     3.1156     3.1294    -2.5954     4.4799
     3.1333     2.9091    -2.7113     4.4988
     3.1067     2.7439    -2.8271     4.4799
     3.1688     2.4686    -2.8271     4.4422
     3.0623     2.2485    -2.8004     4.3384
     2.9646     2.0192    -2.7380     4.1027
     2.8758     1.7626    -2.6222     3.9141
     2.7337     1.6343    -2.5598     3.6972
     2.6005     1.3594    -2.5508     3.4333
     2.4229     1.0938    -2.4528     3.1694
     2.3074     0.8191    -2.3547     2.8302
     2.1120     0.5812    -2.2389     2.4440
     1.9432     0.2518    -2.1230     2.0485
     1.8633     0.0598    -1.9803     1.6813
     1.6678    -0.1688    -1.8198     1.2860
     1.4901    -0.3699    -1.6682     0.9190
     1.2413    -0.5709    -1.4364     0.5709
     1.0636    -0.8267    -1.2759     0.2324
     0.8148    -1.0002    -1.0350    -0.0779
     0.6459    -1.2102    -0.8031    -0.3787
     0.4770    -1.4018    -0.5711    -0.7077
     0.2370    -1.5113    -0.3480    -0.9990
     0.0058    -1.7303    -0.1785    -1.2620
    -0.1453    -1.9127     0.1339    -1.4499
    -0.3943    -2.0404     0.3927    -1.7035
    -0.6078    -2.1771     0.6873    -1.9194
    -0.8123    -2.3503     0.9909    -2.1635
    -1.0080    -2.4141     1.2499    -2.3044
    -1.1948    -2.5782     1.5982    -2.4733
    -1.3905    -2.7330     1.8126    -2.6610
    -1.5596    -2.7057     2.0985    -2.7830
    -1.7464    -2.8332     2.3934    -2.8956
    -1.9422    -2.9061     2.6615    -2.9988
    -2.0578    -2.9607     2.9654    -3.0457
    -2.2180    -3.0154     3.1799    -3.0832
    -2.3960    -2.9881     3.4124    -3.1489
    -2.4939    -2.8879     3.6270    -3.2427
    -2.6097    -2.8970     3.7790    -3.2802
    -2.6542    -2.8697     3.9579    -3.2521
    -2.7165    -2.9243     4.1457    -3.2521
    -2.7432    -2.8059     4.2083    -3.2052
    -2.7966    -2.7512     4.2262    -3.1677
    -2.8144    -2.6328     4.3156    -3.0739
    -2.7788    -2.4232     4.3067    -3.0176
    -2.7966    -2.3503     4.1904    -2.9613
    -2.6453    -2.1680     4.1815    -2.8393
    -2.5563    -2.0404     4.0831    -2.7361
    -2.4583    -1.8033     3.9579    -2.5765
    -2.3782    -1.6391     3.7701    -2.4264
    -2.2892    -1.4018     3.5286    -2.2480
    -2.0667    -1.0732     3.3319    -2.0321
    -1.9422    -0.8723     3.0727    -1.8162
    -1.7909    -0.5892     2.7509    -1.5532
    -1.6663    -0.3333     2.4560    -1.3654
    -1.4528    -0.0042     2.0896    -1.0835
    -1.2571     0.3982     1.7680    -0.8393
    -1.0792     0.6178     1.5089    -0.5573
    -0.8568     0.9839     1.1785    -0.3318
    -0.6166     1.2312     0.8570    -0.0685
    -0.4566     1.5884     0.5356     0.2512
    -0.2343     1.8084     0.1785     0.6086
     0.0147     2.1201    -0.1517     0.8720
     0.2192     2.4319    -0.4640     1.2483
     0.4770     2.6338    -0.7496     1.6060
     0.6814     2.8632    -0.9815     1.9637
     0.9392     3.0744    -1.3115     2.3216
     1.2325     3.2580    -1.5523     2.6701
     1.4813     3.3866    -1.7753     2.9244
     1.6590     3.4601    -2.0249     3.2260
     1.8899     3.5336    -2.2210     3.4710
     2.1209     3.5336    -2.4439     3.7632
     2.3519     3.5428    -2.6400     4.0178
     2.5117     3.4876    -2.7469     4.2818
     2.6627     3.4509    -2.8450     4.4327
     2.8226     3.3774    -2.9519     4.4893
     2.9202     3.2121    -3.0766     4.4988
     2.9646     3.1386    -3.1301     4.5271
     2.9513     2.9275    -3.1925     4.5365
     2.9380     2.7439    -3.2192     4.5459
     2.8758     2.4961    -3.2014     4.4610
     2.7693     2.2852    -3.2103     4.3290
     2.6893     2.1293    -3.2103     4.1970
     2.5206     1.8542    -3.1747     3.9895
     2.3341     1.6801    -3.0766     3.7538
     2.1831     1.3594    -2.9608     3.4144
     2.0143     1.1213    -2.9162     3.1223
     1.8811     0.8741    -2.7469     2.8114
     1.7389     0.7002    -2.5954     2.4440
     1.5968     0.4897    -2.4082     2.0579
     1.4635     0.1970    -2.2389     1.6625
     1.2947     0.0141    -2.0160     1.3330
     1.0547    -0.2236    -1.8822     1.0790
     0.8859    -0.4795    -1.5969     0.7309
     0.7259    -0.6348    -1.3740     0.3640
     0.5392    -0.8084    -1.1421     0.0255
     0.2903    -0.9910    -0.8923    -0.2471
     0.0947    -1.2102    -0.6157    -0.5009
    -0.0831    -1.3562    -0.3213    -0.7829
    -0.3676    -1.5113    -0.0179    -0.9896
    -0.5989    -1.7212     0.3392    -1.2151
    -0.8123    -1.8215     0.6963    -1.4593
    -0.9991    -1.9674     0.9909    -1.6190
    -1.2660    -2.1407     1.2946    -1.8068
    -1.4350    -2.2774     1.5625    -2.0321
    -1.6129    -2.3412     1.9288    -2.1448
    -1.8354    -2.4506     2.2236    -2.2668
    -2.0223    -2.4779     2.4828    -2.4264
    -2.1557    -2.5417     2.7598    -2.5108
    -2.2714    -2.5690     3.0280    -2.5953
    -2.4405    -2.5690     3.2515    -2.7079
    -2.5652    -2.6237     3.4482    -2.7924
    -2.6275    -2.6055     3.5912    -2.8581
    -2.7254    -2.6510     3.7880    -2.8768
    -2.7699    -2.6328     3.9310    -2.8956
    -2.7788    -2.4961     4.0205    -2.8393
    -2.7743    -2.4779     4.0831    -2.8111
    -2.7699    -2.4050     4.0786    -2.8393
    -2.7877    -2.2410     4.0741    -2.7830
    -2.7165    -2.1589     4.0473    -2.6892
    -2.6809    -1.9492     3.9758    -2.6235
    -2.6542    -1.7759     3.8774    -2.5296
    -2.5563    -1.6664     3.7522    -2.4358
    -2.4227    -1.3927     3.6270    -2.2856
    -2.3426    -1.2375     3.4482    -2.1542
    -2.2447    -0.9728     3.2515    -1.9570
    -2.0223    -0.7079     2.9833    -1.7880
    -1.9066    -0.4887     2.7419    -1.5626
    -1.7464    -0.2328     2.4738    -1.2996
    -1.5773     0.0781     2.1968    -1.0648
    -1.4083     0.3433     1.9824    -0.8674
    -1.2571     0.6727     1.7590    -0.6231
    -1.0436     0.9656     1.4464    -0.3412
    -0.8746     1.2678     1.1517    -0.1249
    -0.6344     1.5060     0.8213     0.1477
    -0.4299     1.7534     0.5624     0.4863
    -0.1720     2.0834     0.2499     0.7309
     0.0325     2.3769    -0.0892     1.1166
     0.2548     2.6246    -0.3213     1.4177
     0.5392     2.7806    -0.6157     1.7472
     0.7970     3.0284    -0.9012     2.0861
     1.0192     3.2121    -1.1421     2.4157
     1.2325     3.2947    -1.3650     2.6983
     1.5346     3.3958    -1.6415     2.9715
     1.7211     3.5244    -1.8377     3.2354
     1.9965     3.5244    -2.0338     3.4993
     2.2453     3.5979    -2.1854     3.7538
     2.4229     3.5979    -2.3280     3.9801
     2.6361     3.5887    -2.5152     4.1781
     2.7337     3.5152    -2.6132     4.2913
     2.8847     3.4325    -2.6935     4.4044
     2.9557     3.3774    -2.7737     4.4705
     3.0534     3.1845    -2.8539     4.4893
     3.0623     3.0193    -2.9875     4.3856
     2.9824     2.8632    -3.0321     4.3856
     2.9114     2.6613    -3.0945     4.2724
     2.8314     2.4594    -3.0499     4.0932
     2.7160     2.1476    -3.0143     3.8575
     2.5828     1.9367    -3.0499     3.6501
     2.4318     1.6984    -2.9519     3.4144
     2.3074     1.5151    -2.8984     3.1317
     2.1298     1.2586    -2.8004     2.7831
     2.0232     0.9107    -2.6578     2.4346
     1.8722     0.7002    -2.5241     2.0955
     1.6945     0.3708    -2.3637     1.6907
     1.5523     0.1329    -2.1675     1.3989
     1.3302    -0.1414    -2.0160     0.9943
     1.2058    -0.3881    -1.8109     0.6744
     1.0281    -0.5526    -1.6237     0.4016
     0.8148    -0.7901    -1.3918     0.0161
     0.5570    -1.0093    -1.1331    -0.2377
     0.3881    -1.2193    -0.8923    -0.5103
     0.1747    -1.4657    -0.6068    -0.7829
    -0.0742    -1.5752    -0.2767    -1.0272
    -0.2876    -1.7850    -0.0000    -1.2996
    -0.4655    -1.9674     0.3392    -1.5344
    -0.7056    -2.0769     0.6427    -1.7598
    -0.9546    -2.2683     0.9552    -2.0039
    -1.1859    -2.3503     1.3214    -2.2386
    -1.4083    -2.5235     1.6697    -2.4921
    -1.5062    -2.6237     1.9556    -2.6141
    -1.7642    -2.6510     2.2415    -2.7455
    -1.8710    -2.7148     2.5632    -2.8862
    -2.0401    -2.8514     2.9118    -2.9613
    -2.1913    -2.8879     3.1799    -3.1301
    -2.3515    -2.8788     3.4660    -3.2333
    -2.4761    -2.9972     3.6538    -3.3084
    -2.5385    -2.9881     3.8416    -3.3553
    -2.5563    -2.9425     4.0384    -3.3553
    -2.6364    -2.9789     4.1725    -3.3834
    -2.6720    -2.8514     4.1770    -3.3834
    -2.6631    -2.8241     4.1815    -3.3553
    -2.6542    -2.7239     4.2441    -3.3084
    -2.6631    -2.6602     4.2799    -3.2709
    -2.6008    -2.5053     4.2262    -3.1489
    -2.5652    -2.3412     4.2083    -3.0363
    -2.5563    -2.2227     4.1010    -2.9331
    -2.4227    -2.0130     3.9489    -2.7736
    -2.2625    -1.7668     3.7522    -2.6422
    -2.1557    -1.6208     3.5555    -2.4733
    -1.9956    -1.4292     3.2872    -2.3231
    -1.8621    -1.1006     3.0548    -2.1354
    -1.7731    -0.8906     2.8045    -1.8725
    -1.5862    -0.6257     2.4738    -1.5908
    -1.4172    -0.4064     2.2415    -1.3748
    -1.2660    -0.0956     1.9645    -1.0742
    -1.0436     0.2244     1.7054    -0.8487
    -0.8212     0.4988     1.4196    -0.5385
    -0.5900     0.7825     1.0892    -0.2753
    -0.4299     1.0846     0.8034    -0.0027
    -0.2165     1.3502     0.4284     0.2794
     0.0769     1.6801     0.1428     0.6274
     0.3614     1.8634    -0.1339     0.9566
     0.5837     2.2026    -0.3748     1.2672
     0.7703     2.3861    -0.6157     1.6342
     1.0903     2.6613    -0.9012     1.9826
     1.3035     2.9091    -1.1510     2.3027
     1.5523     3.0835    -1.4096     2.6230
     1.8544     3.2121    -1.5791     2.8962
     2.0765     3.3407    -1.8466     3.1883
     2.3341     3.4325    -2.0071     3.4239
     2.5206     3.4141    -2.1675     3.6501
     2.7426     3.3866    -2.3726     3.8386
     2.9291     3.4050    -2.5063     4.0932
     3.1333     3.3866    -2.6756     4.1970
     3.1866     3.3498    -2.7915     4.3101
     3.2132     3.1845    -2.9519     4.3856
     3.2843     3.1294    -3.0588     4.4516
     3.2488     2.9091    -3.1390     4.4139
     3.2132     2.7255    -3.1568     4.3384
     3.2576     2.4503    -3.1747     4.2913
     3.2488     2.2852    -3.1836     4.1404
     3.1511     2.0284    -3.1925     3.9329
     3.0357     1.8267    -3.2103     3.7255
     2.8670     1.5701    -3.1925     3.4710
     2.7249     1.3869    -3.1836     3.2448
     2.5384     1.0663    -3.1390     2.9244
     2.4140     0.8191    -3.0232     2.5947
     2.2808     0.4988    -2.8895     2.2462
     2.0854     0.3067    -2.7469     1.8225
     1.8988     0.0872    -2.6578     1.4460
     1.7034    -0.2053    -2.4528     1.0884
     1.5168    -0.4064    -2.2924     0.7309
     1.3835    -0.6257    -2.0962     0.4299
     1.1436    -0.8267    -1.9090     0.1195
     0.9658    -0.9728    -1.6504    -0.2095
     0.7703    -1.1463    -1.4275    -0.4727
     0.5748    -1.3379    -1.1153    -0.7829
     0.3703    -1.5296    -0.8566    -1.0742
     0.1036    -1.6391    -0.5622    -1.3184
    -0.0920    -1.8215    -0.2053    -1.5344
    -0.3054    -1.9310     0.1071    -1.7786
    -0.5366    -2.1224     0.4284    -2.0227
    -0.8123    -2.2592     0.7588    -2.2386
    -0.9635    -2.3048     1.1160    -2.3982
    -1.2571    -2.4050     1.4107    -2.5953
    -1.4261    -2.5599     1.7858    -2.7173
    -1.5862    -2.5873     2.1611    -2.8487
    -1.7464    -2.7148     2.4649    -2.9425
    -1.9333    -2.7604     2.7866    -3.0176
    -1.9956    -2.7512     3.0280    -3.1020
    -2.1290    -2.7604     3.3319    -3.1489
    -2.2358    -2.8059     3.5108    -3.2146
    -2.3070    -2.7922     3.6717    -3.2333
    -2.3871    -2.7786     3.8684    -3.2802
    -2.3871    -2.7695     3.9758    -3.2615
    -2.4494    -2.6328     4.0563    -3.1677
    -2.4850    -2.5326     4.0294    -3.1770
    -2.4405    -2.4232     4.0205    -3.0363
    -2.4494    -2.2956     4.0115    -2.9800
    -2.3871    -2.2136     3.9400    -2.8768
    -2.3426    -2.0313     3.8595    -2.7455
    -2.2002    -1.9218     3.6985    -2.6235
    -2.0489    -1.6664     3.4929    -2.4639
    -1.9956    -1.5387     3.2872    -2.3044
    -1.9333    -1.2923     3.0369    -2.1542
    -1.7731    -1.0184     2.8224    -1.8913
    -1.6396    -0.8084     2.5543    -1.6753
    -1.4973    -0.5892     2.3040    -1.4217
    -1.3015    -0.2876     2.0717    -1.2245
    -1.1859     0.0689     1.8484    -0.9426
    -0.9635     0.3891     1.5893    -0.6983
    -0.7678     0.5995     1.3482    -0.4069
    -0.5900     0.8832     1.0088    -0.1907
    -0.4121     1.2129     0.7409     0.0631
    -0.2520     1.4877     0.4374     0.3546
     0.0147     1.8084     0.2053     0.6650
     0.2548     2.1018    -0.0179     1.0413
     0.5214     2.3952    -0.2767     1.3330
     0.7081     2.6521    -0.4640     1.7095
     1.0192     2.8357    -0.7049     2.0485
     1.2236     3.1019    -0.9280     2.3686
     1.5435     3.2580    -1.1777     2.6606
     1.8100     3.3774    -1.3650     3.0092
     2.0054     3.4050    -1.5612     3.3296
     2.2186     3.5244    -1.7663     3.6124
     2.4407     3.4968    -1.8912     3.8386
     2.6183     3.5244    -2.1319     4.0366
     2.7693     3.5336    -2.2299     4.2158
     2.9913     3.4601    -2.3369     4.3478
     3.1156     3.4233    -2.4617     4.4516
     3.1333     3.2672    -2.5508     4.4705
     3.2044     3.1570    -2.7202     4.5176
     3.1866     2.9734    -2.7647     4.5082
     3.1156     2.8265    -2.8004     4.4327
     3.0268     2.5879    -2.8138     4.3950
     3.0001     2.4228    -2.8271     4.2252
     2.8226     2.1476    -2.8539     4.0272
     2.6982     1.9459    -2.9162     3.7444
     2.5117     1.7167    -2.9608     3.5653
     2.4051     1.4968    -2.9341     3.2825
     2.1920     1.1762    -2.8450     2.9621
     2.0676     0.9381    -2.7558     2.5947
     1.8899     0.7093    -2.6400     2.2180
     1.7211     0.4348    -2.5241     1.8790
     1.5257     0.2153    -2.4171     1.5024
     1.3480    -0.0956    -2.3191     1.1072
     1.0992    -0.3242    -2.1497     0.7214
     0.9481    -0.5069    -1.9982     0.5051
     0.7081    -0.6988    -1.7485     0.1477
     0.5125    -0.8997    -1.5166    -0.1907
     0.2903    -1.2102    -1.2848    -0.5009
     0.1303    -1.3745    -1.0172    -0.7829
    -0.1009    -1.5022    -0.7763    -1.0742
    -0.3499    -1.7394    -0.5533    -1.3466
    -0.5900    -1.9036    -0.2588    -1.6283
    -0.7501    -1.9948     0.0536    -1.8725
    -1.0080    -2.1407     0.4017    -2.1166
    -1.1770    -2.3230     0.7588    -2.3419
    -1.4172    -2.4050     1.1070    -2.4827
    -1.6307    -2.5144     1.4017    -2.6798
    -1.8354    -2.6510     1.7769    -2.7924
    -2.0045    -2.7239     2.0539    -2.8862
    -2.1557    -2.8423     2.4023    -2.9894
    -2.2714    -2.8423     2.6615    -3.1208
    -2.4049    -2.8332     2.9296    -3.2333
    -2.5385    -2.8788     3.1174    -3.3365
    -2.6275    -2.9516     3.3766    -3.4115
    -2.6364    -2.9243     3.5286    -3.4678
    -2.7432    -2.8788     3.6628    -3.4631
    -2.7699    -2.8514     3.7164    -3.4584
    -2.7699    -2.7239     3.8148    -3.4678
    -2.7699    -2.6419     3.7701    -3.4491
    -2.7343    -2.5964     3.7790    -3.3646
    -2.6987    -2.5053     3.6628    -3.3365
    -2.5919    -2.3777     3.5733    -3.2333
    -2.5741    -2.2227     3.4660    -3.1020
    -2.4583    -2.0677     3.3051    -3.0176
    -2.3693    -1.8124     3.1799    -2.9050
    -2.2447    -1.6756     2.9207    -2.6610
    -2.1290    -1.3836     2.6704    -2.4733
    -1.9333    -1.1645     2.4738    -2.2856
    -1.7464    -0.9728     2.2058    -1.9946
    -1.6574    -0.6897     1.9734    -1.7880
    -1.4795    -0.4795     1.7054    -1.5156
    -1.2660    -0.1871     1.4285    -1.2526
    -1.1058     0.1604     1.2588    -0.9802
    -0.8835     0.4073     1.0445    -0.6889
    -0.6522     0.6727     0.7498    -0.3881
    -0.4566     0.9290     0.5088    -0.1249
    -0.2787     1.2586     0.1785     0.1759
    -0.0742     1.5610    -0.1160     0.5521
     0.2281     1.8176    -0.3302     0.9096
     0.4859     2.1201    -0.5265     1.2107
     0.7170     2.3585    -0.7496     1.5495
     0.9836     2.5787    -0.9280     1.9826
     1.2147     2.8357    -1.1331     2.2839
     1.5346     2.9917    -1.3472     2.5759
     1.8011     3.1203    -1.5166     2.8773
     2.0410     3.2396    -1.7574     3.1788
     2.2097     3.3315    -1.9001     3.4333
     2.4851     3.2947    -2.0606     3.6784
     2.6627     3.2856    -2.2121     3.8858
     2.7870     3.2764    -2.3280     4.0555
     2.9735     3.3039    -2.4350     4.2724
     3.0889     3.1478    -2.5241     4.3667
     3.1156     3.0652    -2.5954     4.4139
     3.1866     2.8907    -2.7113     4.4799
     3.1511     2.7255    -2.7558     4.4610
     3.1688     2.5420    -2.7826     4.4327
     3.0268     2.3677    -2.8093     4.3950
     2.9824     2.1018    -2.7915     4.2630
     2.8847     1.9276    -2.8004     4.0555
     2.7249     1.7259    -2.8360     3.8669
     2.6094     1.4968    -2.7915     3.6312
     2.4584     1.1945    -2.7647     3.3485
     2.2986     1.0114    -2.6578     3.0563
     2.0676     0.7551    -2.6043     2.6889
     1.8899     0.5171    -2.4350     2.3875
     1.7478     0.2427    -2.3102     2.0485
     1.4813    -0.0042    -2.1854     1.6813
     1.2591    -0.2236    -2.0873     1.2577
     1.0814    -0.3881    -1.9268     1.0131
     0.9303    -0.5709    -1.7485     0.7403
     0.6903    -0.8175    -1.5166     0.4016
     0.5570    -0.9910    -1.2937     0.0537
     0.3881    -1.1006    -1.0261    -0.2189
     0.1303    -1.3288    -0.7496    -0.5103
    -0.0742    -1.5296    -0.4997    -0.7547
    -0.2609    -1.6847    -0.1696    -1.0178
    -0.5277    -1.7850     0.0893    -1.2245
    -0.7323    -1.9583     0.3660    -1.4499
    -0.9546    -2.0313     0.7409    -1.7129
    -1.1236    -2.1863     1.0445    -1.9194
    -1.3905    -2.2683     1.4196    -2.0603
    -1.5507    -2.4141     1.7412    -2.2386
    -1.7019    -2.4688     2.0539    -2.4076
    -1.9333    -2.5873     2.3755    -2.5484
    -2.0845    -2.6693     2.6704    -2.6516
    -2.2002    -2.6237     2.9207    -2.7079
    -2.3515    -2.6328     3.1978    -2.8487
    -2.4939    -2.6419     3.3945    -2.9613
    -2.5919    -2.6693     3.6181    -3.0363
    -2.6631    -2.6966     3.8237    -3.0926
    -2.6987    -2.6146     3.9042    -3.1208
    -2.7877    -2.5782     3.9758    -3.1395
    -2.7610    -2.4961     4.0115    -3.1395
    -2.7877    -2.3868     4.0026    -3.1114
    -2.8055    -2.3230     3.9936    -3.0551
    -2.8055    -2.2318     3.8953    -3.0176
    -2.6987    -2.0951     3.8327    -2.9707
    -2.6275    -1.9127     3.7075    -2.9050
    -2.5295    -1.6938     3.5555    -2.7642
    -2.3871    -1.5478     3.3856    -2.6422
    -2.2536    -1.3288     3.1263    -2.4827
    -2.1557    -1.1097     2.9028    -2.2574
    -2.0667    -0.8632     2.6436    -2.0603
    -1.8799    -0.6348     2.4113    -1.8631
    -1.7464    -0.3516     2.1253    -1.6190
    -1.6129    -0.1414     1.8305    -1.3842
    -1.4439     0.2061     1.5089    -1.1211
    -1.2482     0.4439     1.3124    -0.8956
    -1.0614     0.7551     1.0981    -0.6607
    -0.8657     1.0572     0.8213    -0.3787
    -0.6344     1.2861     0.5177    -0.1343
    -0.4388     1.6068     0.2053     0.1759
    -0.2787     1.7351    -0.0625     0.4675
     0.0058     2.0467    -0.3123     0.7967
     0.1925     2.3035    -0.5354     1.1260
     0.4770     2.5787    -0.7496     1.4366
     0.6548     2.7439    -0.9637     1.7472
     0.8503     2.8632    -1.2223     2.0296
     1.1347     3.0468    -1.4631     2.3781
     1.4191     3.1937    -1.6147     2.6418
     1.6234     3.2396    -1.7842     2.9150
     1.8811     3.2672    -1.9892     3.1223
     2.0498     3.2764    -2.1319     3.3485
     2.3163     3.2856    -2.2656     3.5653
     2.4584     3.2947    -2.3369     3.7915
     2.6982     3.2396    -2.4439     3.9801
     2.8403     3.1478    -2.5598     4.0932
     2.9646     3.0284    -2.6667     4.1687
     2.9824     2.9091    -2.7647     4.2064
     3.0712     2.6797    -2.8182     4.1498
     3.0179     2.4686    -2.8360     4.0744
     2.9114     2.1751    -2.8450     3.9424
     2.8048     1.9917    -2.8717     3.7726
     2.7781     1.7442    -2.7915     3.6124
     2.6272     1.5335    -2.7826     3.3862
     2.5295     1.2861    -2.8271     3.1129
     2.3607     0.9565    -2.8093     2.8302
     2.2186     0.7276    -2.7469     2.5570
     2.0321     0.3799    -2.6132     2.2368
     1.9255     0.1695    -2.4885     1.8884
     1.7745    -0.1139    -2.3280     1.5401
     1.5790    -0.3424    -2.1408     1.1731
     1.3569    -0.5892    -1.9625     0.8437
     1.1436    -0.7445    -1.8109     0.4957
     0.9925    -0.9454    -1.6326     0.1947
     0.7970    -1.1097    -1.4275    -0.0497
     0.6103    -1.3014    -1.1777    -0.3130
     0.3614    -1.4931    -0.9101    -0.6137
     0.2192    -1.6756    -0.6336    -0.9238
    -0.0475    -1.7759    -0.3480    -1.1587
    -0.2165    -1.9765    -0.0268    -1.3842
    -0.4655    -2.0495     0.2678    -1.5814
    -0.6166    -2.1771     0.6338    -1.8068
    -0.8568    -2.2774     0.9374    -2.0039
    -1.1058    -2.4232     1.2320    -2.1729
    -1.2660    -2.5144     1.5893    -2.3231
    -1.4884    -2.5326     1.8573    -2.5484
    -1.6841    -2.6693     2.1611    -2.6798
    -1.8799    -2.6784     2.4649    -2.7736
    -2.0401    -2.7239     2.7241    -2.8111
    -2.2180    -2.7695     2.9833    -2.8205
    -2.4227    -2.8059     3.2246    -2.8956
    -2.5563    -2.7148     3.4660    -2.9613
    -2.7076    -2.7512     3.6181    -3.0269
    -2.8411    -2.6966     3.7343    -3.0457
    -2.8945    -2.7148     3.8863    -2.9894
    -2.9568    -2.5873     3.9668    -2.9988
    -2.9390    -2.5053     3.9579    -2.9894
    -2.9835    -2.4141     3.9489    -2.9519
    -2.9791    -2.3321     3.8684    -2.9144
    -2.9746    -2.1407     3.8595    -2.8111
    -2.8856    -1.9674     3.7343    -2.7642
    -2.8500    -1.8580     3.6359    -2.6235
    -2.7432    -1.6117     3.5197    -2.4921
    -2.6631    -1.4110     3.3230    -2.3701
    -2.5206    -1.2102     3.0995    -2.1823
    -2.4494    -0.9819     2.8850    -1.9852
    -2.3337    -0.6805     2.6347    -1.7974
    -2.1112    -0.5435     2.3666    -1.5438
    -1.9333    -0.2328     2.0717    -1.3278
    -1.8087     0.0689     1.7948    -1.0835
    -1.6218     0.3982     1.4375    -0.8581
    -1.5240     0.6178     1.1963    -0.6325
    -1.3193     0.9015     1.0267    -0.3881
    -1.1325     1.1945     0.7498    -0.2471
    -0.8924     1.5060     0.4731     0.0255
    -0.7145     1.7534     0.1517     0.3264
    -0.5277     2.0467    -0.1785     0.6368
    -0.2432     2.3585    -0.3659     0.9190
    -0.0031     2.5237    -0.5979     1.2672
     0.2459     2.7622    -0.8655     1.5683
     0.4681     2.9275    -1.0618     1.9355
     0.7437     3.1203    -1.2669     2.2368
     0.9392     3.2764    -1.5166     2.4817
     1.2858     3.3407    -1.6504     2.7643
     1.5612     3.4141    -1.8912     3.0469
     1.7833     3.4141    -2.0516     3.2637
     1.9699     3.3866    -2.2121     3.4710
     2.2009     3.3407    -2.3013     3.6501
     2.4318     3.3407    -2.4528     3.8198
     2.6538     3.2672    -2.5776     3.9706
     2.7604     3.2305    -2.6756     4.0555
     2.9913     3.1203    -2.7291     4.0838
     3.0978     2.9366    -2.8539     4.1215
     3.0889     2.7990    -2.9162     4.0744
     3.1067     2.5328    -2.9875     3.9612
     3.0934     2.3585    -2.9608     3.8386
     3.0801     2.0834    -2.9430     3.6407
     3.0978     1.8542    -2.9519     3.3956
     2.9735     1.6159    -2.9519     3.1788
     2.7870     1.4144    -2.9430     2.9338
     2.5650     1.0297    -2.8806     2.6135
     2.4318     0.8008    -2.7737     2.3498
     2.3252     0.4988    -2.6667     2.0673
     2.1298     0.2061    -2.5152     1.7472
     2.0321    -0.0682    -2.3815     1.4272
     1.8722    -0.3790    -2.2834     1.0507
     1.7034    -0.6257    -2.0784     0.6650
     1.4990    -0.8449    -1.9268     0.3358
     1.3213    -1.0458    -1.7663     0.1101
     1.0903    -1.3014    -1.5077    -0.2189
     0.9214    -1.4748    -1.2848    -0.4351
     0.7348    -1.7029    -0.9815    -0.7359
     0.5481    -1.8671    -0.6514    -0.9614
     0.3436    -2.1133    -0.4105    -1.2902
     0.1570    -2.2136    -0.1071    -1.5438
    -0.0831    -2.3959     0.2588    -1.7974
    -0.3499    -2.4961     0.4999    -1.9382
    -0.5099    -2.6328     0.8213    -2.1542
    -0.7234    -2.6693     1.1606    -2.3513
    -0.9991    -2.7968     1.4732    -2.5108
    -1.1948    -2.9334     1.7948    -2.6798
    -1.3905    -2.9607     2.0449    -2.8205
    -1.6040    -2.9425     2.3934    -2.9613
    -1.7909    -2.9698     2.6704    -3.0457
    -1.9333    -3.0700     2.9118    -3.1020
    -2.0667    -3.0609     3.1263    -3.1395
    -2.2714    -3.0973     3.3498    -3.2333
    -2.3693    -3.0245     3.5376    -3.2896
    -2.4939    -3.0245     3.6002    -3.2990
    -2.6542    -2.9972     3.7343    -3.2896
    -2.6453    -2.9334     3.7969    -3.2239
    -2.7254    -2.7786     3.8327    -3.1958
    -2.7610    -2.7239     3.8058    -3.2146
    -2.7877    -2.6237     3.7969    -3.1114
    -2.7699    -2.5053     3.7254    -3.0457
    -2.8055    -2.3959     3.5733    -2.9613
    -2.7432    -2.2501     3.4929    -2.8674
    -2.6364    -2.1224     3.3677    -2.7455
    -2.5295    -1.8580     3.2068    -2.6047
    -2.4316    -1.6299     3.0012    -2.4264
    -2.3337    -1.4566     2.7777    -2.2293
    -2.2091    -1.1919     2.5185    -2.0133
    -2.0667    -0.9089     2.2326    -1.7974
    -1.9511    -0.6714     1.9377    -1.5344
    -1.7820    -0.3973     1.6965    -1.2714
    -1.5862    -0.0408     1.3928    -1.0178
    -1.3994     0.2061     1.1963    -0.7735
    -1.2660     0.5446     0.9374    -0.5761
    -1.1325     0.7825     0.6159    -0.3506
    -0.8390     1.1030     0.3481    -0.1155
    -0.6255     1.4785     0.0357     0.1383
    -0.4299     1.7076    -0.2410     0.4393
    -0.1542     2.0101    -0.4551     0.6650
     0.0769     2.3585    -0.6960     0.9755
     0.3436     2.6062    -0.8745     1.2483
     0.5570     2.8357    -1.1331     1.5401
     0.7792     3.0284    -1.3383     1.8319
     1.1169     3.1570    -1.5077     2.1332
     1.3124     3.2121    -1.6861     2.3404
     1.5879     3.2764    -1.9001     2.6041
     1.8189     3.3039    -2.0427     2.9150
     2.0676     3.3315    -2.1765     3.1883
     2.2897     3.3866    -2.3191     3.4144
     2.5295     3.3590    -2.4171     3.6407
     2.7426     3.2305    -2.5063     3.7821
     2.9735     3.2029    -2.6043     3.9141
     3.0978     3.1111    -2.7469     3.9895
     3.0712     3.0284    -2.8360     4.0272
     3.1333     2.8907    -2.8895     3.9706
     3.0978     2.6980    -2.9786     3.8952
     3.0801     2.5420    -2.9430     3.7821
     3.0801     2.3310    -2.9519     3.6501
     3.0889     2.1384    -2.9964     3.4427
     2.9291     1.8542    -2.9875     3.2260
     2.7337     1.6434    -2.9430     3.0186
     2.5295     1.3411    -2.9073     2.7077
     2.4229     1.1030    -2.7826     2.4440
     2.2719     0.7734    -2.7024     2.1709
     2.1476     0.5537    -2.6489     1.9261
     2.0321     0.2518    -2.5241     1.5966
     1.8722    -0.0316    -2.3904     1.2577
     1.7211    -0.3424    -2.2834     0.9002
     1.5257    -0.6348    -2.1497     0.5051
     1.2947    -0.8449    -1.9447     0.2982
     1.0903    -1.1097    -1.7574     0.0161
     0.8947    -1.3562    -1.4810    -0.2941
     0.6992    -1.6026    -1.3115    -0.4539
     0.4770    -1.7850    -1.0439    -0.7171
     0.3703    -1.9492    -0.8031    -1.0460
     0.1214    -2.1133    -0.5533    -1.3372
    -0.0742    -2.2774    -0.2767    -1.6002
    -0.2698    -2.4415     0.0446    -1.7786
    -0.4299    -2.5326     0.3213    -1.9664
    -0.6878    -2.6055     0.6516    -2.1260
    -0.8924    -2.7877     0.9552    -2.2856
    -1.0792    -2.8150     1.2231    -2.4733
    -1.3104    -2.9425     1.5447    -2.6329
    -1.4795    -2.9061     1.8662    -2.7548
    -1.5951    -2.9061     2.1253    -2.9800
    -1.7909    -2.9881     2.4291    -3.0645
    -1.9244    -3.0154     2.6168    -3.1395
    -2.0045    -3.1064     2.8581    -3.1864
    -2.1468    -3.0791     3.0816    -3.2052
    -2.2536    -3.0791     3.2336    -3.2005
    -2.3248    -2.9881     3.3051    -3.1958
    -2.3426    -2.9243     3.4213    -3.1677
    -2.3782    -2.8150     3.4303    -3.0551
    -2.4138    -2.7421     3.4392    -3.0551
    -2.3960    -2.6693     3.4571    -2.9800
    -2.4138    -2.6146     3.4213    -2.8768
    -2.3248    -2.4870     3.3319    -2.8111
    -2.2536    -2.3321     3.2336    -2.7736
    -2.1646    -2.2136     3.1174    -2.6329
    -2.0845    -1.9948     2.9475    -2.5108
    -1.9867    -1.7759     2.7330    -2.3794
    -1.8176    -1.6026     2.5185    -2.1917
    -1.6752    -1.3379     2.2504    -2.0227
    -1.5951    -1.0093     1.9734    -1.7692
    -1.4706    -0.7536     1.6786    -1.4875
    -1.3104    -0.5343     1.4375    -1.2714
    -1.1503    -0.1688     1.1517    -1.0460
    -1.0436     0.1787     0.9374    -0.7923
    -0.7589     0.4439     0.7677    -0.6325
    -0.5544     0.8008     0.4731    -0.4445
    -0.4032     1.0663     0.2321    -0.2847
    -0.1987     1.3594    -0.0892     0.0161
    -0.0209     1.6984    -0.3659     0.2700
     0.2192     2.0101    -0.5800     0.5051
     0.4503     2.2301    -0.7942     0.7873
     0.7081     2.4961    -1.0172     1.0507
     0.9481     2.7714    -1.1599     1.3895
     1.1436     2.9183    -1.4453     1.6719
     1.3746     3.1111    -1.5612     1.9920
     1.6056     3.2121    -1.7663     2.2274
     1.8100     3.2947    -1.9447     2.5193
     2.0321     3.3039    -2.0784     2.8019
     2.2009     3.3682    -2.2032     3.1035
     2.3785     3.3958    -2.2834     3.3579
     2.5473     3.3131    -2.4082     3.6124
     2.7693     3.3315    -2.4974     3.8009
     2.9114     3.2580    -2.6756     3.9329
     2.9646     3.2029    -2.7558     3.9989
     3.0179     3.0744    -2.8628     4.0461
     3.0712     3.0101    -2.8984     4.0178
     2.9824     2.7898    -2.9341     3.9424
     2.9202     2.6613    -2.9786     3.8292
     2.8048     2.4411    -3.0054     3.6972
     2.6627     2.1751    -3.0232     3.4521
     2.4584     1.8909    -2.9608     3.1977
     2.2986     1.6709    -2.9162     2.9998
     2.1209     1.3960    -2.8984     2.7266
     1.8722     1.0663    -2.8806     2.4723
     1.7300     0.7734    -2.8360     2.1991
     1.6234     0.4348    -2.7647     1.8978
     1.4279     0.2153    -2.6489     1.6154
     1.2325    -0.0956    -2.5598     1.3330
     1.0992    -0.4156    -2.4439     1.0319
     0.9036    -0.6074    -2.2656     0.6744
     0.6370    -0.8541    -2.1319     0.4769
     0.4414    -1.0915    -1.8733     0.1007
     0.2281    -1.3653    -1.7218    -0.1531
     0.0769    -1.5113    -1.4988    -0.3975
    -0.1187    -1.6938    -1.2045    -0.6889
    -0.3765    -1.8671    -1.0083    -0.9614
    -0.5366    -2.0769    -0.7406    -1.2714
    -0.7501    -2.2227    -0.4551    -1.5063
    -0.8746    -2.3048    -0.1785    -1.7129
    -1.1414    -2.4232     0.0803    -1.8913
    -1.3282    -2.5144     0.4017    -2.0884
    -1.4439    -2.5417     0.7231    -2.2574
    -1.6485    -2.6237     1.0624    -2.3982
    -1.8443    -2.7786     1.3571    -2.5578
    -1.9778    -2.7968     1.6518    -2.6985
    -2.1112    -2.8697     1.9734    -2.8393
    -2.2714    -2.9243     2.2236    -2.9331
    -2.3960    -2.9516     2.4649    -2.9707
    -2.4761    -2.8970     2.6526    -3.0176
    -2.6008    -2.9334     2.8939    -3.0832
    -2.6631    -2.9334     3.0190    -3.0832
    -2.7343    -2.9334     3.1442    -3.0832
    -2.7165    -2.8332     3.2604    -3.0739
    -2.7610    -2.7604     3.3856    -2.9707
    -2.7699    -2.6693     3.4303    -2.9237
    -2.7521    -2.5235     3.4750    -2.8768
    -2.6987    -2.4597     3.4482    -2.7830
    -2.7076    -2.2774     3.3856    -2.6892
    -2.5830    -2.1498     3.3588    -2.5859
    -2.4850    -1.9674     3.2336    -2.4451
    -2.4405    -1.7941     3.1442    -2.3513
    -2.2536    -1.5478     2.9386    -2.1917
    -2.1557    -1.2741     2.7777    -2.0039
    -2.0134    -1.0184     2.6079    -1.8537
    -1.8532    -0.7171     2.3219    -1.6096
    -1.7019    -0.4795     2.1253    -1.3560
    -1.5151    -0.1688     1.8305    -1.1493
    -1.3371     0.1329     1.6340    -0.9614
    -1.1948     0.4988     1.4553    -0.7641
    -0.9813     0.7459     1.2499    -0.5949
    -0.7856     1.0572     1.0088    -0.4069
    -0.6078     1.3777     0.7231    -0.2283
    -0.4299     1.6068     0.4820     0.0443
    -0.2432     1.8451     0.2321     0.2324
    -0.0031     2.1843    -0.0268     0.5239
     0.2459     2.4594    -0.2410     0.9002
     0.4859     2.6613    -0.4819     1.1731
     0.6637     2.8907    -0.6603     1.4930
     0.8947     3.0193    -0.8923     1.7472
     1.1880     3.1845    -1.0975     2.0955
     1.4191     3.2764    -1.2669     2.3686
     1.5879     3.2856    -1.4364     2.6795
     1.8100     3.3590    -1.6504     2.9998
     2.0232     3.3407    -1.7931     3.2825
     2.2453     3.3590    -1.9447     3.4616
     2.3430     3.3774    -2.0606     3.6784
     2.5384     3.4141    -2.1943     3.8292
     2.6982     3.2856    -2.3458     3.9141
     2.7604     3.2580    -2.4706     4.0084
     2.8226     3.0376    -2.5687     4.0178
     2.9824     2.9091    -2.5954     3.9801
     2.9557     2.6154    -2.6935     3.8858
     2.8936     2.4319    -2.7291     3.8386
     2.8670     2.1384    -2.8004     3.6689
     2.6805     1.7992    -2.8093     3.4804
     2.5206     1.6068    -2.8271     3.2542
     2.3874     1.2770    -2.8182     2.9998
     2.1742     1.0389    -2.8628     2.7831
     1.9521     0.7642    -2.8271     2.5099
     1.7922     0.4439    -2.7380     2.2180
     1.6056     0.1878    -2.6935     1.9637
     1.4457    -0.0956    -2.6132     1.6248
     1.2858    -0.3699    -2.5152     1.2672
     1.1436    -0.5983    -2.4439     0.9284
     0.9747    -0.8358    -2.2656     0.5992
     0.7703    -1.0824    -2.1586     0.3076
     0.5925    -1.2558    -1.9892     0.0349
     0.3792    -1.4383    -1.8288    -0.2001
     0.1836    -1.7212    -1.6058    -0.4257
    -0.0209    -1.7850    -1.2759    -0.6889
    -0.1453    -1.9765    -1.0350    -0.9990
    -0.4032    -2.1589    -0.8834    -1.2996
    -0.5544    -2.3686    -0.5711    -1.4875
    -0.7056    -2.4597    -0.3480    -1.6847
    -0.9457    -2.5873    -0.0803    -1.8349
    -1.1147    -2.5964     0.2410    -2.0415
    -1.2927    -2.7239     0.5891    -2.2199
    -1.4706    -2.7421     0.8570    -2.3701
    -1.6218    -2.8059     1.1785    -2.5202
    -1.8176    -2.7968     1.4196    -2.6610
    -1.8888    -2.8606     1.7412    -2.7455
    -2.0578    -2.9152     2.0271    -2.7736
    -2.1557    -2.8150     2.2951    -2.8299
    -2.2180    -2.7330     2.5185    -2.8487
    -2.3782    -2.6966     2.7330    -2.9519
    -2.4138    -2.6602     2.9028    -2.9894
    -2.5206    -2.6146     2.9922    -2.9613
    -2.5385    -2.5144     3.0816    -2.9613
    -2.5295    -2.4597     3.2336    -2.8674
    -2.5117    -2.2865     3.3230    -2.8018
    -2.5028    -2.2227     3.3856    -2.7267
    -2.4494    -2.0130     3.3409    -2.6892
    -2.4138    -1.9036     3.2962    -2.6141
    -2.3248    -1.7212     3.2693    -2.4827
    -2.1646    -1.5752     3.2336    -2.3982
    -2.1023    -1.2832     3.1084    -2.2856
    -1.9956    -1.0824     2.9475    -2.1072
    -1.8443    -0.8084     2.8134    -1.9758
    -1.7108    -0.5983     2.6168    -1.7786
    -1.5951    -0.3699     2.3755    -1.5532
    -1.3638    -0.0408     2.1789    -1.2902
    -1.2037     0.1970     1.9377    -1.0835
    -1.1414     0.5354     1.6608    -0.8956
    -0.9546     0.7642     1.4285    -0.7265
    -0.7501     1.0205     1.3124    -0.4821
    -0.5989     1.4052     1.0802    -0.2659
    -0.4299     1.6343     0.7856    -0.0497
    -0.1809     1.9276     0.5713     0.2136
     0.0769     2.2668     0.2767     0.5239
     0.2636     2.5512     0.0357     0.7591
     0.4592     2.7806    -0.2231     1.0507
     0.6992     2.8816    -0.4373     1.3048
     0.8414     3.0652    -0.6425     1.5966
     1.0636     3.1478    -0.8298     1.9449
     1.2858     3.2764    -1.0172     2.1897
     1.5168     3.3590    -1.2580     2.5005
     1.7123     3.3407    -1.3829     2.7454
     1.9432     3.3682    -1.5969     3.0469
     2.0943     3.2947    -1.7396     3.2731
     2.2275     3.3039    -1.8644     3.4521
     2.4673     3.1845    -1.9803     3.6595
     2.6005     3.1662    -2.0784     3.7915
     2.6893     2.9825    -2.1854     3.8952
     2.8403     2.8540    -2.3191     3.8858
     2.9291     2.6338    -2.3993     3.8764
     2.9202     2.5512    -2.4885     3.8292
     2.8758     2.2760    -2.5419     3.7255
     2.8226     2.1018    -2.5865     3.5841
     2.7515     1.7717    -2.5954     3.3862
     2.6005     1.5610    -2.5687     3.1788
     2.3963     1.2861    -2.5865     2.9056
     2.2542     0.9198    -2.5954     2.6512
     2.0587     0.6727    -2.5598     2.3969
     1.7922     0.3159    -2.4617     2.1144
     1.6412    -0.0225    -2.3726     1.8507
     1.4546    -0.3607    -2.3191     1.5401
     1.2236    -0.5435    -2.2389     1.2577
     1.0636    -0.7993    -2.1319     0.9002
     0.8859    -1.0732    -1.9982     0.6462
     0.6992    -1.2284    -1.8555     0.3076
     0.5925    -1.4748    -1.6682     0.0161
     0.4148    -1.6117    -1.5256    -0.1813
     0.2281    -1.7759    -1.3294    -0.4163
     0.0414    -1.9492    -1.0261    -0.7453
    -0.1631    -2.1042    -0.8209    -1.0272
    -0.3676    -2.3048    -0.6068    -1.3090
    -0.5722    -2.3959    -0.3837    -1.5156
    -0.7323    -2.4506    -0.1249    -1.6941
    -0.9190    -2.5690     0.1607    -1.8913
    -1.1681    -2.6875     0.4463    -2.0603
    -1.3460    -2.7604     0.7320    -2.2386
    -1.4439    -2.7604     1.0624    -2.3888
    -1.6307    -2.8332     1.3660    -2.5765
    -1.8354    -2.9334     1.6518    -2.6985
    -1.9244    -2.9789     1.9198    -2.8111
    -2.1112    -2.9334     2.2236    -2.8111
    -2.2447    -2.9607     2.4828    -2.8487
    -2.3960    -2.8606     2.7688    -2.8674
    -2.4583    -2.8332     2.9922    -2.9144
    -2.6008    -2.8150     3.1531    -3.0176
    -2.6453    -2.7239     3.3319    -3.0269
    -2.7343    -2.6875     3.5197    -2.9894
    -2.7076    -2.6055     3.6359    -2.9800
    -2.7432    -2.4506     3.7075    -2.8674
    -2.7165    -2.3412     3.7075    -2.7924
    -2.7165    -2.1863     3.6896    -2.6985
    -2.6631    -2.0221     3.6896    -2.6422
    -2.5830    -1.8580     3.6896    -2.5953
    -2.5206    -1.6391     3.6270    -2.4733
    -2.3960    -1.5022     3.5465    -2.3794
    -2.2714    -1.2375     3.3677    -2.2105
    -2.1112    -1.0367     3.2246    -2.0603
    -1.9956    -0.8267     2.9833    -1.8913
    -1.9066    -0.5618     2.7509    -1.7598
    -1.7909    -0.3242     2.4560    -1.5344
    -1.6218    -0.0134     2.1611    -1.2245
    -1.4350     0.3159     1.9288    -1.0178
    -1.2838     0.5537     1.6518    -0.7923
    -1.0792     0.8466     1.3660    -0.6325
    -0.9635     1.0572     1.2231    -0.5009
    -0.7323     1.3502     0.9999    -0.2659
    -0.5900     1.6526     0.7052    -0.0873
    -0.3854     1.9459     0.4642     0.2136
    -0.1453     2.1843     0.1607     0.4581
     0.1303     2.4044    -0.0892     0.7403
     0.3348     2.6429    -0.3213     1.0131
     0.5125     2.8999    -0.5087     1.3519
     0.7437     3.0744    -0.6693     1.6060
     0.9836     3.2396    -0.8834     2.0014
     1.1791     3.2856    -1.1331     2.3027
     1.4813     3.3039    -1.2937     2.6324
     1.6323     3.3866    -1.4988     2.9338
     1.8988     3.4325    -1.5880     3.1977
     2.0676     3.4417    -1.7663     3.4050
     2.2453     3.3866    -1.9179     3.6312
     2.4318     3.3039    -2.0695     3.8292
     2.5295     3.2213    -2.1497     3.9424
     2.6805     3.1662    -2.2834     4.0084
     2.8581     2.9366    -2.3369     4.0461
     2.8581     2.8265    -2.4171     4.0555
     2.9114     2.5328    -2.5241     3.9895
     2.9114     2.3769    -2.5286     3.8858
     2.8581     2.1384    -2.5330     3.7349
     2.7604     1.8634    -2.5865     3.6124
     2.7160     1.6159    -2.6311     3.3767
     2.5739     1.3228    -2.6667     3.1506
     2.3430     1.0755    -2.6132     2.9150
     2.1564     0.7459    -2.5330     2.6418
     1.9521     0.5354    -2.5330     2.3686
     1.7034     0.2244    -2.4617     2.0955
     1.5701    -0.0316    -2.3280     1.7754
     1.3657    -0.3516    -2.2389     1.4554
     1.2413    -0.5892    -2.1319     1.1354
     1.1791    -0.7993    -2.0427     0.8061
     0.9570    -1.0367    -1.9090     0.4957
     0.8148    -1.2649    -1.7396     0.2606
     0.6992    -1.4292    -1.5434     0.0067
     0.5125    -1.6208    -1.3561    -0.1625
     0.3259    -1.7668    -1.0885    -0.4445
     0.1747    -1.9127    -0.8566    -0.7077
     0.0236    -2.0495    -0.5711    -0.9990
    -0.1453    -2.1316    -0.3570    -1.2433
    -0.3321    -2.2865    -0.1249    -1.4311
    -0.5544    -2.3777     0.1964    -1.6096
    -0.6967    -2.3686     0.4731    -1.8349
    -0.8924    -2.3868     0.7498    -1.9570
    -1.1236    -2.4506     1.0356    -2.0978
    -1.2571    -2.5417     1.3571    -2.2574
    -1.3727    -2.5782     1.6429    -2.3701
    -1.5418    -2.5690     1.9288    -2.4639
    -1.6930    -2.5964     2.2236    -2.5108
    -1.7642    -2.5508     2.5006    -2.6047
    -1.8621    -2.5782     2.7330    -2.6704
    -1.9689    -2.4779     2.9296    -2.7173
    -2.0578    -2.4597     3.1352    -2.6985
    -2.0667    -2.3777     3.2783    -2.7548
    -2.1379    -2.3777     3.3945    -2.7830
    -2.1735    -2.2592     3.4929    -2.7736
    -2.1824    -2.1863     3.5644    -2.7079
    -2.1468    -2.0860     3.5733    -2.6610
    -2.1379    -1.8854     3.5108    -2.5484
    -2.0756    -1.8033     3.4660    -2.4451
    -2.0578    -1.6938     3.4303    -2.3701
    -2.0223    -1.4383     3.3141    -2.3044
    -1.8621    -1.2102     3.2068    -2.2105
    -1.7464    -1.0550     3.0280    -2.0978
    -1.6218    -0.8084     2.8134    -1.9382
    -1.5685    -0.6440     2.5811    -1.8255
    -1.4795    -0.4887     2.3398    -1.6565
    -1.3282    -0.2419     2.0807    -1.4123
    -1.1948     0.1147     1.8037    -1.1963
    -0.9724     0.3982     1.5804    -0.9802
    -0.8301     0.5720     1.2767    -0.8205
    -0.6878     0.8832     1.0445    -0.6419
    -0.5099     1.1213     0.8927    -0.4445
    -0.3410     1.3411     0.6159    -0.2471
    -0.1542     1.6618     0.3392    -0.0027
     0.0325     1.8267     0.0536     0.2230
     0.2014     2.0834    -0.2320     0.4863
     0.4059     2.3127    -0.4284     0.6838
     0.6281     2.4778    -0.6336     1.0131
     0.7792     2.6521    -0.8834     1.2483
     1.0369     2.8816    -1.0707     1.5589
     1.1702     2.9734    -1.3115     1.8696
     1.4368     3.0468    -1.4721     2.1520
     1.6590     3.1937    -1.6772     2.4628
     1.8100     3.2213    -1.8466     2.7360
     2.0143     3.2396    -2.0338     2.9527
     2.2009     3.1937    -2.1497     3.1977
     2.3519     3.1386    -2.2924     3.4427
     2.4496     3.1019    -2.4617     3.6218
     2.5828     3.0101    -2.4885     3.7349
     2.6716     2.8540    -2.6489     3.8669
     2.7249     2.7347    -2.7380     3.8292
     2.8048     2.5053    -2.7915     3.7915
     2.8403     2.2668    -2.8539     3.7161
     2.7781     2.0284    -2.8806     3.5841
     2.7604     1.8542    -2.8450     3.4710
     2.6361     1.6068    -2.8984     3.2354
     2.5384     1.3136    -2.9162     3.0186
     2.3341     1.0846    -2.9073     2.7925
     2.1920     0.8008    -2.8717     2.6041
     1.9788     0.5354    -2.7737     2.3216
     1.7656     0.3067    -2.6667     2.0579
     1.5790     0.0141    -2.6132     1.8225
     1.3124    -0.2602    -2.5063     1.5024
     1.1969    -0.5343    -2.4171     1.2295
     1.1169    -0.7536    -2.3547     0.8531
     0.9125    -0.9454    -2.2389     0.5709
     0.7170    -1.1371    -2.1408     0.3076
     0.6103    -1.3653    -1.8912    -0.0027
     0.4237    -1.5022    -1.6682    -0.1813
     0.1925    -1.6756    -1.4988    -0.3787
     0.0147    -1.8580    -1.1777    -0.6607
    -0.1631    -2.0495    -0.9369    -0.9520
    -0.2876    -2.1863    -0.6603    -1.2057
    -0.5010    -2.2410    -0.4551    -1.4217
    -0.6522    -2.3594    -0.1071    -1.6471
    -0.8123    -2.4415     0.2053    -1.8349
    -1.0525    -2.4961     0.5356    -2.0603
    -1.1503    -2.5053     0.8659    -2.2199
    -1.3193    -2.5326     1.1606    -2.3982
    -1.4706    -2.6693     1.4464    -2.5484
    -1.6574    -2.6146     1.7769    -2.6235
    -1.7998    -2.6283     2.0628    -2.6892
    -1.8977    -2.6419     2.3577    -2.7173
    -2.0134    -2.6510     2.6079    -2.7455
    -2.1201    -2.6419     2.8581    -2.8111
    -2.2358    -2.6283     3.0906    -2.9144
    -2.2803    -2.6146     3.3051    -2.9519
    -2.3960    -2.5964     3.4303    -2.9519
    -2.4405    -2.4961     3.5376    -2.9894
    -2.4227    -2.4688     3.6091    -2.9613
    -2.4227    -2.3412     3.6806    -2.9237
    -2.4227    -2.2136     3.7254    -2.8018
    -2.4138    -2.1589     3.6806    -2.7830
    -2.3871    -1.9583     3.6449    -2.6892
    -2.3248    -1.8306     3.6091    -2.5765
    -2.2714    -1.6117     3.5465    -2.5015
    -2.1557    -1.4931     3.4660    -2.3513
    -2.0756    -1.2467     3.3141    -2.2762
    -1.9333    -1.0915     3.1263    -2.1354
    -1.8799    -0.8175     2.8939    -1.9664
    -1.7909    -0.6348     2.6168    -1.7316
    -1.6752    -0.3881     2.3487    -1.4969
    -1.5329    -0.2419     2.0539    -1.2808
    -1.3905     0.1055     1.7322    -1.0178
    -1.0881     0.4622     1.5179    -0.8393
    -0.9102     0.6544     1.3124    -0.6419
    -0.8034     0.9381     1.1695    -0.4821
    -0.7056     1.2770     0.8838    -0.3130
    -0.5099     1.4877     0.5891    -0.1061
    -0.2520     1.7992     0.3213     0.1383
    -0.1009     2.0467    -0.0000     0.3546
     0.0947     2.2485    -0.1963     0.6462
     0.3436     2.5237    -0.4373     0.9566
     0.5125     2.7072    -0.6514     1.2860
     0.7437     2.7990    -0.8477     1.5777
     1.0192     3.0376    -1.0439     1.9072
     1.2413     3.1019    -1.2759     2.2651
     1.4724     3.2305    -1.4721     2.5288
     1.6945     3.2947    -1.5969     2.8114
     1.8811     3.3866    -1.8377     3.0940
     2.0587     3.3498    -1.9536     3.2731
     2.2186     3.3223    -2.1051     3.4804
     2.4051     3.3223    -2.2478     3.6595
     2.4940     3.2488    -2.3102     3.8198
     2.6272     3.0744    -2.4171     3.9329
     2.7071     2.9091    -2.5687     3.9518
     2.7693     2.7531    -2.6222     3.9801
     2.8048     2.5420    -2.7380     3.8764
     2.8314     2.2301    -2.7647     3.8292
     2.7604     2.0376    -2.7915     3.6972
     2.6716     1.7259    -2.8004     3.4993
     2.5828     1.4602    -2.7915     3.3014
     2.4140     1.3228    -2.7469     3.1035
     2.1476     1.0297    -2.7469     2.8208
     1.9521     0.8008    -2.6935     2.5382
     1.7833     0.5171    -2.5776     2.2745
     1.5435     0.3067    -2.5508     1.9920
     1.3391    -0.0225    -2.3904     1.7001
     1.1436    -0.2876    -2.2834     1.4177
     1.0192    -0.5069    -2.1943     1.0884
     0.9036    -0.7627    -2.1051     0.7873
     0.7703    -1.0458    -1.9357     0.5333
     0.6281    -1.1736    -1.7574     0.2794
     0.4237    -1.4475    -1.5702    -0.0403
     0.2725    -1.6299    -1.3561    -0.1437
     0.0858    -1.7485    -1.0975    -0.3881
    -0.1542    -1.9218    -0.8209    -0.7453
    -0.3054    -2.1042    -0.6246    -0.9802
    -0.4299    -2.1954    -0.3570    -1.2808
    -0.6789    -2.2956    -0.0625    -1.4593
    -0.8657    -2.3777     0.2053    -1.6659
    -0.9813    -2.4141     0.4909    -1.8537
    -1.1414    -2.4779     0.7945    -2.0603
    -1.2749    -2.5417     1.1517    -2.2011
    -1.4795    -2.5873     1.4285    -2.3231
    -1.6129    -2.6419     1.7769    -2.4451
    -1.7197    -2.6146     2.0181    -2.5578
    -1.8087    -2.6510     2.3934    -2.6704
    -1.9600    -2.5782     2.6615    -2.7642
    -2.0312    -2.5417     2.8671    -2.7267
    -2.1290    -2.4870     3.0816    -2.7455
    -2.1824    -2.4688     3.2693    -2.8393
    -2.2981    -2.4506     3.3945    -2.8487
    -2.3248    -2.4324     3.4482    -2.8862
    -2.3426    -2.2592     3.5555    -2.8393
    -2.3693    -2.2045     3.5644    -2.8299
    -2.4138    -2.0495     3.5286    -2.6985
    -2.3960    -1.9583     3.5555    -2.6516
    -2.3871    -1.7668     3.5733    -2.5484
    -2.3871    -1.6573     3.4660    -2.4358
    -2.2981    -1.4931     3.3677    -2.3419
    -2.2002    -1.3927     3.2515    -2.2480
    -2.1379    -1.2010     3.0637    -2.0884
    -2.0489    -0.9271     2.8492    -1.9288
    -1.9600    -0.7171     2.5811    -1.7974
    -1.8532    -0.4978     2.3308    -1.7035
    -1.7375    -0.2693     2.0539    -1.4405
    -1.6040     0.0415     1.7680    -1.1963
    -1.4706     0.3067     1.5447    -0.9802
    -1.3193     0.5903     1.2588    -0.7923
    -1.1503     0.9107     1.1160    -0.6043
    -0.9991     1.1121     0.9374    -0.4539
    -0.8034     1.4052     0.6784    -0.2847
    -0.7056     1.6892     0.3838    -0.0591
    -0.5366     1.8634     0.1428     0.1007
    -0.3321     2.1568    -0.1517     0.4393
    -0.1987     2.3861    -0.3659     0.6556
    -0.0031     2.5971    -0.4997     1.0131
     0.2192     2.7622    -0.7496     1.2389
     0.4770     2.9550    -0.9101     1.5872
     0.6992     3.0193    -1.1510     1.9167
     0.9214     3.0835    -1.3472     2.2651
     1.1436     3.1754    -1.4899     2.5570
     1.3213     3.1570    -1.6504     2.7925
     1.5612     3.2580    -1.8198     3.0563
     1.7123     3.2488    -1.9982     3.2731
     1.9077     3.1845    -2.0695     3.4804
     2.0676     3.0376    -2.2121     3.6030
     2.2275     2.9550    -2.2924     3.7444
     2.3252     2.8816    -2.4171     3.8009
     2.4051     2.6797    -2.5776     3.8669
     2.5117     2.4594    -2.6400     3.8481
     2.5739     2.2577    -2.6845     3.7161
     2.6272     1.9734    -2.7647     3.6124
     2.6005     1.7351    -2.8004     3.5181
     2.5650     1.4510    -2.8450     3.2731
     2.4407     1.2953    -2.8093     3.1035
     2.3252     1.0480    -2.7380     2.8208
     2.2097     0.7917    -2.7024     2.5947
     1.9788     0.5537    -2.6667     2.3121
     1.8011     0.2427    -2.5776     2.0296
     1.6323     0.0415    -2.5508     1.8037
     1.4813    -0.2602    -2.3547     1.4930
     1.2858    -0.5161    -2.2210     1.1731
     1.1702    -0.7810    -2.1141     0.7967
     1.0636    -1.0367    -1.9268     0.4581
     1.0192    -1.2467    -1.8109     0.1947
     0.8236    -1.4475    -1.6415    -0.0215
     0.7170    -1.6117    -1.4185    -0.2377
     0.5748    -1.7759    -1.2223    -0.3600
     0.3614    -1.9583    -0.9547    -0.6513
     0.2014    -2.1316    -0.7228    -0.8393
     0.0236    -2.2227    -0.4819    -1.1305
    -0.1809    -2.3686    -0.2410    -1.3560
    -0.3410    -2.4597     0.0357    -1.4875
    -0.5010    -2.5508     0.3660    -1.6941
    -0.6611    -2.5144     0.6516    -1.8631
    -0.8390    -2.6328     0.9552    -2.0884
    -0.9635    -2.5873     1.2946    -2.2386
    -1.1681    -2.6784     1.5179    -2.4545
    -1.3015    -2.6510     1.8305    -2.5765
    -1.4439    -2.6602     2.1253    -2.7548
    -1.5685    -2.5782     2.4113    -2.7736
    -1.7286    -2.5508     2.6704    -2.7924
    -1.8443    -2.5508     2.9028    -2.7830
    -1.8977    -2.5144     3.1263    -2.8299
    -1.9600    -2.4597     3.3051    -2.8768
    -2.0489    -2.5053     3.4750    -2.8581
    -2.1379    -2.4141     3.5644    -2.7830
    -2.1290    -2.3321     3.6628    -2.7361
    -2.2091    -2.2136     3.7164    -2.6798
    -2.2714    -2.0586     3.7254    -2.5859
    -2.3070    -1.9218     3.6896    -2.5015
    -2.2892    -1.8124     3.6538    -2.3794
    -2.2892    -1.6208     3.6359    -2.2762
    -2.2536    -1.4748     3.5108    -2.2011
    -2.1290    -1.2467     3.3498    -2.1072
    -2.0401    -1.0550     3.1174    -1.9946
    -1.9867    -0.8906     2.8850    -1.8725
    -1.8799    -0.6074     2.7419    -1.7223
    -1.8443    -0.3881     2.4291    -1.5908
    -1.6841    -0.1779     2.1432    -1.4123
    -1.5773     0.1878     1.8752    -1.1493
    -1.4795     0.4805     1.6250    -0.9238
    -1.2927     0.7276     1.3660    -0.7077
    -1.1592     0.9107     1.2320    -0.5385
    -1.0703     1.3044     1.0356    -0.3881
    -0.8835     1.5976     0.7945    -0.1813
    -0.7145     1.7809     0.5356     0.0537
    -0.5455     2.0284     0.3124     0.3358
    -0.3588     2.2760     0.0803     0.6368
    -0.2343     2.4686    -0.2231     0.8908
    -0.0120     2.7072    -0.3302     1.1731
     0.2548     2.8816    -0.5265     1.4836
     0.4059     3.0284    -0.7496     1.8319
     0.6637     3.1662    -0.9637     2.1520
     0.8414     3.2121    -1.1510     2.4346
     1.0814     3.2672    -1.3561     2.6795
     1.3391     3.2856    -1.5256     2.9527
     1.5435     3.3039    -1.6861     3.1506
     1.7123     3.3407    -1.8555     3.3485
     1.8811     3.2672    -1.9982     3.5841
     2.1031     3.2213    -2.0962     3.6972
     2.2186     3.0101    -2.2032     3.7444
     2.3163     2.9366    -2.3547     3.8292
     2.5028     2.7255    -2.4261     3.8481
     2.5739     2.5328    -2.5330     3.8198
     2.5917     2.3402    -2.5687     3.7821
     2.6361     2.0467    -2.6578     3.6784
     2.6449     1.8634    -2.6756     3.5558
     2.5917     1.6068    -2.6222     3.4239
     2.5384     1.2770    -2.6400     3.2071
     2.4051     1.1396    -2.5954     2.9998
     2.2542     0.8375    -2.5330     2.7454
     2.0410     0.5903    -2.5419     2.4534
     1.8988     0.3708    -2.4974     2.1991
     1.7034     0.0415    -2.3547     1.9072
     1.4457    -0.2328    -2.3369     1.5683
     1.3835    -0.4795    -2.1943     1.2860
     1.2591    -0.7536    -2.0249     0.9566
     1.1347    -0.9363    -1.9268     0.6650
     1.0192    -1.1371    -1.7574     0.3734
     0.8859    -1.3836    -1.5702     0.1289
     0.6725    -1.5478    -1.4096    -0.0121
     0.5748    -1.6847    -1.2134    -0.2377
     0.4503    -1.8945    -0.9191    -0.4821
     0.2814    -1.9583    -0.7139    -0.7453
     0.1036    -2.0769    -0.4730    -0.9896
    -0.1276    -2.1771    -0.2499    -1.2433
    -0.3143    -2.3321    -0.0179    -1.4123
    -0.5010    -2.3868     0.3124    -1.6753
    -0.6878    -2.4779     0.6606    -1.8631
    -0.8479    -2.4870     0.9016    -2.0321
    -0.9813    -2.5144     1.2053    -2.1635
    -1.2037    -2.5782     1.5268    -2.2950
    -1.3638    -2.6693     1.7412    -2.4827
    -1.4795    -2.6875     2.0449    -2.6141
    -1.5507    -2.6328     2.3308    -2.7173
    -1.6663    -2.5964     2.6168    -2.7642
    -1.8087    -2.6328     2.8760    -2.7736
    -1.9155    -2.5690     3.0816    -2.8018
    -1.9422    -2.5690     3.2872    -2.8487
    -1.9867    -2.4961     3.4571    -2.8674
    -2.1023    -2.4506     3.5376    -2.8862
    -2.0845    -2.3503     3.5823    -2.9237
    -2.1201    -2.2956     3.6002    -2.8768
    -2.1735    -2.1224     3.6181    -2.7736
    -2.2269    -2.0221     3.5644    -2.7267
    -2.1735    -1.8398     3.5286    -2.6422
    -2.1468    -1.7485     3.4660    -2.5859
    -2.1201    -1.5478     3.4303    -2.4733
    -2.0756    -1.4110     3.2693    -2.4358
    -1.9689    -1.2010     3.0995    -2.3513
    -1.9511    -1.0367     2.8850    -2.1448
    -1.8977    -0.7901     2.6615    -2.0133
    -1.7731    -0.6074     2.4381    -1.8162
    -1.6396    -0.3150     2.1789    -1.6847
    -1.5240    -0.0316     1.9466    -1.4781
    -1.3816     0.2427     1.6250    -1.2151
    -1.1414     0.4622     1.4553    -0.9896
    -1.0169     0.8191     1.2856    -0.7359
    -0.9190     1.0205     1.0356    -0.5479
    -0.7856     1.3502     0.7945    -0.3600
    -0.5455     1.6801     0.5266    -0.1719
    -0.3854     1.8634     0.2499    -0.0121
    -0.2520     2.1568    -0.0000     0.3170
    -0.0920     2.4594    -0.2231     0.6086
     0.1658     2.6246    -0.4284     0.9002
     0.3970     2.8907    -0.5890     1.2107
     0.5659     3.0193    -0.8566     1.4930
     0.7792     3.1478    -1.0350     1.8413
     0.9481     3.2305    -1.2491     2.1803
     1.1702     3.3407    -1.4185     2.4723
     1.4102     3.3590    -1.6147     2.8114
     1.6590     3.4509    -1.7485     3.1317
     1.8278     3.3958    -1.8912     3.3485
     2.0143     3.3774    -2.0784     3.6030
     2.1831     3.3407    -2.1230     3.7161
     2.3252     3.3039    -2.2389     3.9046
     2.3785     3.1662    -2.3280     4.0272
     2.5473     2.9642    -2.4171     4.0366
     2.5917     2.8265    -2.4795     4.0272
     2.6183     2.5787    -2.5330     3.9424
     2.6449     2.2852    -2.5865     3.8952
     2.6627     2.1201    -2.6489     3.8009
     2.5917     1.7809    -2.6400     3.6689
     2.4673     1.5426    -2.6043     3.4804
     2.3785     1.2770    -2.5865     3.2731
     2.2275     0.9473    -2.5598     3.0281
     2.0143     0.7276    -2.4795     2.7172
     1.8722     0.5446    -2.4261     2.4911
     1.7300     0.2244    -2.3280     2.1991
     1.5435    -0.0499    -2.2389     1.9167
     1.3746    -0.3242    -2.1141     1.5872
     1.3035    -0.5983    -1.9179     1.2389
     1.1791    -0.7353    -1.7396     0.8814
     1.0369    -0.9819    -1.5523     0.5898
     0.8859    -1.1919    -1.4364     0.2700
     0.7081    -1.4018    -1.2223     0.0443
     0.5570    -1.5387    -1.0529    -0.1719
     0.4503    -1.7394    -0.8120    -0.4257
     0.2992    -1.8945    -0.5979    -0.6701
     0.0503    -2.0130    -0.3837    -0.9520
    -0.1009    -2.1224    -0.1249    -1.1963
    -0.2520    -2.2683     0.1607    -1.4593
    -0.4388    -2.3686     0.4731    -1.6377
    -0.6611    -2.4506     0.8034    -1.8068
    -0.8390    -2.4597     1.0802    -1.9946
    -0.9546    -2.5144     1.4107    -2.1260
    -1.1414    -2.5873     1.6965    -2.3231
    -1.3193    -2.6784     2.0181    -2.4639
    -1.4884    -2.6693     2.2951    -2.5672
    -1.5596    -2.6419     2.5900    -2.6704
    -1.7197    -2.5964     2.8134    -2.7079
    -1.8532    -2.5964     3.0280    -2.7924
    -1.8710    -2.5326     3.2515    -2.8018
    -1.9333    -2.5417     3.4482    -2.8674
    -2.0045    -2.4779     3.5644    -2.9144
    -2.0667    -2.4597     3.6359    -2.9237
    -2.0667    -2.3230     3.7164    -2.9050
    -2.1379    -2.2045     3.6985    -2.9050
    -2.1646    -2.0951     3.6628    -2.8581
    -2.1824    -2.0495     3.6583    -2.8205
    -2.1379    -1.9036     3.6538    -2.7267
    -2.1023    -1.7394     3.6091    -2.6422
    -2.1201    -1.5752     3.4571    -2.5015
    -2.0134    -1.4018     3.3230    -2.4076
    -2.0045    -1.2558     3.1531    -2.2950
    -1.9244    -1.0915     2.9207    -2.1072
    -1.8354    -0.8175     2.6794    -1.9664
    -1.7731    -0.6257     2.4560    -1.7504
    -1.6040    -0.3607     2.1343    -1.5908
    -1.4528    -0.1048     1.8484    -1.3372
    -1.3104     0.2610     1.5893    -1.0929
    -1.1503     0.4805     1.3571    -0.8393
    -1.0080     0.7185     1.1695    -0.6419
    -0.9190     1.0205     0.9731    -0.5009
    -0.7678     1.2678     0.7052    -0.3412
    -0.5633     1.5793     0.3749    -0.1625
    -0.3854     1.8634     0.1428     0.0537
    -0.2343     2.1018    -0.1339     0.3264
    -0.0298     2.3769    -0.3748     0.6274
     0.1392     2.5879    -0.5533     0.9096
     0.3525     2.7347    -0.8031     1.2013
     0.5659     2.9183    -0.9904     1.5119
     0.7081     3.0652    -1.2313     1.8225
     0.9036     3.1019    -1.4275     2.1897
     1.1347     3.2213    -1.5612     2.5382
     1.3391     3.2580    -1.7842     2.8491
     1.5435     3.3223    -1.9001     3.1223
     1.7745     3.3131    -2.0606     3.3296
     1.8544     3.2764    -2.2032     3.5841
     2.0943     3.2029    -2.2478     3.7915
     2.1831     3.1937    -2.4171     3.9235
     2.3074     3.0376    -2.4617     3.9989
     2.4407     2.8907    -2.5598     4.0366
     2.5117     2.6980    -2.6756     4.0178
     2.5295     2.4686    -2.7647     3.9989
     2.5561     2.2943    -2.7647     3.8764
     2.5828     2.0101    -2.7647     3.7726
     2.5384     1.8176    -2.7469     3.6501
     2.4140     1.5426    -2.7202     3.4521
     2.2630     1.2312    -2.7469     3.2354
     2.1564     1.0663    -2.6845     2.9904
     1.9610     0.8558    -2.6222     2.7266
     1.7478     0.5720    -2.5508     2.4817
     1.5879     0.2701    -2.4439     2.2085
     1.4457     0.0049    -2.3013     1.8696
     1.2947    -0.3150    -2.2121     1.5495
     1.1702    -0.5069    -2.0962     1.1919
     1.1080    -0.7079    -1.9268     0.9190
     0.9925    -0.9910    -1.8020     0.6180
     0.8414    -1.1828    -1.6058     0.4016
     0.6725    -1.3379    -1.4542     0.1571
     0.5925    -1.5022    -1.1956    -0.0121
     0.4059    -1.6573    -0.9815    -0.2753
     0.2192    -1.8580    -0.7585    -0.5103
     0.0503    -2.0130    -0.4997    -0.8017
    -0.0920    -2.0860    -0.2499    -1.0460
    -0.2432    -2.1498     0.0357    -1.2526
    -0.4477    -2.2774     0.3481    -1.4499
    -0.5900    -2.3048     0.6784    -1.6190
    -0.7767    -2.4415     0.9106    -1.8162
    -0.9279    -2.4597     1.2142    -2.0133
    -1.1770    -2.5508     1.4464    -2.1072
    -1.2393    -2.5599     1.8037    -2.2856
    -1.3549    -2.5690     2.1253    -2.4639
    -1.5507    -2.5508     2.4291    -2.6047
    -1.6930    -2.5873     2.7062    -2.6516
    -1.7375    -2.5235     2.9654    -2.6985
    -1.8265    -2.4506     3.1621    -2.7267
    -1.9244    -2.4415     3.3230    -2.7924
    -1.9867    -2.4278     3.4392    -2.8393
    -2.0401    -2.4141     3.5733    -2.8205
    -2.1023    -2.3777     3.6002    -2.8018
    -2.0845    -2.1863     3.6628    -2.7642
    -2.1290    -2.1407     3.6896    -2.6704
    -2.2180    -1.9857     3.6896    -2.6235
    -2.2091    -1.8580     3.6181    -2.5484
    -2.2091    -1.7577     3.5823    -2.4827
    -2.1379    -1.5843     3.5465    -2.4451
    -2.1023    -1.4748     3.4213    -2.3419
    -1.9867    -1.2375     3.2068    -2.2293
    -1.9511    -1.1189     2.9833    -2.1260
    -1.8265    -0.8815     2.7956    -2.0133
    -1.7286    -0.6988     2.5185    -1.8725
    -1.5862    -0.4338     2.1700    -1.6847
    -1.4617    -0.1962     1.9734    -1.4029
    -1.2838     0.0872     1.7144    -1.1681
    -1.1503     0.4073     1.4732    -0.9144
    -1.0703     0.6910     1.3035    -0.7265
    -0.9368     0.9198     1.1338    -0.5479
    -0.7412     1.1945     0.8838    -0.3975
    -0.5900     1.5426     0.6159    -0.2189
    -0.4477     1.8176     0.3303    -0.0497
    -0.2787     2.0376     0.0446     0.2794
    -0.0742     2.3677    -0.1874     0.5615
     0.1570     2.5604    -0.4284     0.8061
     0.3348     2.7531    -0.6514     1.1260
     0.5303     2.9275    -0.8388     1.4177
     0.7614     2.9917    -1.0618     1.7378
     0.9481     3.0927    -1.2669     2.0767
     1.1525     3.2213    -1.5166     2.4157
     1.4102     3.2856    -1.6682     2.6418
     1.6234     3.2947    -1.8644     2.9338
     1.7478     3.2856    -2.0160     3.1600
     1.9077     3.2764    -2.1319     3.4050
     2.1120     3.2305    -2.2389     3.6124
     2.2719     3.1478    -2.3458     3.7726
     2.3607     3.0652    -2.5152     3.8858
     2.4496     2.8632    -2.5776     3.8952
     2.5650     2.7898    -2.7024     3.9141
     2.6449     2.5053    -2.8004     3.8858
     2.6183     2.3219    -2.8093     3.8104
     2.6094     2.0834    -2.8450     3.7067
     2.6005     1.7901    -2.8628     3.5841
     2.5028     1.6159    -2.8895     3.4333
     2.3430     1.3136    -2.9162     3.2448
     2.1653     1.0297    -2.8984     3.0092
     2.0410     0.8832    -2.8182     2.7548
     1.8455     0.6452    -2.7647     2.5476
     1.6590     0.3708    -2.6578     2.2651
     1.4901     0.0964    -2.4885     1.9355
     1.4013    -0.2053    -2.4171     1.5872
     1.2769    -0.4612    -2.2745     1.3048
     1.1791    -0.7353    -2.1230     0.9566
     1.0369    -0.8541    -1.9803     0.6838
     0.8947    -1.1097    -1.8466     0.3640
     0.7437    -1.3288    -1.6415     0.0537
     0.6459    -1.4018    -1.4631    -0.0309
     0.4859    -1.6026    -1.1956    -0.2471
     0.2992    -1.7668    -0.9369    -0.5103
     0.1392    -1.9127    -0.7139    -0.8111
    -0.0386    -2.0039    -0.4908    -1.0084
    -0.1631    -2.1316    -0.2053    -1.1869
    -0.3232    -2.2136     0.0982    -1.3654
    -0.4744    -2.2865     0.4106    -1.5908
    -0.6522    -2.3594     0.7409    -1.7410
    -0.7856    -2.3321     1.0177    -1.8068
    -0.9546    -2.4050     1.3303    -1.9758
    -1.1414    -2.5326     1.6429    -2.2011
    -1.2571    -2.5235     1.9734    -2.3419
    -1.3816    -2.4870     2.2504    -2.5108
    -1.5240    -2.4961     2.5721    -2.5765
    -1.6574    -2.4688     2.7866    -2.6704
    -1.6841    -2.3412     3.0637    -2.6235
    -1.8443    -2.3139     3.2336    -2.6516
    -1.8710    -2.3048     3.3945    -2.6798
    -1.9422    -2.2410     3.4750    -2.6985
    -1.9511    -2.1589     3.6091    -2.7173
    -2.0401    -2.0860     3.6449    -2.6704
    -2.0134    -1.9948     3.6270    -2.6422
    -2.0845    -1.8215     3.6538    -2.5108
    -2.1023    -1.7759     3.6359    -2.4451
    -2.0667    -1.6117     3.6181    -2.3888
    -2.0489    -1.4840     3.5286    -2.2950
    -1.9689    -1.3106     3.4035    -2.1917
    -1.8977    -1.1919     3.2962    -2.1542
    -1.8532    -0.9728     3.1084    -1.9758
    -1.8265    -0.8175     2.8581    -1.8255
    -1.7019    -0.5435     2.6347    -1.6565
    -1.5773    -0.3516     2.4023    -1.4123
    -1.4528    -0.1048     2.1075    -1.2245
    -1.3816     0.1787     1.8126    -0.9708
    -1.1948     0.4714     1.5804    -0.7829
    -1.0436     0.6269     1.3214    -0.6419
    -0.9813     0.9107     1.0713    -0.4163
    -0.7589     1.2312     0.9284    -0.2471
    -0.5900     1.5610     0.6784    -0.0497
    -0.4655     1.7717     0.3749     0.1571
    -0.2609     2.0101     0.0893     0.4487
    -0.1631     2.3035    -0.1249     0.7497
     0.0503     2.5328    -0.3748     0.9849
     0.2903     2.6613    -0.5354     1.2672
     0.4859     2.8540    -0.7585     1.4930
     0.6637     2.9550    -1.0083     1.8602
     0.8947     3.0835    -1.1688     2.1332
     1.0903     3.1386    -1.4007     2.4534
     1.2680     3.1478    -1.5434     2.7077
     1.4813     3.2121    -1.7753     3.0186
     1.6678     3.1983    -1.9268     3.2260
     1.8544     3.1845    -2.0427     3.4333
     2.0498     3.1203    -2.1943     3.5464
     2.1742     3.0652    -2.2834     3.7067
     2.2986     2.9091    -2.3904     3.8292
     2.4851     2.7531    -2.4795     3.7915
     2.5295     2.5420    -2.5598     3.8198
     2.5650     2.3861    -2.6400     3.7538
     2.6627     2.1384    -2.6845     3.6878
     2.6272     1.9367    -2.6667     3.5653
     2.6094     1.6892    -2.7024     3.3767
     2.5028     1.4510    -2.7469     3.2071
     2.4140     1.1762    -2.7469     3.0281
     2.2542     0.9473    -2.6845     2.8208
     2.1031     0.7459    -2.6489     2.5288
     1.9077     0.5812    -2.5330     2.3027
     1.7389     0.2793    -2.4974     2.0296
     1.5701     0.0415    -2.3815     1.7378
     1.4279    -0.2145    -2.2210     1.3989
     1.2947    -0.4795    -2.0873     1.0978
     1.2591    -0.6988    -1.9268     0.7873
     1.1880    -0.9454    -1.7753     0.5239
     1.0547    -1.0641    -1.6147     0.2794
     0.8770    -1.2741    -1.3918     0.0349
     0.7348    -1.4383    -1.1510    -0.1813
     0.5303    -1.6117    -0.9726    -0.3881
     0.3970    -1.7394    -0.7585    -0.6419
     0.2370    -1.8489    -0.5265    -0.8768
     0.0147    -1.9674    -0.3034    -1.1023
    -0.1631    -2.1133     0.0179    -1.2808
    -0.3054    -2.1863     0.3838    -1.4217
    -0.4210    -2.3139     0.6427    -1.6283
    -0.6344    -2.3321     0.9016    -1.7598
    -0.8212    -2.3321     1.2588    -1.8819
    -0.9813    -2.4050     1.5625    -2.0603
    -1.1147    -2.4779     1.8216    -2.2293
    -1.3015    -2.5599     2.1521    -2.3701
    -1.4172    -2.5508     2.4828    -2.4733
    -1.4795    -2.5417     2.7241    -2.5484
    -1.5951    -2.4324     3.0190    -2.5765
    -1.7019    -2.4506     3.2157    -2.6610
    -1.8621    -2.3868     3.3141    -2.7455
    -1.8532    -2.3868     3.4929    -2.7830
    -1.9333    -2.2592     3.6091    -2.7924
    -2.0312    -2.2136     3.6538    -2.8205
    -2.0223    -2.1498     3.6896    -2.7455
    -2.1112    -2.0404     3.7432    -2.6704
    -2.0845    -1.9310     3.7164    -2.6329
    -2.1379    -1.8398     3.6628    -2.5484
    -2.1023    -1.7212     3.5912    -2.4358
    -2.0045    -1.5661     3.5108    -2.3325
    -1.9956    -1.4018     3.3856    -2.2386
    -1.9333    -1.2284     3.2068    -2.1166
    -1.8532    -1.0367     3.0369    -1.9382
    -1.7642    -0.7901     2.8134    -1.8443
    -1.6841    -0.5618     2.5453    -1.6659
    -1.6218    -0.3150     2.2862    -1.4499
    -1.5507    -0.1231     2.0181    -1.2339
    -1.3549     0.2244     1.8216    -0.9990
    -1.1859     0.4805     1.5447    -0.8299
    -1.0525     0.6727     1.3124    -0.6795
    -0.9190     0.9290     1.2231    -0.4445
    -0.8212     1.1762     0.9731    -0.3036
    -0.6433     1.4968     0.7141    -0.1061
    -0.5010     1.7442     0.4642     0.0631
    -0.2965     1.9367     0.1607     0.3358
    -0.1542     2.2301    -0.0535     0.6744
     0.0681     2.4319    -0.3034     0.8720
     0.2814     2.5420    -0.4997     1.2107
     0.4859     2.7072    -0.6871     1.5683
     0.6459     2.8357    -0.9101     1.9167
     0.8681     2.9825    -1.0439     2.1991
     1.0281     3.0376    -1.3115     2.5382
     1.2947     3.1662    -1.4631     2.8208
     1.5346     3.1478    -1.6415     3.0846
     1.7123     3.1524    -1.8020     3.3108
     1.8811     3.1570    -1.9357     3.4899
     2.1209     3.1111    -2.0338     3.6030
     2.2542     3.0927    -2.1319     3.7349
     2.3519     2.9183    -2.2121     3.8198
     2.4496     2.8540    -2.2834     3.8764
     2.5384     2.6154    -2.4082     3.8481
     2.6094     2.4870    -2.5598     3.8104
     2.6627     2.2301    -2.5508     3.7538
     2.6272     1.9917    -2.5598     3.5653
     2.6272     1.8176    -2.5598     3.3956
     2.5384     1.5151    -2.6311     3.1977
     2.4407     1.2586    -2.5954     2.9244
     2.2719     1.0938    -2.6043     2.7360
     2.1120     0.8466    -2.5687     2.4911
     1.9432     0.6544    -2.4974     2.2933
     1.7567     0.3525    -2.4261     2.0202
     1.6056     0.0506    -2.3102     1.6625
     1.4724    -0.2145    -2.1765     1.3895
     1.3657    -0.4612    -2.1141     1.0695
     1.2680    -0.6714    -1.9357     0.7497
     1.1791    -0.8541    -1.8109     0.4487
     1.0281    -1.0367    -1.5969     0.2418
     0.8503    -1.2102    -1.4185     0.0725
     0.7170    -1.4201    -1.1510    -0.1343
     0.5837    -1.6391    -0.9458    -0.4163
     0.4237    -1.7212    -0.6782    -0.6701
     0.2636    -1.9127    -0.4284    -0.9238
     0.0592    -2.0130    -0.2231    -1.0929
    -0.1187    -2.1771     0.1250    -1.2526
    -0.2165    -2.2865     0.3838    -1.4311
    -0.4121    -2.3139     0.7141    -1.6283
    -0.6255    -2.3503     0.9820    -1.8068
    -0.7678    -2.3686     1.3035    -1.9194
    -0.9635    -2.4597     1.5625    -2.1072
    -1.1147    -2.4324     1.8752    -2.2105
    -1.2749    -2.5417     2.2326    -2.3982
    -1.3816    -2.5053     2.5274    -2.5484
    -1.4884    -2.4961     2.7509    -2.6422
    -1.5773    -2.4779     3.0190    -2.6422
    -1.7019    -2.5144     3.2157    -2.6610
    -1.8087    -2.4688     3.3766    -2.6985
    -1.7998    -2.3959     3.6002    -2.6892
    -1.8354    -2.2774     3.6896    -2.7455
    -1.9511    -2.1863     3.7432    -2.7455
    -1.9600    -2.1133     3.7432    -2.7267
    -2.0578    -1.9765     3.7880    -2.5953
    -2.0489    -1.8671     3.8327    -2.5296
    -2.0623    -1.7121     3.7432    -2.4639
    -2.0756    -1.5752     3.6985    -2.3607
    -2.0667    -1.4201     3.5733    -2.2762
    -2.0134    -1.2558     3.4839    -2.1729
    -1.9867    -1.0732     3.2872    -2.0415
    -1.8888    -0.9545     3.0906    -1.8913
    -1.8621    -0.6897     2.8850    -1.7692
    -1.7909    -0.4887     2.5989    -1.6565
    -1.7375    -0.2693     2.3219    -1.3654
    -1.6129    -0.0956     2.0539    -1.1211
    -1.4172     0.2153     1.7948    -0.9332
    -1.2749     0.5446     1.5447    -0.7359
    -1.1948     0.6819     1.3482    -0.5667
    -1.0258     1.0205     1.2053    -0.3600
    -0.8746     1.2770     0.9641    -0.2001
    -0.6967     1.5976     0.7052     0.0255
    -0.6166     1.8542     0.4284     0.2982
    -0.4655     2.0559     0.1071     0.5521
    -0.2698     2.3310    -0.0982     0.8249
    -0.0920     2.4594    -0.2677     1.1354
     0.0769     2.6246    -0.5087     1.3613
     0.3170     2.7806    -0.7228     1.6531
     0.5481     2.9366    -0.9369     1.9826
     0.6814     3.0193    -1.1064     2.2933
     0.9214     3.0560    -1.3294     2.4911
     1.1080     3.0927    -1.4810     2.7925
     1.3657     3.1203    -1.6593     3.0752
     1.5523     3.1662    -1.8288     3.2731
     1.7478     3.1570    -1.9536     3.4427
     1.9610     3.1203    -2.0606     3.6030
     2.1298     3.1019    -2.1675     3.7161
     2.2542     2.9642    -2.2567     3.8481
     2.3785     2.9091    -2.3102     3.8386
     2.5117     2.7255    -2.4528     3.8292
     2.5917     2.4870    -2.5152     3.8575
     2.6094     2.3219    -2.5598     3.7632
     2.6449     2.0926    -2.6043     3.6312
     2.5917     1.8267    -2.5865     3.4427
     2.5561     1.6526    -2.6132     3.2637
     2.3963     1.3960    -2.6222     3.0752
     2.3074     1.1396    -2.5598     2.8585
     2.1120     0.9748    -2.5419     2.5288
     1.9788     0.7002    -2.4974     2.3498
     1.7211     0.4897    -2.4261     2.1144
     1.6501     0.1878    -2.2745     1.8225
     1.4813    -0.1231    -2.1854     1.4460
     1.3924    -0.3333    -2.0071     1.1354
     1.3835    -0.5161    -1.8466     0.8249
     1.2591    -0.7353    -1.6950     0.5521
     1.1080    -0.9819    -1.5166     0.2606
     0.9214    -1.1554    -1.3561     0.0443
     0.7525    -1.3014    -1.1331    -0.1155
     0.6370    -1.5022    -0.8834    -0.3787
     0.4503    -1.6847    -0.5979    -0.5949
     0.3170    -1.7121    -0.3837    -0.8862
     0.1036    -1.8489    -0.1428    -1.0929
    -0.0120    -1.9674     0.1339    -1.2151
    -0.1364    -2.0951     0.4195    -1.3654
    -0.3232    -2.2227     0.7231    -1.5156
    -0.5544    -2.3048     0.9463    -1.6941
    -0.7145    -2.3139     1.2320    -1.8443
    -0.8123    -2.3321     1.5625    -1.9852
    -1.0436    -2.4506     1.8573    -2.1072
    -1.1859    -2.5144     2.1253    -2.3044
    -1.3638    -2.5690     2.3934    -2.4733
    -1.5151    -2.5144     2.6526    -2.5765
    -1.5951    -2.5326     2.8850    -2.6047
    -1.6841    -2.3777     3.1352    -2.6235
    -1.7998    -2.3230     3.2962    -2.6610
    -1.8443    -2.3139     3.4571    -2.7267
    -1.9244    -2.3139     3.5733    -2.7455
    -2.0223    -2.2592     3.6628    -2.7455
    -2.0312    -2.1133     3.7522    -2.6985
    -2.1379    -1.9674     3.7611    -2.6047
    -2.1112    -1.8306     3.6896    -2.5859
    -2.1824    -1.6847     3.6896    -2.5015
    -2.1646    -1.5570     3.6091    -2.4358
    -2.1023    -1.4840     3.5018    -2.3513
    -2.0667    -1.3014     3.3230    -2.2480
    -2.0489    -1.1189     3.2336    -2.1260
    -1.9600    -0.8997     3.0459    -1.9664
    -1.9155    -0.7719     2.7509    -1.8255
    -1.8087    -0.5435     2.5811    -1.6941
    -1.7375    -0.3150     2.3130    -1.4311
    -1.6218    -0.0865     2.0628    -1.1587
    -1.4795     0.2427     1.8394    -0.9238
    -1.3015     0.4439     1.5982    -0.7265
    -1.1503     0.7093     1.4464    -0.5949
    -1.0436     0.9290     1.2678    -0.4539
    -0.9368     1.2037     1.0267    -0.3130
    -0.8123     1.5426     0.7766    -0.0967
    -0.6433     1.7626     0.5266     0.1759
    -0.4032     1.9459     0.2856     0.4299
    -0.2254     2.2393     0.0625     0.6932
    -0.0831     2.4870    -0.1339     1.0413
     0.0947     2.6246    -0.3480     1.3424
     0.3525     2.7714    -0.5979     1.6531
     0.6014     2.9642    -0.7585     1.9072
     0.8148     3.0009    -0.9280     2.2462
     1.0014     3.1019    -1.1777     2.5005
     1.2325     3.1662    -1.3294     2.7737
     1.4457     3.2121    -1.4542     3.0563
     1.6501     3.1478    -1.6682     3.2637
     1.8455     3.1662    -1.8109     3.4616
     2.0587     3.1570    -1.9179     3.5935
     2.2009     3.0835    -2.0873     3.7538
          3          3          3          3
