    4   2048 0.020000  2016   1  22  10  48
         16         10         11         42
     1.2738    -2.7281    -2.4997    -2.6159
     1.5670    -2.5551    -2.4997    -2.6628
     1.8069    -2.5642    -2.4997    -2.8411
     2.0379    -2.4366    -2.4997    -2.9349
     2.2599    -2.3546    -2.4462    -2.9443
     2.4109    -2.2179    -2.3036    -3.0850
     2.5619    -2.1267    -2.2857    -3.1695
     2.6329    -1.9717    -2.1074    -3.2258
     2.7217    -1.8532    -1.9826    -3.2164
     2.7040    -1.7072    -1.8132    -3.1882
     2.7306    -1.4700    -1.6883    -3.1132
     2.6951    -1.1962    -1.4653    -3.0475
     2.6063    -1.0319    -1.2513    -2.9631
     2.5530    -0.7305    -1.0104    -2.8599
     2.4198    -0.4930    -0.7606    -2.7754
     2.3487    -0.3285    -0.4929    -2.6065
     2.1800     0.0188    -0.2163    -2.3625
     2.0112     0.2566     0.0069    -2.1184
     1.8513     0.5676     0.3193    -1.8461
     1.6647     0.8513     0.6764    -1.6302
     1.4782     1.1168     0.9532    -1.3108
     1.3093     1.4923     1.2658    -1.0760
     1.0872     1.6573     1.5427    -0.8223
     0.9094     1.9964     1.8912    -0.4933
     0.6250     2.2439     2.1145    -0.2208
     0.4295     2.4274     2.3826     0.1083
     0.2072     2.6751     2.3916     0.5691
    -0.0328     2.8219     2.5435     0.8890
    -0.2284     3.0973     2.7491     1.2654
    -0.4952     3.1157     2.9279     1.6042
    -0.6731     3.1616     3.1335     1.9525
    -0.9132     3.1616     3.1961     2.3386
    -1.1712     3.2350     3.2676     2.6494
    -1.3313     3.1983     3.2855     2.9415
    -1.5537     3.2259     3.3213     3.2713
    -1.7228     3.1157     3.3034     3.4880
    -1.8918     3.0239     3.3034     3.7520
    -2.0164     2.8770     3.2676     4.0160
    -2.1410     2.6384     3.2408     4.1480
    -2.3190     2.3723     3.0441     4.1574
    -2.3813     2.1522     2.7848     4.1197
    -2.4703     1.8130     2.5167     4.1480
    -2.4970     1.5473     2.1771     4.1103
    -2.5415     1.2542     1.9626     4.1008
    -2.5326     0.9703     1.6499     3.9877
    -2.5326     0.6500     1.4088     3.7048
    -2.5682     0.3938     1.0604     3.4409
    -2.4970     0.0462     0.6854     3.1111
    -2.4080    -0.2920     0.3461     2.7719
    -2.2923    -0.5296     0.0069     2.4328
    -2.1410    -0.8310    -0.3680     2.0843
    -2.0342    -1.1780    -0.6714     1.6889
    -1.8117    -1.4061    -0.9390     1.3124
    -1.6338    -1.6160    -1.2780     0.9642
    -1.5003    -1.9170    -1.5278     0.5409
    -1.2423    -2.0720    -1.7329     0.1553
    -1.0377    -2.2361    -1.9826    -0.1832
    -0.7531    -2.4366    -2.2055    -0.4933
    -0.5397    -2.5733    -2.3838    -0.8599
    -0.2907    -2.6735    -2.5532    -1.1981
     0.0205    -2.7190    -2.6690    -1.5175
     0.2606    -2.8830    -2.7582    -1.8274
     0.5895    -2.8739    -2.8473    -2.1466
     0.8028    -2.8921    -2.9275    -2.3625
     1.0961    -2.9376    -2.9542    -2.5596
     1.3360    -2.9467    -2.9632    -2.8036
     1.5848    -2.8101    -2.9542    -2.9912
     1.7358    -2.7919    -3.0077    -3.1319
     1.9313    -2.6553    -2.8919    -3.3008
     2.1622    -2.4730    -2.7849    -3.3665
     2.3043    -2.3181    -2.6779    -3.4603
     2.4020    -2.1814    -2.5353    -3.4790
     2.4553    -1.9717    -2.3749    -3.4884
     2.4997    -1.7711    -2.2055    -3.4884
     2.6418    -1.6525    -2.0004    -3.4884
     2.5797    -1.3514    -1.7953    -3.4040
     2.6152    -1.0502    -1.5010    -3.2351
     2.5885    -0.8584    -1.2245    -3.1601
     2.5175    -0.5204    -0.9390    -3.0663
     2.4908    -0.3103    -0.6268    -2.8974
     2.3487    -0.0269    -0.2698    -2.6253
     2.2688     0.3663     0.0336    -2.3625
     2.0645     0.5768     0.4264    -2.1184
     1.9135     0.9245     0.8014    -1.8180
     1.7358     1.2175     1.1140    -1.4329
     1.5137     1.5107     1.4891    -1.1511
     1.3182     1.8130     1.8376    -0.8974
     1.0872     1.9964     2.1682    -0.5121
     0.8472     2.3081     2.5256    -0.2208
     0.6606     2.4641     2.8474     0.1553
     0.4117     2.6384     3.1335     0.5785
     0.1805     2.8127     3.2766     0.9172
    -0.0951     2.9504     3.2766     1.3312
    -0.3085     3.0239     3.3660     1.7360
    -0.5575     3.0514     3.5001     2.0937
    -0.8332     3.1065     3.6342     2.4799
    -1.0733     3.1065     3.6521     2.7813
    -1.2423     3.0881     3.6521     3.0545
    -1.4914     2.9963     3.6074     3.3844
    -1.6427     2.9688     3.6074     3.6106
    -1.8384     2.7393     3.6253     3.7803
    -1.9541     2.6200     3.4912     3.9500
    -2.1410     2.5099     3.2318     4.0537
    -2.2656     2.3081     2.9636     4.1008
    -2.3368     2.0422     2.5882     4.1008
    -2.4703     1.8955     2.3022     4.0537
    -2.4881     1.6298     1.9984     4.1103
    -2.5504     1.4190     1.6142     4.0160
    -2.5504     1.1260     1.2837     3.8180
    -2.5504     0.8879     1.0068     3.5634
    -2.5771     0.6683     0.6943     3.3372
    -2.5059     0.3663     0.3282     3.0828
    -2.4614     0.0920    -0.1092     2.6965
    -2.3902    -0.1914    -0.4305     2.4139
    -2.3457    -0.4017    -0.7606     2.1126
    -2.1766    -0.6392    -1.0818     1.7548
    -2.0520    -0.9041    -1.3494     1.3689
    -1.8918    -1.0593    -1.6526     1.0207
    -1.7228    -1.3149    -1.9023     0.7290
    -1.5270    -1.4974    -2.1520     0.3058
    -1.3491    -1.7255    -2.3838     0.0519
    -1.1267    -1.8714    -2.5175    -0.2302
    -0.8954    -1.9808    -2.6869    -0.5309
    -0.6553    -2.1176    -2.7849    -0.8223
    -0.4241    -2.2634    -2.8829    -1.1135
    -0.1217    -2.3637    -2.9632    -1.3672
     0.1805    -2.4093    -3.0434    -1.6302
     0.4117    -2.5642    -3.0879    -1.8555
     0.7317    -2.5915    -3.0968    -2.0809
     1.0072    -2.6462    -3.0835    -2.3531
     1.2560    -2.6097    -3.0701    -2.5314
     1.5315    -2.6188    -3.0166    -2.6816
     1.7625    -2.5642    -2.9721    -2.8786
     1.9046    -2.4457    -2.8384    -2.9912
     2.1533    -2.3272    -2.6245    -2.9631
     2.2777    -2.2634    -2.4284    -3.0288
     2.4109    -2.1632    -2.2768    -3.1413
     2.4997    -2.0446    -2.0896    -3.1789
     2.6507    -1.8988    -1.9023    -3.1882
     2.6862    -1.6981    -1.7240    -3.1319
     2.6862    -1.4974    -1.4207    -3.0757
     2.7306    -1.2784    -1.0996    -2.9818
     2.6152    -1.0502    -0.7338    -2.9255
     2.5530    -0.7945    -0.4483    -2.8130
     2.4997    -0.5661    -0.1270    -2.7003
     2.3310    -0.3468     0.1854    -2.4657
     2.2244     0.0188     0.5068    -2.2311
     2.0467     0.2749     0.7925    -2.0151
     1.8513     0.5768     1.0515    -1.7804
     1.7358     0.8696     1.4177    -1.4987
     1.4604     1.1168     1.7125    -1.2075
     1.3093     1.4740     2.0073    -0.9632
     1.0605     1.6939     2.2575    -0.6437
     0.8294     1.9964     2.5346    -0.3336
     0.6606     2.2164     2.7848    -0.0703
     0.3761     2.4732     3.0262     0.2964
     0.1805     2.7118     3.2318     0.6632
    -0.0684     2.8953     3.3391     1.0677
    -0.2907     3.0422     3.4643     1.3877
    -0.4507     3.1249     3.5090     1.7642
    -0.6998     3.1340     3.4554     2.1032
    -0.9399     3.1799     3.3660     2.4893
    -1.1534     3.1937     3.3034     2.7813
    -1.3669     3.2075     3.1782     3.0640
    -1.5626     3.1065     3.0441     3.2713
    -1.7228     3.1340     2.9011     3.5634
    -1.9541     3.0055     2.6508     3.8180
    -2.0520     2.8311     2.4541     3.9877
    -2.2211     2.6476     2.1860     4.0914
    -2.3635     2.4274     1.8822     4.1197
    -2.3991     2.0972     1.6321     4.1008
    -2.5237     1.8497     1.3730     4.0726
    -2.5593     1.5839     1.1319     4.0537
    -2.6305     1.3091     0.8729     3.9971
    -2.6305     0.9886     0.5693     3.8180
    -2.6127     0.6591     0.2657     3.5163
    -2.6216     0.4121    -0.0556     3.2241
    -2.5326     0.0188    -0.3501     2.9697
    -2.4881    -0.2828    -0.6535     2.6683
    -2.3368    -0.5296    -0.8677     2.3103
    -2.2567    -0.8219    -1.1175     1.9148
    -2.1321    -1.0958    -1.3851     1.5571
    -1.9096    -1.3423    -1.5724     1.1336
    -1.7850    -1.5978    -1.8132     0.6350
    -1.5270    -1.8167    -2.0093     0.3340
    -1.3224    -1.9899    -2.1342    -0.0609
    -1.0466    -2.1723    -2.2946    -0.3806
    -0.8065    -2.2999    -2.4373    -0.6907
    -0.5575    -2.4548    -2.5353    -1.0102
    -0.2462    -2.5459    -2.5888    -1.3672
    -0.0417    -2.6917    -2.6334    -1.7147
     0.2872    -2.7555    -2.6958    -1.9776
     0.5539    -2.7464    -2.7403    -2.2686
     0.8561    -2.7919    -2.7225    -2.4845
     1.1760    -2.8010    -2.7314    -2.7191
     1.3538    -2.7737    -2.7136    -2.8974
     1.6292    -2.6735    -2.6779    -3.0663
     1.7802    -2.6462    -2.5977    -3.2351
     1.9490    -2.5642    -2.4462    -3.4227
     2.1889    -2.4001    -2.2679    -3.4603
     2.2688    -2.2452    -2.1698    -3.4978
     2.3843    -2.0538    -2.0807    -3.5728
     2.5353    -1.9535    -1.9291    -3.5822
     2.6329    -1.7163    -1.7864    -3.5540
     2.7217    -1.5430    -1.5902    -3.4696
     2.7484    -1.3696    -1.3762    -3.4603
     2.7573    -1.0867    -1.1175    -3.3665
     2.7040    -0.8675    -0.8677    -3.2164
     2.5885    -0.6666    -0.6000    -3.0944
     2.5530    -0.4291    -0.3412    -2.9162
     2.4109    -0.1732    -0.0824    -2.7285
     2.2688     0.0828     0.1943    -2.4376
     2.1178     0.4670     0.4711    -2.1466
     1.9934     0.6591     0.7211    -1.9025
     1.8158     0.8879     0.9711    -1.6114
     1.5226     1.2359     1.2212    -1.3014
     1.3982     1.4923     1.5338    -0.9914
     1.1138     1.7214     1.8108    -0.7189
     0.8650     1.8864     2.0520    -0.3900
     0.6872     2.0789     2.2754    -0.0327
     0.4028     2.2715     2.5078     0.2682
     0.2339     2.4090     2.6776     0.6632
    -0.0773     2.5283     2.8295     1.0583
    -0.2729     2.6843     2.9100     1.3971
    -0.5397     2.7026     3.0352     1.7925
    -0.7353     2.7852     3.0620     2.0655
    -1.0022     2.8036     3.0888     2.3574
    -1.1890     2.8127     3.0709     2.6871
    -1.3135     2.8127     3.0262     2.9415
    -1.5359     2.7485     2.9547     3.1676
    -1.7050     2.6384     2.8474     3.3938
    -1.8295     2.4641     2.7402     3.5634
    -1.9541     2.3173     2.5971     3.6954
    -2.0965     2.1798     2.3916     3.7237
    -2.2567     2.0606     2.1950     3.8274
    -2.3012     1.7947     1.9716     3.8463
    -2.4169     1.5473     1.7929     3.7614
    -2.4792     1.3549     1.5427     3.6577
    -2.5148     1.0985     1.2658     3.5352
    -2.4970     0.8330     1.0247     3.3278
    -2.5415     0.5951     0.7747     3.1111
    -2.5593     0.3755     0.4443     2.8755
    -2.4881     0.0737     0.1854     2.6400
    -2.3991    -0.2646    -0.1181     2.2915
    -2.3724    -0.4565    -0.4126     1.9713
    -2.2567    -0.7579    -0.7428     1.6136
    -2.1143    -0.9680    -1.0372     1.3218
    -1.9185    -1.1962    -1.2156     0.9831
    -1.7672    -1.5065    -1.4832     0.5785
    -1.5715    -1.6799    -1.7240     0.1929
    -1.3936    -1.9261    -1.9202    -0.1361
    -1.0733    -2.1814    -2.0717    -0.4276
    -0.8954    -2.2634    -2.2768    -0.7283
    -0.6019    -2.4366    -2.3481    -1.0572
    -0.2996    -2.6371    -2.5264    -1.4235
    -0.0595    -2.6735    -2.6601    -1.6865
     0.2694    -2.7190    -2.7047    -2.0245
     0.5717    -2.8374    -2.7225    -2.2311
     0.7939    -2.8648    -2.8295    -2.5033
     1.0961    -2.9103    -2.8651    -2.7379
     1.3715    -2.9012    -2.8829    -3.0381
     1.6381    -2.8830    -2.8562    -3.2070
     1.8069    -2.8648    -2.7493    -3.3196
     1.9579    -2.8283    -2.6423    -3.4884
     2.1533    -2.6644    -2.5710    -3.4978
     2.2599    -2.5277    -2.4284    -3.5915
     2.4109    -2.4457    -2.2946    -3.6947
     2.4820    -2.2543    -2.1877    -3.7416
     2.5797    -2.0902    -2.0539    -3.7697
     2.6152    -1.8714    -1.8221    -3.6759
     2.6241    -1.6616    -1.5813    -3.6009
     2.6019    -1.4335    -1.2780    -3.5540
     2.5797    -1.0958    -1.0283    -3.4134
     2.5619    -0.8767    -0.7517    -3.2164
     2.4820    -0.5753    -0.4483    -3.0663
     2.3843    -0.3194    -0.1895    -2.9255
     2.3310    -0.0360     0.1765    -2.6534
     2.1356     0.3206     0.5336    -2.4000
     2.0112     0.5951     0.8639    -2.0621
     1.8158     0.8788     1.1944    -1.7616
     1.6292     1.1534     1.5606    -1.4141
     1.4515     1.4190     1.8286    -1.0760
     1.1583     1.7214     2.1503    -0.7565
     0.9183     1.9414     2.4899    -0.4558
     0.7139     2.1156     2.7044    -0.0609
     0.4650     2.3540     2.9458     0.3716
     0.2250     2.4457     3.2318     0.6914
    -0.0773     2.6384     3.4554     1.1712
    -0.2729     2.7669     3.5716     1.5195
    -0.5308     2.8953     3.5716     1.9431
    -0.7887     2.9321     3.5806     2.3103
    -1.0288     2.9412     3.5895     2.6494
    -1.2423     2.9045     3.5448     2.9603
    -1.4114     2.7760     3.5627     3.1959
    -1.6071     2.7118     3.5448     3.4503
    -1.7672     2.5558     3.4286     3.6954
    -1.9185     2.3999     3.2855     3.9028
    -2.0876     2.1889     2.9994     3.9971
    -2.1766     1.9964     2.7580     4.0065
    -2.2745     1.7764     2.4988     4.0726
    -2.3724     1.5931     2.1950     4.0631
    -2.4347     1.3091     1.8644     4.0160
    -2.5148     1.0436     1.5963     3.8557
    -2.5237     0.8330     1.3194     3.7426
    -2.5682     0.5127     1.0158     3.4975
    -2.5326     0.3115     0.6318     3.2053
    -2.5281    -0.0452     0.3193     2.9038
    -2.5237    -0.3377    -0.0021     2.6212
    -2.4970    -0.5387    -0.3323     2.2915
    -2.3724    -0.7397    -0.6089     1.8866
    -2.2033    -1.0319    -0.8766     1.5289
    -2.0965    -1.2419    -1.1799     1.1807
    -1.9630    -1.4791    -1.3762     0.7761
    -1.7850    -1.7072    -1.5724     0.4469
    -1.5804    -1.8714    -1.8399     0.1083
    -1.4647    -2.0720    -1.9647    -0.2772
    -1.2156    -2.1905    -2.1252    -0.4933
    -1.0377    -2.3637    -2.2768    -0.7753
    -0.7442    -2.5095    -2.3838    -1.1135
    -0.4685    -2.6006    -2.4640    -1.4141
    -0.2462    -2.7008    -2.5175    -1.6959
     0.0561    -2.7555    -2.5621    -1.9682
     0.3317    -2.7828    -2.6066    -2.2123
     0.6695    -2.8374    -2.6245    -2.4563
     0.8917    -2.8283    -2.6156    -2.6347
     1.1405    -2.8010    -2.5532    -2.8974
     1.4782    -2.7828    -2.4729    -3.0757
     1.6647    -2.6826    -2.3749    -3.1976
     1.8780    -2.6188    -2.2144    -3.2539
     2.0201    -2.5277    -2.0717    -3.3477
     2.1533    -2.4001    -1.9647    -3.3571
     2.3043    -2.2543    -1.8132    -3.4509
     2.3843    -2.1541    -1.6705    -3.5259
     2.4642    -1.9808    -1.5278    -3.5447
     2.4731    -1.7802    -1.1888    -3.5259
     2.4731    -1.5886    -0.9212    -3.4603
     2.4731    -1.3331    -0.6803    -3.3196
     2.4553    -1.0867    -0.4126    -3.2258
     2.4020    -0.8493    -0.1270    -3.1132
     2.2866    -0.5478     0.1497    -2.9537
     2.2244    -0.3560     0.4532    -2.7567
     2.0734     0.0188     0.7568    -2.5784
     1.9579     0.2749     1.0604    -2.3155
     1.7447     0.6042     1.3105    -2.0433
     1.5670     0.8879     1.5785    -1.7147
     1.4160     1.1168     1.8733    -1.4047
     1.2116     1.4282     2.1145    -1.0854
     0.9894     1.7214     2.3469    -0.7659
     0.7850     1.9230     2.5971    -0.5121
     0.5095     2.2348     2.7938    -0.1361
     0.3406     2.3815     2.9905     0.2588
     0.0561     2.6292     3.1067     0.6632
    -0.1929     2.8036     3.1871     0.9831
    -0.3796     2.9321     3.2587     1.3877
    -0.6286     2.9871     3.3034     1.8113
    -0.8332     3.0422     3.3213     2.1502
    -1.1267     3.0606     3.3034     2.4799
    -1.3313     3.0055     3.2050     2.8661
    -1.4914     3.0055     3.1156     3.1676
    -1.7406     2.8586     3.0262     3.4409
    -1.8918     2.7210     2.9011     3.7048
    -2.0253     2.5650     2.7848     3.9783
    -2.1944     2.3907     2.5971     4.0537
    -2.3457     2.1339     2.3558     4.0726
    -2.3991     1.8955     2.1682     4.0537
    -2.4881     1.7031     1.9805     4.1103
    -2.6305     1.4374     1.7214     4.0820
    -2.6572     1.1992     1.4623     4.0443
    -2.6572     0.8879     1.2033     3.9783
    -2.6839     0.6591     0.9086     3.7708
    -2.6839     0.3480     0.6318     3.4598
    -2.7106     0.0737     0.3461     3.1016
    -2.6305    -0.1914     0.0247     2.7436
    -2.5504    -0.4656    -0.2966     2.4045
    -2.5593    -0.7031    -0.5911     2.1032
    -2.4169    -0.9132    -0.7606     1.7171
    -2.2122    -1.1506    -0.9658     1.3124
    -2.1321    -1.2784    -1.2334     0.9172
    -1.9541    -1.4883    -1.4653     0.5221
    -1.7317    -1.7346    -1.6616     0.1177
    -1.5003    -1.8532    -1.9291    -0.1549
    -1.2779    -2.0446    -2.0807    -0.4182
    -1.0733    -2.2270    -2.2055    -0.7659
    -0.7976    -2.3181    -2.3303    -1.0854
    -0.5130    -2.4275    -2.4640    -1.3484
    -0.2996    -2.4548    -2.5442    -1.6395
    -0.0684    -2.5642    -2.6690    -1.8743
     0.2694    -2.6097    -2.6423    -2.1278
     0.6072    -2.5733    -2.6958    -2.3249
     0.8650    -2.6279    -2.7136    -2.4657
     1.1760    -2.6097    -2.6958    -2.7003
     1.3982    -2.6006    -2.6334    -2.9162
     1.5937    -2.5277    -2.5888    -3.0100
     1.8335    -2.3819    -2.4640    -3.0850
     1.9401    -2.2999    -2.3749    -3.1789
     2.0823    -2.1814    -2.2946    -3.1789
     2.2244    -2.0538    -2.1877    -3.2633
     2.2510    -1.9443    -2.0450    -3.3289
     2.3221    -1.7711    -1.8756    -3.2914
     2.3576    -1.5521    -1.6616    -3.2351
     2.3487    -1.3240    -1.4564    -3.1226
     2.2777    -1.1232    -1.1799    -3.0569
     2.2599    -0.9223    -0.9212    -3.0006
     2.1711    -0.6027    -0.7071    -2.8130
     2.0912    -0.3925    -0.4037    -2.6159
     2.0645    -0.0818    -0.0556    -2.4751
     1.8868     0.2383     0.2568    -2.2498
     1.7625     0.5493     0.5336    -1.9400
     1.6825     0.8239     0.8997    -1.6489
     1.4693     1.1077     1.1855    -1.4047
     1.3449     1.3183     1.4891    -1.1323
     1.0961     1.6573     1.7929    -0.8223
     0.9272     1.9230     2.0967    -0.4840
     0.6250     2.2164     2.3737    -0.1832
     0.3672     2.4732     2.6061     0.1929
     0.1894     2.6934     2.8653     0.5409
    -0.0595     2.8311     3.0530     0.9548
    -0.2996     3.0514     3.2408     1.3312
    -0.5575     3.1157     3.3838     1.6042
    -0.7709     3.0881     3.5001     2.1126
    -0.9844     3.0881     3.5090     2.4516
    -1.2779     3.0881     3.5269     2.8001
    -1.4292     3.0881     3.5001     3.1488
    -1.6783     3.0881     3.4375     3.4975
    -1.8028     3.1432     3.3481     3.7803
    -1.9986     3.0422     3.2229     3.9783
    -2.1499     2.9137     3.0083     4.0537
    -2.2923     2.7302     2.8117     4.0820
    -2.4080     2.5191     2.5971     4.1951
    -2.4614     2.2164     2.3111     4.2234
    -2.5949     2.0147     2.0163     4.2612
    -2.6483     1.7947     1.6767     4.2706
    -2.7017     1.5107     1.3909     4.2612
    -2.7062     1.1809     1.0872     4.2329
    -2.7106     0.9520     0.7657     4.0820
    -2.7017     0.6134     0.4800     3.8086
    -2.6216     0.3755     0.1408     3.4409
    -2.5949     0.0828    -0.2252     3.0922
    -2.5237    -0.2189    -0.4751     2.7248
    -2.4258    -0.4382    -0.7874     2.3857
    -2.3012    -0.6940    -0.9926     1.9807
    -2.1677    -0.9497    -1.2513     1.6042
    -2.0520    -1.1780    -1.4743     1.1524
    -1.8918    -1.3331    -1.6883     0.7761
    -1.6694    -1.6160    -1.9023     0.3998
    -1.5181    -1.7619    -2.0896     0.0801
    -1.2690    -1.9261    -2.2590    -0.2772
    -1.0111    -2.0629    -2.4016    -0.6155
    -0.7264    -2.1541    -2.5353    -0.9538
    -0.5130    -2.2270    -2.6156    -1.2451
    -0.2551    -2.2999    -2.6779    -1.5081
     0.0650    -2.4184    -2.7047    -1.8274
     0.3317    -2.4639    -2.7047    -2.0809
     0.6161    -2.4913    -2.6869    -2.2968
     0.9005    -2.5095    -2.7136    -2.4845
     1.1760    -2.5277    -2.6245    -2.7191
     1.4870    -2.4639    -2.5621    -2.8880
     1.6114    -2.3272    -2.5353    -3.0288
     1.8513    -2.2817    -2.3570    -3.1976
     1.9934    -2.2452    -2.3036    -3.2820
     2.1711    -2.1449    -2.0628    -3.2727
     2.2777    -1.9991    -1.9202    -3.3383
     2.3487    -1.8076    -1.7507    -3.3289
     2.3487    -1.7437    -1.5545    -3.2633
     2.3843    -1.5886    -1.3137    -3.2820
     2.3754    -1.4244    -1.0550    -3.2258
     2.3399    -1.2054    -0.7517    -3.1601
     2.2688    -1.0045    -0.5375    -3.0663
     2.2422    -0.7579    -0.2073    -2.9068
     2.1889    -0.5478     0.1229    -2.8036
     2.1000    -0.3103     0.3550    -2.6347
     1.9668    -0.0543     0.6496    -2.4657
     1.9224     0.2840     0.9086    -2.2592
     1.7802     0.5768     1.2122    -1.9494
     1.5848     0.7964     1.5249    -1.7241
     1.4248     1.1077     1.8108    -1.4611
     1.1938     1.4648     2.0967    -1.1417
     0.9539     1.6114     2.3826    -0.9162
     0.7139     1.9505     2.5614    -0.6249
     0.5361     2.1889     2.7402    -0.2772
     0.2872     2.4182     2.9815     0.0331
     0.0472     2.6751     3.0888     0.4280
    -0.2107     2.8403     3.2318     0.7761
    -0.4330     2.9780     3.2587     1.2183
    -0.7353     3.0881     3.2944     1.5477
    -0.9221     3.1340     3.3749     1.9525
    -1.1356     3.1065     3.3838     2.2915
    -1.3936     3.0606     3.2944     2.6777
    -1.5270     3.0606     3.2766     2.9509
    -1.7583     2.9596     3.2050     3.2430
    -1.8740     2.9229     3.0441     3.5729
    -2.0520     2.6934     2.9011     3.8463
    -2.1410     2.5099     2.7491     4.0820
    -2.2389     2.2898     2.5167     4.1857
    -2.3813     1.9505     2.2754     4.2329
    -2.4169     1.7306     2.0609     4.2234
    -2.5504     1.4007     1.7929     4.1857
    -2.5326     1.1443     1.5427     4.1008
    -2.5682     0.8513     1.2658     3.9405
    -2.5504     0.6134     0.9800     3.6954
    -2.5415     0.3389     0.6854     3.3561
    -2.5682    -0.0178     0.3372     3.0734
    -2.4792    -0.2828     0.0604     2.7436
    -2.4525    -0.5478    -0.2341     2.4139
    -2.3012    -0.7945    -0.5286     2.0561
    -2.2300    -1.0136    -0.7874     1.6136
    -2.0787    -1.2784    -1.0283     1.2465
    -1.8918    -1.4335    -1.2424     0.8137
    -1.7495    -1.6616    -1.5099     0.3904
    -1.5715    -1.8349    -1.6705     0.0801
    -1.4114    -2.0173    -1.9380    -0.2584
    -1.1000    -2.1814    -2.0807    -0.5027
    -0.8421    -2.3090    -2.1787    -0.8035
    -0.6464    -2.3819    -2.3125    -1.1323
    -0.3263    -2.4457    -2.4462    -1.5175
    -0.0951    -2.5277    -2.5086    -1.8367
     0.2783    -2.6371    -2.5977    -2.0433
     0.5539    -2.6371    -2.7225    -2.2874
     0.8650    -2.6644    -2.7314    -2.4376
     1.0872    -2.7190    -2.7181    -2.5971
     1.3804    -2.7190    -2.7047    -2.7473
     1.6647    -2.7190    -2.6779    -2.8974
     1.8780    -2.7373    -2.6245    -3.1132
     2.0645    -2.6279    -2.4908    -3.2351
     2.2422    -2.5368    -2.3749    -3.2820
     2.3843    -2.4457    -2.3303    -3.4227
     2.4731    -2.3090    -2.1609    -3.3665
     2.5530    -2.1358    -2.0004    -3.3383
     2.6241    -2.0264    -1.8132    -3.3102
     2.6507    -1.8440    -1.5991    -3.3289
     2.6241    -1.6342    -1.3226    -3.2445
     2.6329    -1.4153    -1.0996    -3.1319
     2.5708    -1.1323    -0.8498    -3.0850
     2.4820    -0.9589    -0.5197    -2.9818
     2.4464    -0.6301    -0.2430    -2.8036
     2.3399    -0.3925     0.0961    -2.6253
     2.2688    -0.1549     0.3729    -2.4470
     2.0912     0.2383     0.6943    -2.2123
     2.0023     0.4853     1.0247    -1.9400
     1.8780     0.7140     1.3016    -1.6771
     1.5937     1.1077     1.5695    -1.3954
     1.4959     1.3274     1.9001    -1.1511
     1.2116     1.6664     2.1682    -0.8411
     0.9805     1.9414     2.4273    -0.5027
     0.7939     2.2348     2.6150    -0.2302
     0.5450     2.4916     2.8206     0.1835
     0.2694     2.7393     2.9905     0.5503
     0.0739     2.8127     3.1335     0.9360
    -0.2373     3.0147     3.2050     1.3501
    -0.4063     3.0698     3.2944     1.7642
    -0.6909     3.1065     3.3302     2.1502
    -0.8954     3.1249     3.2766     2.5081
    -1.1356     3.0881     3.1961     2.8472
    -1.3135     3.1340     3.1156     3.1582
    -1.4736     3.0514     2.9994     3.4598
    -1.6249     2.9871     2.8832     3.7331
    -1.7495     2.7393     2.7044     3.9877
    -1.8918     2.5925     2.4988     4.1574
    -1.9986     2.3540     2.2575     4.2140
    -2.0609     2.0697     1.9805     4.2140
    -2.2122     1.8039     1.6589     4.1999
    -2.2567     1.5565     1.3641     4.1857
    -2.3101     1.3366     1.1408     4.1197
    -2.2923     0.9886     0.8907     3.9594
    -2.3546     0.7415     0.6496     3.7237
    -2.3101     0.4578     0.2657     3.4315
    -2.3279     0.1560    -0.0645     3.1016
    -2.2656    -0.1732    -0.4215     2.7154
    -2.1588    -0.3560    -0.6714     2.4704
    -2.1143    -0.6118    -0.9301     2.1408
    -2.0342    -0.8401    -1.1978     1.7642
    -1.9096    -1.0593    -1.3940     1.3312
    -1.6961    -1.2692    -1.6259     0.9736
    -1.5982    -1.4153    -1.8399     0.5691
    -1.4025    -1.5795    -2.0182     0.1929
    -1.1534    -1.7984    -2.1698    -0.1173
    -0.9755    -1.8896    -2.3303    -0.3994
    -0.7798    -2.1085    -2.4284    -0.6907
    -0.5219    -2.1541    -2.5353    -1.0290
    -0.2818    -2.2726    -2.6334    -1.3484
     0.0027    -2.3364    -2.6423    -1.5550
     0.3139    -2.4001    -2.7047    -1.8086
     0.5895    -2.4913    -2.7493    -2.0527
     0.8917    -2.5915    -2.7493    -2.2780
     1.1938    -2.6097    -2.7671    -2.4188
     1.4160    -2.6006    -2.7136    -2.6440
     1.6647    -2.6097    -2.6690    -2.8317
     1.9224    -2.5915    -2.5710    -2.9443
     2.0645    -2.6006    -2.4284    -3.0288
     2.2688    -2.4366    -2.2679    -3.0944
     2.3754    -2.3910    -2.1342    -3.1695
     2.4820    -2.1996    -2.0717    -3.1882
     2.5797    -2.0538    -1.8399    -3.2445
     2.6507    -2.0355    -1.6883    -3.2586
     2.6507    -1.8349    -1.4207    -3.2727
     2.6152    -1.5795    -1.1710    -3.1601
     2.6241    -1.3696    -0.8944    -3.0850
     2.5441    -1.1415    -0.6089    -3.0475
     2.4198    -0.7762    -0.3858    -2.9068
     2.3754    -0.5661    -0.0824    -2.7848
     2.2155    -0.3194     0.1765    -2.6253
     2.1089     0.0737     0.4979    -2.3813
     2.0379     0.3023     0.7747    -2.1466
     1.8247     0.6317     1.0336    -1.8743
     1.7358     0.9520     1.4445    -1.6302
     1.5137     1.2175     1.7661    -1.3860
     1.3360     1.5107     2.0431    -1.0196
     1.1138     1.8497     2.3111    -0.7565
     0.8383     2.0697     2.5256    -0.5309
     0.6428     2.3999     2.7580    -0.0891
     0.4028     2.6017     2.8921     0.2212
     0.1183     2.7485     3.1067     0.6162
    -0.1395     2.9688     3.3213     1.0113
    -0.3263     3.0422     3.4822     1.4159
    -0.5575     3.1065     3.5180     1.7830
    -0.8687     3.1157     3.5090     2.1502
    -1.0466     3.1249     3.5627     2.5081
    -1.2779     3.1157     3.5537     2.9132
    -1.4914     3.0698     3.5448     3.1865
    -1.6427     3.0698     3.4822     3.5069
    -1.8028     2.9412     3.3481     3.7520
    -1.9719     2.8219     3.1871     3.9783
    -2.1054     2.5833     2.9726     4.0914
    -2.2389     2.3999     2.7223     4.1669
    -2.3902     2.0881     2.4809     4.1574
    -2.4614     1.8772     2.1771     4.1951
    -2.5593     1.6023     1.9269     4.1669
    -2.5771     1.4282     1.6410     4.0537
    -2.5860     1.1718     1.2926     3.9405
    -2.5993     0.8055     0.9622     3.7237
    -2.6127     0.5859     0.6318     3.4221
    -2.6127     0.3115     0.2568     3.0922
    -2.5415    -0.0543    -0.0824     2.8001
    -2.4436    -0.2828    -0.4037     2.4799
    -2.3813    -0.5478    -0.6892     2.0937
    -2.2567    -0.8127    -1.0015     1.6889
    -2.1321    -0.9954    -1.2691     1.3406
    -1.9897    -1.2419    -1.4743     0.9736
    -1.8473    -1.5156    -1.7686     0.5879
    -1.5893    -1.6707    -2.0004     0.2400
    -1.4469    -1.8532    -2.1966    -0.1173
    -1.2423    -2.0264    -2.3303    -0.3712
    -0.9666    -2.2087    -2.4640    -0.6907
    -0.6820    -2.3455    -2.6156    -1.0196
    -0.4596    -2.4730    -2.7225    -1.3860
    -0.1573    -2.5733    -2.8027    -1.6959
     0.1272    -2.5824    -2.8740    -1.9400
     0.4384    -2.6553    -2.9453    -2.1090
     0.6606    -2.7737    -2.9453    -2.4000
     0.9983    -2.7737    -2.9364    -2.6159
     1.2205    -2.7281    -2.9097    -2.8130
     1.5315    -2.7828    -2.8651    -2.9912
     1.7180    -2.7373    -2.7849    -3.1601
     1.8602    -2.6917    -2.6601    -3.2727
     2.1089    -2.5186    -2.4997    -3.3477
     2.2066    -2.3910    -2.3570    -3.3946
     2.3399    -2.2908    -2.2144    -3.5165
     2.4820    -2.2270    -2.0361    -3.5212
     2.4642    -1.9899    -1.8577    -3.5259
     2.5530    -1.7893    -1.5991    -3.4603
     2.5353    -1.5430    -1.3940    -3.4040
     2.4908    -1.3605    -1.0996    -3.3383
     2.4020    -1.0684    -0.7695    -3.2351
     2.3310    -0.8401    -0.5286    -3.1038
     2.2333    -0.6301    -0.2341    -2.9443
     2.1533    -0.3651     0.0961    -2.7942
     2.0467    -0.0635     0.3729    -2.5220
     1.9579     0.2474     0.6854    -2.3343
     1.7891     0.4578     0.9800    -2.0621
     1.6114     0.7140     1.2837    -1.7616
     1.4160     0.9886     1.4891    -1.4423
     1.2827     1.2816     1.7750    -1.1699
     0.9983     1.6023     1.9984    -0.8317
     0.7939     1.8589     2.3111    -0.5309
     0.5984     2.1156     2.5078    -0.1926
     0.3406     2.3448     2.7223     0.1647
     0.0828     2.5650     2.9726     0.5691
    -0.1662     2.7485     3.0888     0.9360
    -0.3529     2.8495     3.1424     1.3030
    -0.5664     2.9596     3.2318     1.6795
    -0.8332     2.9688     3.2766     2.0278
    -1.0288     3.0422     3.2855     2.4516
    -1.2512     3.0881     3.2587     2.7625
    -1.4558     2.9780     3.2318     3.0922
    -1.6249     2.9871     3.1603     3.3938
    -1.8117     2.8036     3.0441     3.6294
    -1.9541     2.6476     2.9458     3.8745
    -2.1321     2.4732     2.7312     4.0631
    -2.1766     2.2806     2.5525     4.1951
    -2.2923     2.0330     2.3826     4.1951
    -2.4347     1.7672     2.1860     4.2329
    -2.4792     1.4740     1.9358     4.1857
    -2.5237     1.1992     1.6857     4.1574
    -2.5326     0.9337     1.4088     3.9971
    -2.5593     0.6866     1.0783     3.8557
    -2.5148     0.4121     0.8282     3.6012
    -2.4970     0.1011     0.4889     3.3184
    -2.4970    -0.1366     0.1854     2.9603
    -2.3902    -0.4656    -0.1359     2.6494
    -2.3012    -0.6940    -0.4305     2.3103
    -2.1499    -0.8675    -0.7071     1.9807
    -2.0609    -1.0958    -0.9658     1.5571
    -1.9096    -1.2966    -1.1710     1.1807
    -1.7495    -1.5339    -1.4475     0.8043
    -1.5448    -1.7163    -1.6526     0.5127
    -1.3313    -1.8805    -1.8399     0.0895
    -1.1801    -2.0538    -2.0450    -0.2020
    -0.9310    -2.2817    -2.1877    -0.5027
    -0.7175    -2.2908    -2.3570    -0.8035
    -0.4685    -2.4093    -2.4551    -1.0760
    -0.1840    -2.4548    -2.5888    -1.4141
     0.1628    -2.4913    -2.6512    -1.6583
     0.4561    -2.5186    -2.6601    -1.9119
     0.7050    -2.4822    -2.7225    -2.1466
     1.0161    -2.5004    -2.7403    -2.3249
     1.2560    -2.5004    -2.6869    -2.5690
     1.4782    -2.5551    -2.5888    -2.7567
     1.7003    -2.3910    -2.5710    -2.9068
     1.9135    -2.3546    -2.4194    -2.9349
     2.0556    -2.1996    -2.2857    -2.9631
     2.1800    -2.1541    -2.1877    -3.0381
     2.3310    -2.0173    -2.0450    -3.1038
     2.4464    -1.8714    -1.8667    -3.1132
     2.4287    -1.6799    -1.6972    -3.0850
     2.5441    -1.5521    -1.4029    -3.0850
     2.5530    -1.3331    -1.1799    -2.9537
     2.5264    -1.0776    -0.9390    -2.8786
     2.4287    -0.9315    -0.6089    -2.8505
     2.3843    -0.7214    -0.3769    -2.6816
     2.3399    -0.4473    -0.0288    -2.5314
     2.1889    -0.2006     0.2836    -2.3906
     2.1000     0.1011     0.6050    -2.1935
     2.0112     0.4029     0.8639    -1.9306
     1.8513     0.6774     1.1497    -1.7522
     1.6914     0.9703     1.4177    -1.4987
     1.5492     1.2816     1.7303    -1.2075
     1.2738     1.6389     1.9895    -1.0008
     1.1227     1.9414     2.2486    -0.7659
     0.8650     2.1798     2.5167    -0.4746
     0.6339     2.5191     2.7491    -0.1737
     0.4117     2.7026     2.9279     0.1741
     0.1361     2.9321     3.0799     0.5315
    -0.1128     3.0422     3.1424     0.8702
    -0.3174     3.0789     3.2676     1.2183
    -0.5664     3.1616     3.3570     1.6136
    -0.7798     3.1249     3.3749     2.0467
    -1.0022     3.1340     3.3838     2.3574
    -1.2690     3.1249     3.3570     2.7154
    -1.4825     3.1249     3.2497     2.9886
    -1.6249     3.1157     3.1514     3.3372
    -1.8295     3.0239     3.0083     3.6106
    -1.9897     2.8403     2.8474     3.7803
    -2.1054     2.5283     2.6776     3.9783
    -2.2478     2.3173     2.4720     4.1103
    -2.3457     1.9780     2.2486     4.1763
    -2.4703     1.7947     2.0163     4.1669
    -2.5860     1.5198     1.7035     4.0726
    -2.5504     1.1992     1.4802     3.9123
    -2.5860     0.9612     1.2569     3.7708
    -2.6038     0.6225     0.9890     3.5540
    -2.6216     0.4029     0.7032     3.2618
    -2.6572     0.0645     0.3907     2.9226
    -2.5682    -0.2372     0.0872     2.5835
    -2.5415    -0.4473    -0.1895     2.2256
    -2.4614    -0.6575    -0.4572     1.8301
    -2.2834    -0.9589    -0.7160     1.4818
    -2.1855    -1.1323    -0.9212     1.0960
    -2.0609    -1.4061    -1.1888     0.6632
    -1.9274    -1.5978    -1.4118     0.3058
    -1.7406    -1.8440    -1.6348    -0.0609
    -1.6071    -1.9808    -1.8221    -0.3054
    -1.4025    -2.1267    -1.9915    -0.6625
    -1.1801    -2.3090    -2.1431    -0.8880
    -0.9488    -2.4639    -2.2768    -1.1887
    -0.6464    -2.5551    -2.3838    -1.4987
    -0.4241    -2.5915    -2.4908    -1.8086
    -0.1484    -2.7099    -2.5621    -2.0621
     0.1761    -2.7737    -2.6423    -2.2123
     0.5006    -2.7646    -2.6690    -2.3343
     0.7495    -2.8466    -2.6690    -2.5596
     1.0516    -2.8101    -2.6601    -2.7285
     1.3093    -2.7828    -2.6066    -2.9162
     1.5492    -2.7464    -2.5264    -3.0757
     1.7269    -2.6371    -2.4640    -3.1226
     1.8868    -2.5733    -2.3481    -3.2351
     2.0556    -2.4001    -2.2322    -3.2398
     2.1711    -2.3181    -2.1074    -3.2445
     2.2333    -2.1723    -1.9023    -3.3196
     2.3310    -1.9261    -1.7329    -3.2914
     2.3399    -1.7619    -1.4386    -3.2445
     2.3665    -1.5248    -1.2245    -3.1132
     2.2954    -1.2692    -0.9747    -3.0850
     2.3310    -0.9771    -0.6089    -2.9443
     2.3132    -0.7031    -0.3323    -2.7942
     2.1800    -0.4382    -0.0199    -2.6440
     2.1533    -0.1914     0.2747    -2.4657
     1.9757     0.1560     0.6050    -2.2311
     1.8513     0.4670     0.9443    -1.9964
     1.7358     0.7506     1.2658    -1.7053
     1.5937     1.0436     1.5606    -1.4235
     1.4959     1.3274     1.9090    -1.0854
     1.3004     1.5839     2.1592    -0.8505
     1.1405     1.9414     2.4541    -0.5497
     0.8561     2.2164     2.6776    -0.2772
     0.6161     2.4641     2.8653     0.1271
     0.3850     2.7669     3.0262     0.4939
     0.1805     2.9963     3.2497     0.8702
    -0.1395     3.0606     3.3481     1.2559
    -0.3618     3.0789     3.4196     1.6324
    -0.5664     3.1524     3.4554     1.9996
    -0.8243     3.1157     3.4643     2.3386
    -1.1089     3.1065     3.4107     2.7342
    -1.2601     3.1340     3.3660     3.0640
    -1.5003     3.1616     3.2408     3.4032
    -1.6961     3.0789     3.0888     3.6766
    -1.8295     3.1249     2.8832     3.9123
    -1.9986     2.9871     2.7580     4.0726
    -2.0876     2.8219     2.5882     4.2046
    -2.1855     2.5466     2.4184     4.2423
    -2.3635     2.2898     2.2039     4.2234
    -2.4258     2.0606     1.9090     4.2612
    -2.5148     1.7672     1.7125     4.2329
    -2.5148     1.5015     1.4802     4.2234
    -2.5682     1.1992     1.1765     4.0631
    -2.6394     0.8239     0.8997     3.7803
    -2.6038     0.5310     0.5961     3.5446
    -2.6394     0.2200     0.3104     3.2807
    -2.5771    -0.0726    -0.0021     2.8755
    -2.5148    -0.3468    -0.2787     2.5552
    -2.4258    -0.5844    -0.5822     2.1973
    -2.2923    -0.8127    -0.7963     1.7077
    -2.1944    -1.0319    -1.0729     1.3124
    -2.0164    -1.1962    -1.2959     0.9266
    -1.9007    -1.4244    -1.4743     0.5127
    -1.6872    -1.6434    -1.7240     0.1553
    -1.5270    -1.7893    -1.9469    -0.1832
    -1.2957    -1.9626    -2.0182    -0.4276
    -1.0911    -2.1176    -2.1877    -0.7753
    -0.8687    -2.2452    -2.3036    -1.1793
    -0.5841    -2.3728    -2.4284    -1.4611
    -0.3085    -2.4548    -2.5175    -1.7428
     0.0472    -2.5004    -2.5888    -2.0433
     0.3406    -2.6188    -2.7136    -2.2311
     0.5450    -2.6279    -2.7582    -2.4939
     0.8917    -2.6917    -2.7671    -2.6722
     1.1138    -2.7099    -2.6958    -2.8786
     1.4071    -2.7099    -2.6958    -3.0100
     1.6025    -2.6462    -2.5977    -3.1695
     1.8602    -2.6279    -2.4640    -3.3102
     2.0201    -2.5459    -2.3303    -3.4040
     2.1800    -2.4913    -2.2946    -3.4040
     2.3754    -2.2817    -2.1609    -3.3946
     2.4731    -2.1996    -2.0361    -3.4040
     2.6241    -2.0629    -1.8221    -3.4134
     2.6773    -1.8896    -1.6080    -3.3196
     2.7040    -1.6525    -1.2780    -3.2820
     2.6685    -1.4700    -1.0372    -3.2633
     2.5885    -1.2601    -0.8231    -3.1507
     2.5797    -1.0867    -0.4929    -3.0381
     2.4908    -0.8401    -0.1716    -2.8693
     2.3843    -0.5387     0.1675    -2.7285
     2.2688    -0.3285     0.5246    -2.5220
     2.1800     0.0371     0.8461    -2.2405
     2.1000     0.3938     1.1765    -2.0151
     1.8957     0.6225     1.4713    -1.7522
     1.8158     0.9520     1.7750    -1.4517
     1.6114     1.2450     2.0967    -1.1699
     1.4071     1.5381     2.3201    -0.8599
     1.2027     1.8130     2.6240    -0.5873
     0.9894     2.0972     2.8206    -0.2960
     0.7050     2.3632     3.0620     0.0613
     0.4650     2.5833     3.2050     0.4092
     0.2428     2.8311     3.2855     0.8419
     0.0205     2.9045     3.3481     1.2371
    -0.3085     3.0789     3.3302     1.6042
    -0.4774     3.0789     3.3302     2.0655
    -0.7709     3.0789     3.3302     2.4422
    -0.9933     3.0652     3.2944     2.7625
    -1.2245     3.0514     3.1871     3.0922
    -1.4292     2.9963     3.0709     3.4315
    -1.5626     2.8862     2.9726     3.7331
    -1.7672     2.7485     2.7580     3.9594
    -1.8829     2.6476     2.5703     4.1574
    -2.0342     2.3815     2.3469     4.2517
    -2.1321     2.2073     2.0788     4.2517
    -2.2656     1.9230     1.8554     4.2517
    -2.3190     1.6939     1.6678     4.2706
    -2.3635     1.4648     1.3820     4.1951
    -2.4881     1.1626     1.1140     4.1103
    -2.5237     0.8879     0.9175     3.8368
    -2.4970     0.6500     0.6586     3.6012
    -2.5059     0.3297     0.3282     3.2807
    -2.5059     0.0737     0.0872     2.9603
    -2.3902    -0.2646    -0.1984     2.6306
    -2.2834    -0.4839    -0.4215     2.2538
    -2.1766    -0.7031    -0.7249     1.8584
    -2.0609    -0.9497    -0.9390     1.4630
    -1.9897    -1.1688    -1.1710     1.0489
    -1.7583    -1.4700    -1.3940     0.7008
    -1.6160    -1.6707    -1.6170     0.3340
    -1.4825    -1.8440    -1.8221    -0.0703
    -1.2423    -2.0082    -1.9291    -0.3336
    -1.0377    -2.1632    -2.1431    -0.6249
    -0.7798    -2.2634    -2.2590    -0.9444
    -0.5397    -2.4093    -2.3660    -1.2920
    -0.2907    -2.4913    -2.4551    -1.5268
     0.0383    -2.5186    -2.5353    -1.8086
     0.2961    -2.5551    -2.5977    -2.0996
     0.6072    -2.6553    -2.6601    -2.3437
     0.8383    -2.6644    -2.6958    -2.5314
     1.1405    -2.6188    -2.6869    -2.7003
     1.4160    -2.6143    -2.6066    -2.9349
     1.6647    -2.6097    -2.5532    -3.1132
     1.8335    -2.5915    -2.4462    -3.2820
     2.0823    -2.4730    -2.3570    -3.3946
     2.2599    -2.3546    -2.3036    -3.4978
     2.3754    -2.2634    -2.1877    -3.5259
     2.4642    -2.0994    -2.0450    -3.4696
     2.6418    -1.9443    -1.8221    -3.4415
     2.6773    -1.8532    -1.5813    -3.3946
     2.6862    -1.6616    -1.3851    -3.3477
     2.7040    -1.5065    -1.0996    -3.3196
     2.6152    -1.2692    -0.8141    -3.2727
     2.5530    -1.0593    -0.5465    -3.1507
     2.5264    -0.7945    -0.2698    -2.9912
     2.4464    -0.6027     0.0872    -2.8130
     2.2954    -0.3103     0.3996    -2.6065
     2.2510    -0.1366     0.7657    -2.3813
     2.0823     0.2840     1.0872    -2.0339
     2.0112     0.4944     1.3641    -1.7335
     1.7891     0.8147     1.6589    -1.4329
     1.6203     1.0527     1.9180    -1.1887
     1.4515     1.4282     2.1771    -0.8974
     1.1938     1.5931     2.4720    -0.6531
     0.9983     1.9505     2.6955    -0.3806
     0.7050     2.2256     2.8742    -0.0233
     0.5450     2.4824     3.0799     0.3434
     0.2250     2.7118     3.0977     0.7102
    -0.0062     2.8678     3.1693     1.1148
    -0.1840     3.0147     3.1693     1.4630
    -0.4685     3.1249     3.1335     1.9054
    -0.6731     3.1432     3.1246     2.2350
    -0.9043     3.1708     3.0262     2.6212
    -1.0733     3.1249     2.9726     3.0074
    -1.2156     3.0881     2.8385     3.3372
    -1.4381     3.0239     2.6508     3.6106
    -1.5448     2.8036     2.4095     3.9217
    -1.7228     2.6659     2.2486     4.1480
    -1.8295     2.4090     2.0341     4.2329
    -1.9541     2.1798     1.7661     4.2423
    -1.9986     1.8955     1.5785     4.2517
    -2.0876     1.6298     1.3998     4.2800
    -2.1944     1.4923     1.1676     4.2517
    -2.1499     1.2267     0.9622     4.2046
    -2.1855     0.9978     0.7211     4.0726
    -2.1855     0.7598     0.4086     3.7897
    -2.1499     0.5036     0.1408     3.4221
    -2.0787     0.2108    -0.1806     3.1111
    -1.9986    -0.1000    -0.4126     2.7907
    -1.9808    -0.2828    -0.6446     2.4328
    -1.8473    -0.5387    -0.9034     2.0655
    -1.7228    -0.7762    -1.1264     1.6512
    -1.5626    -0.9497    -1.3316     1.2936
    -1.4558    -1.2145    -1.5367     0.9078
    -1.2779    -1.4061    -1.7597     0.5221
    -1.0644    -1.6525    -1.9380     0.2212
    -0.8687    -1.7984    -2.0896    -0.0703
    -0.6464    -2.0082    -2.1966    -0.3524
    -0.3796    -2.1085    -2.3570    -0.6719
    -0.1306    -2.2817    -2.4729    -1.0102
     0.1450    -2.3272    -2.4997    -1.3202
     0.4295    -2.4093    -2.5977    -1.5175
     0.6517    -2.5095    -2.6779    -1.8461
     0.9805    -2.5186    -2.6958    -2.0809
     1.2382    -2.5232    -2.7938    -2.2686
     1.5137    -2.5277    -2.7493    -2.5033
     1.6914    -2.5459    -2.7136    -2.7097
     1.8957    -2.4639    -2.6958    -2.8974
     2.1089    -2.4639    -2.5442    -3.0850
     2.2422    -2.3637    -2.4373    -3.2164
     2.3665    -2.3455    -2.3838    -3.3289
     2.5530    -2.1814    -2.2679    -3.3196
     2.6507    -2.0264    -2.0896    -3.3477
     2.7217    -1.8896    -1.8934    -3.3102
     2.7129    -1.7346    -1.6616    -3.2727
     2.6951    -1.5795    -1.3851    -3.2633
     2.6329    -1.3970    -1.1532    -3.2351
     2.5175    -1.1688    -0.8320    -3.1976
     2.5086    -1.0410    -0.4840    -3.1132
     2.2866    -0.7305    -0.2163    -2.9068
     2.1800    -0.5204     0.1318    -2.7567
     2.1000    -0.2920     0.4621    -2.5690
     1.9757     0.0554     0.7300    -2.3062
     1.8335     0.3206     1.0426    -2.0151
     1.6559     0.6317     1.3105    -1.7710
     1.4782     0.8788     1.6499    -1.4611
     1.2294     1.1351     1.9984    -1.2075
     1.0250     1.4740     2.2575    -0.9162
     0.7495     1.7306     2.5256    -0.6437
     0.4828     2.0055     2.6776    -0.3430
     0.2783     2.3081     2.8474     0.0425
    -0.0062     2.5283     2.9905     0.3904
    -0.2107     2.7577     3.0709     0.7667
    -0.4952     2.8953     3.1067     1.1524
    -0.6909     3.0789     3.1871     1.5665
    -0.9488     3.1249     3.1693     1.9619
    -1.1534     3.1524     3.1514     2.2821
    -1.3402     3.1616     3.0799     2.7059
    -1.5270     3.2075     3.0083     3.0263
    -1.7050     3.1524     2.9011     3.3467
    -1.8384     3.1616     2.7670     3.6860
    -2.0609     2.9780     2.5971     3.9500
    -2.1321     2.8403     2.3737     4.1480
    -2.3279     2.5833     2.1771     4.2612
    -2.3991     2.3173     1.9448     4.3177
    -2.5237     2.0697     1.6767     4.3366
    -2.5237     1.7397     1.4177     4.3083
    -2.6394     1.5290     1.1587     4.3272
    -2.6394     1.2725     1.0068     4.2895
    -2.6483     0.9612     0.7568     4.2046
    -2.6216     0.7323     0.5068     3.9594
    -2.5682     0.4395     0.2479     3.6012
    -2.5059     0.1834    -0.0110     3.2901
    -2.4258    -0.1092    -0.3234     2.9792
    -2.3012    -0.2828    -0.5732     2.6117
    -2.1588    -0.5296    -0.8320     2.2444
    -1.9986    -0.7579    -1.0729     1.8678
    -1.8918    -0.9132    -1.2870     1.4348
    -1.6961    -1.1049    -1.5010     0.9831
    -1.5448    -1.3514    -1.6883     0.6256
    -1.3758    -1.4609    -1.8667     0.2117
    -1.1801    -1.6434    -2.0361    -0.0609
    -0.8776    -1.7802    -2.1787    -0.3806
    -0.6464    -1.9079    -2.2768    -0.7095
    -0.4241    -2.0446    -2.4373    -1.0008
    -0.1128    -2.1905    -2.5086    -1.2920
     0.1361    -2.2817    -2.5442    -1.5738
     0.4561    -2.2817    -2.6156    -1.7428
     0.6961    -2.4001    -2.6334    -2.0058
     1.0427    -2.4639    -2.7136    -2.2686
     1.3626    -2.4548    -2.6690    -2.4282
     1.6025    -2.4913    -2.6334    -2.5971
     1.8780    -2.4822    -2.5264    -2.7942
     2.0645    -2.4366    -2.4194    -2.9725
     2.2333    -2.3364    -2.2857    -3.1132
     2.2954    -2.2999    -2.2768    -3.2258
     2.4642    -2.1267    -2.1520    -3.2914
     2.6241    -1.9808    -1.9380    -3.3008
     2.6241    -1.7802    -1.6972    -3.2445
     2.7484    -1.6342    -1.4743    -3.2633
     2.7750    -1.5156    -1.2156    -3.2445
     2.7928    -1.3696    -0.9390    -3.2351
     2.6951    -1.1049    -0.6803    -3.1789
     2.5974    -0.8219    -0.4215    -3.1226
     2.5086    -0.6209    -0.0824    -2.9818
     2.3487    -0.3834     0.2390    -2.8130
     2.2510    -0.0818     0.5514    -2.5690
     2.0467     0.2108     0.8282    -2.2874
     1.9846     0.4578     1.1319    -2.0527
     1.8424     0.7140     1.4891    -1.7241
     1.6114     1.0436     1.7840    -1.4611
     1.4870     1.2908     2.0699    -1.1981
     1.2116     1.5931     2.3290    -0.8974
     0.9983     1.8680     2.5256    -0.5497
     0.7583     2.0881     2.7848    -0.2678
     0.4561     2.3540     2.9994     0.1177
     0.2517     2.5925     3.1156     0.4939
    -0.0684     2.7118     3.2318     0.8607
    -0.2729     2.9045     3.2497     1.2654
    -0.5308     3.0881     3.2855     1.7077
    -0.7709     3.1524     3.2497     2.1785
    -0.9666     3.1524     3.2497     2.5552
    -1.1890     3.1524     3.2587     2.8472
    -1.3580     3.1799     3.1424     3.2147
    -1.5270     3.1249     3.0709     3.5446
    -1.6961     3.1065     2.9547     3.8745
    -1.8473     2.9504     2.7848     4.1008
    -1.9452     2.7118     2.5703     4.2517
    -2.1054     2.4824     2.3290     4.3555
    -2.2211     2.2073     2.0877     4.3272
    -2.2745     1.8680     1.8644     4.3177
    -2.3991     1.6389     1.6589     4.3272
    -2.4080     1.3458     1.3909     4.3555
    -2.4703     1.0436     1.1676     4.2895
    -2.5059     0.8513     0.8639     4.2140
    -2.4792     0.6317     0.6318     3.9971
    -2.4703     0.3115     0.3372     3.7331
    -2.3991     0.0462    -0.0021     3.3655
    -2.3101    -0.2097    -0.2698     2.9980
    -2.1321    -0.4656    -0.5554     2.6683
    -2.0876    -0.6209    -0.8320     2.3103
    -1.8473    -0.7945    -1.0550     1.8584
    -1.7495    -0.9771    -1.2780     1.4253
    -1.5804    -1.1506    -1.5367     1.1148
    -1.3402    -1.3605    -1.7329     0.6726
    -1.1801    -1.5248    -1.9112     0.3810
    -1.0111    -1.6160    -2.0628     0.0425
    -0.7620    -1.7346    -2.2144    -0.2584
    -0.4596    -1.9079    -2.3392    -0.6437
    -0.2018    -2.0082    -2.4284    -0.9914
     0.0650    -2.0355    -2.5442    -1.2545
     0.3228    -2.0994    -2.6066    -1.4987
     0.6161    -2.1996    -2.6512    -1.8461
     0.9183    -2.2361    -2.7493    -2.0058
     1.1938    -2.3272    -2.7671    -2.2217
     1.4870    -2.3819    -2.7314    -2.4845
     1.7269    -2.2908    -2.6958    -2.6347
     2.0201    -2.2634    -2.5888    -2.8411
     2.2244    -2.1267    -2.4373    -3.0006
     2.3487    -2.0629    -2.3481    -3.1413
     2.5530    -2.0173    -2.1431    -3.2633
     2.6329    -1.8532    -2.0539    -3.2164
     2.7928    -1.7163    -1.8934    -3.2445
     2.8372    -1.6342    -1.6794    -3.3571
     2.8993    -1.4974    -1.4475    -3.3383
     2.9260    -1.3149    -1.1532    -3.2633
     2.8461    -1.0684    -0.8944    -3.2539
     2.7928    -0.9406    -0.6892    -3.2258
     2.7306    -0.6940    -0.4305    -3.1319
     2.5441    -0.5113    -0.0913    -2.9818
     2.4642    -0.2463     0.2032    -2.8505
     2.3043     0.0645     0.4979    -2.6440
     2.1711     0.3572     0.8014    -2.3625
     2.0112     0.5402     1.0693    -2.1184
     1.9401     0.8147     1.4177    -1.8931
     1.7269     1.0069     1.7214    -1.6489
     1.5315     1.3091     2.0252    -1.3484
     1.2827     1.5839     2.3111    -1.0478
     1.0427     1.8589     2.6061    -0.7283
     0.7583     2.0514     2.8206    -0.3806
     0.5361     2.2806     3.0262    -0.0421
     0.2517     2.5191     3.1424     0.2776
     0.0116     2.6659     3.2676     0.7196
    -0.2551     2.7760     3.3034     1.1618
    -0.4596     2.9137     3.4375     1.5759
    -0.6820     3.0055     3.4375     1.9525
    -0.8776     3.0239     3.4286     2.3480
    -1.1445     3.0422     3.4017     2.7248
    -1.3313     3.0514     3.3302     3.0545
    -1.5448     2.9229     3.2050     3.3090
    -1.7495     2.8311     3.0530     3.5729
    -1.9274     2.6659     2.8742     3.8463
    -2.1143     2.4182     2.7133     4.0820
    -2.2478     2.1706     2.4720     4.1574
    -2.3724     1.8772     2.2397     4.2800
    -2.5326     1.6481     1.9448     4.2895
    -2.5326     1.2908     1.6857     4.2989
    -2.6394     1.0344     1.3641     4.2517
    -2.6127     0.7689     1.1587     4.1763
    -2.6171     0.5127     0.9265     4.0160
    -2.6216     0.2657     0.6943     3.7614
    -2.6394    -0.0543     0.4443     3.4598
    -2.5237    -0.2920     0.1318     3.1393
    -2.4970    -0.4748    -0.1538     2.8378
    -2.3991    -0.6392    -0.4394     2.4516
    -2.2300    -0.8767    -0.6535     2.1032
    -2.1054    -1.0410    -0.9212     1.7642
    -1.9007    -1.1871    -1.0996     1.3501
    -1.7761    -1.3331    -1.3226     0.9831
    -1.5626    -1.5886    -1.4921     0.5973
    -1.4203    -1.6799    -1.6883     0.2776
    -1.2068    -1.8167    -1.8845    -0.0139
    -0.9933    -1.9079    -2.0004    -0.3900
    -0.7353    -2.0629    -2.1431    -0.6907
    -0.5308    -2.1449    -2.2411    -0.9914
    -0.1840    -2.1905    -2.2768    -1.2732
     0.0650    -2.2361    -2.3570    -1.5175
     0.4206    -2.2726    -2.3838    -1.8367
     0.6517    -2.3728    -2.4462    -2.0433
     0.9183    -2.4001    -2.4908    -2.2592
     1.2382    -2.4275    -2.4640    -2.4470
     1.4782    -2.4366    -2.4729    -2.6065
     1.7447    -2.3090    -2.3660    -2.7660
     1.9490    -2.2179    -2.2144    -2.9162
     2.1356    -2.1176    -2.0272    -3.0569
     2.2777    -2.0446    -1.8667    -3.1601
     2.4642    -1.9079    -1.7418    -3.2258
     2.5708    -1.7711    -1.6526    -3.3196
     2.6596    -1.5156    -1.4564    -3.3008
     2.7573    -1.4153    -1.1888    -3.2914
     2.7839    -1.2510    -0.8944    -3.2351
     2.7573    -1.0684    -0.5554    -3.2727
     2.7306    -0.7945    -0.3323    -3.1976
     2.6418    -0.5935    -0.0645    -3.0569
     2.5441    -0.3011     0.3014    -2.9255
     2.4287    -0.0726     0.6318    -2.7754
     2.3132     0.2749     0.9354    -2.5877
     2.2066     0.5219     1.2390    -2.3343
     1.9934     0.6683     1.5606    -2.1278
     1.8424     0.9978     1.8912    -1.8555
     1.6914     1.2816     2.1503    -1.5644
     1.5581     1.4923     2.4273    -1.2826
     1.3182     1.7764     2.7133    -1.0102
     1.1049     2.0055     2.9189    -0.7001
     0.8472     2.2439     3.1156    -0.3242
     0.5895     2.4090     3.2855     0.0143
     0.3761     2.6017     3.3838     0.4375
     0.1450     2.7669     3.4554     0.8231
    -0.1040     2.9321     3.5269     1.2654
    -0.3885     3.0514     3.5269     1.6418
    -0.6019     3.0881     3.5448     2.0278
    -0.8421     3.1799     3.4733     2.4045
    -1.1089     3.1891     3.3570     2.7907
    -1.2868     3.1432     3.2140     3.1016
    -1.5270     3.0973     3.0977     3.3938
    -1.6694     2.9963     2.8742     3.7237
    -1.8740     2.8495     2.7312     3.9500
    -1.9897     2.6567     2.5614     4.0820
    -2.0965     2.3723     2.3380     4.2895
    -2.2834     2.1064     2.0877     4.3743
    -2.3279     1.8039     1.8197     4.3743
    -2.4703     1.4007     1.5249     4.3649
    -2.4525     1.1077     1.3284     4.3460
    -2.5237     0.7506     1.0604     4.3366
    -2.5148     0.4944     0.8014     4.2706
    -2.5415     0.3206     0.5693     4.0254
    -2.4525     0.0188     0.2747     3.7143
    -2.4614    -0.2828    -0.0021     3.3372
    -2.3368    -0.4930    -0.2341     2.9886
    -2.2389    -0.6209    -0.5465     2.6588
    -2.0787    -0.8036    -0.7874     2.2821
    -1.8918    -1.0136    -1.0461     1.8395
    -1.7761    -1.2054    -1.2513     1.4348
    -1.5804    -1.3331    -1.4743     1.0113
    -1.4203    -1.5248    -1.6705     0.6632
    -1.2156    -1.6160    -1.8488     0.3810
    -1.0111    -1.7437    -2.0450     0.0425
    -0.8154    -1.8896    -2.1787    -0.2678
    -0.5486    -1.9352    -2.3036    -0.5591
    -0.2996    -1.9991    -2.4105    -0.8411
    -0.0150    -2.0994    -2.5086    -1.1323
     0.2606    -2.1905    -2.5621    -1.4047
     0.6161    -2.2179    -2.6156    -1.6208
     0.8828    -2.2315    -2.6958    -1.8367
     1.2116    -2.2452    -2.6779    -2.0433
     1.4515    -2.2361    -2.6601    -2.2311
     1.6825    -2.2270    -2.6423    -2.3813
     2.0112    -2.2543    -2.4908    -2.5314
     2.1356    -2.1267    -2.3392    -2.7191
     2.3754    -2.0355    -2.2322    -2.8505
     2.5797    -1.9079    -2.0896    -3.0288
     2.7040    -1.7437    -1.9291    -3.1038
     2.9171    -1.5339    -1.6883    -3.0850
     2.9171    -1.3514    -1.4921    -3.0006
     2.9704    -1.1323    -1.3405    -2.9443
     2.9171    -0.9771    -1.0461    -2.9818
     2.9260    -0.7853    -0.7160    -2.9912
     2.9615    -0.5753    -0.5018    -3.0006
     2.9704    -0.3925    -0.1895    -2.8974
     2.8993    -0.1549     0.0783    -2.8036
     2.7928     0.1926     0.4086    -2.6347
     2.7129     0.3938     0.7032    -2.4376
     2.5086     0.7049     0.9443    -2.2123
     2.3399     0.9703     1.2569    -2.0339
     2.1622     1.2084     1.5695    -1.7522
     2.0112     1.4923     1.9001    -1.4893
     1.7713     1.6389     2.1682    -1.2169
     1.5492     1.9597     2.3648    -0.8974
     1.3538     2.1798     2.5971    -0.6249
     1.1049     2.3540     2.7670    -0.2678
     0.8917     2.5375     2.9547    -0.0139
     0.6250     2.6567     3.0977     0.3998
     0.3761     2.8311     3.2140     0.8419
     0.1183     2.8953     3.2855     1.2371
    -0.1306     3.0514     3.2855     1.6230
    -0.4152     3.0881     3.3034     1.9525
    -0.6464     3.1019     3.2408     2.3292
    -0.9488     3.1157     3.1335     2.6588
    -1.1801     3.0789     3.0173     3.0357
    -1.3758     2.9963     2.8742     3.2901
    -1.5804     2.9045     2.7312     3.5257
    -1.7050     2.7118     2.5614     3.7520
    -1.9007     2.4916     2.3916     3.8840
    -2.0253     2.1247     2.1503     4.0065
    -2.1588     1.8405     1.9090     4.1386
    -2.2656     1.4648     1.6321     4.2046
    -2.3279     1.0802     1.3730     4.2329
    -2.4080     0.7872     1.1319     4.1386
    -2.4347     0.4944     0.8997     4.0820
    -2.5148     0.2383     0.6407     3.9217
    -2.4703    -0.0635     0.3461     3.6483
    -2.5237    -0.2554     0.0426     3.3090
    -2.4258    -0.4565    -0.2609     2.9980
    -2.2923    -0.6666    -0.5108     2.6117
    -2.2656    -0.9132    -0.7606     2.2444
    -2.0787    -1.0867    -0.9658     1.9243
    -1.9986    -1.2601    -1.2067     1.5289
    -1.8028    -1.3788    -1.4207     1.1148
    -1.6427    -1.6160    -1.6705     0.7102
    -1.4469    -1.7346    -1.8042     0.4375
    -1.2957    -1.8532    -1.9826     0.2117
    -1.0377    -1.9352    -2.1342    -0.1267
    -0.8421    -2.0811    -2.2857    -0.4558
    -0.5841    -2.1267    -2.3303    -0.8129
    -0.3085    -2.1996    -2.4551    -1.0948
    -0.1306    -2.3090    -2.4729    -1.3390
     0.2072    -2.3272    -2.5442    -1.5644
     0.4917    -2.3364    -2.5888    -1.7710
     0.7495    -2.4001    -2.6066    -1.9776
     1.0516    -2.3819    -2.6245    -2.1372
     1.4071    -2.4184    -2.6066    -2.3531
     1.6292    -2.3546    -2.5264    -2.4751
     1.8691    -2.3272    -2.4729    -2.6534
     2.1000    -2.1541    -2.3660    -2.8036
     2.2510    -2.0629    -2.1877    -2.9912
     2.4464    -1.9808    -2.0717    -3.0663
     2.4997    -1.8076    -1.9380    -3.1413
     2.6596    -1.6251    -1.7240    -3.1413
     2.8017    -1.4426    -1.4921    -3.0663
     2.8283    -1.2419    -1.2424    -3.0663
     2.8327    -1.0867    -1.0193    -3.0850
     2.8372    -0.8675    -0.7785    -3.1132
     2.8283    -0.5844    -0.4840    -3.1132
     2.6951    -0.3377    -0.1984    -2.9818
     2.6418    -0.1732     0.1408    -2.8880
     2.4731     0.1560     0.4443    -2.7567
     2.3310     0.5127     0.7032    -2.5971
     2.1977     0.6866     1.0604    -2.3531
     2.0556     0.9886     1.3998    -2.1372
     1.9224     1.1534     1.6946    -1.8649
     1.7358     1.4374     1.9895    -1.6583
     1.5492     1.6939     2.3380    -1.2732
     1.2827     1.8589     2.5614    -1.0196
     1.1316     2.0881     2.8295    -0.7283
     0.8561     2.2623     3.0352    -0.4276
     0.6428     2.4090     3.2318    -0.0609
     0.4117     2.6017     3.4107     0.3340
     0.2339     2.7118     3.4733     0.6914
    -0.0506     2.8403     3.4733     1.1054
    -0.3174     2.9780     3.4867     1.4536
    -0.5664     3.0239     3.5001     1.8113
    -0.7798     3.0514     3.5180     2.2162
    -1.0644     3.0881     3.4375     2.5646
    -1.2601     3.0147     3.2944     2.8472
    -1.5092     2.9229     3.1067     3.1393
    -1.6338     2.8311     2.9368     3.4126
    -1.8295     2.6659     2.7402     3.6577
    -1.9719     2.4274     2.5256     3.8651
    -2.1143     2.1247     2.3201     4.0160
    -2.2478     1.7764     2.0431     4.1197
    -2.4169     1.5107     1.7750     4.2046
    -2.5059     1.1534     1.5695     4.1857
    -2.5682     0.7872     1.2569     4.1197
    -2.6127     0.4853     1.0604     4.0631
    -2.6483     0.2566     0.8104     3.8557
    -2.6572     0.0371     0.5693     3.6389
    -2.6127    -0.2280     0.2657     3.3467
    -2.6038    -0.4656    -0.0378     3.0168
    -2.4792    -0.6575    -0.3234     2.6777
    -2.4525    -0.9041    -0.5732     2.3292
    -2.2834    -1.0958    -0.8320     1.9243
    -2.1766    -1.2601    -1.0996     1.6230
    -2.0520    -1.4335    -1.2959     1.2559
    -1.8295    -1.5430    -1.5010     0.8796
    -1.7050    -1.7163    -1.6616     0.6256
    -1.5003    -1.8896    -1.8667     0.2682
    -1.3046    -2.0082    -2.0093     0.0237
    -0.9755    -2.0994    -2.0985    -0.3054
    -0.7887    -2.0811    -2.2322    -0.5497
    -0.4507    -2.1541    -2.3303    -0.8599
    -0.2018    -2.2179    -2.4194    -1.1323
     0.0916    -2.2361    -2.4729    -1.4047
     0.3672    -2.2726    -2.5175    -1.6114
     0.7050    -2.2452    -2.6334    -1.8180
     0.9361    -2.2452    -2.6245    -2.0058
     1.2471    -2.2452    -2.6334    -2.2311
     1.5226    -2.2179    -2.6156    -2.3719
     1.8158    -2.1449    -2.4818    -2.5314
     2.0467    -2.0538    -2.3481    -2.7285
     2.2688    -1.9717    -2.1966    -2.8411
     2.4820    -1.9170    -2.0539    -2.9725
     2.5441    -1.7437    -1.9558    -2.9772
     2.7573    -1.5521    -1.7686    -2.9818
     2.7839    -1.2875    -1.5902    -2.9443
     2.8727    -1.0958    -1.2691    -2.9537
     2.9526    -0.8675    -0.9926    -2.9631
     2.9437    -0.6849    -0.7695    -2.9818
     2.9615    -0.5022    -0.4840    -2.9912
     2.8993    -0.2920    -0.1627    -2.9068
     2.7750    -0.0360     0.1051    -2.7191
     2.6951     0.2840     0.3907    -2.5784
     2.5885     0.5951     0.6854    -2.4470
     2.3665     0.8055     0.9979    -2.2311
     2.2510     1.0344     1.3105    -1.9776
     2.0823     1.3183     1.6857    -1.7428
     1.8513     1.5565     1.9716    -1.5175
     1.6914     1.7856     2.2039    -1.1887
     1.5226     2.0055     2.5078    -0.8880
     1.3093     2.1981     2.7402    -0.6061
     1.0694     2.3815     2.9279    -0.3336
     0.8561     2.5650     3.1246    -0.0139
     0.6872     2.6751     3.2676     0.3716
     0.4384     2.7852     3.3660     0.7479
     0.1272     2.9688     3.3749     1.1901
    -0.1573     3.0422     3.4375     1.5665
    -0.4063     3.1249     3.4107     1.8772
    -0.7087     3.1249     3.3928     2.3197
    -0.9399     3.1111     3.3213     2.7059
    -1.2245     3.0973     3.2140     3.0357
    -1.4203     3.0514     3.0709     3.3090
    -1.6338     2.9321     2.9100     3.5352
    -1.9007     2.6659     2.7402     3.7991
    -2.0075     2.4274     2.5525     3.9877
    -2.1766     2.1156     2.3111     4.1197
    -2.3546     1.8314     2.0431     4.2612
    -2.4792     1.4740     1.7840     4.3177
    -2.5326     1.1626     1.5249     4.3366
    -2.6750     0.7781     1.2837     4.2612
    -2.7195     0.4944     1.0961     4.1103
    -2.7640     0.3297     0.7836     3.9311
    -2.7551     0.0462     0.5246     3.7426
    -2.7106    -0.2097     0.2479     3.3844
    -2.7373    -0.4839    -0.0556     3.0357
    -2.6216    -0.6757    -0.3412     2.6777
    -2.5860    -0.8401    -0.5911     2.2727
    -2.4347    -1.0502    -0.8231     1.8960
    -2.3368    -1.2692    -1.0996     1.5571
    -2.2122    -1.3514    -1.2691     1.1901
    -1.9986    -1.5886    -1.5278     0.8231
    -1.8829    -1.6890    -1.7507     0.5221
    -1.6694    -1.8076    -1.9202     0.2400
    -1.4114    -1.9991    -2.0361     0.0049
    -1.1801    -2.0902    -2.2055    -0.2960
    -0.9755    -2.1723    -2.3125    -0.6437
    -0.6197    -2.2270    -2.3660    -0.9726
    -0.3796    -2.2634    -2.4729    -1.1793
    -0.0773    -2.3181    -2.5264    -1.4141
     0.1894    -2.3910    -2.5710    -1.7241
     0.5184    -2.3637    -2.6512    -1.9025
     0.7495    -2.4184    -2.6958    -2.1090
     1.1138    -2.3910    -2.6066    -2.2780
     1.3449    -2.2999    -2.6156    -2.4282
     1.6825    -2.2726    -2.4908    -2.6253
     1.9401    -2.0902    -2.3570    -2.7660
     2.1267    -2.0355    -2.1966    -2.8880
     2.3487    -1.9443    -2.1163    -3.0006
     2.4997    -1.8076    -1.9826    -3.0100
     2.5885    -1.5430    -1.8042    -3.0663
     2.7040    -1.3240    -1.5189    -3.1319
     2.6951    -1.1141    -1.2870    -3.0850
     2.8372    -0.9497    -1.0104    -3.0757
     2.8105    -0.7579    -0.7517    -3.1038
     2.8549    -0.5753    -0.5018    -3.0757
     2.8727    -0.3468    -0.2430    -2.9725
     2.7839    -0.1275     0.1408    -2.8693
     2.6685     0.0920     0.4889    -2.6722
     2.5175     0.3938     0.8014    -2.5314
     2.4109     0.7323     1.0872    -2.3155
     2.2066     0.9429     1.3552    -2.0996
     2.0556     1.1718     1.7482    -1.8555
     1.9046     1.4282     2.0073    -1.5550
     1.7536     1.6664     2.2843    -1.2920
     1.6025     1.9139     2.5703    -1.0102
     1.3538     2.0881     2.8206    -0.6531
     1.2294     2.3081     3.0709    -0.3618
     1.0339     2.4457     3.2229    -0.0985
     0.7939     2.5650     3.3034     0.2964
     0.5006     2.7210     3.3749     0.6538
     0.2517     2.8219     3.3749     1.0960
    -0.0417     2.9412     3.4554     1.3689
    -0.2729     2.9688     3.4420     1.7171
    -0.5664     2.9963     3.4286     2.1691
    -0.7887     2.9871     3.4017     2.5741
    -0.9666     3.0055     3.3034     2.8661
    -1.2512     2.8403     3.1424     3.1582
    -1.3936     2.7852     2.9815     3.4032
    -1.6338     2.6017     2.7848     3.6671
    -1.7850     2.4274     2.6508     3.8745
    -1.8829     2.1064     2.4005     4.0160
    -2.0253     1.8222     2.1503     4.1669
    -2.1321     1.5381     1.9090     4.2423
    -2.2122     1.2542     1.6589     4.2517
    -2.2745     0.9062     1.4088     4.1386
    -2.4169     0.6042     1.1765     4.0820
    -2.4258     0.4029     0.9711     3.9311
    -2.4436     0.1011     0.6496     3.7143
    -2.4614    -0.1275     0.3550     3.4975
    -2.3902    -0.3560     0.0426     3.2053
    -2.3813    -0.5935    -0.2073     2.8190
    -2.3368    -0.8310    -0.5286     2.5458
    -2.1766    -1.0867    -0.7695     2.1691
    -2.0965    -1.1871    -1.0193     1.8301
    -2.0075    -1.3423    -1.2067     1.4442
    -1.8206    -1.5430    -1.4118     1.0489
    -1.6961    -1.6707    -1.6080     0.7667
    -1.4381    -1.7346    -1.7507     0.4845
    -1.2245    -1.8805    -1.9380     0.1271
    -0.9755    -1.9352    -2.0361    -0.1643
    -0.8065    -2.0355    -2.1787    -0.4840
    -0.4774    -2.1358    -2.2590    -0.7753
    -0.3085    -2.1541    -2.3838    -1.0384
     0.0205    -2.1449    -2.4284    -1.2826
     0.2428    -2.1723    -2.4908    -1.5175
     0.5184    -2.1723    -2.5442    -1.7053
     0.7406    -2.2087    -2.5487    -1.9213
     0.9805    -2.1632    -2.5532    -2.1278
     1.2471    -2.0629    -2.4640    -2.3062
     1.5670    -2.0082    -2.3660    -2.5127
     1.8247    -1.8988    -2.2679    -2.6722
     1.9934    -1.8258    -2.1074    -2.8130
     2.2333    -1.7619    -1.9737    -2.8599
     2.3310    -1.6342    -1.8310    -2.8786
     2.4642    -1.4335    -1.6348    -2.9443
     2.4908    -1.1780    -1.4297    -2.9068
     2.6063    -1.0319    -1.1710    -2.9349
     2.5974    -0.8767    -0.9212    -2.9162
     2.6596    -0.6666    -0.6625    -2.8974
     2.6507    -0.4017    -0.3412    -2.8505
     2.6241    -0.2006    -0.0735    -2.7942
     2.6152    -0.0269     0.2390    -2.6440
     2.4820     0.2932     0.5425    -2.4657
     2.4020     0.5768     0.8372    -2.3343
     2.2333     0.8330     1.1140    -2.1372
     2.1622     1.0619     1.5070    -1.8837
     1.9934     1.3641     1.8018    -1.6677
     1.8602     1.6023     2.1771    -1.4329
     1.7625     1.8497     2.4720    -1.1323
     1.5937     2.0606     2.6776    -0.8411
     1.4071     2.2531     2.9458    -0.5403
     1.1405     2.4549     3.0888    -0.2584
     0.9983     2.5925     3.3123     0.0519
     0.7228     2.7577     3.3928     0.5127
     0.5361     2.9229     3.4912     0.8607
     0.2694     2.9688     3.5448     1.2465
     0.0294     3.1157     3.5806     1.6512
    -0.2107     3.1616     3.5716     2.0655
    -0.4507     3.2075     3.5001     2.3763
    -0.6998     3.1799     3.4107     2.7248
    -0.9043     3.0789     3.3570     3.0640
    -1.1089     3.0055     3.2050     3.3561
    -1.3313     2.8586     3.0441     3.6106
    -1.5181     2.6659     2.7402     3.8180
    -1.7050     2.3999     2.5793     3.9877
    -1.8384     2.1706     2.3022     4.2046
    -1.9630     1.8130     2.1056     4.2800
    -2.1143     1.4557     1.8733     4.3743
    -2.1677     1.0802     1.6231     4.3932
    -2.2656     0.7415     1.3820     4.2989
    -2.3368     0.4395     1.1497     4.1763
    -2.4169     0.2291     0.8997     4.0160
    -2.3991     0.0462     0.5961     3.7991
    -2.4525    -0.2372     0.3014     3.4503
    -2.4169    -0.4473     0.0069     3.1111
    -2.3991    -0.6483    -0.2877     2.7907
    -2.2656    -0.8219    -0.5643     2.4233
    -2.2478    -1.0045    -0.8498     2.0937
    -2.0698    -1.2510    -1.0907     1.6795
    -1.9452    -1.3514    -1.2602     1.3124
    -1.8384    -1.5339    -1.5099     1.0207
    -1.6516    -1.6890    -1.6794     0.5973
    -1.5092    -1.7893    -1.8577     0.3246
    -1.2512    -1.8714    -2.0004    -0.0045
    -1.0377    -2.0629    -2.1877    -0.3524
    -0.8776    -2.0811    -2.3214    -0.6437
    -0.5752    -2.1541    -2.4284    -0.9256
    -0.3085    -2.1996    -2.4997    -1.2451
    -0.0862    -2.1996    -2.5086    -1.3954
     0.2694    -2.2087    -2.5621    -1.6771
     0.5006    -2.2270    -2.6156    -1.8743
     0.7228    -2.2452    -2.6423    -2.0621
     1.0161    -2.2270    -2.6334    -2.2311
     1.3093    -2.1358    -2.6156    -2.4282
     1.5670    -2.0902    -2.4908    -2.5784
     1.7980    -1.9991    -2.2501    -2.7379
     2.0201    -1.9352    -2.1163    -2.9255
     2.2688    -1.7893    -2.0093    -3.0100
     2.3665    -1.6434    -1.9202    -3.0569
     2.4820    -1.5430    -1.7240    -3.1319
     2.5974    -1.3240    -1.4386    -3.2633
     2.5885    -1.1415    -1.1888    -3.1976
     2.7040    -0.9589    -0.9390    -3.1976
     2.7217    -0.6849    -0.6535    -3.1413
     2.6862    -0.5022    -0.3680    -3.0757
     2.7129    -0.3011    -0.1002    -2.9818
     2.6596    -0.0360     0.2479    -2.7848
     2.5619     0.2932     0.5782    -2.6347
     2.4642     0.5127     0.8907    -2.4657
     2.3310     0.7232     1.1408    -2.2780
     2.2066     1.0252     1.4088    -2.0245
     2.0467     1.2908     1.8018    -1.7616
     1.9046     1.5839     2.0520    -1.6302
     1.7625     1.7764     2.3022    -1.2826
     1.5492     2.0239     2.6150    -0.9914
     1.3626     2.1798     2.9189    -0.6719
     1.1316     2.3907     3.1335    -0.3242
     0.9628     2.6292     3.3034    -0.0045
     0.7228     2.7852     3.4643     0.5221
     0.4739     2.9321     3.5448     0.8513
     0.2428     3.0330     3.6700     1.2842
     0.0561     3.1524     3.6968     1.7266
    -0.1929     3.2350     3.6521     2.1032
    -0.4507     3.1983     3.6163     2.4799
    -0.6998     3.1524     3.5716     2.8567
    -0.8687     3.1340     3.3928     3.1582
    -1.1178     3.0422     3.2587     3.4692
    -1.3580     2.9688     3.0799     3.7331
    -1.4647     2.7210     2.8742     3.9405
    -1.6961     2.5558     2.6418     4.1763
    -1.8028     2.1798     2.4452     4.2706
    -1.9185     1.9414     2.1682     4.3743
    -2.0520     1.6206     1.9448     4.3649
    -2.2122     1.1534     1.7125     4.3460
    -2.2834     0.8605     1.4713     4.3366
    -2.3902     0.6500     1.2212     4.3272
    -2.4169     0.4212     0.9711     4.1291
    -2.4614     0.0920     0.7032     3.8651
    -2.4703    -0.1823     0.4175     3.6294
    -2.4080    -0.4017     0.1140     3.2901
    -2.4080    -0.5661    -0.1627     2.9320
    -2.3457    -0.8036    -0.4394     2.5646
    -2.2656    -1.0136    -0.6714     2.2162
    -2.1766    -1.1141    -0.9837     1.8019
    -1.9986    -1.2692    -1.1442     1.3783
    -1.8295    -1.4061    -1.3226     1.0771
    -1.7317    -1.6160    -1.6348     0.8043
    -1.5359    -1.7346    -1.7240     0.4469
    -1.3580    -1.8076    -1.9202     0.0707
    -1.1267    -1.9079    -2.0717    -0.3054
    -0.9221    -2.0173    -2.2411    -0.5779
    -0.6197    -2.0629    -2.3214    -0.8880
    -0.4063    -2.1358    -2.3927    -1.1793
    -0.1040    -2.1358    -2.5086    -1.3672
     0.1539    -2.2543    -2.5175    -1.6114
     0.4561    -2.2908    -2.5888    -1.9119
     0.6695    -2.3181    -2.6156    -2.0903
     0.9805    -2.2543    -2.4908    -2.3155
     1.2560    -2.2270    -2.4551    -2.4939
     1.5137    -2.1541    -2.3481    -2.6816
     1.7980    -2.0811    -2.2055    -2.8036
     1.9757    -2.0264    -2.0361    -2.8505
     2.2422    -1.9261    -1.9023    -2.9255
     2.3310    -1.8167    -1.7418    -3.0663
     2.4553    -1.6251    -1.5991    -3.1601
     2.5175    -1.4518    -1.3672    -3.1601
     2.5530    -1.2327    -1.0818    -3.2351
     2.5974    -1.0410    -0.8320    -3.2820
     2.5708    -0.8584    -0.5643    -3.2164
     2.5752    -0.6209    -0.2787    -3.1319
     2.5797    -0.3560    -0.0199    -3.0757
     2.5530    -0.1732     0.2747    -2.9443
     2.4820     0.0554     0.6229    -2.7942
     2.4464     0.3389     0.8997    -2.5784
     2.2777     0.6500     1.2212    -2.3625
     2.1622     0.8971     1.4713    -2.1372
     2.0645     1.0985     1.8108    -1.8367
     1.8602     1.3274     2.0699    -1.5832
     1.6825     1.5839     2.3469    -1.3108
     1.5492     1.8039     2.5346    -1.0290
     1.3626     2.0422     2.7759    -0.7095
     1.1849     2.2439     3.0262    -0.3712
     0.9183     2.3999     3.2229    -0.0421
     0.7317     2.6384     3.3302     0.4092
     0.5095     2.7118     3.4554     0.8043
     0.3050     2.8953     3.5001     1.1618
     0.0294     2.9504     3.5359     1.5477
    -0.1751     2.9596     3.4912     1.9713
    -0.4241     3.0698     3.4286     2.3857
    -0.7264     3.0606     3.3302     2.7719
    -0.9043     3.0881     3.2050     3.1016
    -1.1890     2.9780     3.0441     3.3749
    -1.4292     2.7852     2.8742     3.7048
    -1.5982     2.7210     2.5971     3.9594
    -1.8384     2.5099     2.3916     4.1574
    -1.8829     2.1339     2.1860     4.2612
    -2.1054     1.9230     1.9001     4.3743
    -2.1499     1.6206     1.6946     4.3932
    -2.3190     1.2084     1.4623     4.3555
    -2.4080     0.9337     1.2212     4.4215
    -2.5148     0.6591     0.9979     4.2800
    -2.5504     0.4395     0.7300     4.2046
    -2.5326     0.1377     0.4354     3.9500
    -2.5415    -0.1000     0.1318     3.6389
    -2.5682    -0.3651    -0.1716     3.3938
    -2.5148    -0.6392    -0.4394     3.0640
    -2.4703    -0.8493    -0.6714     2.6965
    -2.3902    -1.0776    -0.8588     2.2821
    -2.2478    -1.1597    -1.1353     1.8489
    -2.0609    -1.3514    -1.3583     1.5101
    -1.9541    -1.5156    -1.5367     1.1242
    -1.7939    -1.6160    -1.7418     0.8607
    -1.5893    -1.8349    -1.9023     0.4845
    -1.4292    -1.8988    -2.0985     0.1365
    -1.1623    -2.0082    -2.2233    -0.2678
    -0.9666    -2.0811    -2.3392    -0.5403
    -0.7087    -2.1176    -2.4284    -0.8411
    -0.4419    -2.1723    -2.5442    -1.1793
    -0.2107    -2.1905    -2.5799    -1.4329
     0.0739    -2.2817    -2.6245    -1.6959
     0.3850    -2.3272    -2.6690    -1.9213
     0.6695    -2.3546    -2.6869    -2.1560
     0.9094    -2.2817    -2.6423    -2.3437
     1.1672    -2.2634    -2.5799    -2.5408
     1.4160    -2.1541    -2.5086    -2.7097
     1.7092    -2.0720    -2.3838    -2.9537
     1.9401    -2.0082    -2.2501    -2.9912
     2.1622    -1.9443    -2.0717    -3.0569
     2.3043    -1.7893    -1.8845    -3.0850
     2.4287    -1.6342    -1.7597    -3.1976
     2.5441    -1.4426    -1.4653    -3.2164
     2.5797    -1.2054    -1.2513    -3.2820
     2.5619    -1.0319    -1.0015    -3.2914
     2.5885    -0.7671    -0.7160    -3.3008
     2.6507    -0.5478    -0.3501    -3.2633
     2.5441    -0.2737    -0.0467    -3.0569
     2.5619    -0.0086     0.2747    -2.9255
     2.4464     0.2566     0.5604    -2.7285
     2.4109     0.4761     0.8639    -2.5596
     2.2777     0.7598     1.1587    -2.3437
     2.1444     0.9886     1.4623    -2.1278
     2.0112     1.2084     1.7929    -1.8743
     1.8957     1.4923     2.1056    -1.6020
     1.7269     1.6847     2.4184    -1.2826
     1.4782     1.9414     2.6508    -0.9726
     1.3538     2.0972     2.9100    -0.6437
     1.1405     2.3448     3.0799    -0.2960
     0.9628     2.4916     3.2229     0.0895
     0.7406     2.6200     3.3391     0.4657
     0.4561     2.7852     3.4912     0.8607
     0.3050     2.8403     3.5537     1.3030
     0.0205     2.9045     3.6074     1.6889
    -0.2551     2.9780     3.5627     2.0184
    -0.5130     3.0330     3.4554     2.3951
    -0.7620     3.0055     3.3660     2.7342
    -0.9755     2.9780     3.2676     3.0734
    -1.2156     2.8862     3.0799     3.3844
    -1.4558     2.7760     2.9189     3.6577
    -1.6338     2.5925     2.6686     3.8463
    -1.7850     2.3632     2.4005     4.0914
    -1.9808     2.0789     2.1324     4.2612
    -2.0609     1.8130     1.9090     4.2989
    -2.1588     1.5381     1.6678     4.3083
    -2.3190     1.1626     1.3552     4.2942
    -2.3902     0.8330     1.1765     4.2800
    -2.4881     0.5768     0.9265     4.2046
    -2.4970     0.3846     0.6407     4.0160
    -2.5771     0.0462     0.3282     3.7803
    -2.5771    -0.1732     0.0247     3.4598
    -2.5771    -0.4473    -0.2698     3.1205
    -2.5415    -0.6483    -0.4840     2.8096
    -2.4347    -0.7853    -0.7249     2.4516
    -2.3279    -1.0136    -1.0104     2.0278
    -2.2300    -1.1871    -1.1978     1.5759
    -2.0876    -1.2875    -1.4832     1.2371
    -1.9363    -1.5156    -1.6616     0.9172
    -1.8562    -1.6707    -1.9023     0.5127
    -1.5893    -1.7893    -2.0539     0.2212
    -1.3758    -1.9535    -2.2233    -0.0797
    -1.1534    -2.0629    -2.3481    -0.3524
    -0.9666    -2.1541    -2.4640    -0.6719
    -0.6998    -2.1723    -2.5710    -0.9914
    -0.4596    -2.1768    -2.6779    -1.2545
    -0.1217    -2.1814    -2.7225    -1.4517
     0.0650    -2.1996    -2.8206    -1.7616
     0.4117    -2.2726    -2.7760    -1.9870
     0.6428    -2.2908    -2.8027    -2.2405
     0.9094    -2.2634    -2.7225    -2.4000
     1.1405    -2.2817    -2.6334    -2.6440
     1.3804    -2.1814    -2.5086    -2.7473
     1.6381    -2.0082    -2.4462    -2.8693
     1.9046    -1.9352    -2.2679    -2.9912
     2.1533    -1.7802    -2.0896    -3.0944
     2.3043    -1.6434    -1.9647    -3.1507
     2.4642    -1.5613    -1.8132    -3.2727
     2.4908    -1.3331    -1.6080    -3.2164
     2.5619    -1.1962    -1.2780    -3.2351
     2.6773    -0.9497    -1.0372    -3.1695
     2.7306    -0.7488    -0.8231    -3.1132
     2.7129    -0.4839    -0.5108    -3.0100
     2.6685    -0.3011    -0.1627    -2.8880
     2.6507     0.0188     0.1497    -2.7285
     2.5619     0.2383     0.3996    -2.5408
     2.4820     0.5310     0.7568    -2.3531
     2.2866     0.7506     1.0247    -2.1841
     2.2422     1.0436     1.3462    -1.9306
     2.0556     1.3732     1.6410    -1.6395
     1.9224     1.6206     1.9090    -1.4047
     1.7802     1.8039     2.2218    -1.1323
     1.5759     2.0147     2.4988    -0.7941
     1.4693     2.2715     2.7312    -0.4652
     1.2205     2.4457     2.9458    -0.1926
     1.0783     2.5466     3.1693     0.1271
     0.7850     2.7302     3.3302     0.5503
     0.5895     2.7944     3.4107     0.9172
     0.3495     2.9045     3.4733     1.2842
     0.0561     2.9504     3.4733     1.6795
    -0.1929     3.0789     3.4733     2.1220
    -0.3974     3.0606     3.4107     2.5081
    -0.6553     3.0606     3.3660     2.7719
    -0.9933     3.1065     3.2050     3.1676
    -1.1801     2.9504     3.1156     3.4786
    -1.4647     2.8311     2.9279     3.7614
    -1.6071     2.6567     2.7223     3.9877
    -1.8028     2.3723     2.4363     4.1857
    -1.9630     2.0330     2.1950     4.3083
    -2.1499     1.7214     1.9269     4.3177
    -2.2211     1.3366     1.7125     4.3460
    -2.3813     0.9612     1.4445     4.3460
    -2.4970     0.6317     1.2212     4.3177
    -2.5504     0.3755     0.9979     4.2423
    -2.5682     0.1011     0.7479     4.0160
    -2.5771    -0.1275     0.5157     3.7991
    -2.5637    -0.4199     0.1943     3.4409
    -2.5504    -0.6301    -0.1002     3.0828
    -2.5237    -0.8493    -0.3680     2.7248
    -2.4881    -1.0136    -0.6000     2.3480
    -2.3368    -1.1597    -0.8409     1.9337
    -2.2656    -1.3696    -1.0550     1.5195
    -2.1143    -1.5065    -1.2513     1.0395
    -2.0342    -1.6251    -1.4653     0.7008
    -1.8295    -1.8623    -1.6616     0.3528
    -1.6071    -1.9079    -1.9202     0.0237
    -1.4914    -2.0629    -2.0985    -0.2772
    -1.2423    -2.1632    -2.2144    -0.6155
    -0.9755    -2.2452    -2.3570    -0.8693
    -0.7087    -2.3455    -2.5175    -1.1323
    -0.4952    -2.3364    -2.6066    -1.3860
    -0.1662    -2.3728    -2.6512    -1.6114
     0.1005    -2.4457    -2.6869    -1.9025
     0.4117    -2.4184    -2.7403    -2.1278
     0.6695    -2.4047    -2.6423    -2.2968
     0.9539    -2.3910    -2.6245    -2.5220
     1.1672    -2.2908    -2.5353    -2.7003
     1.4959    -2.1723    -2.4284    -2.8693
     1.7092    -2.0720    -2.2857    -3.0381
     1.9934    -1.9899    -2.1342    -3.1132
     2.1800    -1.8988    -2.0450    -3.1601
     2.3843    -1.7893    -1.8488    -3.2820
     2.5353    -1.6342    -1.6526    -3.3852
     2.6241    -1.4061    -1.4475    -3.3946
     2.7040    -1.2419    -1.1621    -3.3196
     2.7129    -0.9406    -0.9034    -3.2633
     2.8017    -0.6940    -0.6178    -3.2727
     2.8283    -0.4565    -0.3858    -3.1601
     2.7129    -0.2097    -0.1181    -3.0475
     2.7484    -0.0543     0.2032    -2.9162
     2.6507     0.3389     0.5425    -2.6722
     2.5175     0.5585     0.7836    -2.4282
     2.3665     0.7506     1.1408    -2.2405
     2.2599     1.0252     1.4802    -1.9870
     2.0556     1.2542     1.7750    -1.7522
     1.9846     1.5656     2.0877    -1.4893
     1.7536     1.7764     2.3111    -1.2169
     1.6381     1.9689     2.6061    -0.8974
     1.4604     2.1981     2.8206    -0.5403
     1.2205     2.4457     3.0441    -0.2490
     1.0250     2.5650     3.2408     0.1083
     0.8028     2.7485     3.2855     0.5409
     0.5539     2.8219     3.4196     0.8607
     0.3317     2.9596     3.4554     1.3312
     0.0561     3.0147     3.4822     1.7454
    -0.2284     3.0514     3.4554     2.0843
    -0.4863     3.0698     3.3928     2.4328
    -0.7531     3.0606     3.2855     2.8378
    -0.9310     3.0881     3.2140     3.1865
    -1.1801     2.9963     2.9994     3.4975
    -1.4292     2.8311     2.8295     3.7426
    -1.6872     2.6292     2.6597     3.9971
    -1.8651     2.3632     2.4452     4.1951
    -2.0520     2.0422     2.1860     4.2895
    -2.1499     1.7306     1.9358     4.3083
    -2.3546     1.3000     1.6589     4.3460
    -2.3902     0.9612     1.4534     4.3460
    -2.5326     0.6317     1.2122     4.3177
    -2.5860     0.4304     0.9265     4.2234
    -2.6572     0.0645     0.7121     3.9971
    -2.6305    -0.1914     0.4175     3.7143
    -2.6750    -0.4199     0.1586     3.3467
    -2.6394    -0.6392    -0.1716     2.9697
    -2.5771    -0.8219    -0.3948     2.5929
    -2.5326    -1.0410    -0.6714     2.2256
    -2.3991    -1.2784    -0.8409     1.8489
    -2.2567    -1.4244    -1.0639     1.4442
    -2.1499    -1.5521    -1.2870     1.0301
    -1.9808    -1.6616    -1.4653     0.7290
    -1.8562    -1.8440    -1.6794     0.3810
    -1.7317    -1.9170    -1.9023     0.0895
    -1.5181    -2.0902    -2.0182    -0.2490
    -1.2957    -2.1176    -2.1966    -0.4746
    -1.0644    -2.2179    -2.3303    -0.8129
    -0.7442    -2.2452    -2.4284    -1.1135
    -0.4685    -2.3181    -2.5442    -1.3484
    -0.2284    -2.3181    -2.5977    -1.5456
     0.0561    -2.4093    -2.6245    -1.7992
     0.3228    -2.3637    -2.7047    -2.0715
     0.6695    -2.3728    -2.6958    -2.2686
     0.8917    -2.2999    -2.6601    -2.4751
     1.1849    -2.3272    -2.5353    -2.6722
     1.4604    -2.2361    -2.4640    -2.8505
     1.7802    -2.1267    -2.2590    -2.9443
     2.0201    -2.0355    -2.0628    -3.0663
     2.2599    -1.8805    -1.9647    -3.1226
     2.4020    -1.7437    -1.8132    -3.2070
     2.5353    -1.6251    -1.6972    -3.2633
     2.5885    -1.3788    -1.4029    -3.2164
     2.6507    -1.1688    -1.1175    -3.2539
     2.7306    -0.9497    -0.8588    -3.3102
     2.7395    -0.6575    -0.5732    -3.2539
     2.7661    -0.4839    -0.2877    -3.1601
     2.6685    -0.2920    -0.0288    -3.0569
     2.6507    -0.0452     0.3014    -2.8599
     2.5441     0.2749     0.6139    -2.7379
     2.4908     0.5219     0.9175    -2.5220
     2.3487     0.7598     1.2122    -2.2968
     2.1889     0.9886     1.5338    -1.9776
     2.0023     1.2633     1.8108    -1.7241
     1.8957     1.5015     2.1503    -1.4423
     1.7713     1.7489     2.4005    -1.2075
     1.6025     1.9689     2.6865    -0.9256
     1.4248     2.2439     2.9189    -0.5873
     1.2205     2.4090     3.1961    -0.2584
     1.0694     2.5650     3.3302     0.0519
     0.8383     2.7210     3.3749     0.5033
     0.6161     2.8036     3.5001     0.8419
     0.3139     2.9137     3.5716     1.2654
     0.0561     2.9963     3.6163     1.6418
    -0.1395     2.9780     3.5985     2.0655
    -0.4063     3.0422     3.4912     2.4139
    -0.6998     3.0055     3.4107     2.7813
    -0.9666     2.9596     3.2944     3.1016
    -1.1712     2.9504     3.1067     3.4503
    -1.4292     2.7669     2.8921     3.7426
    -1.5893     2.5650     2.6418     3.9311
    -1.8473     2.3907     2.4273     4.0914
    -1.9630     2.0606     2.1860     4.2234
    -2.1766     1.7031     1.9626     4.3460
    -2.2745     1.3641     1.7303     4.2895
    -2.4258     1.0527     1.5159     4.3177
    -2.5059     0.7598     1.3016     4.3460
    -2.5682     0.4670     1.0247     4.2423
    -2.5949     0.1651     0.7389     4.0254
    -2.6572    -0.0818     0.4354     3.7143
    -2.6216    -0.3377     0.1140     3.3844
    -2.6394    -0.6209    -0.1538     3.0640
    -2.5237    -0.8493    -0.4305     2.7059
    -2.4970    -1.0136    -0.7071     2.2727
    -2.4258    -1.2145    -0.9569     1.9243
    -2.3012    -1.2966    -1.1799     1.5195
    -2.1677    -1.4883    -1.3940     1.0771
    -2.0342    -1.5978    -1.6526     0.7667
    -1.8473    -1.7984    -1.8132     0.3998
    -1.7050    -1.8896    -1.9915     0.1553
    -1.5181    -2.0355    -2.1877    -0.1549
    -1.3313    -2.0538    -2.3125    -0.4182
    -1.0644    -2.1632    -2.4729    -0.7471
    -0.7976    -2.2999    -2.4729    -1.0102
    -0.5752    -2.2817    -2.5888    -1.2732
    -0.3263    -2.3637    -2.6690    -1.5362
    -0.0773    -2.3272    -2.6690    -1.7898
     0.2428    -2.3318    -2.6869    -2.0151
     0.5184    -2.3364    -2.7225    -2.1841
     0.7761    -2.2999    -2.6690    -2.4000
     1.0783    -2.2452    -2.5442    -2.5971
     1.3982    -2.1996    -2.4373    -2.7003
     1.6025    -2.0720    -2.2679    -2.8880
     1.9224    -1.9899    -2.1252    -3.0288
     2.0912    -1.9079    -1.9558    -3.1319
     2.3043    -1.7984    -1.7775    -3.1789
     2.4198    -1.5613    -1.6794    -3.2445
     2.4198    -1.3696    -1.4207    -3.3102
     2.4820    -1.1049    -1.1175    -3.2727
     2.5175    -0.9315    -0.8766    -3.2727
     2.5708    -0.6483    -0.5822    -3.2070
     2.5619    -0.4473    -0.2966    -3.1226
     2.5619    -0.2828     0.0247    -3.0006
     2.5086    -0.0086     0.3639    -2.8317
     2.4997     0.3297     0.6943    -2.6628
     2.3487     0.6134     1.0158    -2.5033
     2.2510     0.8239     1.2926    -2.2405
     2.1444     1.1351     1.6499    -1.9870
     2.0467     1.3732     1.9716    -1.7053
     1.8602     1.6573     2.2575    -1.4517
     1.7092     1.8864     2.4988    -1.1229
     1.5492     2.0330     2.8027    -0.8411
     1.4160     2.2348     2.9815    -0.5309
     1.2471     2.3999     3.1424    -0.1643
     1.0072     2.5833     3.3302     0.2494
     0.8117     2.7026     3.4375     0.6068
     0.6250     2.8678     3.5180     0.9548
     0.3761     2.9137     3.5537     1.3218
     0.1094     2.9780     3.5537     1.7360
    -0.1128     3.0422     3.5090     2.0655
    -0.3440     3.0881     3.4554     2.4422
    -0.6464     3.0789     3.3123     2.8001
    -0.8954     3.0514     3.1424     3.1393
    -1.1178     2.9871     3.0352     3.4032
    -1.3758     2.7944     2.8206     3.7048
    -1.5982     2.6292     2.6597     3.9688
    -1.7406     2.3540     2.4541     4.1386
    -1.8918     2.0422     2.1682     4.2800
    -2.0965     1.7489     1.9180     4.3460
    -2.2122     1.3641     1.6857     4.3555
    -2.3457     1.0893     1.4355     4.3838
    -2.4614     0.7049     1.1497     4.3177
    -2.5059     0.4395     0.9265     4.2423
    -2.6127     0.1834     0.6139     4.0631
    -2.5682    -0.1275     0.2925     3.7331
    -2.5548    -0.3468     0.0426     3.3561
    -2.5415    -0.5296    -0.1984     2.9980
    -2.4792    -0.7671    -0.4394     2.5929
    -2.5059    -0.8858    -0.6625     2.2350
    -2.3724    -1.0776    -0.8944     1.8678
    -2.2834    -1.2692    -1.1710     1.4724
    -2.1321    -1.4426    -1.3672     1.1901
    -2.0164    -1.6160    -1.5991     0.7949
    -1.8651    -1.7528    -1.8310     0.5503
    -1.6783    -1.9079    -2.0093     0.2212
    -1.4381    -2.0446    -2.1520    -0.1455
    -1.2601    -2.1085    -2.2501    -0.4370
    -0.9933    -2.1996    -2.3749    -0.7189
    -0.8421    -2.2908    -2.4462    -1.0008
    -0.5486    -2.3728    -2.5353    -1.3108
    -0.3529    -2.4184    -2.5977    -1.6208
    -0.0595    -2.4001    -2.6423    -1.8180
     0.1805    -2.4001    -2.6156    -2.0339
     0.5095    -2.3455    -2.6066    -2.2780
     0.7228    -2.2726    -2.5353    -2.5127
     1.0694    -2.1996    -2.4194    -2.6347
     1.3182    -2.1632    -2.3392    -2.8411
     1.6292    -2.0538    -2.2144    -2.9725
     1.8691    -1.9079    -2.1431    -3.0757
     2.0112    -1.8623    -2.0272    -3.2070
     2.2066    -1.7437    -1.8221    -3.2914
     2.2777    -1.5521    -1.6437    -3.3477
     2.4020    -1.3788    -1.4029    -3.3008
     2.4198    -1.1597    -1.1442    -3.3383
     2.4997    -0.9315    -0.9212    -3.2727
     2.4908    -0.7214    -0.6446    -3.2164
     2.5708    -0.5753    -0.4037    -3.1695
     2.5264    -0.3468    -0.1092    -3.0006
     2.5353    -0.0178     0.1943    -2.8786
     2.4642     0.2840     0.5246    -2.7003
     2.4287     0.4944     0.8372    -2.4939
     2.2777     0.7140     1.1765    -2.2123
     2.1800     0.9703     1.4891    -1.9776
     2.0112     1.3091     1.8197    -1.7241
     1.9490     1.5473     2.1414    -1.4235
     1.7713     1.7672     2.4005    -1.0948
     1.6559     2.0514     2.6776    -0.8129
     1.4337     2.2806     2.9279    -0.5309
     1.2560     2.4641     3.0799    -0.2114
     1.0694     2.5650     3.2318     0.1365
     0.9272     2.7669     3.3928     0.5127
     0.6606     2.8586     3.5001     0.8796
     0.4295     2.9504     3.5895     1.2465
     0.2072     3.0147     3.5806     1.6418
    -0.0862     3.0422     3.5269     2.0278
    -0.2729     3.1157     3.5359     2.3951
    -0.5930     3.0789     3.4643     2.8378
          3          3          3          3
