    4   2048 0.020000  2016   1  22  11   0
         16         10         11         42
    -0.2621    -0.0693    -0.0688    -0.1754
    -0.1999     0.0404    -0.0242    -0.1754
    -0.1554     0.0770    -0.0867    -0.1378
    -0.1643     0.1410    -0.0956    -0.1378
    -0.1110     0.0953    -0.1045    -0.1848
    -0.0754     0.1868    -0.1491    -0.1378
    -0.0754     0.1868    -0.1848    -0.0908
    -0.0665     0.1685    -0.1938    -0.1096
     0.0135     0.1959    -0.1759    -0.1284
     0.0757     0.2599    -0.1938    -0.0438
     0.1380     0.2782    -0.2205    -0.0720
     0.1735     0.2965    -0.2161     0.0127
     0.2358     0.2508    -0.2116     0.0127
     0.2624     0.2965    -0.2116     0.0597
     0.3425     0.2691    -0.2027     0.1067
     0.3602     0.2599    -0.1938     0.1161
     0.3780     0.2508    -0.2027     0.1443
     0.3513     0.2691    -0.1670     0.1443
     0.3869     0.2508    -0.1581     0.2007
     0.3247     0.3057    -0.1224     0.2101
     0.3425     0.2599    -0.1045     0.2571
     0.2891     0.2691    -0.1045     0.2007
     0.2536     0.2416    -0.1045     0.3042
     0.2402     0.1593    -0.0153     0.2854
     0.2269     0.1502    -0.0420     0.3136
     0.2269     0.1502     0.0383     0.2854
     0.1647     0.1319     0.0293     0.2759
     0.1291     0.1227     0.0561     0.3136
     0.0669     0.0587     0.0740     0.2665
     0.0580     0.0039     0.1275     0.2948
     0.0135    -0.0327     0.1811     0.2948
     0.0491    -0.0236     0.1722     0.2759
     0.0224    -0.0784     0.1811     0.2101
    -0.0309    -0.1424     0.2436     0.2007
    -0.0043    -0.0967     0.2703     0.1819
    -0.0398    -0.1881     0.2614     0.1255
     0.0135    -0.1607     0.3060     0.1161
     0.0224    -0.2247     0.2882     0.1349
     0.0580    -0.2338     0.3060     0.0691
     0.0491    -0.2430     0.3239     0.0315
     0.0935    -0.2338     0.3417    -0.0438
     0.1113    -0.2338     0.3417    -0.0438
     0.1024    -0.2430     0.2882    -0.0908
     0.0757    -0.2247     0.2971    -0.1284
     0.1113    -0.1698     0.3328    -0.1096
     0.1558    -0.1607     0.2882    -0.1190
     0.0935    -0.1790     0.3150    -0.1472
     0.1380    -0.1241     0.2703    -0.1378
     0.1735    -0.0876     0.2346    -0.1754
     0.1291    -0.1150     0.2971    -0.1942
     0.1380    -0.0327     0.2525    -0.2130
     0.0935    -0.0418     0.2614    -0.1754
     0.0935    -0.0327     0.1811    -0.1660
     0.0891     0.0039     0.1722    -0.2036
     0.0846     0.0496     0.1543    -0.1566
     0.1024     0.0222     0.1097    -0.2130
     0.1113     0.0862     0.0918    -0.1190
     0.1113     0.1045     0.0650    -0.1754
     0.0669     0.1776     0.0204    -0.0814
     0.0846     0.1868     0.0026    -0.1190
     0.0757     0.1319    -0.0153    -0.1284
     0.1113     0.1319    -0.0331    -0.0250
     0.0846     0.1685    -0.0867    -0.0061
     0.0580     0.1776    -0.1224     0.0785
     0.0935     0.1776    -0.1313     0.0597
     0.0935     0.1868    -0.1313     0.1537
     0.1113     0.1502    -0.1224     0.1443
     0.1113     0.1685    -0.1491     0.2101
     0.1069     0.1959    -0.1938     0.2101
     0.1024     0.1776    -0.1670     0.2477
     0.1469     0.1593    -0.2027     0.2477
     0.1291     0.0953    -0.1938     0.2665
     0.1202     0.1227    -0.1848     0.2477
     0.1113     0.0679    -0.2027     0.2665
     0.0757     0.0770    -0.2295     0.2759
     0.0580     0.0222    -0.2116     0.2195
    -0.0132    -0.0236    -0.1670     0.3136
     0.0046    -0.0327    -0.1670     0.2665
    -0.0754    -0.0693    -0.1402     0.3042
    -0.1021    -0.1058    -0.1313     0.2477
    -0.0932    -0.0967    -0.1134     0.2336
    -0.1465    -0.1516    -0.1134     0.2195
    -0.1288    -0.1058    -0.0777     0.2101
    -0.1376    -0.1150    -0.0420     0.1725
    -0.1643    -0.1150    -0.0599     0.1913
    -0.1821    -0.1287     0.0026     0.1631
    -0.1110    -0.1424     0.0383     0.1161
    -0.1376    -0.1881     0.0740     0.0785
    -0.0754    -0.1790     0.1007    -0.0061
    -0.0043    -0.1241     0.0918    -0.0250
     0.0669    -0.1607     0.1454    -0.0814
     0.1735    -0.1424     0.1543    -0.0532
     0.2358    -0.0784     0.1811    -0.1190
     0.3425    -0.0967     0.2257    -0.1566
     0.4313    -0.0784     0.2436    -0.1472
     0.4580     0.0222     0.2525    -0.1190
     0.5647     0.0039     0.2971    -0.1472
     0.5825     0.0313     0.3060    -0.1848
     0.6002     0.0953     0.2971    -0.1848
     0.6269     0.1045     0.2926    -0.1284
     0.5736     0.1136     0.2882    -0.1472
     0.5825     0.1136     0.2971    -0.1566
     0.4402     0.1868     0.3685    -0.1378
     0.3780     0.1776     0.3328    -0.1190
     0.1469     0.2234     0.3685    -0.1002
    -0.0221     0.2599     0.3239    -0.0532
    -0.1910     0.2234     0.3596    -0.0438
    -0.3511     0.2508     0.3060     0.0315
    -0.4844     0.2325     0.3150     0.0315
    -0.6356     0.2691     0.2793     0.0691
    -0.7779     0.2691     0.2614     0.0973
    -0.8580     0.2691     0.2793     0.1161
    -0.8936     0.2508     0.2614     0.1913
    -0.8669     0.2599     0.1900     0.2007
    -0.8758     0.1959     0.1989     0.2571
    -0.7690     0.1776     0.1364     0.2289
    -0.6178     0.1685     0.1275     0.2759
    -0.3777     0.1776     0.0918     0.2854
    -0.1732     0.1136     0.0561     0.2665
     0.0846     0.0587    -0.0242     0.2759
     0.4580    -0.0053    -0.0420     0.2665
     0.6802    -0.0236    -0.0510     0.3136
     0.9824     0.0130    -0.0867     0.2948
     1.4978    -0.0418    -0.1313     0.3136
     2.0753    -0.0876    -0.1848     0.2854
     2.1286    -0.1333    -0.1759     0.2571
     2.0753    -0.1333    -0.2205     0.2289
     1.6666    -0.1516    -0.2651     0.2195
     1.0446    -0.1516    -0.2295     0.2289
     0.5291    -0.1790    -0.2384     0.1443
     0.0757    -0.1881    -0.2473     0.1819
    -0.3333    -0.2338    -0.2830     0.1255
    -0.7157    -0.1881    -0.3098     0.0597
    -1.0181    -0.1973    -0.3142    -0.0155
    -1.1960    -0.2064    -0.3187    -0.0061
    -1.2850    -0.1881    -0.2651    -0.0344
    -1.4273    -0.2430    -0.2919    -0.0626
    -1.4362    -0.1881    -0.2473    -0.0908
    -1.3917    -0.1424    -0.2027    -0.1378
    -1.2405    -0.1241    -0.2205    -0.1566
    -1.0892    -0.1607    -0.1759    -0.1754
    -0.7957    -0.0876    -0.1670    -0.1942
    -0.5289    -0.0784    -0.1134    -0.1848
    -0.1554     0.0039    -0.1134    -0.1942
     0.2447     0.0039    -0.0599    -0.1848
     0.6269     0.0404    -0.0777    -0.1754
     1.0357     0.0587    -0.0331    -0.2130
     1.4712     0.0770     0.0115    -0.1660
     1.7821     0.1136     0.0561    -0.1660
     1.9509     0.1227     0.0918    -0.1378
     1.9865     0.1502     0.1632    -0.1284
     1.8621     0.1959     0.1722    -0.1143
     1.6933     0.1502     0.2079    -0.1002
     1.3823     0.1959     0.2168    -0.0626
     0.9913     0.2051     0.1632     0.0127
     0.6180     0.2051     0.2168     0.0127
     0.2447     0.1959     0.2257     0.0973
    -0.0843     0.2051     0.2525     0.0973
    -0.3244     0.1959     0.2703     0.1349
    -0.5734     0.2416     0.2436     0.1349
    -0.8313     0.1776     0.2614     0.1913
    -0.9558     0.1593     0.2882     0.2195
    -1.0715     0.1502     0.2882     0.2477
    -1.1782     0.0862     0.2346     0.2759
    -1.1604     0.0862     0.2079     0.2289
    -1.1070     0.0953     0.2257     0.2477
    -1.0092     0.0953     0.1900     0.2759
    -0.8224     0.0496     0.1275     0.2948
    -0.6623    -0.0510     0.1543     0.2948
    -0.3955    -0.0144     0.0650     0.2665
    -0.0665    -0.0784     0.0561     0.2618
     0.3158    -0.0967     0.0383     0.2571
     0.6714    -0.0967    -0.0063     0.1443
     1.0446    -0.1790    -0.0331     0.1913
     1.4978    -0.1424    -0.0510     0.1537
     1.9421    -0.2064    -0.1134     0.1349
     2.1730    -0.1607    -0.1224     0.0973
     2.2263    -0.1607    -0.1848     0.0597
     2.1730    -0.2247    -0.1670     0.0127
     1.7733    -0.2156    -0.2116    -0.0344
     1.2135    -0.1424    -0.2741    -0.0344
     0.7069    -0.1698    -0.2562    -0.1002
     0.1647    -0.0967    -0.2919    -0.1002
    -0.2266    -0.1150    -0.2830    -0.1942
    -0.5912    -0.0418    -0.3098    -0.1566
    -0.9736    -0.0144    -0.3098    -0.2130
    -1.2761     0.0313    -0.3544    -0.1942
    -1.3561     0.0770    -0.3633    -0.2412
    -1.4184     0.0404    -0.3633    -0.2224
    -1.4807     0.1227    -0.3544    -0.2694
    -1.4451     0.1685    -0.3455    -0.2600
    -1.3739     0.1959    -0.3276    -0.2224
    -1.1693     0.1685    -0.3187    -0.2130
    -1.0003     0.2234    -0.2473    -0.2412
    -0.6801     0.2051    -0.2384    -0.2318
    -0.4311     0.2234    -0.2205    -0.2224
    -0.0843     0.2234    -0.1759    -0.1942
     0.2713     0.2782    -0.2295    -0.1660
     0.7602     0.2508    -0.1224    -0.2036
     1.1246     0.2599    -0.1179    -0.1190
     1.5156     0.2508    -0.1134    -0.1002
     1.8710     0.2599    -0.1045    -0.0250
     2.0575     0.2508    -0.0510    -0.0344
     2.1019     0.1776     0.0026     0.0503
     1.9421     0.1868     0.0472     0.1067
     1.7288     0.2142     0.0561     0.1255
     1.4179     0.1776     0.0740     0.1443
     1.1424     0.1410     0.1275     0.1631
     0.7069     0.0679     0.1007     0.1631
     0.3780     0.0313     0.1543     0.1819
     0.0046     0.0313     0.1454     0.2477
    -0.3422    -0.0053     0.1632     0.2195
    -0.5823    -0.0510     0.1364     0.2571
    -0.6890    -0.0876     0.1543     0.2195
    -0.8402    -0.1333     0.1632     0.2195
    -1.0359    -0.2247     0.1811     0.2477
    -1.1515    -0.2521     0.1454     0.2101
    -1.1337    -0.2064     0.1722     0.1913
    -1.1426    -0.2704     0.1097     0.2007
    -1.1515    -0.2338     0.1097     0.1819
    -1.1426    -0.2293     0.0829     0.1349
    -0.9647    -0.2247     0.0383     0.1255
    -0.7868    -0.2338     0.0204     0.0409
    -0.5289    -0.2521     0.0115     0.0409
    -0.2266    -0.2156    -0.0063    -0.0532
     0.0491    -0.1790    -0.0242    -0.0908
     0.3602    -0.1607    -0.0510    -0.1096
     0.6891    -0.1241    -0.0777    -0.1284
     0.9913    -0.0967    -0.1134    -0.1378
     1.2935    -0.0510    -0.1491    -0.1848
     1.5511     0.0039    -0.1848    -0.1566
     1.7377     0.0222    -0.2027    -0.1707
     1.7510     0.0679    -0.2384    -0.1848
     1.7644     0.0587    -0.2562    -0.2318
     1.5956     0.0770    -0.2651    -0.2318
     1.4090     0.1593    -0.2473    -0.2506
     1.1246     0.1685    -0.2384    -0.2224
     0.7247     0.1685    -0.2651    -0.2412
     0.3513     0.1776    -0.2919    -0.2224
    -0.0576     0.2234    -0.3008    -0.2036
    -0.3511     0.2234    -0.3008    -0.1942
    -0.6090     0.2051    -0.2830    -0.1566
    -0.8224     0.2051    -0.2384    -0.1378
    -1.0181     0.2051    -0.2205    -0.0908
    -1.1871     0.2234    -0.1848    -0.0344
    -1.3917     0.2234    -0.2205    -0.0155
    -1.5163     0.1959    -0.2027     0.0315
    -1.4896     0.1685    -0.1670     0.0597
    -1.4006     0.1410    -0.1224     0.0879
    -1.2583     0.0679    -0.0777     0.1349
    -1.0359     0.0039    -0.1134     0.1631
    -0.8046     0.0222    -0.0063     0.1819
    -0.5556    -0.0327    -0.0242     0.1631
    -0.1554    -0.0693     0.0293     0.2289
     0.2180    -0.1150     0.0115     0.1819
     0.6358    -0.1516     0.0472     0.2195
     1.0357    -0.1790     0.0918     0.2101
     1.4001    -0.2430     0.1097     0.2101
     1.7644    -0.2704     0.1454     0.1725
     2.0487    -0.2795     0.1989     0.1631
     2.0664    -0.3344     0.2168     0.1255
     1.9954    -0.3527     0.1989     0.1349
     1.7377    -0.3344     0.2614     0.0785
     1.4534    -0.3252     0.2614     0.0409
     1.1157    -0.3435     0.2882     0.0409
     0.6536    -0.2978     0.2882     0.0033
     0.2536    -0.3070     0.2436    -0.0250
    -0.1999    -0.2338     0.2525    -0.1284
    -0.4667    -0.2613     0.2525    -0.1378
    -0.6712    -0.2247     0.2346    -0.1754
    -1.0003    -0.1150     0.2346    -0.1848
    -1.2672    -0.0693     0.2168    -0.1942
    -1.4540    -0.0418     0.2079    -0.2036
    -1.5252     0.0130     0.1900    -0.2506
    -1.5252     0.0496     0.1632    -0.2224
    -1.4718     0.0862     0.1811    -0.2694
    -1.3116     0.1136     0.1632    -0.2318
    -1.1693     0.1045     0.1275    -0.2271
    -0.9469     0.1410     0.1007    -0.2224
    -0.6534     0.1776     0.0561    -0.2412
    -0.2443     0.1685    -0.0153    -0.2130
     0.1558     0.1868    -0.0063    -0.2224
     0.5558     0.1959    -0.0510    -0.2506
     0.9380     0.1868    -0.0599    -0.1848
     1.2313     0.1410    -0.0956    -0.1566
     1.5156     0.1227    -0.1313    -0.1096
     1.7733     0.1045    -0.1134    -0.1190
     1.7821     0.0679    -0.1313    -0.0438
     1.7910     0.0313    -0.1313    -0.0814
     1.6400     0.0130    -0.1313     0.0315
     1.4889    -0.0418    -0.1759     0.0409
     1.2046    -0.0601    -0.1491     0.0691
     0.7158    -0.1150    -0.1848     0.0785
     0.4047    -0.2247    -0.1938     0.0691
    -0.0221    -0.1973    -0.1670     0.0973
    -0.2621    -0.3070    -0.1848     0.0879
    -0.4311    -0.2613    -0.1224     0.0879
    -0.6801    -0.3527    -0.1090     0.1161
    -0.8936    -0.3709    -0.0956     0.0879
    -1.0715    -0.4532    -0.0510     0.0221
    -1.1426    -0.4075    -0.0599     0.0409
    -1.1871    -0.4349    -0.0242     0.0691
    -1.1782    -0.4349     0.0383     0.0315
    -1.1604    -0.4715     0.0383    -0.0250
    -1.0804    -0.4897     0.0918    -0.0438
    -0.9380    -0.4349     0.0829    -0.1002
    -0.7868    -0.4440     0.1275    -0.1472
    -0.5823    -0.4258     0.1722    -0.1660
    -0.2977    -0.3984     0.1543    -0.2130
     0.0046    -0.3161     0.2079    -0.2224
     0.3691    -0.2978     0.1900    -0.2506
     0.6714    -0.2521     0.1722    -0.2882
     1.0357    -0.2156     0.2168    -0.2506
     1.3112    -0.1607     0.2257    -0.3258
     1.5689    -0.1607     0.2436    -0.3164
     1.7910    -0.0693     0.2793    -0.3352
     1.7910    -0.0236     0.2614    -0.3352
     1.7910    -0.0236     0.2436    -0.3446
     1.7111     0.0313     0.2257    -0.3352
     1.4090     0.0130     0.2525    -0.3258
     1.0357     0.0587     0.2703    -0.2788
     0.5914     0.0862     0.2436    -0.3070
     0.0935     0.1502     0.2302    -0.2788
    -0.3155     0.1136     0.2168    -0.3164
    -0.6801     0.1227     0.1543    -0.2412
    -0.9380     0.1045     0.1186    -0.2224
    -1.1782     0.1227     0.0561    -0.1566
    -1.3383     0.0953     0.0561    -0.1754
    -1.4896     0.0587     0.0293    -0.1190
    -1.5252     0.0313    -0.0153    -0.1378
    -1.4985     0.0222    -0.0331    -0.0438
    -1.4629    -0.0967    -0.0242     0.0033
    -1.2672    -0.0510    -0.0867     0.0127
    -1.0003    -0.1058    -0.0956     0.0315
    -0.7424    -0.1698    -0.1313     0.0456
    -0.3866    -0.2064    -0.1759     0.0597
     0.0046    -0.2521    -0.1759     0.0409
     0.3691    -0.2795    -0.2651     0.0597
     0.7958    -0.3161    -0.2651     0.0127
     1.2135    -0.3618    -0.2741     0.0503
     1.5689    -0.3801    -0.3098    -0.0155
     1.8532    -0.3801    -0.3098     0.0033
     1.9154    -0.3892    -0.3187    -0.0626
     1.8976    -0.4166    -0.2830    -0.1190
     1.7200    -0.4440    -0.3008    -0.1284
     1.4712    -0.4166    -0.2741    -0.1848
     1.0980    -0.3252    -0.3008    -0.1754
     0.7425    -0.3618    -0.2473    -0.1754
     0.3069    -0.3252    -0.2830    -0.2130
    -0.1643    -0.2247    -0.2295    -0.2130
    -0.5378    -0.1790    -0.2295    -0.2882
    -0.6890    -0.1881    -0.2205    -0.3258
    -0.9202    -0.0876    -0.1670    -0.3070
    -1.0892    -0.0327    -0.1402    -0.2600
    -1.2672     0.0222    -0.1402    -0.2976
    -1.3650     0.0404    -0.0956    -0.3164
    -1.4629     0.0679    -0.1134    -0.3164
    -1.4362     0.1136    -0.0777    -0.2600
    -1.3561     0.1227    -0.0420    -0.2788
    -1.1693     0.1593    -0.0242    -0.2318
    -1.0003     0.1868     0.0115    -0.2224
    -0.8135     0.1868     0.0383    -0.1942
    -0.4578     0.2234     0.0383    -0.1660
    -0.1376     0.2416     0.0740    -0.1002
     0.2002     0.1868     0.0650    -0.0250
     0.5558     0.1776     0.0650     0.0033
     0.8580     0.1685     0.0472     0.0503
     1.1513     0.1868    -0.0063     0.0785
     1.5067     0.1227    -0.0063     0.1161
     1.7466     0.0953    -0.0420     0.1161
     1.8887     0.0313    -0.0510     0.1631
     1.8976    -0.0144    -0.0331     0.2195
     1.7466    -0.0144    -0.1045     0.2289
     1.4356    -0.1333    -0.0956     0.2195
     1.0891    -0.1241    -0.1402     0.2101
     0.7336    -0.1881    -0.1402     0.2101
     0.2624    -0.2064    -0.1670     0.2195
    -0.2621    -0.2247    -0.2473     0.2289
    -0.6090    -0.2795    -0.2295     0.2195
    -0.8135    -0.3161    -0.2741     0.2195
    -1.0359    -0.3435    -0.3098     0.2054
    -1.2316    -0.3161    -0.3276     0.1913
    -1.4006    -0.3435    -0.3544     0.1255
    -1.5696    -0.3344    -0.3990     0.1255
    -1.5874    -0.3161    -0.3633     0.0409
    -1.5519    -0.2704    -0.3901     0.0597
    -1.4540    -0.2795    -0.3811    -0.0626
    -1.2939    -0.1973    -0.3722    -0.0344
    -1.1337    -0.1241    -0.4168    -0.1096
    -0.7957    -0.0601    -0.3990    -0.1002
    -0.3688    -0.0144    -0.3811    -0.1754
     0.0046     0.0404    -0.3455    -0.1566
     0.4936     0.0313    -0.3187    -0.2036
     0.9113     0.0770    -0.3098    -0.2036
     1.3468     0.1868    -0.3008    -0.1848
     1.6489     0.1593    -0.2473    -0.1660
     1.8976     0.2416    -0.2651    -0.1754
     1.9509     0.2599    -0.2027    -0.2036
     1.8443     0.2508    -0.1848    -0.1284
     1.6311     0.2599    -0.1313    -0.0438
     1.3201     0.2874    -0.0867    -0.0250
     1.0091     0.3423    -0.0510     0.0691
     0.6002     0.3331    -0.0063     0.0409
     0.2091     0.3240     0.0918     0.0691
    -0.1643     0.3148     0.1454     0.1537
    -0.4578     0.2782     0.1632     0.1819
    -0.6445     0.2325     0.1989     0.1913
    -0.8580     0.1959     0.1989     0.2101
    -1.0359     0.1227     0.1989     0.2195
    -1.2138     0.0862     0.2346     0.2477
    -1.4006     0.0862     0.2614     0.2101
    -1.5252     0.0679     0.2614     0.2571
    -1.5163    -0.0236     0.2168     0.2571
    -1.5252    -0.0693     0.1900     0.2289
    -1.4095    -0.0693     0.1900     0.2195
    -1.2672    -0.1058     0.1900     0.2665
    -0.9914    -0.2156     0.2168     0.2195
    -0.7335    -0.1516     0.1811     0.1725
    -0.3599    -0.1973     0.1722     0.1913
    -0.0043    -0.2795     0.1543     0.1631
     0.3869    -0.2521     0.1186     0.1067
     0.8047    -0.2064     0.0918     0.0973
     1.0980    -0.2064     0.0115     0.0221
     1.4445    -0.2064     0.0561    -0.0155
     1.6489    -0.1881     0.0204    -0.0720
     1.7999    -0.1790    -0.0420    -0.1190
     1.7910    -0.0967    -0.0510    -0.1754
     1.6666    -0.0144    -0.1045    -0.1754
     1.4267     0.0222    -0.1313    -0.2412
     1.1246     0.0587    -0.1313    -0.2130
     0.7069     0.0725    -0.1848    -0.2224
     0.3602     0.0862    -0.1848    -0.2600
    -0.0665     0.1227    -0.1938    -0.2788
    -0.4578     0.0953    -0.2027    -0.2412
    -0.6801     0.1410    -0.2651    -0.2882
    -0.9025     0.1502    -0.2295    -0.2224
    -1.1337     0.1593    -0.2562    -0.2224
    -1.4273     0.2051    -0.2116    -0.1848
    -1.5874     0.1593    -0.2027    -0.2130
    -1.5963     0.1410    -0.2205    -0.1284
    -1.5785     0.1045    -0.1670    -0.0626
    -1.5874     0.1685    -0.2027     0.0127
    -1.4273     0.1502    -0.1045     0.0315
    -1.1871     0.1136    -0.0420     0.0409
    -0.9113     0.0404    -0.0420     0.0785
    -0.5734    -0.0053    -0.0242     0.0973
    -0.1465    -0.0327     0.0383     0.1161
     0.3158    -0.0327     0.0561     0.1537
     0.6180    -0.1333     0.1275     0.1537
     1.0269    -0.1424     0.1543     0.2007
     1.3468    -0.1607     0.1632     0.1443
     1.5867    -0.2156     0.2079     0.1537
     1.7111    -0.2338     0.2436     0.1067
     1.7200    -0.2613     0.2614     0.1349
     1.5778    -0.2978     0.2436     0.0597
     1.4179    -0.3070     0.2703     0.0785
     1.1691    -0.3161     0.2703    -0.0438
     0.8491    -0.3344     0.2703    -0.0155
     0.5291    -0.3344     0.2614    -0.1190
     0.1913    -0.3252     0.2748    -0.1190
    -0.1732    -0.2704     0.2882    -0.1660
    -0.4044    -0.3070     0.2346    -0.2130
    -0.6267    -0.3070     0.2168    -0.3070
    -0.8669    -0.2521     0.2079    -0.3070
    -1.0715    -0.2156     0.1811    -0.3164
    -1.2405    -0.1698     0.1811    -0.3634
    -1.3917    -0.1333     0.1811    -0.3352
    -1.5341    -0.0144     0.1275    -0.3916
    -1.4807    -0.0510     0.0472    -0.4010
    -1.5163     0.0404     0.0383    -0.3728
    -1.3828     0.0404     0.0115    -0.4104
    -1.2494     0.0679    -0.0331    -0.3634
    -0.9914     0.0770    -0.0510    -0.3728
    -0.6267     0.0496    -0.1402    -0.3540
    -0.2710     0.0222    -0.1224    -0.3728
     0.1469     0.0130    -0.1670    -0.2788
     0.5825     0.0496    -0.1938    -0.2412
     0.9735    -0.0327    -0.2205    -0.2224
     1.3468    -0.0693    -0.2562    -0.2036
     1.6578    -0.1150    -0.2651    -0.1942
     1.8976    -0.0876    -0.2651    -0.1190
     1.9421    -0.1881    -0.2830    -0.0532
     1.8088    -0.1607    -0.2919    -0.0438
     1.5423    -0.2156    -0.2741     0.0221
     1.2046    -0.2613    -0.2651     0.0409
     0.8491    -0.2978    -0.2384     0.1067
     0.4225    -0.3618    -0.2562     0.0879
     0.0402    -0.3892    -0.1938     0.1443
    -0.2977    -0.4258    -0.1491     0.0879
    -0.5467    -0.4440    -0.1581     0.1349
    -0.7779    -0.4623    -0.0956     0.0691
    -1.0181    -0.3801    -0.0956     0.0879
    -1.1960    -0.3709    -0.0242     0.0315
    -1.3828    -0.3801    -0.0153     0.0315
    -1.4273    -0.4075    -0.0063     0.0127
    -1.4317    -0.3161    -0.0242    -0.0438
    -1.4362    -0.3161     0.0472    -0.0720
    -1.2939    -0.2795     0.1097    -0.1378
    -1.1248    -0.2887     0.0918    -0.1848
    -0.9202    -0.2704     0.1007    -0.2130
    -0.6890    -0.1698     0.1364    -0.2318
    -0.2532    -0.1058     0.1454    -0.2506
     0.1824    -0.0510     0.1364    -0.2506
     0.5114    -0.0693     0.1722    -0.2882
     0.9202     0.0222     0.1007    -0.2506
     1.2935     0.0130     0.0918    -0.2694
     1.6222     0.0130     0.1275    -0.2412
     1.8621     0.0313     0.0561    -0.2694
     2.0309     0.0313     0.0293    -0.2788
     2.0575     0.0587     0.0115    -0.2882
     1.9065     0.0770    -0.0153    -0.1566
     1.6489     0.0496    -0.0510    -0.1754
     1.2579     0.0130    -0.0242    -0.1190
     0.8758     0.0039    -0.0956    -0.0438
     0.4847     0.0313    -0.1224     0.0221
    -0.0132     0.0130    -0.1134     0.0409
    -0.3422    -0.0327    -0.1670     0.1161
    -0.5467    -0.0784    -0.1938     0.1537
    -0.7779    -0.0876    -0.2384     0.1537
    -1.0537    -0.1698    -0.2830     0.1913
    -1.1960    -0.1973    -0.2562     0.2007
    -1.3828    -0.2064    -0.2741     0.1537
    -1.4362    -0.1790    -0.3276     0.2101
    -1.4273    -0.1973    -0.3187     0.2571
    -1.3650    -0.2064    -0.3633     0.2477
    -1.1782    -0.1973    -0.3455     0.2195
    -0.9914    -0.1698    -0.3098     0.2195
    -0.7157    -0.2156    -0.2741     0.2477
    -0.3777    -0.1881    -0.2830     0.1537
     0.0580    -0.1790    -0.2473     0.1443
     0.4491    -0.1516    -0.2473     0.1349
     0.7780    -0.0601    -0.2295     0.1161
     1.2313    -0.0510    -0.2027     0.0691
     1.6133    -0.0144    -0.1938     0.0879
     1.8621     0.0039    -0.1402     0.0503
     2.0664     0.0496    -0.1313    -0.0061
     2.1019     0.0587    -0.0956    -0.0720
     2.0487     0.1227    -0.0688    -0.0532
     1.8621     0.1868    -0.0063    -0.1002
     1.4978     0.2005    -0.0242    -0.1190
     1.1246     0.2142     0.0383    -0.1284
     0.7247     0.2325     0.0829    -0.0908
     0.2980     0.2782     0.0695    -0.0908
    -0.1110     0.2737     0.0561    -0.1002
    -0.3866     0.2691     0.1186    -0.0908
    -0.5912     0.2691     0.1097    -0.0250
    -0.8936     0.2691     0.1097     0.0033
    -1.0981     0.2508     0.1543     0.0597
    -1.3027     0.2142     0.1097     0.0691
    -1.3739     0.1776     0.1275     0.1067
    -1.4006     0.1593     0.1275     0.1067
    -1.3917     0.1319     0.0383     0.1819
    -1.2494     0.1502     0.0650     0.2195
    -1.0626     0.0587     0.0472     0.2101
    -0.8491     0.0633     0.0115     0.1725
    -0.5912     0.0679    -0.0331     0.1913
    -0.2532     0.0404    -0.0331     0.2383
     0.1469     0.0222    -0.0510     0.2289
     0.5469    -0.0053    -0.1224     0.2195
     0.9024    -0.0601    -0.1045     0.1913
     1.2935    -0.0784    -0.1581     0.2195
     1.6400    -0.0784    -0.1848     0.1819
     1.8887    -0.1058    -0.2027     0.1913
     2.0398    -0.0693    -0.2027     0.1255
     1.9865    -0.0876    -0.2562     0.1161
     1.9065    -0.0418    -0.2205     0.0503
     1.5689    -0.0236    -0.2830     0.0785
     1.2313     0.0039    -0.2384     0.0315
     0.8936     0.0039    -0.2295    -0.0250
     0.5558     0.0953    -0.2473    -0.0438
     0.1558     0.0862    -0.2116    -0.0626
    -0.1732     0.1227    -0.2027    -0.1190
    -0.4044     0.1136    -0.1848    -0.0908
    -0.6445     0.1319    -0.1759    -0.0955
    -0.8936     0.1502    -0.1045    -0.1002
    -1.1782     0.1548    -0.0956    -0.1190
    -1.2761     0.1593    -0.0063    -0.1002
    -1.3739     0.1959     0.0293    -0.1566
    -1.4451     0.2234     0.0293    -0.1472
    -1.4362     0.2142     0.0561    -0.0908
    -1.4006     0.2051     0.1007    -0.1096
    -1.1960     0.1776     0.1543    -0.0438
    -0.9736     0.2142     0.1543    -0.0626
    -0.7424     0.0953     0.2525    -0.0155
    -0.4311     0.1410     0.1989     0.0315
    -0.0487     0.1319     0.2882     0.0691
     0.3247     0.0953     0.2793     0.0597
     0.7602     0.0679     0.3060     0.1067
     1.1957    -0.0144     0.2882     0.1161
     1.5778    -0.0510     0.3150     0.1631
     1.8710    -0.1058     0.3239     0.1349
     1.9598    -0.1607     0.2971     0.1443
     1.9509    -0.1607     0.2703     0.1537
     1.7466    -0.1516     0.2793     0.1349
     1.4623    -0.2338     0.2703     0.1255
     1.1246    -0.2613     0.2346     0.1161
     0.7336    -0.2521     0.2168     0.1349
     0.3425    -0.2704     0.1722     0.1255
    -0.1199    -0.2064     0.1186     0.0785
    -0.4133    -0.2156     0.1097     0.0879
    -0.6178    -0.1973     0.0829     0.0127
    -0.8580    -0.1927     0.0740     0.0127
    -1.1337    -0.1881     0.0293    -0.0532
    -1.3205    -0.1424     0.0293    -0.0438
    -1.4985    -0.1607    -0.0510    -0.1284
    -1.5341    -0.1333    -0.0242    -0.0908
    -1.5519    -0.0967    -0.0420    -0.1754
    -1.5074    -0.0601    -0.0777    -0.1472
    -1.3650    -0.0144    -0.0777    -0.1942
    -1.1782     0.0222    -0.1134    -0.1566
    -0.8669     0.1136    -0.0956    -0.2036
    -0.6090     0.1136    -0.0777    -0.1566
    -0.2355     0.0770    -0.1224    -0.1566
     0.1647     0.1319    -0.0599    -0.1566
     0.5558     0.0953    -0.0510    -0.1942
     0.9024     0.1136    -0.0242    -0.1566
     1.2313     0.1136    -0.0420    -0.1660
     1.5867     0.1227     0.0026    -0.1660
     1.7644     0.1136     0.0115    -0.0908
     1.7644     0.1502     0.0650    -0.1002
     1.7111     0.0862     0.0829    -0.0626
     1.4889     0.0679     0.1186    -0.0814
     1.2401     0.0496     0.1543     0.0315
     0.8669    -0.0053     0.1097     0.0221
     0.5825    -0.0327     0.1722     0.0879
     0.2624    -0.1241     0.1900     0.0597
    -0.1110    -0.1287     0.1989     0.0785
    -0.2977    -0.1333     0.1811     0.1161
    -0.5289    -0.2064     0.1722     0.1255
    -0.8224    -0.2247     0.1097     0.0879
    -1.0626    -0.2430     0.1186     0.1255
    -1.2494    -0.2613     0.0740     0.0691
    -1.3739    -0.3161     0.1007     0.0879
    -1.4629    -0.3207     0.0829     0.0221
    -1.5074    -0.3252     0.0561     0.0127
    -1.4184    -0.3435    -0.0242    -0.0532
    -1.2939    -0.3435    -0.0331    -0.0155
    -1.1515    -0.2613    -0.0510    -0.0626
    -0.8580    -0.2338    -0.1491    -0.1378
    -0.5111    -0.2521    -0.1224    -0.1002
    -0.1465    -0.1973    -0.1759    -0.1660
     0.2802    -0.1790    -0.2205    -0.1566
     0.6980    -0.0601    -0.2295    -0.2412
     1.1602     0.0039    -0.2295    -0.2036
     1.5334     0.0496    -0.2741    -0.2130
     1.8088     0.1045    -0.3544    -0.1754
     2.0042     0.1410    -0.3633    -0.1801
     2.0042     0.1502    -0.4079    -0.1848
     1.8532     0.1868    -0.3901    -0.2130
     1.6133     0.1868    -0.3811    -0.1566
     1.2757     0.1502    -0.3811    -0.1942
     0.9469     0.1868    -0.3722    -0.1472
     0.5736     0.1959    -0.3544    -0.1566
     0.1824     0.1593    -0.3187    -0.1096
    -0.1465     0.1868    -0.2651    -0.1002
    -0.3777     0.1685    -0.2830    -0.0344
    -0.5912     0.1502    -0.2116    -0.0155
    -0.8936     0.1776    -0.1848     0.0597
    -1.1159     0.1045    -0.1581     0.0409
    -1.2761     0.1136    -0.1224     0.1349
    -1.3917     0.0496    -0.0956     0.0785
    -1.4362    -0.0053    -0.0867     0.2007
    -1.3917    -0.0418    -0.0510     0.1725
    -1.3027    -0.1333    -0.0420     0.2383
    -1.0981    -0.1881     0.0115     0.2007
    -0.8491    -0.2430     0.0293     0.2665
    -0.5289    -0.2156     0.0829     0.2477
    -0.1732    -0.2338     0.0472     0.2665
     0.3158    -0.3344     0.1186     0.2665
     0.7069    -0.3161     0.1097     0.2477
     1.1602    -0.3892     0.1454     0.2571
     1.5511    -0.4532     0.1275     0.1913
     1.8532    -0.4349     0.1097     0.2007
     2.0042    -0.3984     0.1275     0.1443
     1.9909    -0.3984     0.1007     0.1725
     1.9776    -0.4349     0.1007     0.0973
     1.7910    -0.4349     0.1007     0.0785
     1.5245    -0.3801     0.0293     0.0409
     1.2313    -0.3527     0.0561     0.0315
     0.8758    -0.2430     0.0115    -0.0438
     0.5291    -0.1790     0.0115    -0.0626
     0.1469    -0.0327    -0.0153    -0.0814
    -0.1376     0.1227    -0.0420    -0.0720
    -0.3155     0.1959    -0.0242    -0.1002
    -0.5912     0.3331    -0.0777    -0.1378
    -0.8580     0.4704    -0.0867    -0.1566
    -1.0626     0.6259    -0.0867    -0.1660
    -1.2138     0.8914    -0.0867    -0.1378
    -1.3828     1.0012    -0.1224    -0.1378
    -1.3383     1.0836    -0.0510    -0.1002
    -1.2850     1.5233    -0.0510    -0.1002
    -1.2316     1.7707     0.0026    -0.0250
    -1.0715     1.7616     0.0383    -0.0155
    -0.7779     1.5600     0.0383     0.0315
    -0.4933     0.8914     0.0918     0.0785
    -0.0932     0.3697     0.1186     0.1819
     0.3425    -0.1607     0.1811     0.2477
     0.7513    -0.6542     0.1811     0.3042
     1.2135    -1.1474     0.2525     0.3418
     1.6222    -1.4486     0.2525     0.3230
     1.9776    -1.6584     0.2971     0.3700
     2.1197    -1.7405     0.3150     0.3794
     2.0931    -1.8318     0.3328     0.3794
     2.0309    -1.8591     0.3150     0.3982
     1.8354    -1.6949     0.3328     0.4123
     1.5778    -1.4942     0.3328     0.4264
     1.1691    -1.1291     0.3774     0.5017
     0.7869    -0.8004     0.3328     0.4923
     0.2891    -0.4989     0.3596     0.5205
    -0.1288    -0.0693     0.3507     0.5111
    -0.4133     0.5802     0.3150     0.4640
    -0.6356     1.2027     0.3328     0.4264
    -0.9025     1.6791     0.3507     0.4640
    -1.1426     1.7249     0.3596     0.2948
    -1.2850     1.9174     0.3328     0.0503
    -1.3917     2.0916     0.3150    -0.1472
    -1.4718     2.0366     0.2614    -0.2882
    -1.4451     2.0091     0.2257    -0.5514
    -1.3561     1.9632     0.1543    -0.6641
    -1.1960     1.8257     0.1454    -0.8897
    -0.9736     1.4592     0.1097    -0.8991
    -0.6623     1.0287     0.0650    -1.0118
    -0.2443     0.5253    -0.0153    -1.0494
     0.1202     0.0770     0.0115    -1.0024
     0.5380    -0.2521    -0.1045    -0.9273
     0.9024    -0.4806    -0.1313    -0.8145
     1.3023    -0.6359    -0.0867    -0.6454
     1.5778    -0.8826    -0.0956    -0.3258
     1.7288    -1.0926    -0.1491    -0.0532
     1.8621    -1.2660    -0.1402     0.4358
     1.8354    -1.3664    -0.1134     0.5863
     1.7200    -1.3299    -0.1491     1.2637
     1.5067    -1.3117    -0.0956     1.9509
     1.2668    -1.2934    -0.0599     2.4688
     0.9558    -1.1656    -0.0956     2.6760
     0.5558    -1.0743    -0.0153     2.5536
     0.1913    -0.8278     0.0026     1.9132
    -0.1288    -0.5720     0.0293     1.1884
    -0.3599    -0.2064     0.0650     0.6239
    -0.6356     0.2508     0.0650     0.0315
    -0.8669     0.6076     0.1186    -0.2976
    -1.1337     1.0287     0.1007    -0.6829
    -1.2672     1.5325     0.1632    -1.0306
    -1.4184     1.7982     0.1722    -1.2561
    -1.4629     1.9724     0.1722    -1.3782
    -1.4540     2.0641     0.1811    -1.4909
    -1.4451     2.0641     0.1900    -1.4815
    -1.2494     1.9724     0.1632    -1.4721
    -1.0003     1.7249     0.1543    -1.3970
    -0.7157     1.3584     0.1186    -1.2185
    -0.4133     0.9371     0.1454    -1.0870
     0.0402     0.5436     0.0918    -0.8145
     0.4580     0.1502     0.1097    -0.5796
     0.8847    -0.3161     0.0650    -0.3164
     1.3112    -0.5537     0.0204     0.0409
     1.6933    -0.8552     0.0115     0.3982
     1.9065    -1.0104    -0.0510     0.7274
     2.0220    -1.1565    -0.0777     1.0473
     1.9687    -1.3299    -0.0867     1.3296
     1.7821    -1.4029    -0.1313     1.4331
     1.4978    -1.4212    -0.1759     1.4425
     1.1424    -1.3938    -0.2205     1.4520
     0.7869    -1.3756    -0.2027     1.3484
     0.3958    -1.1474    -0.2295     1.1508
    -0.0132    -0.9282    -0.2295     1.0002
    -0.3066    -0.6268    -0.2384     0.8215
    -0.5289    -0.3709    -0.2295     0.7086
    -0.8402    -0.0601    -0.2027     0.5487
    -1.0626     0.2599    -0.1759     0.3042
    -1.2672     0.5253    -0.1045    -0.0155
    -1.4540     0.7998    -0.1402    -0.2882
    -1.4629     1.0653    -0.0510    -0.4950
    -1.4673     1.2576    -0.0688    -0.6829
    -1.4718     1.4867    -0.0153    -0.7957
    -1.3650     1.6333     0.0115    -0.9367
    -1.0804     1.6149     0.1097    -1.0306
    -0.8313     1.5233     0.1275    -1.0306
    -0.4933     1.3492     0.1811    -1.0212
    -0.1376     1.1203     0.2168    -0.9273
     0.2980     0.8181     0.2525    -0.8803
     0.6891     0.4887     0.2793    -0.7111
     1.0002     0.1136     0.3150    -0.5232
     1.3290    -0.1333     0.3150    -0.2694
     1.5511    -0.3618     0.3507     0.0033
     1.7111    -0.5994     0.3150     0.3136
     1.7288    -0.7912     0.3150     0.5957
     1.6755    -0.9739     0.3150     0.8779
     1.5334    -1.0561     0.3060     1.1979
     1.3468    -1.1108     0.2793     1.5272
     1.0446    -1.2386     0.2525     1.8191
     0.7336    -1.2752     0.2436     1.9320
     0.3958    -1.1474     0.1722     1.9885
    -0.0487    -1.0104     0.2079     1.8661
    -0.2888    -0.8643     0.1543     1.6496
    -0.5823    -0.6816     0.1186     1.4143
    -0.8402    -0.4440     0.0293     1.0379
    -1.1426    -0.2430     0.0204     0.7180
    -1.2939     0.1593    -0.0331     0.3230
    -1.4184     0.5253    -0.0688     0.0127
    -1.4807     0.9188    -0.0867    -0.3352
    -1.5252     1.4134    -0.1134    -0.4950
    -1.4718     1.8716    -0.1313    -0.7393
    -1.2850     2.0091    -0.1313    -0.8427
    -1.0804     2.0733    -0.1759    -0.9273
    -0.7157     2.1191    -0.1402    -1.0494
    -0.4044     2.0916    -0.1581    -1.0776
    -0.0221     2.0366    -0.1045    -1.1246
     0.4136     1.6699    -0.0688    -1.0118
     0.7513     1.0928     0.0115    -0.8897
     1.1068     0.5161     0.0383    -0.7675
     1.4001    -0.1698     0.0650    -0.4010
     1.6489    -0.7181     0.1186    -0.1002
     1.8354    -0.9556     0.1364     0.2665
     1.8266    -1.1930     0.1632     0.6898
     1.8177    -1.4486     0.1811     1.1038
     1.6933    -1.6493     0.2436     1.4990
     1.4623    -1.5946     0.2703     1.9415
     1.0802    -1.5763     0.2703     2.3087
     0.7336    -1.5489     0.2882     2.5724
     0.2624    -1.3573     0.3060     2.5724
    -0.1021    -1.0104     0.3507     2.4500
    -0.3955    -0.5171     0.2703     2.0827
    -0.6712    -0.1241     0.3150     1.6873
    -0.9647     0.3148     0.3150     1.1320
    -1.2227     0.8181     0.3150     0.6428
    -1.3828     1.3676     0.2793     0.1255
    -1.4807     1.8074     0.2346    -0.2412
    -1.4540     2.0274     0.1811    -0.6266
    -1.4006     2.0366     0.1454    -0.9554
    -1.2850     2.0458     0.1275    -1.0682
    -1.1426     2.0916     0.0115    -1.2185
    -0.8046     1.9449     0.0293    -1.3782
    -0.4844     1.7616    -0.0063    -1.4909
    -0.0843     1.3492    -0.0331    -1.4815
     0.3425     0.8456    -0.1045    -1.4909
     0.7158     0.3972    -0.1402    -1.3782
     1.1068    -0.0967    -0.1313    -1.1997
     1.4001    -0.3709    -0.1938    -0.9367
     1.6311    -0.6268    -0.1670    -0.5984
     1.7555    -0.9008    -0.2384    -0.1848
     1.9065    -1.1200    -0.2027     0.1913
     1.8621    -1.3847    -0.2027     0.6333
     1.7644    -1.4759    -0.2027     1.0473
     1.5423    -1.4486    -0.1491     1.5084
     1.3468    -1.3482    -0.0777     1.7814
     0.9647    -1.2660    -0.0867     2.0733
     0.6536    -1.1291    -0.0153     2.1204
     0.2269    -0.8643     0.0383     1.9980
    -0.0043    -0.5811     0.0918     1.7249
    -0.3066    -0.2156     0.0829     1.3861
    -0.6445     0.2142     0.1811     1.0285
    -0.9380     0.7083     0.2257     0.6428
    -1.1070     1.1844     0.2257     0.2854
    -1.3383     1.8441     0.2971    -0.0155
    -1.4006     2.1099     0.3328    -0.3446
    -1.4273     2.4401     0.3685    -0.6078
    -1.3739     2.4493     0.3328    -0.8145
    -1.2494     2.2383     0.3373    -0.8991
    -1.0804     1.5966     0.3417    -1.0494
    -0.7513     0.9646     0.3417    -1.0964
    -0.3955     0.4338     0.3864    -1.1152
    -0.0576    -0.1241     0.3953    -1.1527
     0.4225    -0.4897     0.3596    -1.0212
     0.8225    -0.8460     0.3328    -0.9085
     1.2313    -1.1747     0.3239    -0.6829
     1.5778    -1.5216     0.2793    -0.4574
     1.8177    -1.6402     0.2257    -0.2036
     1.9421    -1.8500     0.1811     0.0315
     1.9287    -1.8318     0.0918     0.3136
     1.9154    -1.8135     0.1454     0.6051
     1.7644    -1.7314     0.1007     0.7839
     1.4534    -1.5033     0.0740     1.0473
     1.0891    -1.2295     0.0115     1.1884
     0.7425    -0.9008    -0.0242     1.2543
     0.3247    -0.5080    -0.0510     1.3861
    -0.0754    -0.0967    -0.0331     1.3861
    -0.3688     0.3606    -0.0599     1.3484
    -0.6090     0.8547    -0.0420     1.1226
    -0.8758     1.4225    -0.0420     0.8873
    -1.0804     2.2108    -0.0153     0.6333
    -1.3383     2.4860     0.0026     0.3230
    -1.4362     2.4952     0.0650     0.0221
    -1.4718     2.4677     0.1007    -0.1754
    -1.4540     2.3667     0.1275    -0.3352
    -1.3472     2.0458     0.1632    -0.5044
    -1.1159     1.6516     0.1900    -0.6547
    -0.8758     1.1844     0.2346    -0.8427
    -0.6267     0.7357     0.2436    -0.8709
    -0.1821     0.2508     0.3328    -0.9179
     0.2180    -0.2887     0.3507    -0.8051
     0.5914    -0.7638     0.3685    -0.7393
     0.9380    -1.0834     0.3507    -0.5890
     1.2490    -1.3025     0.3953    -0.4292
     1.5778    -1.5124     0.3774    -0.1660
     1.7111    -1.6128     0.3239     0.1067
     1.8443    -1.7770     0.3774     0.4358
     1.8887    -1.8044     0.2882     0.8685
     1.8443    -1.7497     0.3060     1.3578
     1.6133    -1.5124     0.3239     1.8756
     1.4001    -1.2113     0.2614     2.6855
     1.0891    -0.9373     0.2257     2.7137
     0.7158    -0.5994     0.1543     2.6949
     0.3336    -0.1790     0.1454     2.0827
    -0.0487     0.3331     0.0829     1.4896
    -0.3155     0.7174     0.0561     0.8121
    -0.5734     1.0653     0.0293     0.2854
    -0.8936     1.4592    -0.0420    -0.2694
    -1.1248     1.8991    -0.0688    -0.5890
    -1.3294     2.1191    -0.0733    -0.9179
    -1.3472     2.3209    -0.0777    -1.2843
    -1.4273     2.3301    -0.1402    -1.3782
    -1.3828     2.2200    -0.1491    -1.5379
    -1.1871     2.0458    -0.1759    -1.5285
    -1.0003     1.6608    -0.1581    -1.3876
    -0.7779     1.3859    -0.2027    -1.2843
    -0.3244     0.9188    -0.1759    -1.2091
     0.0580     0.5253    -0.1670    -1.1058
     0.4580     0.0313    -0.0777    -0.8615
     0.8491    -0.3344    -0.0510    -0.5044
     1.2313    -0.5446    -0.0331    -0.0720
     1.5423    -0.7638    -0.0063     0.4264
     1.7999    -0.8643     0.0204     0.9250
     2.0042    -1.0195     0.0740     1.3861
     2.0753    -1.1017     0.0918     1.7626
     2.0398    -1.3208     0.1007     2.2051
     1.9154    -1.3299     0.1722     2.5253
     1.6578    -1.3664     0.1632     2.5253
     1.3290    -1.1930     0.1989     2.3370
     0.9113    -1.0469     0.1722     2.1109
     0.5202    -0.9647     0.2257     1.8191
     0.1113    -0.7912     0.2168     1.4425
    -0.1465    -0.6268     0.1989     1.0379
    -0.4311    -0.4258     0.1722     0.6616
    -0.6356    -0.0601     0.1989     0.2477
    -0.8580     0.2508     0.1186    -0.1754
    -1.0626     0.6351     0.1454    -0.4856
    -1.1960     0.9646     0.1097    -0.6923
    -1.2583     1.3584     0.0472    -0.9273
    -1.2494     1.7341    -0.0063    -1.2091
    -1.0892     2.0916     0.0115    -1.3500
    -0.9647     2.3851    -0.0510    -1.4064
    -0.6890     2.4493    -0.0420    -1.4627
    -0.3599     2.3025    -0.1045    -1.4721
    -0.0576     2.0824    -0.1581    -1.3312
     0.4136     1.6516    -0.1313    -1.1527
     0.7780     1.1477    -0.1491    -0.8803
     1.0624     0.5710    -0.1759    -0.6641
     1.3823     0.0496    -0.1759    -0.3352
     1.6666    -0.4258    -0.1848    -0.0250
     1.8799    -0.8278    -0.1491     0.2948
     1.9687    -1.1291    -0.1491     0.6710
     2.0398    -1.2660    -0.0867     1.0661
     2.0220    -1.3391    -0.0777     1.4425
     1.8354    -1.5581    -0.0242     1.6214
     1.5245    -1.6858     0.0204     1.8756
     1.1779    -1.6493     0.0383     1.8850
     0.7602    -1.5946     0.0740     1.9415
     0.3780    -1.4029     0.1454     1.8002
    -0.0576    -1.1747     0.1097     1.6496
    -0.2177    -0.8369     0.2168     1.4143
    -0.4933    -0.5080     0.2614     1.1696
    -0.7868    -0.1150     0.2703     0.8685
    -1.0804     0.2874     0.2703     0.4923
    -1.2761     0.7083     0.2971     0.1819
    -1.3472     1.1660     0.3596    -0.1472
    -1.3739     1.6516     0.3150    -0.3634
    -1.3650     1.9632     0.3150    -0.5420
    -1.2761     2.1833     0.3150    -0.7581
    -1.1337     2.3301     0.3507    -0.8709
    -0.8224     2.3209     0.3060    -0.8991
    -0.4933     2.1466     0.2614    -0.9648
    -0.1199     1.9174     0.2436    -0.9742
     0.2802     1.5050     0.2168    -0.9742
     0.6891     1.0653     0.1900    -0.9461
     0.9824     0.6808     0.1722    -0.8991
     1.3023     0.2142     0.1543    -0.7393
     1.6133    -0.2338     0.1186    -0.5232
     1.7644    -0.6359     0.0918    -0.2600
     1.8799    -0.8369     0.0963     0.0033
     1.8887    -1.0743     0.1007     0.2759
     1.7644    -1.2021     0.0561     0.6239
     1.4801    -1.2752     0.0740     0.9156
     1.1779    -1.3847     0.0561     1.2261
     0.7602    -1.3573     0.0740     1.4425
     0.3513    -1.3299     0.0829     1.5555
    -0.0576    -1.1382     0.0740     1.7249
    -0.3333    -0.8460     0.1097     1.6873
    -0.5556    -0.5720     0.0829     1.6590
    -0.8758    -0.2430     0.1811     1.4614
    -1.1337     0.1227     0.2168     1.3202
    -1.3116     0.4978     0.2079     0.9908
    -1.4718     0.7998     0.2257     0.6616
    -1.4985     1.1386     0.2703     0.3230
    -1.5519     1.4958     0.2614     0.0409
    -1.5163     1.8349     0.2703    -0.2318
    -1.3116     1.9999     0.3328    -0.4762
    -1.1159     2.1191     0.3417    -0.5890
    -0.8402     2.1099     0.3507    -0.7769
    -0.4844     1.9449     0.3864    -0.9085
    -0.1288     1.7707     0.3239    -1.0682
     0.3602     1.4683     0.3596    -1.0682
     0.6802     1.0653     0.3417    -1.0212
     1.0802     0.5802     0.3507    -0.9179
     1.3468     0.1959     0.3328    -0.8051
     1.5778    -0.2978     0.2614    -0.6360
     1.7288    -0.6359     0.2614    -0.3258
     1.7377    -0.9465     0.2079    -0.1002
     1.7377    -1.1839     0.1900     0.2477
     1.5778    -1.3938     0.1632     0.5769
     1.3290    -1.4075     0.1454     0.8968
     1.0357    -1.4212     0.1275     1.2449
     0.7069    -1.5124     0.0740     1.5084
     0.2980    -1.4759     0.0204     1.7626
    -0.0221    -1.2569     0.0293     1.8473
    -0.2621    -1.0378    -0.0153     1.9132
    -0.5111    -0.7273    -0.0242     1.7438
    -0.7779    -0.2247    -0.0242     1.6120
    -1.0804     0.3057    -0.0599     1.3578
    -1.2138     0.8639    -0.0420     0.9156
    -1.3205     1.4775    -0.0331     0.5487
    -1.4184     1.9999    -0.0510     0.1631
    -1.4006     2.4677    -0.0242    -0.2130
    -1.3116     2.8623     0.0293    -0.4480
    -1.1604     3.1101     0.0026    -0.6923
    -0.9025     3.1101     0.0740    -0.8803
    -0.5734     2.3576     0.1097    -1.0588
    -0.1465     1.6883     0.0829    -1.1152
     0.2713     1.0104     0.1543    -1.1340
     0.7158     0.4521     0.1811    -1.0588
     1.1424    -0.1333     0.1722    -0.8991
     1.4179    -0.6177     0.2436    -0.7299
     1.7111    -1.1108     0.2614    -0.4762
     1.8799    -1.4303     0.2436    -0.2788
     2.0575    -1.6493     0.2703     0.0315
     2.1197    -1.8409     0.3150     0.3794
     2.0753    -1.8865     0.3060     0.7556
     1.9065    -1.7223     0.2882     1.1508
     1.5867    -1.6219     0.2882     1.4237
     1.1779    -1.3664     0.2614     1.8191
     0.7602    -1.0834     0.2525     2.0544
     0.2536    -0.8369     0.1900     2.2145
    -0.1199    -0.4349     0.1811     2.1957
    -0.3599    -0.0876     0.1543     1.8944
    -0.5645     0.5527     0.1543     1.5555
    -0.7779     1.1386     0.1007     1.1790
    -0.9825     1.7066     0.0561     0.6333
    -1.1604     2.3117     0.0472     0.2007
    -1.1960     2.8347     0.0115    -0.1190
    -1.1604     2.9173    -0.0153    -0.4292
    -1.0626     2.7062    -0.0242    -0.7299
    -0.8936     2.4493    -0.0510    -0.8427
    -0.7157     2.0916    -0.0510    -0.9554
    -0.3866     1.7066    -0.0777    -1.0588
    -0.0754     1.1935    -0.0420    -1.0964
     0.3336     0.8090    -0.0420    -1.1621
     0.6802     0.4155    -0.0331    -1.0494
     0.9913    -0.0418    -0.0242    -0.9648
     1.3557    -0.3801    -0.0063    -0.7675
     1.6311    -0.7181     0.0293    -0.5232
     1.8621    -1.0287     0.0561    -0.2506
     2.0042    -1.2660     0.0829     0.0033
     2.0131    -1.4851     0.1186     0.5581
     2.0220    -1.6219     0.1275     0.9344
     1.9509    -1.5672     0.1454     1.3578
     1.6933    -1.4942     0.1989     1.7626
     1.3468    -1.3482     0.2168     2.0262
     0.9113    -1.2752     0.2793     2.2239
     0.4936    -1.1747     0.2971     2.1957
     0.0935    -0.8917     0.2793     1.9509
    -0.1910    -0.5263     0.2525     1.6496
    -0.4756    -0.1424     0.2525     1.3014
    -0.7335     0.4155     0.2614     0.8779
    -1.0092     0.9371     0.2436     0.4452
    -1.1693     1.4134     0.1900     0.0691
    -1.2494     1.8807     0.1722    -0.2130
    -1.2672     2.3576     0.1454    -0.4668
    -1.2049     2.9449     0.0740    -0.6360
    -1.0626     2.9908     0.0561    -0.8803
    -0.8402     2.9265    -0.0063    -1.0588
    -0.6178     2.5686    -0.0777    -1.1527
    -0.2977     2.1008    -0.1134    -1.2373
     0.0580     1.6333    -0.1581    -1.1903
     0.5114     1.0378    -0.1581    -1.1246
     0.8402     0.4887    -0.2562    -0.9836
     1.1691    -0.0144    -0.2473    -0.7957
     1.4534    -0.5354    -0.2562    -0.5420
     1.7821    -0.9465    -0.2741    -0.2600
     1.8710    -1.2843    -0.2384     0.0597
     2.0309    -1.5033    -0.2295     0.4358
     2.0398    -1.7314    -0.2205     0.8403
     1.9598    -1.7497    -0.1759     1.3108
     1.7200    -1.7405    -0.1402     1.6308
     1.3468    -1.7223    -0.0599     1.9697
     0.9558    -1.5581    -0.0242     2.2334
     0.5025    -1.2843     0.0561     2.2805
    -0.0398    -1.0195     0.0561     2.1486
    -0.3688    -0.6359     0.1632     1.8379
    -0.5378    -0.3435     0.2257     1.4896
    -0.7424    -0.0327     0.2793     1.1320
    -1.0003     0.4338     0.3417     0.6710
    -1.1960     0.8822     0.3685     0.3512
    -1.3294     1.3859     0.3774    -0.1190
    -1.3828     1.7066     0.3864    -0.5420
    -1.3383     2.1099     0.3685    -0.8521
    -1.2227     2.2842     0.4132    -1.0964
    -1.0537     2.4585     0.3953    -1.2561
    -0.8313     2.3851     0.3507    -1.4346
    -0.4844     2.1191     0.2614    -1.4721
    -0.1199     1.8807     0.2079    -1.5003
     0.2713     1.6058     0.1543    -1.5097
     0.6180     1.1752     0.0829    -1.3594
     0.9024     0.7540     0.0026    -1.1715
     1.2313     0.3148    -0.0688    -0.9367
     1.4978    -0.0967    -0.1402    -0.7017
     1.7022    -0.4075    -0.2384    -0.2976
     1.8354    -0.6907    -0.2562     0.0691
     1.8443    -0.9191    -0.3633     0.3982
     1.9065    -1.2386    -0.3187     0.8873
     1.7022    -1.4394    -0.3722     1.2543
     1.4356    -1.6219    -0.3544     1.5272
     1.0357    -1.7405    -0.3098     1.7626
     0.6269    -1.6949    -0.2741     1.8661
     0.1469    -1.6584    -0.2205     1.8661
    -0.1999    -1.5307    -0.1581     1.6873
    -0.5022    -1.3299    -0.0599     1.5367
    -0.7246    -1.0743     0.0115     1.3108
    -1.0181    -0.7729     0.1632     0.8968
    -1.2672    -0.2978     0.2703     0.5957
    -1.4540     0.2325     0.3596     0.2101
    -1.4451     0.6351     0.3953    -0.1378
    -1.4896     1.1203     0.4310    -0.4386
    -1.4362     1.5691     0.4489    -0.6454
    -1.3027     2.0458     0.5113    -0.7863
    -1.1248     2.4218     0.5828    -0.9554
    -0.9025     2.6328     0.6720    -1.0212
    -0.6267     2.5502     0.7345    -1.1621
    -0.2355     2.2383     0.7078    -1.1903
     0.1735     1.7799     0.7256    -1.1527
     0.5914     1.2943     0.7524    -1.1058
     0.8402     0.7449     0.7167    -1.0494
     1.1246     0.3240     0.7167    -0.9836
     1.3379    -0.1607     0.6631    -0.7487
     1.5511    -0.5720     0.5917    -0.4574
     1.6933    -0.9465     0.3953    -0.2036
     1.6755    -1.0926     0.2525     0.0597
     1.6578    -1.2752     0.0829     0.3324
     1.4712    -1.4759    -0.0867     0.6051
     1.1335    -1.6584    -0.2205     0.9156
     0.7780    -1.6767    -0.3722     1.1979
     0.3780    -1.5672    -0.4704     1.4425
    -0.0754    -1.5398    -0.5507     1.5743
    -0.4222    -1.3573    -0.6042     1.7061
    -0.6712    -1.0926    -0.5953     1.7061
    -0.9736    -0.7547    -0.5685     1.7061
    -1.1871    -0.4166    -0.5061     1.4896
    -1.3917     0.0039    -0.4704     1.2825
    -1.4540     0.4063    -0.3187     0.9720
    -1.4985     0.7907    -0.1759     0.5769
    -1.5430     1.2760    -0.0420     0.2101
    -1.4006     1.6241     0.1811    -0.1378
    -1.2494     2.0183     0.4132    -0.3916
    -1.0626     2.2292     0.6363    -0.6078
    -0.7513     2.3576     0.6988    -0.7957
    -0.3955     2.3209     0.7167    -0.9367
    -0.0043     2.1650     0.7970    -1.0212
     0.4225     1.7982     0.9042    -1.0870
     0.7158     1.4867     1.0024    -1.0588
     1.1157     1.0653     1.0738    -0.9179
     1.3379     0.6534     1.0738    -0.7863
     1.5156     0.1776     1.0649    -0.5044
     1.7377    -0.2704     1.0649    -0.2694
     1.7999    -0.5720     1.0828     0.0409
     1.7910    -0.9465     0.9756     0.2759
     1.6578    -1.2021     0.6720     0.6522
     1.4179    -1.3664     0.4399     0.8873
     1.0891    -1.5854     0.1722     1.1979
     0.7425    -1.6037    -0.0599     1.5272
     0.3513    -1.5581    -0.2741     1.7061
    -0.0576    -1.4851    -0.4793     1.9320
    -0.3422    -1.2569    -0.6667     1.8756
    -0.5823    -1.0287    -0.8183     1.8567
    -0.8580    -0.7364    -0.9343     1.6873
    -1.0804    -0.2247    -0.9789     1.4049
    -1.2494     0.3972    -0.9967     1.1226
    -1.3294     1.0378    -0.9432     0.7180
    -1.3561     1.6608    -0.8540     0.3982
    -1.2939     2.3943    -0.6934     0.0691
    -1.1693     2.9724    -0.4971    -0.1566
    -0.9202     3.0091    -0.3276    -0.4010
    -0.6623     2.8990    -0.0688    -0.5984
    -0.3244     2.6145     0.1989    -0.6735
     0.0313     2.0733     0.5381    -0.8521
     0.4491     1.5783     0.8327    -0.9273
     0.8225     0.9188     1.0113    -1.0682
     1.2313     0.4795     1.0560    -1.0682
     1.4978    -0.0144     1.1899    -1.0306
     1.7466    -0.4532     1.2524    -0.8521
     1.9065    -0.8460     1.2614    -0.6266
     2.0487    -1.1200     1.2792    -0.4198
     2.0309    -1.3482     1.3149    -0.1284
     2.0131    -1.5124     1.2078     0.1819
     1.8177    -1.5307     0.9845     0.5863
     1.4356    -1.5489     0.6185     0.9908
     1.0180    -1.4942     0.2525     1.3578
     0.6625    -1.4029    -0.0510     1.6873
     0.2358    -1.2204    -0.3187     1.9415
    -0.1554    -0.9647    -0.5774     2.1486
    -0.3777    -0.6816    -0.8094     2.0921
    -0.6178    -0.3161    -1.0324     1.9226
    -0.8580     0.0953    -1.1662     1.6590
    -1.0359     0.5985    -1.2643     1.3578
    -1.1426     1.2027    -1.3089     0.8873
    -1.1960     1.7707    -1.2554     0.4170
    -1.1693     2.3484    -1.1127    -0.0155
    -1.1248     2.7154    -0.9343    -0.3728
    -0.9825     2.7108    -0.7202    -0.6641
    -0.7779     2.7062    -0.4971    -0.9648
    -0.4400     2.4585    -0.0777    -1.1715
    -0.0576     1.9907     0.3060    -1.3218
     0.3158     1.5141     0.7078    -1.4627
     0.7158     0.9829     1.0917    -1.5191
     1.0624     0.4704     1.2792    -1.4721
     1.4090    -0.0967     1.3060    -1.3688
     1.6933    -0.6359     1.2971    -1.0776
     1.8887    -1.0743     1.3149    -0.8145
     2.0398    -1.4121     1.3060    -0.3540
     2.1108    -1.6767     1.2614     0.0221
     2.0842    -1.8409     1.0024     0.5581
     1.9332    -1.9959     0.6095     1.0379
     1.6222    -1.9138     0.2168     1.5178
     1.1957    -1.7405    -0.0777     1.9603
     0.7602    -1.5854    -0.3098     2.2616
     0.3069    -1.2113    -0.5328     2.3464
    -0.1732    -0.9099    -0.6756     2.3181
    -0.4044    -0.5263    -0.8094     2.0639
    -0.6356    -0.1058    -0.8540     1.8097
    -0.8224     0.2874    -0.8986     1.5084
    -1.0448     0.6534    -0.7826     1.1038
    -1.1248     1.2393    -0.6667     0.7556
    -1.2405     1.5691    -0.5685     0.3794
    -1.1782     1.9541    -0.4079    -0.0061
    -1.1515     2.3209    -0.3098    -0.3540
    -1.0448     2.4493    -0.1938    -0.7299
    -0.8936     2.3943    -0.0599    -0.9461
    -0.6356     2.2200     0.1007    -1.0964
    -0.2532     1.9907     0.2436    -1.3500
     0.0491     1.7707     0.2436    -1.5285
     0.3958     1.4408     0.2525    -1.6787
     0.7069     0.9280     0.1989    -1.6787
     1.0180     0.5070     0.1811    -1.5848
     1.3734     0.0679     0.1632    -1.3500
     1.6844    -0.3161     0.1007    -0.9648
     1.8976    -0.7090     0.0918    -0.5608
     2.0131    -0.9465     0.1097    -0.0720
     2.0220    -1.2660     0.2168     0.4358
     1.9509    -1.3847     0.3417     0.8309
     1.7910    -1.5581     0.3417     1.3014
     1.3645    -1.7223     0.4489     1.5649
     0.9291    -1.7405     0.5113     1.8850
     0.5025    -1.7132     0.5738     2.0544
    -0.0043    -1.5763     0.5292     2.0168
    -0.3599    -1.4486     0.5471     1.9132
    -0.5912    -1.3117     0.5471     1.6402
    -0.8580    -1.0013     0.4756     1.4049
    -1.1426    -0.6633     0.4132     1.0379
    -1.3116    -0.1790     0.2614     0.6522
    -1.4273     0.4246     0.1722     0.3136
    -1.4095     0.9738     0.0829    -0.0626
    -1.3561     1.5874    -0.0510    -0.4292
    -1.3027     2.0916    -0.1581    -0.6829
    -1.1070     2.6328    -0.2116    -0.8709
    -0.9113     2.9173    -0.2919    -1.0118
    -0.6801     2.8347    -0.3633    -1.2091
    -0.3777     2.6145    -0.4258    -1.3218
    -0.0132     2.2108    -0.3811    -1.3312
     0.3336     1.7432    -0.3276    -1.4158
     0.6180     1.1477    -0.3187    -1.3782
     0.9380     0.6076    -0.1670    -1.2749
     1.2401     0.1410    -0.0510    -1.1246
     1.5689    -0.3892     0.1454    -0.9461
     1.7644    -0.7912     0.2614    -0.6172
     1.8976    -1.1108     0.3596    -0.3258
     1.9421    -1.3482     0.4132    -0.0155
     1.7733    -1.5033     0.5471     0.3324
     1.4889    -1.6676     0.4846     0.6992
     1.0357    -1.8318     0.2525     1.0285
     0.6536    -1.8591     0.0293     1.2825
     0.2002    -1.8591    -0.1759     1.5555
    -0.2532    -1.7132    -0.3722     1.6120
    -0.5556    -1.4942    -0.5596     1.7155
    -0.7779    -1.1839    -0.5507     1.6590
    -1.0448    -0.7912    -0.5061     1.5743
    -1.4273    -0.4623    -0.4079     1.2073
    -1.3828    -0.0601    -0.1402     1.0943
    -1.4362     0.3789     0.0740     0.7274
    -1.4807     0.8456     0.4846     0.3512
    -1.4184     1.3584     1.2256     0.0127
    -1.3383     1.8074     1.6990    -0.2412
    -1.2316     2.1833     2.1993    -0.5608
    -0.9469     2.3943     2.3959    -0.7675
    -0.7157     2.3759     2.3423    -0.9742
    -0.3599     2.3576     2.0921    -1.1809
    -0.0309     2.0458     1.5025    -1.3406
     0.3513     1.6791     1.0113    -1.3876
     0.6802     1.3401     0.5113    -1.4017
     1.0269     0.8456     0.0293    -1.4158
     1.2846     0.3240    -0.4615    -1.2279
     1.5689    -0.1698    -0.8986    -1.0118
     1.8088    -0.6085    -1.2108    -0.6641
     1.9509    -0.9556    -1.3089    -0.3070
     1.9332    -1.2204    -1.4694     0.1067
     1.7644    -1.3756    -1.5943     0.5017
     1.4267    -1.5581    -1.5497     0.8779
     1.0269    -1.6402    -1.4338     1.2920
     0.6269    -1.6767    -1.2732     1.5743
     0.2002    -1.6676    -1.0324     1.9038
    -0.1643    -1.4759    -0.8005     2.1015
    -0.4489    -1.2386    -0.4704     2.0356
    -0.7246    -0.8826    -0.1134     1.9415
    -0.9825    -0.6085     0.2882     1.7720
    -1.1337    -0.1881     0.6810     1.4896
    -1.2583     0.3057     1.1810     1.2261
    -1.3650     0.7540     1.5829     0.8497
    -1.3561     1.2118     1.8509     0.4829
    -1.3116     1.7341     2.1100     0.1349
    -1.1515     2.1375     2.1725    -0.2036
    -0.9736     2.5411     2.0474    -0.3916
    -0.7424     2.7521     1.8419    -0.5702
    -0.4933     2.7062     1.6008    -0.8051
    -0.1288     2.4310     1.3596    -0.8897
     0.2624     1.9907     1.0292    -1.1058
     0.6536     1.5691     0.6631    -1.1340
     0.9558     1.1386     0.3417    -1.1715
     1.3468     0.5893     0.1364    -1.1715
     1.5867     0.0862    -0.0956    -1.0118
     1.8443    -0.3435    -0.2651    -0.8615
     2.0309    -0.7090    -0.4704    -0.6172
     2.0842    -1.0561    -0.6756    -0.2976
     1.9776    -1.3117    -0.8183    -0.0155
     1.6755    -1.5216    -0.9700     0.4264
     1.2757    -1.6037    -1.0324     0.8403
     0.8580    -1.6949    -1.0502     1.2637
     0.4225    -1.6949    -1.0235     1.4990
     0.0402    -1.5581    -0.9610     1.7532
    -0.3955    -1.4121    -0.8272     1.9509
    -0.5823    -1.1839    -0.7380     1.9603
    -0.7690    -0.8369    -0.5953     1.8567
    -1.0537    -0.3892    -0.4525     1.6402
    -1.1782     0.0953    -0.3098     1.4049
    -1.2583     0.6717    -0.1759     1.0849
    -1.3027     1.3034     0.0829     0.6428
    -1.3116     1.9174     0.3596     0.2665
    -1.2049     2.5502     0.6988    -0.0344
    -1.0626     3.0459     0.9042    -0.4104
    -0.8491     3.0734     1.0381    -0.5890
    -0.5200     2.9265     1.2614    -0.8239
    -0.2443     2.5686     1.2703    -0.9930
     0.1380     2.0366     1.2480    -1.1621
     0.5825     1.4683     1.2256    -1.2561
     0.9647     0.9188     1.1453    -1.3218
     1.3912     0.3789     1.0828    -1.3124
     1.6666    -0.1241     0.9310    -1.1715
     1.9598    -0.6268     0.7881    -0.9179
     2.0931    -1.0195     0.5917    -0.6360
     2.1464    -1.3482     0.4310    -0.3352
     2.1108    -1.6037     0.2525     0.0691
     1.8177    -1.6949     0.0115     0.3794
     1.3112    -1.6995    -0.2027     0.8497
     0.8136    -1.7040    -0.4525     1.2731
     0.3336    -1.6767    -0.5864     1.5743
    -0.1376    -1.5854    -0.7023     1.8756
    -0.5289    -1.4942    -0.8897     1.8850
    -0.7424    -1.2569    -1.0146     1.8944
    -0.8936    -0.9008    -1.1484     1.7720
    -1.0892    -0.5354    -1.1038     1.5555
    -1.2227    -0.0418    -1.0146     1.2355
    -1.3828     0.5527    -0.9432     0.8403
    -1.3650     1.1660    -0.7826     0.3888
    -1.3650     1.7707    -0.6577     0.0409
    -1.2583     2.4493    -0.5061    -0.3258
    -1.1337     2.9357    -0.3455    -0.5984
    -0.9647     2.9357    -0.1224    -0.8615
    -0.7157     2.7062     0.0383    -1.0212
    -0.3688     2.3209     0.2525    -1.1621
     0.0313     1.7891     0.4042    -1.3124
     0.4580     1.3034     0.5738    -1.4158
     0.8402     0.8090     0.6542    -1.3970
     1.2668     0.4155     0.6988    -1.3218
     1.6222    -0.1516     0.7167    -1.1903
     1.9598    -0.5537     0.7435    -0.9554
     2.1108    -0.9099     0.6899    -0.6923
     2.1997    -1.1565     0.7167    -0.3728
     2.1819    -1.3664     0.6899     0.0409
     1.9065    -1.5033     0.5828     0.4640
     1.4534    -1.5216     0.5203     0.8403
     0.9824    -1.5581     0.4399     1.2637
     0.5114    -1.5489     0.3507     1.5367
     0.0224    -1.4668     0.1900     1.7908
    -0.4222    -1.3664     0.0829     1.8661
    -0.6445    -1.1747    -0.0599     1.9038
    -0.8313    -0.9556    -0.2205     1.7438
    -1.1070    -0.7181    -0.3633     1.5367
    -1.2583    -0.3252    -0.4525     1.2449
    -1.4362     0.0587    -0.5150     0.8403
    -1.4362     0.4704    -0.6131     0.3982
    -1.4451     1.0653    -0.6756     0.0315
    -1.3828     1.5874    -0.7380    -0.3164
    -1.3116     1.9357    -0.7559    -0.5984
    -1.1604     2.3301    -0.6310    -0.9273
    -0.9736     2.3438    -0.5507    -1.0024
    -0.6890     2.3576    -0.4971    -1.1621
    -0.3777     2.0733    -0.3990    -1.3594
    -0.0309     1.6883    -0.3098    -1.3594
     0.3691     1.2210    -0.2295    -1.4439
     0.7602     0.6259    -0.1848    -1.3970
     1.1602     0.1593     0.0383    -1.3312
     1.5511    -0.2064     0.1722    -1.1527
     1.8443    -0.7181     0.3060    -0.9461
     2.0842    -0.9921     0.4578    -0.6547
     2.0398    -1.1565     0.5738    -0.3258
     1.9154    -1.3664     0.6363     0.0691
     1.6400    -1.4303     0.7078     0.4829
     1.2579    -1.6128     0.7524     0.8779
     0.8491    -1.6311     0.7702     1.2825
     0.3691    -1.6493     0.7435     1.5178
    -0.0932    -1.4303     0.7078     1.7438
    -0.3777    -1.3208     0.7167     1.9038
    -0.6890    -1.1839     0.6274     1.9132
    -0.9202    -0.9373     0.5381     1.7908
    -1.1337    -0.6816     0.3953     1.5931
    -1.2850    -0.3070     0.2614     1.2637
    -1.4006     0.1227     0.1097     0.9344
    -1.4540     0.5436    -0.0420     0.5111
    -1.4718     1.0012    -0.2116     0.0973
    -1.4273     1.4225    -0.3008    -0.2412
    -1.3116     1.7341    -0.3633    -0.6923
    -1.1693     2.0183    -0.3990    -0.9461
    -0.9736     2.3025    -0.4079    -1.1527
    -0.7513     2.3484    -0.3722    -1.3594
    -0.2977     2.1375    -0.2562    -1.4815
     0.1024     1.9082    -0.1313    -1.5379
     0.5291     1.4225     0.0115    -1.6318
     0.9735     0.8639     0.2257    -1.6130
     1.4001     0.4063     0.2971    -1.5191
     1.7821    -0.0784     0.4221    -1.3218
     2.0309    -0.6085     0.4310    -0.9461
     2.1997    -1.0104     0.4399    -0.5984
     2.1730    -1.3299     0.4310    -0.1942
     2.0575    -1.4577     0.4221     0.2759
     1.7111    -1.6219     0.3596     0.7274
     1.2579    -1.7132     0.3150     1.1696
     0.8402    -1.8044     0.2257     1.5555
     0.4402    -1.7861     0.0740     1.7908
    -0.0132    -1.6493    -0.0331     2.0168
    -0.4133    -1.5124    -0.1938     2.0309
    -0.6001    -1.2021    -0.2651     2.0450
    -0.7601    -0.9282    -0.3901     1.8850
    -0.9647    -0.5902    -0.4615     1.5555
    -1.1248    -0.0876    -0.4971     1.3202
    -1.2494     0.3240    -0.4525     0.8968
    -1.2850     0.7083    -0.4704     0.5393
    -1.3027     1.2576    -0.4347     0.1631
    -1.2316     1.7157    -0.3008    -0.3164
    -1.0981     2.0824     0.0650    -0.6078
    -0.9647     2.5961     1.0560    -0.7863
    -0.7513     2.8439     1.5650    -1.0212
    -0.3599     2.7613     1.6365    -1.1715
    -0.0398     2.4952     1.6320    -1.2843
     0.3958     2.0916     1.6275    -1.3500
     0.8136     1.5600     1.3417    -1.4627
     1.2401     0.9463     1.0560    -1.4346
     1.6933     0.3697     0.7881    -1.3218
     2.0398    -0.1881     0.4667    -1.0964
     2.1552    -0.6999     0.1722    -0.7487
     2.1908    -1.1747    -0.1670    -0.4198
     2.1286    -1.4486    -0.4525    -0.0155
     1.8354    -1.7223    -0.8272     0.3982
     1.4090    -1.8774    -1.0413     0.7556
     1.0180    -1.8682    -1.2197     1.2167
     0.6447    -1.8591    -1.4070     1.5084
     0.2091    -1.6493    -1.5229     1.7908
    -0.1999    -1.5398    -1.5764     2.0544
    -0.5467    -1.2934    -1.3535     2.0450
    -0.7157    -1.0195    -1.2108     2.0356
    -0.9469    -0.7547    -1.1038     1.7720
    -1.1515    -0.2704    -0.7916     1.4802
    -1.3561     0.1045    -0.5061     1.1320
    -1.4718     0.6076    -0.2027     0.7933
    -1.5252     1.2393     0.2882     0.5205
    -1.5074     1.7249     0.7613     0.1725
    -1.4184     2.2383     1.3417    -0.1754
    -1.2939     2.5778     1.7169    -0.4856
    -1.1515     2.8347     2.1368    -0.6454
    -0.8224     2.8255     2.1725    -0.7957
    -0.5111     2.6420     2.0921    -1.0024
    -0.1288     2.2475     1.8419    -1.0964
     0.3869     1.7524     1.5114    -1.3218
     0.8136     1.1935     1.1006    -1.3500
     1.3201     0.7174     0.7792    -1.4064
     1.8532     0.1227     0.4042    -1.3124
     2.1197    -0.3618     0.0650    -1.0588
     2.1375    -0.7821    -0.2651    -0.8427
     2.0487    -1.1747    -0.6488    -0.5514
     1.8177    -1.4121    -0.9254    -0.1942
     1.4712    -1.6219    -1.1394     0.1819
     1.0357    -1.7040    -1.2019     0.5769
     0.6091    -1.7588    -1.3089     1.0191
     0.1824    -1.7132    -1.3089     1.3014
    -0.2977    -1.6402    -1.3089     1.5555
    -0.5823    -1.5763    -1.1305     1.7814
    -0.8402    -1.3299    -1.0413     1.8379
    -1.0448    -1.0561    -0.9343     1.7438
    -1.2672    -0.6999    -0.8540     1.5555
    -1.4273    -0.2613    -0.6667     1.3390
    -1.5519     0.1868    -0.4793     1.0473
    -1.5874     0.7174    -0.2830     0.7086
    -1.6052     1.1935    -0.0242     0.3982
    -1.5519     1.6424     0.2168    -0.0061
    -1.4451     2.1008     0.5024    -0.3164
    -1.2316     2.3943     0.8685    -0.5890
    -0.9558     2.5778     1.1096    -0.8427
    -0.6534     2.5411     1.2971    -1.0118
    -0.2355     2.2475     1.3685    -1.1621
     0.3069     1.9174     1.4400    -1.2749
     0.7425     1.3859     1.4846    -1.3876
     1.3201     0.9188     1.3060    -1.4439
     1.8532     0.3606     1.2078    -1.4439
     2.1552    -0.2064     1.0292    -1.2937
     2.1197    -0.6725     0.8506    -1.0588
     2.1286    -1.1200     0.6631    -0.7957
     2.0575    -1.3938     0.3864    -0.4010
     1.7111    -1.6128     0.1364    -0.0626
     1.3379    -1.6493    -0.1224     0.3418
     0.8758    -1.6949    -0.3901     0.7650
     0.4580    -1.6858    -0.6220     1.1414
    -0.0665    -1.6858    -0.8183     1.4614
    -0.4578    -1.6858    -1.0146     1.7061
    -0.7246    -1.5124    -1.1751     1.8473
    -0.9380    -1.3938    -1.3178     1.8285
    -1.0804    -1.0378    -1.4248     1.7720
    -1.3116    -0.6542    -1.3802     1.5084
    -1.4184    -0.1516    -1.2821     1.2073
    -1.5074     0.3972    -1.0770     0.8309
    -1.5252     0.8547    -0.8897     0.4358
    -1.5163     1.4500    -0.6667     0.0127
    -1.3828     1.9541    -0.3455    -0.3352
    -1.2672     2.4860    -0.1581    -0.7017
    -1.0537     2.9357     0.1007    -0.8991
    -0.7424     2.9357     0.3953    -1.0400
    -0.3066     2.7521     0.6542    -1.2561
     0.1291     2.2750     0.8774    -1.3782
     0.5825     1.6608     1.0203    -1.4815
     1.1157     1.0104     1.1810    -1.6506
     1.7555     0.5253     1.3328    -1.6412
     2.0931    -0.0510     1.4132    -1.5473
     2.1464    -0.5446     1.4221    -1.3500
     2.1286    -0.9647     1.2882    -1.0306
     2.1286    -1.2569     1.1274    -0.6172
     2.0575    -1.5216     0.9845    -0.1848
     1.5956    -1.6584     0.7702     0.3230
     1.1157    -1.7223     0.5471     0.8873
     0.6002    -1.7314     0.3150     1.3861
     0.1113    -1.7953     0.0115     1.8097
    -0.3599    -1.6584    -0.2830     2.1674
    -0.6090    -1.4577    -0.5150     2.3181
    -0.8669    -1.1656    -0.6756     2.3275
    -1.0270    -0.9465    -0.8094     2.1392
    -1.2138    -0.6085    -0.8986     1.8002
    -1.4451    -0.1881    -0.9343     1.4143
    -1.5696     0.2782    -0.8540     0.9156
    -1.5874     0.7815    -0.8362     0.4829
    -1.5963     1.3950    -0.7559     0.0785
    -1.6052     1.8899    -0.6756    -0.3258
    -1.4718     2.4493    -0.5328    -0.7017
    -1.2138     2.7705    -0.4347    -0.9554
    -0.9380     2.7338    -0.3098    -1.1246
    -0.5912     2.5411    -0.1759    -1.2843
    -0.1643     2.2108     0.0561    -1.4627
     0.2891     1.7157     0.1632    -1.5473
     0.7869     1.3218     0.3774    -1.5848
     1.3112     0.9097     0.5024    -1.5942
     1.9065     0.4155     0.5828    -1.5473
     2.1108    -0.1333     0.7167    -1.3406
     2.1641    -0.5902     0.8060    -1.0306
     2.1464    -1.0195     0.8774    -0.6078
     2.1019    -1.3664     0.9131    -0.1378
     1.9421    -1.6767     0.9577     0.3136
     1.4534    -1.8318     0.9935     0.8403
     1.0357    -1.8865     0.8774     1.3484
     0.5914    -1.8956     0.7970     1.7438
     0.1113    -1.9230     0.5738     2.1674
    -0.2532    -1.7770     0.3685     2.3935
    -0.6267    -1.5763     0.1543     2.4971
    -0.8847    -1.3573    -0.0867     2.4971
    -1.0448    -0.9282    -0.2027     2.4029
    -1.2405    -0.4440    -0.3455     2.0544
    -1.3828     0.1227    -0.3901     1.6214
    -1.5341     0.7632    -0.4793     1.1038
    -1.5607     1.4317    -0.4793     0.5957
    -1.5696     2.0916    -0.4525     0.1349
    -1.5607     2.7888    -0.3722    -0.3352
    -1.4273     3.0000    -0.2562    -0.8427
    -1.2405     2.9816    -0.0867    -1.1434
    -1.0003     2.9265     0.0918    -1.3594
    -0.6534     2.7246     0.3239    -1.5379
    -0.2888     2.1741     0.4221    -1.6881
     0.2180     1.6424     0.5917    -1.7069
     0.6802     1.1294     0.6006    -1.6787
     1.1779     0.5344     0.5962    -1.6224
     1.7200    -0.0876     0.5917    -1.3876
     2.0842    -0.5902     0.5113    -1.1152
     2.1197    -1.0013     0.3685    -0.6641
     2.0931    -1.2752     0.2168    -0.2506
     2.0575    -1.5763     0.0829     0.1631
     1.8354    -1.7497    -0.0331     0.6898
     1.4001    -1.8865    -0.1581     1.1508
     1.0091    -1.8500    -0.2830     1.5743
     0.5914    -1.8318    -0.4436     1.8944
     0.1202    -1.7314    -0.4793     2.1015
    -0.2532    -1.5946    -0.6220     2.1392
    -0.5645    -1.3573    -0.6399     2.0168
    -0.7335    -1.1200    -0.6756     1.8191
    -0.9647    -0.8278    -0.6756     1.5931
    -1.2049    -0.4349    -0.6131     1.2825
    -1.3828    -0.0418    -0.5239     0.9062
    -1.5074     0.5344    -0.3990     0.6145
    -1.5074     1.1019    -0.2384     0.1913
    -1.5163     1.6149    -0.1848    -0.1942
    -1.4451     2.2017    -0.0331    -0.4480
    -1.3205     2.6512     0.0740    -0.7205
    -1.1515     2.7888     0.2346    -0.8615
    -0.9025     2.8072     0.3864    -1.0212
    -0.6178     2.4585     0.7702    -1.2091
    -0.1465     2.1375     1.6811    -1.3406
     0.2447     1.7891     1.9581    -1.3876
     0.7691     1.3309     2.0385    -1.4158
     1.2668     0.8730     1.9045    -1.4346
     1.8088     0.3148     1.5204    -1.2937
     2.1019    -0.3344     1.1363    -1.1809
     2.1286    -0.8004     0.6363    -0.9273
     2.1108    -1.3117     0.2525    -0.6172
     2.0753    -1.6676    -0.2919    -0.2976
     1.8088    -1.9868    -0.6220     0.0315
     1.2846    -2.0962    -0.9610     0.4076
     0.9202    -2.0825    -1.3892     0.8403
     0.4580    -2.0689    -1.5764     1.2261
    -0.0221    -2.0233    -1.6924     1.5743
    -0.4133    -1.7223    -1.7815     1.8567
    -0.7068    -1.5216    -1.7369     2.0827
    -0.9647    -1.2021    -1.7102     2.1957
    -1.1604    -0.8004    -1.6299     2.1486
    -1.3294    -0.4258    -1.2732     1.8379
    -1.4807     0.2142    -0.9432     1.4237
    -1.6052     0.6991    -0.5953     0.8873
    -1.6497     1.3126    -0.0956     0.3512
    -1.6052     1.7982     0.4578    -0.1566
    -1.5163     2.2659     0.9935    -0.5420
    -1.3027     2.5961     1.4757    -0.8991
    -1.0448     2.6053     1.9491    -1.1715
    -0.7246     2.4585     2.1814    -1.3594
    -0.3244     2.1558     2.2976    -1.4439
     0.1113     1.7066     2.0831    -1.5097
     0.6358     1.1935     1.8419    -1.6036
     1.1868     0.6991     1.5114    -1.6130
     1.8443     0.2965     1.1006    -1.4909
     2.1641    -0.1881     0.6899    -1.2749
     2.1997    -0.5628     0.3328    -0.9085
     2.1997    -0.8826    -0.0063    -0.4292
     2.1730    -1.1017    -0.3098    -0.1096
     1.9154    -1.3117    -0.6220     0.2948
     1.4356    -1.4942    -0.8272     0.7086
     0.9824    -1.5124    -0.9164     1.1226
     0.4669    -1.6493    -1.0235     1.3955
     0.0313    -1.6493    -1.1038     1.6873
    -0.3955    -1.5946    -1.1394     1.8944
    -0.7157    -1.5124    -1.1394     1.9980
    -0.9825    -1.3117    -1.0592     1.9885
    -1.1960    -1.0287    -0.9521     1.8097
    -1.4362    -0.7181    -0.8629     1.5461
    -1.5607    -0.3801    -0.7113     1.1790
    -1.6586     0.1502    -0.4615     0.8027
    -1.7209     0.6259    -0.2562     0.2948
    -1.7298     1.1935     0.0561    -0.0908
    -1.6408     1.8166     0.3060    -0.4010
    -1.4985     2.3209     0.5560    -0.6923
    -1.2672     2.7521     0.7702    -0.7675
    -0.9202     2.7062     0.9310    -0.8427
    -0.4578     2.6603     1.1453    -0.9461
     0.0491     2.2567     1.2078    -1.1152
     0.6536     1.8441     1.2882    -1.2749
     1.2046     1.4867     1.2524    -1.2655
     1.9598     0.9554     1.1989    -1.2749
     2.1375     0.4887     1.0381    -1.1340
     2.2530    -0.0418     0.9220    -1.0400
     2.2707    -0.5994     0.7970    -0.7863
     2.2618    -1.0652     0.6720    -0.5326
     2.1108    -1.3938     0.5292    -0.3164
     1.6755    -1.5946     0.3685     0.0409
     1.2490    -1.7223     0.1722     0.3700
     0.7425    -1.7040     0.0293     0.7839
     0.2180    -1.6584    -0.1491     1.1696
    -0.2266    -1.6584    -0.3276     1.4520
    -0.6001    -1.6949    -0.5328     1.6779
    -0.8758    -1.5581    -0.6488     1.9415
    -1.1070    -1.2843    -0.7648     1.9791
    -1.2850    -0.8369    -0.8183     1.9415
    -1.4718    -0.3892    -0.9254     1.7908
    -1.5874     0.2142    -0.9610     1.4708
    -1.5963     0.7266    -0.9521     1.1038
    -1.6052     1.4042    -0.8094     0.6898
    -1.6230     2.0366    -0.7113     0.1161
    -1.4718     2.4768    -0.5418    -0.2412
    -1.2494     2.8990    -0.4347    -0.6078
    -0.9647     2.8714    -0.1491    -0.9648
    -0.5467     2.6879     0.1007    -1.1246
    -0.1732     2.4034     0.5113    -1.3218
     0.3513     1.8441     0.7881    -1.5660
     0.8936     1.3492     1.1631    -1.6224
     1.4267     0.8914     1.5025    -1.6177
     2.0398     0.3972     1.6901    -1.6130
     2.2352    -0.0967     1.7035    -1.4439
     2.2263    -0.6542     1.7169    -1.0870
     2.2352    -0.9373     1.5382    -0.6923
     2.1819    -1.2660     1.3239    -0.3446
     1.8799    -1.4121     1.0292     0.0973
     1.4801    -1.5854     0.7167     0.5017
     1.0357    -1.5854     0.4310     0.8968
     0.6002    -1.5763     0.0561     1.2261
     0.0669    -1.4942    -0.2205     1.5367
    -0.3599    -1.5033    -0.4615     1.7343
    -0.6801    -1.3482    -0.6756     1.9509
    -0.9291    -1.1930    -0.9164     2.0356
    -1.2049    -0.9282    -1.0324     1.9885
    -1.4095    -0.5994    -1.1662     1.8379
    -1.5252    -0.2795    -1.2286     1.5743
    -1.6141     0.2874    -1.2732     1.2261
    -1.6675     0.7449    -1.1930     0.8027
    -1.6586     1.3034    -1.0859     0.3606
    -1.5252     1.8899    -0.8718    -0.0908
    -1.3739     2.4401    -0.7023    -0.4198
    -1.0981     2.7613    -0.4704    -0.6923
    -0.8046     2.7888    -0.1581    -0.8803
    -0.4133     2.5594     0.0650    -1.1340
     0.1202     2.2108     0.3685    -1.3124
     0.5914     1.7616     0.5649    -1.4252
     1.0891     1.3218     0.7167    -1.4721
     1.6311     0.7907     0.8327    -1.5003
     2.1019     0.2874     0.9488    -1.3876
     2.2885    -0.2064     1.0024    -1.1809
     2.2707    -0.8004     0.9488    -0.9273
     2.2618    -1.1747     0.7881    -0.6172
     2.1552    -1.5033     0.7524    -0.2600
     1.8887    -1.7040     0.6720     0.1161
     1.4534    -1.8774     0.5471     0.4358
     1.0357    -1.9594     0.5113     0.8497
     0.5380    -1.9321     0.3774     1.3202
     0.0135    -1.7770     0.2168     1.6308
    -0.4044    -1.7405     0.0472     1.9980
    -0.7957    -1.4759    -0.1491     2.2805
    -1.0892    -1.1930    -0.2919     2.3464
    -1.3472    -0.7547    -0.4168     2.3464
    -1.4985    -0.4440    -0.4971     2.1674
    -1.6230     0.1593    -0.5774     1.8097
    -1.6853     0.6900    -0.6577     1.3955
    -1.6675     1.3584    -0.7380     0.9344
    -1.6586     1.9174    -0.7737     0.4640
    -1.4451     2.4126    -0.6577    -0.0438
    -1.2227     2.9265    -0.5328    -0.4104
    -0.9914     2.9908    -0.4793    -0.7863
    -0.5912     2.8164    -0.2473    -1.0776
    -0.2088     2.4585    -0.1224    -1.2843
     0.3247     1.9541     0.0293    -1.4721
     0.7780     1.5233     0.1989    -1.6224
     1.2846     1.0653     0.3864    -1.6881
     1.8621     0.6442     0.5917    -1.6506
     2.1997     0.1502     0.7524    -1.5097
     2.2441    -0.4075     0.8506    -1.2373
     2.2885    -0.7638     0.9310    -0.8803
     2.2530    -1.0561     0.9042    -0.3916
     2.1464    -1.3117     0.8149    -0.0438
     1.7999    -1.5672     0.6988     0.4358
     1.4090    -1.7132     0.5471     0.8497
     0.9647    -1.7861     0.3596     1.1979
     0.4402    -1.7770     0.1186     1.6308
    -0.0132    -1.6493    -0.1045     1.9980
    -0.4044    -1.5581    -0.3276     2.2145
    -0.7246    -1.3482    -0.4704     2.3840
    -0.9469    -1.1200    -0.5418     2.3370
    -1.2316    -0.9191    -0.6756     2.1392
    -1.4273    -0.4897    -0.6934     1.8473
    -1.5163    -0.0601    -0.5864     1.3955
    -1.6319     0.5253    -0.5239     0.9156
    -1.5963     1.0745    -0.4079     0.4452
    -1.5341     1.6149    -0.3455    -0.0061
    -1.4540     2.1008    -0.3098    -0.4198
    -1.2405     2.4952    -0.1224    -0.7957
    -0.9914     2.6787     0.0918    -0.9930
    -0.6534     2.6420     0.3417    -1.2091
    -0.1999     2.4218     0.7256    -1.4533
     0.2891     2.2200     1.3060    -1.5285
     0.7513     1.8807     1.9938    -1.6224
     1.1691     1.4775     2.3155    -1.5848
     1.7377     1.0378     2.3021    -1.5191
     2.1819     0.5344     2.2886    -1.3312
     2.2974     0.0313     1.6811    -1.1527
     2.2707    -0.3801     1.0917    -0.8051
     2.1908    -0.9099     0.5471    -0.4104
     1.8799    -1.2295    -0.0153    -0.0626
     1.4712    -1.6128    -0.4168     0.2759
     1.0980    -1.7497    -0.7737     0.7368
     0.7069    -1.9686    -1.0948     1.1884
     0.2358    -1.9047    -1.3178     1.4990
    -0.2088    -1.8774    -1.4783     1.8661
    -0.6090    -1.6858    -1.5497     2.1109
    -0.8580    -1.5581    -1.6032     2.1392
    -1.1070    -1.2934    -1.5497     2.1109
    -1.3116    -1.0378    -1.4605     1.8661
    -1.4540    -0.5628    -1.2286     1.5649
    -1.5252    -0.2247    -0.9521     1.1884
    -1.5252     0.3331    -0.6220     0.7745
    -1.5252     0.8730    -0.2116     0.3700
    -1.4629     1.4500     0.3239    -0.0626
    -1.2227     1.9357     0.9488    -0.3916
    -1.0092     2.3117     1.4668    -0.6360
    -0.7068     2.6879     2.0653    -0.7863
    -0.3244     2.7062     2.2886    -0.9836
     0.1202     2.4034     2.3065    -1.0870
     0.6536     2.1099     2.2618    -1.2373
     1.1424     1.7341     2.1189    -1.3406
     1.7200     1.2576     1.8509    -1.3500
     2.1997     0.9097     1.5382    -1.3500
     2.3240     0.4246     1.1810    -1.3030
     2.3329     0.0130     0.8060    -1.0682
     2.3062    -0.4440     0.3507    -0.8709
     2.1286    -0.7729    -0.0420    -0.5890
     1.6933    -0.9830    -0.3811    -0.2224
     1.2135    -1.1200    -0.5864     0.1067
     0.7602    -1.2660    -0.8272     0.4923
     0.2802    -1.3938    -1.0056     0.8779
    -0.2177    -1.3573    -1.1930     1.2355
    -0.6001    -1.3482    -1.2197     1.5178
    -0.9025    -1.1747    -1.2732     1.7720
    -1.1960    -1.1291    -1.2554     1.9603
    -1.3828    -0.9191    -1.1305     1.9603
    -1.4896    -0.7181    -0.9610     1.9603
    -1.5696    -0.4075    -0.8005     1.8002
    -1.5963    -0.0967    -0.6845     1.4896
    -1.5696     0.3697    -0.4615     1.0943
    -1.4629     0.7083    -0.2027     0.6898
    -1.3294     1.2393     0.0561     0.3512
    -1.0537     1.6974     0.3774    -0.0720
    -0.7513     2.2108     0.6542    -0.3164
    -0.3066     2.6420     0.8863    -0.6078
     0.1647     2.6099     1.0828    -0.8239
     0.7425     2.5778     1.2346    -1.0306
     1.2846     2.1925     1.2703    -1.2655
     1.7910     1.6974     1.2524    -1.3782
     2.2441     1.0745     1.2346    -1.3829
     2.3062     0.5893     1.0917    -1.3876
     2.3684     0.0953     1.0381    -1.2185
     2.3595    -0.4349     0.9042    -1.0400
     2.3062    -0.9099     0.8149    -0.7675
     1.8976    -1.2478     0.5917    -0.4292
     1.4001    -1.5124     0.4578    -0.2036
     0.9558    -1.6128     0.3417     0.1161
     0.4402    -1.6767     0.0650     0.5299
    -0.0221    -1.7497    -0.0956     0.8779
    -0.5289    -1.7770    -0.3633     1.2637
    -0.8758    -1.6493    -0.5507     1.5743
    -1.0715    -1.3664    -0.6488     1.8191
    -1.3828    -1.1108    -0.8094     1.9791
    -1.5252    -0.7638    -0.8094     1.9744
    -1.7120    -0.3527    -0.8897     1.9697
    -1.6942     0.1959    -0.8986     1.7061
    -1.6764     0.7907    -0.8986     1.3484
    -1.6141     1.4134    -0.7648     0.9156
    -1.4896     2.1191    -0.5953     0.4170
    -1.2138     2.8990    -0.3098     0.0503
    -0.9469     3.1469    -0.1313    -0.2036
    -0.5556     3.0550     0.1097    -0.4856
    -0.1465     2.4310     0.3685    -0.7205
     0.4047     1.8624     0.6274    -0.7957
     0.8491     1.3218     0.7881    -0.9836
     1.3112     0.8273     0.8952    -1.1809
     1.8088     0.3240     1.0113    -1.2937
     2.2174    -0.1973     1.0917    -1.3218
     2.3329    -0.6907     1.0649    -1.2937
     2.3240    -1.1747     1.0203    -1.1809
     2.2885    -1.4759     0.9667    -0.9742
     2.1552    -1.6402     0.9310    -0.6923
     1.8354    -1.8044     0.8506    -0.3822
     1.4534    -1.8500     0.7435    -0.0908
     1.0002    -1.8135     0.5471     0.2571
     0.5380    -1.7953     0.3417     0.7933
     0.0046    -1.5489     0.0918     1.2167
    -0.3777    -1.3025    -0.0777     1.6214
    -0.6623    -0.9465    -0.2651     2.0262
    -0.9558    -0.6542    -0.4079     2.2522
    -1.2049    -0.2887    -0.5150     2.3370
    -1.4540     0.1959    -0.6667     2.1392
    -1.4540     0.7266    -0.7648     1.8097
    -1.5074     1.3218    -0.8451     1.4425
    -1.5607     1.7891    -0.8540     0.9908
    -1.5074     2.3209    -0.7469     0.4452
    -1.3472     2.7980    -0.6488     0.1255
    -1.0892     2.9082    -0.4793    -0.2130
    -0.8046     2.6879    -0.2651    -0.5608
    -0.4578     2.3943    -0.0153    -0.7487
    -0.0932     2.1375     0.2525    -0.9085
     0.3869     1.7524     0.5381    -1.1152
     0.8136     1.2668     0.7792    -1.3030
     1.2313     0.8364     0.9845    -1.4439
     1.6844     0.2874     1.3417    -1.5754
     2.0931    -0.2338     1.4489    -1.6224
     2.3062    -0.7364     1.4489    -1.4909
     2.2530    -1.0834     1.4489    -1.2749
     2.2352    -1.3756     1.3328    -0.9554
     2.0042    -1.6767     1.1185    -0.5138
     1.5778    -1.9138     0.8774    -0.0720
     1.2490    -1.9184     0.6720     0.5769
     0.8491    -1.9230     0.4042     1.1790
     0.4047    -1.8226     0.2436     1.8379
    -0.0754    -1.7405    -0.0063     2.4123
    -0.4933    -1.5216    -0.2295     2.6101
    -0.7513    -1.1747    -0.4258     2.6572
    -1.0181    -0.6451    -0.6488     2.6666
    -1.2049    -0.2430    -0.8183     2.4123
    -1.3027     0.2325    -0.9343     1.7720
    -1.4629     0.6168    -1.0146     1.1696
    -1.5252     1.0928    -1.1216     0.6898
    -1.4985     1.5050    -1.0681     0.1537
    -1.4006     1.9174    -1.0056    -0.2412
    -1.2583     2.1925    -0.8629    -0.5890
    -1.0359     2.3576    -0.6131    -0.9085
    -0.7246     2.4585    -0.3455    -1.1434
    -0.3955     2.2475     0.0293    -1.2937
     0.0313     2.0641     0.5024    -1.3688
     0.5469     1.7157     0.9488    -1.5660
     1.0891     1.3767     1.3239    -1.5660
     1.5600     0.8090     1.7437    -1.5660
     2.0842     0.4063     1.9223    -1.4721
     2.3418    -0.0967     1.8955    -1.2561
     2.3595    -0.5446     1.7526    -0.9930
     2.3240    -0.7547     1.5472    -0.6454
     2.2974    -1.0287     1.2882    -0.1848
     1.9243    -1.2843     0.9845     0.2571
     1.4356    -1.4121     0.7435     0.7650
     0.8936    -1.6128     0.4399     1.3014
     0.4225    -1.5900     0.1097     1.8285
    -0.0932    -1.5672    -0.2116     2.3181
    -0.5734    -1.4851    -0.5328     2.6384
    -0.9558    -1.1930    -0.6934     2.6855
    -1.2672    -1.0834    -0.8629     2.6007
    -1.4629    -0.8826    -1.0324     2.4029
    -1.5874    -0.6268    -1.1930     1.9697
    -1.6764    -0.2704    -1.2911     1.3578
    -1.7209     0.0862    -1.2732     0.9532
    -1.7120     0.5161    -1.1394     0.4076
    -1.6230     0.9463    -0.9967     0.0597
    -1.4807     1.3584    -0.7469    -0.3634
    -1.2494     1.6516    -0.4525    -0.7393
    -0.9202     2.0458    -0.1670    -1.0400
    -0.5823     2.2842     0.2525    -1.1621
    -0.1110     2.4493     0.6810    -1.2279
     0.4669     2.4310     1.0470    -1.3030
     0.9913     2.2017     1.4578    -1.3500
     1.5956     1.9449     1.6901    -1.3594
     2.1730     1.5325     1.7437    -1.3688
     2.2885     1.0836     1.6275    -1.3406
     2.4395     0.5985     1.5472    -1.1903
     2.4350     0.1319     1.3596    -0.9742
     2.4306    -0.3435     1.1989    -0.7017
     2.1819    -0.7273     0.9667    -0.3258
     1.7377    -1.0378     0.7167     0.0127
     1.2490    -1.3573     0.4489     0.5393
     0.6714    -1.6128     0.1989     1.1226
     0.0846    -1.7770    -0.0242     1.6402
    -0.4044    -1.7405    -0.2741     2.0168
    -0.7424    -1.7405    -0.4793     2.3558
    -0.9825    -1.5489    -0.6667     2.3840
    -1.1782    -1.3208    -0.7916     2.2334
    -1.3650    -1.0378    -0.9164     1.8850
    -1.4807    -0.6999    -0.9967     1.5649
    -1.5430    -0.3161    -1.0324     1.1979
    -1.5252     0.1685    -1.0235     0.8215
    -1.4718     0.5161    -0.9343     0.5017
    -1.3828     0.8914    -0.7737     0.1443
    -1.2316     1.2668    -0.5061    -0.2130
    -1.0181     1.5874    -0.1938    -0.5138
    -0.7513     1.8532     0.0829    -0.7487
    -0.4311     2.1558     0.4489    -0.8239
     0.1024     2.3025     0.8685    -0.9085
     0.6269     2.2567     1.2167    -1.0964
     1.1068     2.0366     1.5114    -1.2373
     1.5956     1.8257     1.8062    -1.2749
     2.0753     1.3676     1.8330    -1.3500
     2.3240     0.8547     1.7258    -1.3218
     2.4306     0.3057     1.5382    -1.1809
     2.4661    -0.2887     1.2971    -1.0400
     2.3951    -0.6451     1.0649    -0.7769
     2.0131    -0.9921     0.7792    -0.4574
     1.6133    -1.2386     0.5113    -0.1096
     1.1602    -1.4121     0.2614     0.2007
     0.7247    -1.5489     0.0561     0.5675
     0.2091    -1.5581    -0.1491     1.0002
    -0.2443    -1.5854    -0.3990     1.2920
    -0.5556    -1.3847    -0.6042     1.6590
    -0.8758    -1.2113    -0.8005     1.8473
    -1.1248    -0.9556    -1.0235     2.0168
    -1.3205    -0.6451    -1.0859     1.9603
    -1.3917    -0.3252    -1.1127     1.8097
    -1.4629     0.0679    -1.1127     1.6590
    -1.4273     0.5527    -1.1484     1.3672
    -1.4629     0.9554    -1.0056     1.0661
    -1.4006     1.3584    -0.8362     0.6239
    -1.2316     1.6791    -0.6310     0.3042
    -1.0981     1.9449    -0.2741    -0.0532
    -0.8224     2.2292     0.0650    -0.3446
    -0.5022     2.2108     0.5471    -0.5608
     0.0135     2.1925     1.0470    -0.7299
     0.4491     1.9266     1.6186    -0.8897
     0.9113     1.6516     2.1725    -1.0776
     1.4001     1.1844     2.3601    -1.1527
     1.8443     0.5985     2.3959    -1.2467
     2.2530    -0.0510     2.1814    -1.2843
     2.4039    -0.6999     1.8687    -1.2561
     2.3329    -1.2021     1.4757    -1.1246
     2.2618    -1.5946     1.0381    -0.8803
     1.8710    -1.8591     0.7078    -0.7205
     1.3734    -1.8500     0.3417    -0.4292
     0.9291    -1.9230    -0.0153    -0.1190
     0.4758    -1.7770    -0.3365     0.2759
    -0.0221    -1.6493    -0.6220     0.7462
    -0.4756    -1.3573    -0.7916     1.1320
    -0.8402    -0.9373    -0.9521     1.5178
    -1.1070    -0.5446    -1.1662     1.8285
    -1.2494     0.0313    -1.3178     2.0733
    -1.3561     0.5253    -1.3713     2.0639
    -1.4095     1.0378    -1.2465     1.9132
    -1.4362     1.5416    -1.1484     1.7061
    -1.4807     2.0549    -1.0502     1.4708
    -1.4362     2.4952    -0.8094     1.0849
    -1.2227     2.8898    -0.4258     0.6333
    -1.1159     2.7246    -0.1848     0.2571
    -0.8313     2.4218     0.2346    -0.0626
    -0.4578     1.8991     0.6810    -0.3540
    -0.0487     1.1844     1.1631    -0.5326
     0.4491     0.6625     1.5740    -0.6360
          3          3          3          3
