    4   2048 0.020000  2016   1  22  11  18
         16         10         11         42
     1.7910    -0.8139     0.1066    -0.3777
     1.9420    -0.6220     0.2137    -0.4059
     1.8798    -0.4941     0.1423    -0.5375
     1.8620    -0.4027     0.1601    -0.5939
     1.7998    -0.2748     0.1869    -0.7254
     1.7554    -0.0462     0.2137    -0.8194
     1.5422     0.1275     0.1958    -0.8664
     1.2756     0.2830     0.1155    -0.8946
     0.9557     0.4568     0.1512    -0.9604
     0.7869     0.5392     0.1601    -0.9980
     0.4758     0.5758     0.1423    -0.9510
     0.2002     0.5483     0.1691    -0.9322
    -0.1110     0.6124     0.0977    -0.8758
    -0.3688     0.6490     0.0709    -0.8006
    -0.6712     0.6581     0.0530    -0.6973
    -0.8668     0.7313     0.0441    -0.5939
    -1.1426     0.7039    -0.0451    -0.5093
    -1.3828     0.7680    -0.0541    -0.3965
    -1.6408     0.7313    -0.1076    -0.2743
    -1.7119     0.6947    -0.1790    -0.1145
    -1.8098     0.7039    -0.2325     0.1018
    -1.8632     0.7039    -0.1969     0.2617
    -1.8899     0.6124    -0.2593     0.4122
    -1.8543     0.4568    -0.2861     0.4404
    -1.7742     0.2098    -0.2504     0.4404
    -1.6675    -0.0097    -0.2950     0.4874
    -1.5162    -0.2108    -0.2504     0.5909
    -1.3205    -0.3936    -0.2682     0.6285
    -1.1426    -0.6495    -0.2504     0.6943
    -0.8491    -0.7773    -0.2147     0.7085
    -0.5734    -0.9235    -0.2415     0.7226
    -0.2621    -1.1244    -0.1701     0.7508
     0.0580    -1.1883    -0.1522     0.7696
     0.3869    -1.3252    -0.1433     0.7038
     0.6624    -1.4165    -0.0451     0.7038
     1.0002    -1.4621    -0.0541     0.6285
     1.3112    -1.4803     0.0352     0.4874
     1.5689    -1.4256     0.0530     0.2523
     1.7821    -1.3891     0.1244     0.0548
     1.8887    -1.2522     0.1244    -0.1051
     1.9242    -1.1609     0.1423    -0.3213
     1.9420    -0.9783     0.1691    -0.4811
     1.9509    -0.8687     0.1334    -0.6033
     1.9420    -0.6769     0.1691    -0.7630
     1.7998    -0.4941     0.1423    -0.8758
     1.7021    -0.2382     0.1512    -1.0074
     1.4533     0.0086     0.1958    -1.1013
     1.1335     0.3196     0.2048    -1.1859
     0.8669     0.5849     0.1601    -1.2328
     0.6091     0.7130     0.1958    -1.2798
     0.4047     0.7222     0.1780    -1.2798
     0.1824     0.7863     0.2048    -1.2328
    -0.1376     0.9053     0.1691    -1.1295
    -0.4311     1.0243     0.1646    -1.0919
    -0.7512     1.1800     0.1601    -0.9510
    -0.8935     1.1983     0.1780    -0.8382
    -1.1871     1.1525     0.1780    -0.7161
    -1.4183     1.1983     0.1691    -0.4905
    -1.5340     1.1708     0.1780    -0.3401
    -1.7030     1.1617     0.1512    -0.1145
    -1.7742     1.1433     0.1066     0.1206
    -1.8098     0.9968     0.1423     0.3839
    -1.8098     0.7130     0.0709     0.6379
    -1.8365     0.3836     0.0352     0.6755
    -1.7475     0.1458    -0.0005     0.7132
    -1.6586    -0.2199    -0.0451     0.8543
    -1.5518    -0.4941    -0.0719     0.9672
    -1.4006    -0.7043    -0.1522     1.0613
    -1.1871    -1.0422    -0.1701     1.1742
    -0.9113    -1.2887    -0.2058     1.1930
    -0.6356    -1.4347    -0.2772     1.2024
    -0.3955    -1.6902    -0.2772     1.1648
    -0.0754    -1.7632    -0.3307     1.1836
     0.2269    -1.8635    -0.3486     1.2024
     0.5291    -1.9365    -0.3575     1.0519
     0.8757    -1.9274    -0.4021     0.8261
     1.1779    -1.9182    -0.3575     0.4780
     1.4800    -1.9182    -0.3486     0.2052
     1.7199    -1.7541    -0.3218    -0.0298
     1.8709    -1.6172    -0.2682    -0.3119
     1.9420    -1.4347    -0.2772    -0.5469
     1.9064    -1.1791    -0.2147    -0.7724
     1.9242    -0.9691    -0.1879    -0.9886
     1.8709    -0.6312    -0.1344    -1.2610
     1.8265    -0.3479    -0.0987    -1.4113
     1.7377     0.0178    -0.0451    -1.4959
     1.4711     0.4111    -0.0005    -1.6743
     1.1423     0.8046     0.0620    -1.7307
     0.8224     1.0701     0.0798    -1.7213
     0.5736     1.1891     0.1512    -1.7682
     0.3069     1.2532     0.1155    -1.7870
    -0.0132     1.5647     0.1334    -1.6743
    -0.2532     1.7480     0.1691    -1.5240
    -0.5467     1.9772     0.1334    -1.3831
    -0.7957     2.0047     0.1691    -1.1577
    -1.0536     2.0230     0.1244    -0.9228
    -1.3294     2.0322     0.1334    -0.7348
    -1.5340     2.0139     0.1334    -0.4529
    -1.6941     1.9497     0.1512    -0.2273
    -1.7831     1.6930     0.1512     0.1488
    -1.7742     1.3357     0.1423     0.5344
    -1.8543     0.9510     0.1334     0.9295
    -1.8187     0.5209     0.1691     1.1930
    -1.8276     0.2007     0.1334     1.2024
    -1.7297    -0.2382     0.1691     1.4283
    -1.6319    -0.5672     0.1244     1.7013
    -1.5073    -0.8504     0.1155     1.8425
    -1.3205    -1.2430     0.1244     1.9555
    -1.1515    -1.5625     0.0620     2.0214
    -0.9380    -1.7358     0.0263     2.0308
    -0.6267    -1.9365    -0.0719     1.9743
    -0.4044    -2.0915    -0.1255     1.9932
    -0.0576    -2.1918    -0.1790     1.8237
     0.2447    -2.2647    -0.2504     1.5224
     0.5291    -2.2921    -0.3039     1.1554
     0.8135    -2.2374    -0.3486     0.6755
     1.1423    -2.0824    -0.4110     0.2617
     1.3823    -1.9274    -0.4913    -0.1239
     1.6044    -1.6993    -0.4467    -0.4623
     1.7732    -1.5168    -0.4690    -0.7254
     1.8887    -1.1609    -0.4913    -1.0261
     1.8798    -0.8961    -0.5270    -1.3362
     1.8665    -0.5764    -0.5449    -1.6086
     1.8531    -0.2382    -0.5538    -1.8152
     1.8176     0.3104    -0.5270    -1.9185
     1.6666     0.7039    -0.5002    -2.0781
     1.4267     1.1617    -0.4556    -2.1344
     1.1601     1.4731    -0.4289    -2.1438
     0.8313     1.8213    -0.3753    -2.1344
     0.4847     1.9588    -0.3218    -2.0405
     0.2624     1.9955    -0.2772    -1.8997
    -0.0132     2.1697    -0.2504    -1.7307
    -0.3421     2.2798    -0.1879    -1.5334
    -0.6000     2.3899    -0.0898    -1.2704
    -0.8935     2.3440    -0.0362    -0.9322
    -1.1515     2.3624     0.0173    -0.6691
    -1.4094     2.3807     0.1066    -0.2931
    -1.6319     2.1973     0.1155     0.1488
    -1.7653     1.6930     0.1334     0.5062
    -1.8810     1.2899     0.1423     0.9860
    -1.9344     0.9236     0.1512     1.4566
    -1.9433     0.4111     0.1691     1.8990
    -1.9255     0.1275     0.1334     1.9932
    -1.8810    -0.2017     0.1512     2.1344
    -1.8276    -0.5490     0.1423     2.3981
    -1.7297    -0.8595     0.1601     2.5206
    -1.5340    -1.1974     0.1601     2.5959
    -1.4094    -1.4530     0.1691     2.5959
    -1.1782    -1.6446     0.1334     2.5394
    -0.9380    -1.8362     0.1244     2.4923
    -0.7068    -1.9274     0.1780     2.2757
    -0.4044    -2.0368     0.1334     1.9461
    -0.1287    -2.0641     0.1334     1.4848
     0.1380    -2.1097     0.1066     0.9954
     0.4847    -1.9912     0.0620     0.5909
     0.7691    -1.8453     0.0530     0.0642
     1.0002    -1.6537    -0.0898    -0.2931
     1.3112    -1.4621    -0.1165    -0.5187
     1.5511    -1.2613    -0.1522    -0.8382
     1.7288    -0.9783    -0.2504    -1.1671
     1.7821    -0.7682    -0.2950    -1.4771
     1.8887    -0.4850    -0.3753    -1.6743
     1.8620    -0.1011    -0.3753    -1.8621
     1.8443     0.3562    -0.4467    -1.9842
     1.7998     0.6490    -0.5538    -2.0593
     1.5777     0.9694    -0.5538    -2.1438
     1.3912     1.2716    -0.5449    -2.1250
     1.1068     1.5739    -0.5181    -2.0687
     0.8135     1.7297    -0.5181    -1.9654
     0.4847     2.0230    -0.5181    -1.7776
     0.2180     2.1881    -0.4913    -1.6180
    -0.1376     2.2798    -0.4646    -1.3174
    -0.3421     2.3440    -0.4021    -1.0355
    -0.6801     2.3715    -0.3575    -0.7724
    -0.9024     2.2798    -0.3307    -0.4623
    -1.2048     2.1056    -0.2593    -0.2461
    -1.3739     1.9222    -0.2236     0.1770
    -1.5874     1.6105    -0.1165     0.5909
    -1.7742     1.2899    -0.0541     1.0048
    -1.8543     1.0334     0.0352     1.4754
    -1.9077     0.7039     0.1155     1.7860
    -1.9433     0.4019     0.1066     2.1156
    -1.9166     0.1641     0.1780     2.2851
    -1.8899    -0.1468     0.1869     2.4546
    -1.8276    -0.4759     0.1423     2.5017
    -1.7030    -0.7956     0.1958     2.4640
    -1.5073    -0.9874     0.1958     2.4923
    -1.4006    -1.2065     0.1780     2.3793
    -1.1693    -1.3434     0.1780     2.1721
    -0.9113    -1.5351     0.2226     1.9461
    -0.6089    -1.6537     0.2137     1.6448
    -0.3866    -1.7449     0.1869     1.3060
    -0.1110    -1.7267     0.2137     0.9484
     0.2002    -1.7723     0.1780     0.5156
     0.5291    -1.7084     0.1780     0.1676
     0.7691    -1.5807     0.1780    -0.1521
     1.0713    -1.5168     0.2048    -0.4247
     1.3645    -1.3526     0.2315    -0.6785
     1.6133    -1.2065     0.2226    -0.9322
     1.7377    -1.0057     0.1958    -1.1859
     1.8976    -0.7865     0.1601    -1.3644
     1.9331    -0.5581     0.0441    -1.4959
     1.8709    -0.2657    -0.0273    -1.6273
     1.8709    -0.0005    -0.1255    -1.7682
     1.8531     0.2738    -0.1790    -1.8058
     1.7110     0.4751    -0.1969    -1.8246
     1.4445     0.7680    -0.2593    -1.8715
     1.1957     1.0334    -0.2950    -1.7682
     0.8491     1.2349    -0.3753    -1.6461
     0.5736     1.4639    -0.3932    -1.5146
     0.2447     1.6564    -0.4199    -1.3268
    -0.0576     1.8122    -0.4467    -1.2141
    -0.2888     1.8947    -0.4378    -0.9698
    -0.5911     1.9588    -0.4735    -0.8006
    -0.9291     1.9680    -0.4913    -0.5281
    -1.1604     1.8397    -0.3932    -0.2461
    -1.3739     1.7480    -0.3842     0.0172
    -1.5874     1.5739    -0.2950     0.3745
    -1.6764     1.3540    -0.2593     0.6567
    -1.8187     1.1891    -0.1879     0.9672
    -1.8810     0.9510    -0.1165     1.2213
    -1.8543     0.7222    -0.0630     1.4566
    -1.8721     0.4202     0.0530     1.5977
    -1.7564     0.0726     0.1334     1.7484
    -1.7119    -0.2108     0.1423     1.8613
    -1.5607    -0.5124     0.2315     1.9084
    -1.4539    -0.7134     0.1869     1.8896
    -1.2404    -0.9874     0.2405     1.8990
    -1.0092    -1.1883     0.2315     1.7860
    -0.7779    -1.3343     0.1958     1.5883
    -0.5200    -1.5260     0.2494     1.4471
    -0.2888    -1.6537     0.2762     1.1836
    -0.0132    -1.6720     0.2851     0.9578
     0.3602    -1.7905     0.2940     0.6379
     0.6269    -1.8088     0.3030     0.3839
     0.9468    -1.8270     0.3208     0.1112
     1.1157    -1.7541     0.2762    -0.1897
     1.4711    -1.6720     0.3119    -0.4717
     1.7021    -1.5898     0.3119    -0.6691
     1.8620    -1.3891     0.3119    -0.8946
     1.8887    -1.2248     0.3208    -1.0825
     1.9420    -0.9874     0.3030    -1.2986
     1.9686    -0.6495     0.2494    -1.4113
     1.9597    -0.4393     0.2137    -1.6086
     1.9509    -0.1742     0.1512    -1.6649
     1.8087     0.1641     0.0620    -1.7588
     1.6044     0.3836    -0.0541    -1.7588
     1.2845     0.7405    -0.1165    -1.7400
     1.0179     0.9419    -0.2325    -1.7400
     0.6447     1.2807    -0.2861    -1.6649
     0.4136     1.5189    -0.3486    -1.5146
     0.1291     1.7663    -0.4289    -1.3644
    -0.1376     1.9497    -0.4556    -1.1671
    -0.4044     2.1239    -0.4735    -0.9416
    -0.7423     2.1331    -0.4913    -0.7536
    -0.9914     2.1422    -0.5359    -0.6033
    -1.2137     2.0689    -0.5805    -0.3401
    -1.4806     1.9222    -0.5716    -0.0580
    -1.5518     1.7663    -0.5002     0.2899
    -1.6586     1.4823    -0.5092     0.6191
    -1.7030     1.2349    -0.4021     0.9766
    -1.7208     0.8961    -0.3932     1.2307
    -1.7030     0.4568    -0.2861     1.4848
    -1.7208     0.1275    -0.2147     1.7013
    -1.5874    -0.1651    -0.1701     1.9555
    -1.4361    -0.5398    -0.0719     2.1062
    -1.3383    -0.8321    -0.0005     2.2003
    -1.1515    -1.0970     0.1512     2.2286
    -0.9024    -1.2978     0.2226     2.1815
    -0.6445    -1.5625     0.2583     2.0120
    -0.4044    -1.7723     0.3119     1.8519
    -0.1021    -1.9000     0.3387     1.5977
     0.1380    -2.0186     0.3387     1.3530
     0.4669    -2.0641     0.3208     1.0425
     0.7069    -2.0550     0.3565     0.7602
     1.0268    -2.0459     0.2851     0.4216
     1.2668    -1.9638     0.3119     0.0360
     1.5511    -1.8088     0.3387    -0.2461
     1.8087    -1.7084     0.3387    -0.4905
     1.8798    -1.4712     0.3565    -0.8006
     1.9331    -1.1518     0.3208    -0.9980
     1.9509    -0.8778     0.3387    -1.2516
     1.9509    -0.5764     0.2940    -1.4301
     1.9420    -0.3114     0.3030    -1.6461
     1.9864     0.0818     0.2583    -1.7776
     1.9064     0.4660     0.2226    -1.8621
     1.7110     0.7588     0.1601    -1.9560
     1.3912     1.0975     0.0084    -1.9654
     1.0979     1.4639    -0.1433    -1.8997
     0.7780     1.7755    -0.1701    -1.8527
     0.4936     1.9772    -0.3039    -1.6931
     0.2091     2.3073    -0.3664    -1.4771
    -0.1021     2.3899    -0.4646    -1.2516
    -0.3244     2.4357    -0.5449    -1.1013
    -0.6356     2.3807    -0.5627    -0.8570
    -0.8846     2.3990    -0.6430    -0.5751
    -1.2048     2.2248    -0.6608    -0.2273
    -1.4094     2.0505    -0.6876     0.1206
    -1.5073     1.7388    -0.7144     0.5250
    -1.5785     1.4456    -0.6608     0.8919
    -1.6586     0.9968    -0.6252     1.2495
    -1.6764     0.6032    -0.5984     1.5695
    -1.6586     0.3287    -0.5627     1.9367
    -1.6675     0.0178    -0.4824     2.2380
    -1.5251    -0.3936    -0.4110     2.4829
    -1.4272    -0.6403    -0.3129     2.5865
    -1.3116    -0.8595    -0.1969     2.6148
    -1.1337    -1.1518    -0.1165     2.5959
    -0.9202    -1.3708    -0.0184     2.5488
    -0.6979    -1.5716     0.1423     2.3604
    -0.3688    -1.6811     0.2673     2.0873
    -0.1821    -1.7723     0.3297     1.7484
     0.1469    -1.8179     0.3387     1.3530
     0.3691    -1.8179     0.3654     1.0519
     0.6713    -1.8270     0.3476     0.6661
     0.9646    -1.7084     0.3297     0.2429
     1.2134    -1.6446     0.4101    -0.1709
     1.4800    -1.4803     0.4011    -0.4341
     1.6133    -1.2339     0.4101    -0.6973
     1.8443    -1.0148     0.4279    -0.9510
     1.9242    -0.7956     0.4547    -1.2422
     1.9686    -0.5490     0.4369    -1.4583
     1.9864    -0.2108     0.4011    -1.6086
     2.0219     0.1184     0.4369    -1.7776
     1.9242     0.4385     0.4101    -1.8809
     1.8620     0.6764     0.3833    -1.9560
     1.7021     0.9785     0.2762    -1.9842
     1.4089     1.2990     0.2048    -1.8903
     1.1246     1.5006     0.0798    -1.8152
     0.7424     1.7388    -0.0630    -1.6273
     0.4402     1.9864    -0.1969    -1.4301
     0.1469     2.1147    -0.3039    -1.2704
    -0.1465     2.2615    -0.4199    -1.0168
    -0.4577     2.2477    -0.5092    -0.7912
    -0.6979     2.2339    -0.5716    -0.5657
    -0.9825     2.1881    -0.5984    -0.2367
    -1.2582     2.0047    -0.6608     0.0830
    -1.4628     1.7938    -0.7144     0.4874
    -1.6052     1.6380    -0.7411     0.8261
    -1.7119     1.3998    -0.7501     1.2401
    -1.7386     1.0334    -0.6608     1.5883
    -1.7653     0.8137    -0.6341     1.8990
    -1.7431     0.5392    -0.5538     2.1344
    -1.7208     0.2098    -0.4913     2.2851
    -1.6852    -0.1194    -0.3664     2.4358
    -1.5607    -0.3662    -0.2415     2.4640
    -1.3917    -0.6586    -0.1701     2.4640
    -1.1782    -0.9235    -0.0273     2.3981
    -1.0092    -1.1061     0.1691     2.2380
    -0.7601    -1.3161     0.3387     1.9743
    -0.5289    -1.4895     0.3922     1.7578
    -0.2888    -1.5990     0.4547     1.5036
     0.0135    -1.6993     0.4369     1.2213
     0.3247    -1.7358     0.4993     0.8637
     0.5647    -1.7632     0.5886     0.5438
     0.8224    -1.7449     0.6868     0.1958
     1.0624    -1.5990     0.8208    -0.1333
     1.3467    -1.5168     0.8208    -0.3871
     1.5689    -1.3800     0.8833    -0.6033
     1.7554    -1.2157     0.8743    -0.8664
     1.8976    -0.9691     0.8475    -1.0919
     1.9331    -0.7865     0.8565    -1.2516
     1.9420    -0.5215     0.8386    -1.4207
     1.9331    -0.2657     0.8475    -1.5334
     1.9242     0.0452     0.7672    -1.6931
     1.8087     0.3653     0.7404    -1.7964
     1.6310     0.6673     0.6154    -1.7682
     1.3467     0.9968     0.3833    -1.7213
     1.0179     1.2716     0.2048    -1.6743
     0.6980     1.5464     0.0352    -1.5804
     0.4136     1.8122    -0.1612    -1.4489
     0.1024     1.9680    -0.2772    -1.2516
    -0.1910     2.1331    -0.4735    -1.0637
    -0.5289     2.2706    -0.5895    -0.8758
    -0.7868     2.3532    -0.7322    -0.6409
    -1.0981     2.3257    -0.8393    -0.4059
    -1.3472     2.1973    -0.9017    -0.1145
    -1.5340     2.0689    -0.9909     0.1770
    -1.6497     1.7755    -0.9820     0.5438
    -1.7920     1.5464    -1.0177     0.8919
    -1.8810     1.2807    -1.0444     1.2024
    -1.9077     0.9510    -0.9285     1.5224
    -1.8810     0.5209    -0.8571     1.7201
    -1.7653     0.1732    -0.7590     1.9649
    -1.7475    -0.1742    -0.6162     2.1156
    -1.5518    -0.5033    -0.4824     2.2192
    -1.4539    -0.8047    -0.3218     2.2333
    -1.2315    -1.1426    -0.0898     2.2474
    -1.0180    -1.3982     0.0352     2.2098
    -0.8313    -1.6081     0.2762     2.0591
    -0.5289    -1.7723     0.5172     1.8237
    -0.2799    -1.8726     0.7047     1.6072
    -0.0132    -1.9456     0.8386     1.2777
     0.2891    -2.0915     0.8475     1.0331
     0.6180    -2.0368     0.8743     0.6003
     0.8669    -1.9821     0.9547     0.2805
     1.1601    -1.9000     1.0797    -0.0298
     1.3467    -1.7814     1.1333    -0.2649
     1.5955    -1.5442     1.1601    -0.5563
     1.7998    -1.3526     1.1511    -0.8382
     1.8887    -1.0696     1.1154    -1.0731
     1.9420    -0.7682     1.1422    -1.3174
     1.9775    -0.4941     1.1154    -1.5428
     1.9775    -0.1377     1.0886    -1.7307
     1.9686     0.2464     0.8475    -1.7964
     1.7910     0.5300     0.6333    -1.8715
     1.5866     0.8870     0.4458    -1.9748
     1.3378     1.1800     0.1423    -1.9279
     1.0357     1.4823    -0.1076    -1.9091
     0.6980     1.7572    -0.3575    -1.7870
     0.4313     1.9313    -0.5984    -1.6649
     0.1380     2.0872    -0.7768    -1.4395
    -0.2354     2.2431    -1.0088    -1.2234
    -0.4577     2.2385    -1.1426    -1.0449
    -0.7245     2.2339    -1.3031    -0.7630
    -1.0536     2.2064    -1.4012    -0.5187
    -1.2849     1.9955    -1.5528    -0.1709
    -1.4272     1.8213    -1.6152     0.1112
    -1.5963     1.6105    -1.6063     0.5438
    -1.6941     1.2807    -1.5885     0.9672
    -1.7297     0.8870    -1.4547     1.3436
    -1.7564     0.6307    -1.4012     1.6448
    -1.7386     0.2738    -1.1961     1.9367
    -1.7119    -0.0645    -1.0177     2.1909
    -1.5696    -0.3388    -0.8571     2.3981
    -1.4450    -0.6129    -0.5984     2.4923
    -1.2938    -0.9235    -0.3396     2.5206
    -1.0981    -1.0970    -0.0362     2.5111
    -0.9024    -1.3069     0.1869     2.4075
    -0.6801    -1.4895     0.5440     2.1532
    -0.4133    -1.6446     0.8208     1.8896
    -0.1199    -1.7084     1.1511     1.6072
     0.1202    -1.7723     1.1690     1.2401
     0.4491    -1.7723     1.3298     0.8449
     0.6980    -1.7997     1.5620     0.5156
     0.9824    -1.6811     1.6781     0.1488
     1.2134    -1.6446     1.8478    -0.1991
     1.4533    -1.4712     1.8568    -0.4153
     1.7465    -1.3069     1.9104    -0.6691
     1.9064    -1.1152     1.8836    -0.9134
     1.9775    -0.8595     1.8746    -1.1577
     2.0219    -0.5672     1.8300    -1.3362
     2.0219    -0.3114     1.6245    -1.4301
     2.0397    -0.0828     1.3208    -1.6086
     2.0130     0.3013     0.9636    -1.6743
     1.8976     0.5300     0.7047    -1.7494
     1.6932     0.7680     0.3476    -1.7494
     1.4089     1.0609     0.0530    -1.7400
     1.0890     1.3540    -0.2861    -1.5804
     0.7958     1.6105    -0.6162    -1.4771
     0.5469     1.7572    -0.9017    -1.2798
     0.2269     1.9130    -1.1247    -1.0449
    -0.1287     2.0322    -1.3655    -0.8758
    -0.4311     2.1973    -1.5707    -0.6409
    -0.6623     2.2064    -1.6955    -0.4341
    -0.9291     2.2064    -1.8114    -0.1333
    -1.1693     2.1056    -1.8292     0.1206
    -1.3917     1.9130    -1.8738     0.4780
    -1.5874     1.7388    -1.8382     0.8355
    -1.6764     1.4456    -1.7044     1.2118
    -1.7653     1.2074    -1.6063     1.5130
    -1.7475     0.8412    -1.3566     1.7390
    -1.7475     0.5209    -1.1782     1.9367
    -1.7119     0.2738    -0.8928     2.1250
    -1.6408    -0.0920    -0.5716     2.3133
    -1.5073    -0.3571    -0.2682     2.3887
    -1.3294    -0.5764     0.1244     2.3793
    -1.1604    -0.9417     0.4815     2.3228
    -0.9202    -1.1244     0.9368     2.2568
    -0.6801    -1.3161     1.2583     2.1438
    -0.4400    -1.4256     1.7138     1.8802
    -0.1732    -1.6172     1.8568     1.6354
     0.1113    -1.6263     1.9461     1.4001
     0.4224    -1.6811     2.1337     1.0801
     0.6980    -1.6765     2.2946     0.7132
     0.9735    -1.6720     2.4733     0.4216
     1.2134    -1.6081     2.4644     0.1582
     1.4445    -1.5442     2.4912    -0.1427
     1.6755    -1.3252     2.4286    -0.4435
     1.8709    -1.1152     2.4107    -0.6879
     1.9064    -0.8687     2.1159    -0.9134
     1.9953    -0.5946     1.7585    -1.1013
     2.0130    -0.3662     1.3566    -1.3268
     1.9775    -0.0005     0.9100    -1.4771
     1.9509     0.2830     0.5708    -1.6086
     1.9064     0.6215     0.2405    -1.7213
     1.7199     0.9419    -0.1433    -1.8246
     1.4178     1.1800    -0.5538    -1.8152
     1.0801     1.5189    -0.9017    -1.7213
     0.7602     1.7663    -1.2318    -1.6555
     0.4313     1.9955    -1.4191    -1.4959
     0.1913     2.1697    -1.6598    -1.3550
    -0.0932     2.3532    -1.8292    -1.1295
    -0.3866     2.3807    -1.9273    -0.9792
    -0.7423     2.3899    -1.9987    -0.7067
    -1.0180     2.2890    -2.0031    -0.4623
    -1.2137     2.1973    -2.0076    -0.2085
    -1.4539     1.9588    -1.9987     0.1300
    -1.5607     1.7388    -1.8471     0.4968
    -1.6941     1.3540    -1.6152     0.8355
    -1.7475     1.0060    -1.4636     1.2118
    -1.8098     0.6673    -1.1515     1.5130
    -1.7920     0.4202    -0.9196     1.7484
    -1.7564     0.0635    -0.5449     2.0120
    -1.7208    -0.2382    -0.2415     2.1344
    -1.6230    -0.4667     0.1691     2.2757
    -1.4094    -0.7225     0.5618     2.3322
    -1.2493    -0.9965     0.9547     2.3510
    -1.0803    -1.2430     1.2583     2.1815
    -0.8313    -1.4712     1.5709     2.0308
    -0.5822    -1.6081     1.8389     1.8049
    -0.3244    -1.6172     2.1248     1.5130
    -0.0576    -1.7358     2.3303     1.2024
     0.2358    -1.7267     2.4107     0.8449
     0.5736    -1.7723     2.3973     0.5062
     0.8046    -1.7541     2.3839     0.1488
     1.0713    -1.7358     2.3392    -0.1803
     1.3201    -1.5716     2.1337    -0.4341
     1.5600    -1.3982     1.9550    -0.7067
     1.7554    -1.2157     1.7406    -0.9698
     1.8620    -0.9235     1.3923    -1.2047
     1.9331    -0.6403     1.1601    -1.4019
     1.9597    -0.3662     0.8475    -1.5428
     1.9420    -0.1011     0.5261    -1.6837
     1.8976     0.1275     0.2048    -1.8527
     1.8087     0.4111    -0.1344    -1.8809
     1.5777     0.6673    -0.4556    -1.8997
     1.3290     0.9877    -0.6965    -1.8715
     1.0801     1.2624    -0.9196    -1.7776
     0.7247     1.4823    -1.1336    -1.6461
     0.4491     1.7114    -1.3745    -1.4771
     0.1469     1.8855    -1.5439    -1.2610
    -0.1732     2.0047    -1.5707    -1.0355
    -0.4755     2.1697    -1.5662    -0.8382
    -0.7512     2.1606    -1.5617    -0.5563
    -1.0269     2.0597    -1.5528    -0.3589
    -1.3294     2.0322    -1.4636    -0.0204
    -1.5251     1.8397    -1.4012     0.3275
    -1.6586     1.6747    -1.2407     0.7320
    -1.7386     1.3998    -1.0712     1.0519
    -1.8543     1.0609    -0.8660     1.3907
    -1.8632     0.8046    -0.6162     1.6731
    -1.8276     0.5117    -0.3932     1.9461
    -1.8098     0.1458    -0.1255     2.1250
    -1.6852    -0.1468     0.1423     2.1721
    -1.5518    -0.4027     0.4190     2.3133
    -1.4450    -0.7408     0.6779     2.3887
    -1.3027    -0.9509     0.9547     2.3981
    -1.0536    -1.1974     1.1779     2.2851
    -0.8757    -1.4256     1.4012     2.1156
    -0.5645    -1.5898     1.6066     1.9084
    -0.3066    -1.6993     1.7228     1.6448
    -0.0221    -1.7814     1.8925     1.4189
     0.2624    -1.8088     1.9193     1.1177
     0.5558    -1.7997     2.0355     0.8355
     0.8224    -1.7905     2.0444     0.4780
     1.0979    -1.7541     2.0355     0.1582
     1.3467    -1.5260     1.9640    -0.0957
     1.5600    -1.3800     1.8121    -0.3119
     1.7021    -1.1335     1.6692    -0.5563
     1.8798    -0.8869     1.4727    -0.8758
     2.0042    -0.5307     1.2226    -1.0168
     1.9864    -0.2931     0.9011    -1.2516
     1.9864     0.1092     0.6779    -1.3831
     1.9686     0.4294     0.3565    -1.5804
     1.8709     0.6856     0.1244    -1.6931
     1.6222     1.0060    -0.1612    -1.7400
     1.4178     1.2532    -0.3842    -1.6931
     1.1335     1.5647    -0.6341    -1.6743
     0.8046     1.8397    -0.8571    -1.5522
     0.5469     1.9772    -0.9731    -1.3456
     0.2269     2.1606    -1.1158    -1.1765
    -0.0398     2.3440    -1.1336    -0.9510
    -0.3333     2.3715    -1.2407    -0.7724
    -0.6178     2.3440    -1.2764    -0.4811
    -0.9647     2.2615    -1.2764    -0.2743
    -1.1604     2.0964    -1.2139     0.0172
    -1.3828     1.9038    -1.1336     0.4027
    -1.5518     1.7022    -1.0980     0.7884
    -1.6408     1.3998    -0.9998     1.1554
    -1.6941     1.1433    -0.9106     1.4848
    -1.6941     0.8503    -0.7411     1.7201
    -1.7030     0.6032    -0.5716     1.9932
    -1.6497     0.3104    -0.3664     2.2286
    -1.5607     0.0178    -0.1612     2.3793
    -1.4361    -0.2565     0.0441     2.5017
    -1.2671    -0.5398     0.2137     2.4923
    -1.0803    -0.7956     0.4726     2.4923
    -0.9202    -1.0057     0.7315     2.3228
    -0.6534    -1.2339     0.8565     2.1532
    -0.4489    -1.3343     1.1065     1.8896
    -0.1287    -1.5077     1.3476     1.6448
     0.1469    -1.6081     1.5263     1.3342
     0.4313    -1.7541     1.6513     0.9672
     0.6891    -1.7723     1.8300     0.6379
     1.0002    -1.7176     1.8925     0.2899
     1.2756    -1.6537     1.9818     0.0078
     1.5244    -1.5625     1.9282    -0.2743
     1.7288    -1.3434     1.8568    -0.4999
     1.9775    -1.1791     1.7228    -0.7724
     2.0397    -0.9783     1.6066    -0.9980
     2.0752    -0.7225     1.3387    -1.2234
     2.0841    -0.4302     1.1244    -1.3925
     2.0930    -0.1834     0.8565    -1.5898
     2.0663     0.1001     0.5529    -1.6743
     2.0397     0.4202     0.2851    -1.7776
     1.8798     0.6856    -0.0094    -1.7917
     1.5955     0.9877    -0.1969    -1.8058
     1.3467     1.2532    -0.4021    -1.7588
     1.0446     1.5922    -0.5359    -1.6086
     0.7602     1.8397    -0.7411    -1.4771
     0.4313     2.0047    -0.8839    -1.2422
     0.1735     2.1789    -0.9998    -1.0825
    -0.1376     2.2890    -1.0534    -0.8194
    -0.4666     2.2615    -1.1247    -0.6409
    -0.7423     2.2615    -1.2318    -0.4059
    -1.0447     2.1514    -1.3031    -0.1051
    -1.3116     1.9313    -1.3566     0.2523
    -1.4450     1.6747    -1.3388     0.6003
    -1.5251     1.4181    -1.3031     0.9013
    -1.5785     1.0334    -1.2050     1.2589
    -1.5518     0.7588    -1.0980     1.5413
    -1.5874     0.3562    -0.9196     1.7954
    -1.5607     0.0818    -0.7501     1.9649
    -1.5073    -0.1925    -0.5359     2.1438
    -1.3828    -0.4667    -0.3396     2.2380
    -1.2226    -0.7225    -0.0630     2.3416
    -1.0447    -1.0331     0.2048     2.2945
    -0.8491    -1.2157     0.4993     2.1909
    -0.6000    -1.4530     0.8654     2.0497
    -0.3599    -1.5442     1.1154     1.9084
    -0.1287    -1.6993     1.4548     1.6919
     0.1113    -1.7449     1.6513     1.3718
     0.3958    -1.8544     1.9193     1.0707
     0.6980    -1.8635     2.1248     0.7132
     0.9291    -1.7905     2.3035     0.4122
     1.2046    -1.6263     2.3482     0.0266
     1.4622    -1.5442     2.2946    -0.1897
     1.7465    -1.3069     2.2052    -0.4341
     1.9331    -1.1700     2.0265    -0.6879
     2.0130    -0.8504     1.8657    -0.9510
     2.0575    -0.5946     1.5799    -1.1671
     2.0397    -0.3296     1.3834    -1.3174
     2.0486    -0.0280     1.0797    -1.4959
     2.0841     0.2738     0.8118    -1.6649
     1.9953     0.5941     0.5083    -1.7964
     1.8176     0.7954     0.2494    -1.8152
     1.5333     1.1617    -0.0362    -1.7682
     1.2845     1.3723    -0.2504    -1.7025
     0.9024     1.6197    -0.4824    -1.5992
     0.6535     1.8763    -0.7679    -1.4207
     0.3513     1.9864    -0.9106    -1.2328
     0.0313     2.1147    -1.1515    -1.0919
    -0.2621     2.2706    -1.2585    -0.8382
    -0.5734     2.2890    -1.4280    -0.5845
    -0.8402     2.2431    -1.5082    -0.3213
    -1.0981     2.1606    -1.5528    -0.0674
    -1.3472     1.9955    -1.6152     0.3087
    -1.5429     1.7938    -1.5796     0.6849
    -1.6141     1.5647    -1.5172     1.0613
    -1.6586     1.2532    -1.3834     1.3624
    -1.7208     0.9602    -1.2853     1.6542
    -1.6941     0.6490    -1.0266     1.9178
    -1.6230     0.3470    -0.7679     2.1156
    -1.5696     0.0452    -0.5092     2.2945
    -1.3739    -0.2291    -0.2504     2.3699
    -1.2849    -0.4941     0.0441     2.3887
    -1.0447    -0.7773     0.3565     2.3793
    -0.8313    -1.0605     0.6868     2.2663
    -0.6000    -1.1883     1.0618     2.0591
    -0.3599    -1.4347     1.3387     1.8425
    -0.0754    -1.5077     1.6870     1.6542
     0.1913    -1.6902     1.8657     1.3436
     0.4047    -1.6902     2.0712     1.0048
     0.6891    -1.7997     2.2142     0.6473
     0.9735    -1.7632     2.3929     0.3557
     1.2134    -1.6993     2.4107     0.0454
     1.5333    -1.5533     2.3214    -0.1991
     1.7910    -1.4803     2.1963    -0.4341
     2.0130    -1.2430     1.9550    -0.6315
     2.0930    -1.0787     1.7496    -0.8476
     2.0752    -0.8230     1.4995    -1.0449
     2.1019    -0.4759     1.1422    -1.2704
     2.1019    -0.2108     0.8297    -1.4489
     2.0486     0.1184     0.4726    -1.6086
     1.9953     0.4660     0.1869    -1.6931
     1.8265     0.7680    -0.0898    -1.7870
     1.5333     1.0701    -0.4289    -1.7682
     1.2579     1.3815    -0.6252    -1.6931
     0.9291     1.7022    -0.8482    -1.5710
     0.6624     1.8855    -1.0801    -1.4395
     0.4047     2.0780    -1.2853    -1.2798
     0.1291     2.1697    -1.4458    -1.1483
    -0.1910     2.3532    -1.6152    -0.9134
    -0.5200     2.3073    -1.7222    -0.6785
    -0.8046     2.2431    -1.7312    -0.4717
    -1.0803     2.1789    -1.7847    -0.1897
    -1.2493     1.9222    -1.6598     0.1394
    -1.4895     1.7297    -1.5885     0.4780
    -1.5518     1.4548    -1.4369     0.8825
    -1.6586     1.1433    -1.2585     1.2401
    -1.6052     0.8686    -1.0444     1.5224
    -1.5874     0.5117    -0.8571     1.8425
    -1.5251     0.2555    -0.5538     2.1062
    -1.4539    -0.0737    -0.3307     2.2757
    -1.3472    -0.3753    -0.0184     2.3887
    -1.2226    -0.5490     0.2494     2.5206
    -1.0892    -0.7956     0.4993     2.4735
    -0.8313    -1.0422     0.8118     2.3604
    -0.6178    -1.1791     1.0618     2.2380
    -0.3421    -1.3343     1.3923     1.9837
    -0.1465    -1.4986     1.6513     1.7013
     0.1291    -1.6537     1.9104     1.4189
     0.3869    -1.6720     2.0623     1.1083
     0.6535    -1.6674     2.1963     0.7320
     0.9380    -1.6628     2.2231     0.4027
     1.2046    -1.6355     2.1337     0.0266
     1.4622    -1.5716     2.0176    -0.2367
     1.7554    -1.3800     1.8121    -0.4529
     2.0130    -1.2065     1.7585    -0.6785
     2.0219    -1.0422     1.5799    -0.9134
     2.1019    -0.7225     1.4101    -1.0919
     2.0663    -0.5307     1.1244    -1.2516
     2.0752    -0.2291     0.8743    -1.4959
     1.9864     0.1001     0.5886    -1.5616
     1.8709     0.4477     0.2673    -1.7307
     1.7110     0.6673    -0.0184    -1.7260
     1.4800     1.0243    -0.2325    -1.7213
     1.2579     1.3815    -0.4735    -1.6931
     0.9380     1.6930    -0.6787    -1.5146
     0.6447     1.9038    -0.9285    -1.3831
     0.3247     2.0964    -1.0712    -1.2141
     0.0135     2.2798    -1.1604    -0.9792
    -0.3599     2.4082    -1.3031    -0.8100
    -0.6623     2.4357    -1.3655    -0.6315
    -0.9380     2.4541    -1.4191    -0.3871
    -1.2493     2.3073    -1.3923    -0.0957
    -1.4539     2.0964    -1.4012     0.2241
    -1.6319     1.8947    -1.2764     0.5156
    -1.7653     1.6105    -1.1604     0.9578
    -1.8810     1.2807    -1.0534     1.2401
    -1.8721     0.8778    -0.9642     1.5789
    -1.8098     0.5575    -0.8214     1.8143
    -1.7653     0.2647    -0.5984     2.0873
    -1.6852    -0.1011    -0.3396     2.2663
    -1.5073    -0.3845    -0.1165     2.4452
    -1.3917    -0.5581     0.1334     2.5206
    -1.2226    -0.7865     0.3744     2.5111
    -1.0269    -1.0331     0.6958     2.4264
    -0.7690    -1.2157     0.9547     2.2286
    -0.5378    -1.3343     1.1779     2.0591
    -0.3244    -1.4438     1.4012     1.7954
    -0.0487    -1.5716     1.6066     1.4660
     0.1824    -1.5990     1.8300     1.1648
     0.4491    -1.6628     1.9640     0.8261
     0.7158    -1.6172     2.0980     0.4874
     0.9557    -1.5625     2.0801     0.1112
     1.2756    -1.4165     2.0891    -0.1991
     1.5511    -1.3161     1.9550    -0.4247
     1.7910    -1.0513     1.8836    -0.6597
     1.9509    -0.8961     1.7049    -0.8664
     2.0219    -0.6220     1.4727    -1.1013
     2.0397    -0.4119     1.2583    -1.3456
     1.9686    -0.0920     0.9993    -1.4959
     1.9420     0.1458     0.6690    -1.5992
     1.7910     0.4660     0.4190    -1.7307
     1.6577     0.7313     0.0887    -1.7776
     1.4711     0.9785    -0.1612    -1.8058
     1.2312     1.2990    -0.4110    -1.6931
     0.8491     1.5647    -0.6787    -1.5992
     0.6180     1.8213    -0.8928    -1.4019
     0.2802     1.9955    -1.1158    -1.2141
    -0.0576     2.1606    -1.2764    -1.0637
    -0.3510     2.2798    -1.3655    -0.8194
    -0.6000     2.2936    -1.4726    -0.5563
    -0.9024     2.3073    -1.5885    -0.2837
    -1.1959     2.2615    -1.5885    -0.0392
    -1.4094     2.0689    -1.5751     0.2899
    -1.5607     1.8947    -1.5617     0.6473
    -1.6852     1.5922    -1.4993     0.9484
    -1.7208     1.2716    -1.3745     1.2871
    -1.7208     0.9785    -1.2496     1.5601
    -1.7119     0.6215    -1.0266     1.8049
    -1.7297     0.2921    -0.8125     2.0497
    -1.5607     0.0178    -0.5895     2.2192
    -1.4628    -0.2839    -0.3486     2.3510
    -1.2938    -0.5490    -0.0094     2.3699
    -1.0981    -0.8139     0.3030     2.3604
    -0.9024    -1.0605     0.5975     2.2568
    -0.6890    -1.2704     0.8386     2.1156
    -0.4400    -1.4621     1.1244     1.9084
    -0.1732    -1.6628     1.4459     1.6731
     0.0757    -1.6628     1.6781     1.4283
     0.3424    -1.8088     1.9372     1.1460
     0.5202    -1.8088     2.1248     0.7790
     0.8313    -1.7723     2.3124     0.4216
     1.1335    -1.6811     2.3214     0.0830
     1.3734    -1.5716     2.2856    -0.1709
     1.6044    -1.3434     2.1516    -0.4623
     1.8976    -1.1518     2.0176    -0.7161
     2.0397    -0.9600     1.8032    -0.9792
     2.0752    -0.6403     1.6513    -1.1295
     2.0486    -0.3571     1.3476    -1.3080
     2.0397    -0.1194     1.0172    -1.5146
     2.0308     0.2281     0.6600    -1.6837
     1.9509     0.5026     0.3387    -1.8058
     1.8354     0.7680     0.0263    -1.8527
     1.5689     0.9968    -0.2236    -1.8246
     1.3467     1.2899    -0.4913    -1.7400
     1.0801     1.5464    -0.6876    -1.6743
     0.8046     1.7297    -0.8839    -1.5053
     0.4936     1.9222    -1.0801    -1.3268
     0.1824     2.0597    -1.2228    -1.0543
    -0.1821     2.1697    -1.4101    -0.8476
    -0.5378     2.2248    -1.4993    -0.5751
    -0.7779     2.1973    -1.5350    -0.3495
    -1.0625     2.1697    -1.5528    -0.0392
    -1.3561     2.0689    -1.5617     0.2805
    -1.5073     1.8580    -1.4993     0.6003
    -1.6319     1.6564    -1.4547     0.9013
    -1.6764     1.2899    -1.3120     1.2495
    -1.6852     1.0243    -1.1872     1.5601
    -1.6586     0.6307    -0.9642     1.8237
    -1.6586     0.3104    -0.7501     2.0685
    -1.5429    -0.0188    -0.4913     2.1909
    -1.3739    -0.4393    -0.2415     2.3133
    -1.2315    -0.6586     0.0709     2.3699
    -1.1070    -0.9143     0.4101     2.3133
    -0.9113    -1.1518     0.6422     2.2474
    -0.7068    -1.3982     0.9279     2.0685
    -0.5289    -1.5260     1.1422     1.9084
    -0.2443    -1.7358     1.4369     1.6825
    -0.0221    -1.7358     1.6066     1.4095
     0.2624    -1.8635     1.8210     1.1177
     0.4936    -1.8179     1.8925     0.7696
     0.8135    -1.7449     1.9997     0.4216
     1.0890    -1.6811     2.0623     0.1206
     1.3467    -1.5351     2.0265    -0.2179
     1.6932    -1.3252     1.9461    -0.4247
     1.8354    -1.1061     1.8121    -0.7067
     2.0130    -0.8778     1.6245    -0.9792
     2.0575    -0.6586     1.3923    -1.1953
     2.0663    -0.3388     1.1958    -1.3268
     2.0575    -0.0554     0.9011    -1.4959
     1.9953     0.2555     0.6243    -1.5804
     1.8887     0.5117     0.2673    -1.7494
     1.7199     0.7496    -0.0094    -1.7964
     1.4978     1.0792    -0.2772    -1.8152
     1.2579     1.3265    -0.5092    -1.7682
     1.0002     1.6289    -0.7322    -1.6367
     0.7247     1.8030    -0.9374    -1.5146
     0.4313     1.9772    -1.1158    -1.3174
     0.1024     2.1331    -1.2942    -1.0825
    -0.2266     2.2248    -1.4280    -0.8476
    -0.5289     2.2202    -1.4993    -0.6409
    -0.8579     2.2156    -1.5617    -0.4059
    -1.1248     2.1422    -1.5528    -0.1709
    -1.3828     2.0414    -1.5439     0.1582
    -1.5518     1.8213    -1.4993     0.4968
    -1.6675     1.6747    -1.3834     0.8166
    -1.7208     1.3448    -1.3120     1.1177
    -1.7297     0.9877    -1.1158     1.4471
    -1.7208     0.7039    -0.9731     1.7201
    -1.6852     0.3470    -0.7501     1.9084
    -1.5874    -0.0462    -0.4824     2.1438
    -1.4895    -0.2839    -0.2504     2.2192
    -1.3472    -0.6403     0.0887     2.2333
    -1.1426    -0.8413     0.3744     2.2474
    -0.9647    -1.1518     0.6958     2.1156
    -0.7245    -1.3617     0.9458     1.9555
    -0.5378    -1.5716     1.1511     1.7860
    -0.3066    -1.6720     1.3298     1.5601
    -0.0487    -1.8635     1.6245     1.2307
     0.2358    -1.8726     1.8300     0.9390
     0.4669    -1.8818     2.0355     0.5909
     0.6980    -1.9000     2.1963     0.2523
     1.0535    -1.7997     2.2946    -0.0674
     1.2934    -1.6446     2.2767    -0.3495
     1.5422    -1.5351     2.1516    -0.5845
     1.7643    -1.3343     2.0087    -0.8664
     1.9242    -1.1152     1.8032    -1.1201
     1.9597    -0.8595     1.6156    -1.3080
     1.9597    -0.5855     1.4101    -1.4959
     1.9686    -0.3022     1.0618    -1.6367
     1.8798    -0.0554     0.7583    -1.7776
     1.7821     0.2373     0.4369    -1.8621
     1.5866     0.6032     0.1780    -1.8809
     1.4178     0.8595    -0.1433    -1.8903
     1.1690     1.2074    -0.3664    -1.8433
     0.9557     1.4090    -0.6252    -1.7870
     0.6180     1.7480    -0.8304    -1.5992
     0.3069     1.8763    -1.0712    -1.4113
    -0.0132     2.0322    -1.2228    -1.1765
    -0.2977     2.1606    -1.3834    -0.9604
    -0.6712     2.2339    -1.4280    -0.7442
    -0.9469     2.1973    -1.5082    -0.4811
    -1.2493     2.0872    -1.4904    -0.2085
    -1.4895     1.9405    -1.5172     0.1206
    -1.6319     1.7297    -1.4547     0.4592
    -1.8187     1.5006    -1.3834     0.7978
    -1.8276     1.2166    -1.2139     1.1083
    -1.8543     0.8503    -1.0712     1.4001
    -1.8454     0.5758    -0.8660     1.7672
    -1.7653     0.2555    -0.6162     1.9649
    -1.7831    -0.0645    -0.3664     2.2098
    -1.6141    -0.3296    -0.1612     2.2945
    -1.4628    -0.7134     0.2315     2.3322
    -1.2404    -0.9509     0.5440     2.3793
    -1.0981    -1.2339     0.8386     2.3510
    -0.8491    -1.3708     1.0618     2.1627
    -0.6356    -1.5168     1.3387     1.9837
    -0.4133    -1.6993     1.5352     1.6919
    -0.1821    -1.7541     1.8032     1.4377
     0.0846    -1.7632     1.9461     1.1554
     0.3424    -1.7723     2.1427     0.8072
     0.6180    -1.7905     2.2231     0.4310
     0.8757    -1.6446     2.2007     0.0360
     1.1601    -1.6355     2.1784    -0.2085
     1.4000    -1.4347     2.1069    -0.4435
     1.6666    -1.2065     1.9550    -0.6691
     1.7732    -1.0148     1.7585    -0.9134
     1.8887    -0.7682     1.4905    -1.1389
     1.8976    -0.5124     1.2762    -1.3174
     1.9064    -0.2291     0.9547    -1.4489
     1.8265     0.1641     0.6690    -1.5616
     1.6932     0.4202     0.3119    -1.6743
     1.6310     0.6581     0.0084    -1.7119
     1.3912     1.0060    -0.2950    -1.7588
     1.2046     1.3357    -0.5270    -1.6273
     0.8846     1.5922    -0.7501    -1.5522
     0.6535     1.8947    -0.9106    -1.3925
     0.3069     2.0780    -1.1158    -1.2610
     0.0046     2.1973    -1.2585    -1.0449
    -0.2888     2.3165    -1.3655    -0.8852
    -0.6178     2.3348    -1.4458    -0.6503
    -0.8935     2.2890    -1.4636    -0.4529
    -1.1959     2.1973    -1.4458    -0.1521
    -1.4361     2.0230    -1.4904     0.1206
    -1.5785     1.8305    -1.4726     0.5156
    -1.7653     1.5464    -1.4101     0.8166
    -1.8276     1.3265    -1.2585     1.1930
    -1.8276     0.9785    -1.1336     1.4754
    -1.8009     0.7130    -0.9196     1.7295
    -1.7475     0.4568    -0.7055     1.9461
    -1.6764     0.1001    -0.4289     2.1532
    -1.5073    -0.2291    -0.1522     2.2474
    -1.3739    -0.5764     0.1244     2.3604
    -1.2137    -0.8321     0.3922     2.3416
    -0.9469    -1.0878     0.6690     2.2945
    -0.7601    -1.3069     0.8833     2.1062
    -0.4666    -1.5168     1.0886     1.8990
    -0.2443    -1.6081     1.3834     1.6166
    -0.0665    -1.7084     1.5799     1.3718
     0.1913    -1.7723     1.7317     1.0613
     0.5113    -1.7632     1.9193     0.7320
     0.7780    -1.7495     2.0444     0.3839
     0.9913    -1.7358     2.1069     0.0830
     1.3378    -1.6446     2.0623    -0.2367
     1.5689    -1.4803     2.0176    -0.4623
     1.8354    -1.2887     1.8925    -0.7161
     1.9064    -1.0970     1.7674    -0.9416
     2.0130    -0.9052     1.5620    -1.2234
     1.9597    -0.6220     1.2672    -1.3925
     1.9686    -0.2657     0.9190    -1.6180
     1.9686    -0.0280     0.6154    -1.7588
     1.8887     0.3287     0.2762    -1.8527
     1.7821     0.5941     0.0263    -1.8246
     1.5955     0.8595    -0.2593    -1.7870
     1.3645     1.2258    -0.5270    -1.7588
     1.0890     1.4548    -0.7679    -1.6649
     0.7780     1.7297    -0.9998    -1.4865
     0.5469     1.8947    -1.2139    -1.2986
     0.1558     2.1056    -1.3834    -1.0825
    -0.1287     2.2156    -1.4904    -0.9040
    -0.4755     2.2064    -1.6598    -0.7067
    -0.8135     2.1973    -1.7044    -0.4341
    -1.0714     2.0964    -1.7044    -0.2085
    -1.2938     2.0230    -1.7133     0.1676
    -1.4984     1.7572    -1.7133     0.4686
    -1.6497     1.6014    -1.6598     0.8166
    -1.7297     1.2349    -1.4815     1.1366
    -1.6852     0.8961    -1.2942     1.4377
    -1.7208     0.6215    -1.0890     1.6636
    -1.6586     0.3379    -0.9106     1.9273
    -1.5518     0.0178    -0.6430     2.0967
    -1.4539    -0.3571    -0.4021     2.2568
    -1.2849    -0.5855    -0.0808     2.3133
    -1.0714    -0.9326     0.2048     2.3416
    -0.9202    -1.1791     0.5261     2.2757
    -0.6534    -1.4073     0.7761     2.1438
    -0.4044    -1.4895     1.0261     1.9084
    -0.2088    -1.5898     1.2851     1.7107
     0.0669    -1.7084     1.5084     1.4754
     0.3158    -1.8179     1.7585     1.1836
     0.5558    -1.7997     1.8210     0.7978
     0.8224    -1.7814     1.9640     0.4404
     1.0890    -1.6902     1.9640     0.1206
     1.3556    -1.5807     1.9729    -0.1803
     1.6310    -1.3891     1.8925    -0.5093
     1.8620    -1.2065     1.7853    -0.7818
     1.9242    -1.0422     1.5263    -1.0637
     2.0042    -0.8230     1.3566    -1.3550
     2.0042    -0.5672     1.0886    -1.4771
     1.9420    -0.2657     0.7850    -1.6555
     1.9509    -0.0188     0.4369    -1.7682
     1.9242     0.3653     0.1423    -1.8340
     1.7643     0.5941    -0.1612    -1.8809
     1.5511     0.9419    -0.3753    -1.8340
     1.3201     1.1891    -0.6519    -1.7494
     1.0535     1.5189    -0.8393    -1.6367
     0.7513     1.7847    -1.0890    -1.5616
     0.5113     1.9680    -1.2407    -1.4113
     0.1646     2.1697    -1.4369    -1.2328
    -0.2177     2.2339    -1.4815    -0.9698
    -0.5111     2.2385    -1.6242    -0.7912
    -0.8402     2.2431    -1.6420    -0.5187
    -1.1515     2.1697    -1.6955    -0.3025
    -1.4006     1.9680    -1.6509    -0.0486
    -1.5607     1.7755    -1.6063     0.3087
    -1.7119     1.4456    -1.5707     0.6191
    -1.8454     1.1525    -1.4369     1.0236
    -1.8187     0.8686    -1.2853     1.2495
    -1.7920     0.4843    -1.0534     1.5130
    -1.7564     0.2281    -0.8928     1.8049
    -1.7208    -0.1011    -0.6519     1.9837
    -1.6230    -0.4027    -0.3664     2.1627
    -1.4717    -0.6312    -0.1433     2.2192
    -1.2849    -0.9509     0.1958     2.1909
    -1.0625    -1.1883     0.4636     2.1344
    -0.8757    -1.4165     0.7493     2.0120
    -0.6623    -1.6172     0.9547     1.8519
    -0.4044    -1.7176     1.2315     1.5977
    -0.1910    -1.8635     1.4369     1.2871
     0.0580    -1.9091     1.6960     0.9484
     0.2980    -1.9365     1.8300     0.6379
     0.5647    -1.9456     1.9997     0.2711
     0.8313    -1.8179     2.0623    -0.0392
     1.1423    -1.7267     2.0712    -0.3589
     1.3912    -1.6263     2.0444    -0.6127
     1.6133    -1.3800     1.8836    -0.8946
     1.7643    -1.2522     1.7853    -1.1671
     1.8620    -0.9691     1.5531    -1.4207
     1.8620    -0.7865     1.3387    -1.5804
     1.8354    -0.4576     1.0172    -1.7213
     1.7821    -0.2108     0.7493    -1.8152
     1.6666     0.2007     0.3833    -1.9091
     1.4978     0.4660     0.1334    -1.9372
     1.3645     0.7863    -0.1701    -1.9654
     1.0535     1.0792    -0.4824    -1.8903
     0.8046     1.3723    -0.6965    -1.8246
     0.5824     1.6197    -0.8928    -1.6461
     0.3069     1.8947    -1.1247    -1.4395
    -0.0576     2.0230    -1.3566    -1.2422
    -0.3421     2.1331    -1.4547    -1.0543
    -0.7068     2.2523    -1.5350    -0.7536
    -1.0092     2.2064    -1.6242    -0.5375
    -1.2493     2.1056    -1.6866    -0.2743
    -1.5340     1.9588    -1.7044    -0.0016
    -1.6586     1.7297    -1.6866     0.3745
    -1.8009     1.4548    -1.5617     0.6473
    -1.9255     1.1617    -1.4369     0.9766
    -1.9433     0.8870    -1.2764     1.2024
    -1.8988     0.5849    -1.1069     1.5036
    -1.8899     0.3013    -0.8839     1.7484
    -1.8009    -0.0371    -0.6519     1.9743
    -1.6586    -0.4027    -0.3396     2.1250
    -1.5340    -0.6403    -0.0273     2.2286
    -1.3561    -0.8961     0.2405     2.2568
    -1.1248    -1.1609     0.6065     2.2098
    -0.8668    -1.4438     0.9011     2.1438
    -0.6979    -1.5990     1.1869     1.9555
    -0.4222    -1.7084     1.4191     1.6919
    -0.1999    -1.7905     1.6156     1.4095
     0.0402    -1.8544     1.8478     1.1366
     0.2802    -1.8453     1.9640     0.7320
     0.5558    -1.8270     2.0355     0.4122
     0.8224    -1.7449     2.0980     0.0172
     1.0446    -1.6081     2.1248    -0.2931
     1.3556    -1.4895     2.0355    -0.6221
     1.5866    -1.3891     1.8568    -0.8758
     1.7377    -1.1700     1.6870    -1.1201
     1.8620    -0.9509     1.4191    -1.3080
     1.8887    -0.7043     1.1869    -1.4865
     1.8976    -0.4576     0.8386    -1.6461
     1.8176    -0.1468     0.5975    -1.7307
     1.7288     0.2190     0.2762    -1.8715
     1.5777     0.5209     0.0263    -1.8997
     1.3645     0.7496    -0.2861    -1.9279
     1.1423     1.1433    -0.4824    -1.8997
     0.8935     1.4181    -0.7411    -1.8340
     0.6002     1.7480    -0.9463    -1.6273
     0.3424     1.9130    -1.1872    -1.4489
     0.0402     2.1514    -1.2853    -1.1859
    -0.3066     2.2339    -1.4101    -0.9886
    -0.5911     2.2294    -1.5350    -0.7067
    -0.8846     2.2248    -1.5528    -0.4623
    -1.2048     2.1606    -1.5662    -0.1991
    -1.4450     1.9130    -1.5796     0.0830
    -1.6408     1.6839    -1.5439     0.4404
    -1.7564     1.4731    -1.4815     0.6943
    -1.8632     1.1067    -1.4012     1.0613
    -1.8632     0.8320    -1.1961     1.3248
    -1.8632     0.5300    -1.0444     1.5507
    -1.8810     0.2555    -0.8036     1.8237
    -1.7653    -0.0737    -0.5984     1.9743
    -1.6319    -0.3296    -0.3039     2.1062
    -1.4984    -0.6403    -0.0898     2.2192
    -1.2849    -0.8321     0.2405     2.2851
    -1.0714    -1.1244     0.4726     2.1627
    -0.9202    -1.3434     0.7404     2.1627
    -0.6089    -1.5077     0.9726     1.9367
    -0.3955    -1.6720     1.2762     1.7484
    -0.1910    -1.7814     1.4816     1.4942
     0.1202    -1.8635     1.7317     1.1554
     0.3780    -1.8818     1.9014     0.7320
     0.6091    -1.8635     2.0980     0.3745
     0.8580    -1.7541     2.1605     0.0172
     1.1868    -1.6172     2.1427    -0.3307
     1.4000    -1.5351     2.0533    -0.5469
     1.7021    -1.3708     1.9104    -0.8476
     1.8709    -1.1700     1.7764    -1.0731
     1.8798    -0.9235     1.5620    -1.3268
     1.8709    -0.7317     1.2672    -1.4583
     1.8709    -0.4119     1.0083    -1.6086
     1.8887    -0.1651     0.6690    -1.7870
     1.8087     0.2281     0.3208    -1.8809
     1.6222     0.5758     0.0352    -1.9279
     1.4445     0.8686    -0.2950    -1.9654
     1.2223     1.1891    -0.4913    -1.8997
     0.9291     1.4456    -0.7679    -1.8058
     0.6624     1.7755    -1.0177    -1.6555
     0.4224     1.9864    -1.2764    -1.4113
     0.0935     2.1147    -1.4636    -1.2328
    -0.2266     2.1376    -1.6152    -0.9886
    -0.5200     2.1606    -1.6866    -0.7818
    -0.8313     2.1881    -1.7936    -0.5093
    -1.1782     2.0780    -1.8292    -0.2085
    -1.4183     1.9130    -1.7936     0.1112
    -1.5963     1.6655    -1.7936     0.4686
    -1.7386     1.4273    -1.6777     0.7884
    -1.8187     1.0426    -1.5707     1.0895
    -1.8454     0.8046    -1.4012     1.3436
    -1.8632     0.4751    -1.2228     1.5224
    -1.8009     0.2373    -0.9552     1.7578
    -1.7119    -0.1011    -0.7501     1.9837
    -1.5874    -0.4484    -0.4467     2.0685
    -1.4984    -0.6677    -0.1790     2.2098
    -1.3116    -0.9143     0.1512     2.2003
    -1.1515    -1.1700     0.4636     2.1627
    -0.8757    -1.3252     0.7225     2.0214
    -0.6267    -1.5442     0.9636     1.8896
    -0.4222    -1.6720     1.2672     1.6166
    -0.1554    -1.8635     1.4816     1.3436
     0.0491    -1.8544     1.6870     1.0048
     0.2802    -1.8362     1.7942     0.6849
     0.5380    -1.8179     1.9104     0.3275
     0.7958    -1.7723     1.9640    -0.0110
     1.0713    -1.7084     1.9818    -0.2931
     1.3112    -1.6172     1.8925    -0.5845
     1.6044    -1.3982     1.7853    -0.8288
     1.7910    -1.2796     1.6066    -1.1107
     1.8443    -0.9965     1.4012    -1.3456
     1.8709    -0.7499     1.1511    -1.6273
     1.8798    -0.5672     0.8565    -1.7964
     1.8265    -0.2474     0.6154    -1.8809
     1.7110     0.1092     0.2940    -1.9466
     1.5333     0.4843     0.0441    -1.9560
     1.3556     0.7588    -0.2325    -1.9842
     1.1335     1.1067    -0.4556    -1.9185
     0.8669     1.3815    -0.7144    -1.8433
     0.6091     1.6289    -0.9196    -1.6743
     0.3602     1.8763    -1.1872    -1.5053
     0.0313     2.0047    -1.3299    -1.3268
    -0.3333     2.0414    -1.4726    -1.0637
    -0.6178     2.0551    -1.5974    -0.8946
    -0.9558     2.0689    -1.6242    -0.6033
    -1.2404     1.9405    -1.6687    -0.2555
    -1.4984     1.8397    -1.7401     0.0454
    -1.7030     1.5281    -1.7044     0.3463
    -1.8454     1.3540    -1.5885     0.6003
    -1.9522     1.0609    -1.5261     0.8825
    -2.0590     0.7863    -1.4012     1.2118
    -1.9967     0.5117    -1.2496     1.4283
    -1.9878     0.2830    -0.9820     1.6636
    -1.9077    -0.0554    -0.7679     1.8425
    -1.7653    -0.3479    -0.4913     1.9649
    -1.6052    -0.6860    -0.2058     2.0402
    -1.4628    -0.9417     0.1066     2.0591
    -1.2226    -1.1700     0.4101     2.0120
    -0.9736    -1.3617     0.6600     1.9367
    -0.7156    -1.5898     0.9636     1.7766
    -0.5022    -1.7541     1.2047     1.6072
    -0.2710    -1.8088     1.5173     1.3248
    -0.0221    -1.9638     1.7317     1.0048
     0.2447    -1.9274     1.8836     0.6943
     0.5380    -1.9365     2.0623     0.3087
     0.8224    -1.9456     2.1963    -0.0110
     1.1423    -1.8179     2.1695    -0.2649
     1.3912    -1.6993     2.0801    -0.5751
     1.6932    -1.5533     1.9550    -0.8382
     1.8531    -1.2887     1.7585    -1.1107
     1.9064    -1.1061     1.5352    -1.3550
     1.9331    -0.8230     1.2405    -1.5522
     1.9242    -0.5946     0.9011    -1.6837
     1.8531    -0.2748     0.6779    -1.8433
     1.7998     0.0726     0.3476    -1.9279
     1.6666     0.3379     0.1066    -1.9279
     1.4800     0.6947    -0.1969    -1.8809
     1.2668     0.9510    -0.4556    -1.8246
     0.9913     1.2441    -0.6876    -1.7400
     0.7158     1.5281    -0.9463    -1.6367
     0.4402     1.7572    -1.1426    -1.4583
     0.1469     1.9588    -1.3209    -1.2892
    -0.1821     2.1147    -1.4458    -1.0168
    -0.4755     2.1422    -1.5617    -0.7724
    -0.7423     2.0780    -1.5707    -0.5093
    -1.0981     1.9955    -1.6242    -0.2085
    -1.3027     1.8397    -1.6242     0.1300
    -1.5607     1.6655    -1.5707     0.3839
    -1.7297     1.5097    -1.4547     0.6943
    -1.8187     1.2166    -1.3745     1.0519
    -1.8899     0.9236    -1.2496     1.2495
    -1.9255     0.5849    -1.0712     1.5413
    -1.8009     0.2921    -0.8571     1.7107
    -1.7564    -0.0005    -0.5984     1.9273
    -1.6319    -0.2291    -0.3218     2.0402
    -1.4717    -0.5398    -0.0273     2.1627
    -1.2938    -0.7499     0.2226     2.2286
    -1.0892    -1.0422     0.5351     2.2380
    -0.8491    -1.2065     0.7672     2.1438
    -0.6178    -1.4073     1.0797     1.9555
    -0.3777    -1.5442     1.2583     1.7766
    -0.0843    -1.6081     1.5799     1.5130
     0.1824    -1.7358     1.7674     1.2683
     0.4047    -1.7449     1.9640     0.9484
     0.6002    -1.7723     2.0176     0.5909
     0.8669    -1.8088     2.1159     0.2335
     1.1335    -1.6172     2.1159    -0.1051
     1.4000    -1.5077     2.0444    -0.3965
     1.6666    -1.3161     1.9372    -0.6315
     1.8443    -1.0970     1.7674    -0.8664
     1.8709    -0.9052     1.5620    -1.1107
     1.8976    -0.5764     1.2672    -1.3268
     1.8976    -0.3936     1.0172    -1.5428
     1.8620    -0.0280     0.7136    -1.6931
     1.7377     0.2190     0.4458    -1.7964
     1.6133     0.5758     0.1155    -1.8340
     1.3290     0.8961    -0.1879    -1.8058
     1.1423     1.1800    -0.4735    -1.7119
     0.8224     1.4548    -0.7322    -1.5992
     0.6180     1.6839    -0.9374    -1.4959
     0.3158     1.9038    -1.1782    -1.3268
     0.0313     2.1056    -1.3477    -1.1671
    -0.2799     2.1881    -1.4636    -0.9510
    -0.5911     2.2156    -1.5617    -0.7442
    -0.9202     2.1789    -1.6598    -0.4999
    -1.2315     2.1239    -1.6687    -0.2085
    -1.5073     1.9497    -1.6465     0.1676
    -1.7208     1.8030    -1.6242     0.4686
    -1.8543     1.5006    -1.5974     0.7226
    -1.9433     1.2349    -1.4636     1.0142
    -1.9967     0.8961    -1.2853     1.2683
    -1.9878     0.6398    -1.1247     1.5507
    -1.9344     0.3836    -0.8660     1.7766
    -1.8543     0.0726    -0.6698     1.9743
    -1.6941    -0.2657    -0.3664     2.0967
    -1.5251    -0.4941    -0.0898     2.1532
    -1.3650    -0.7956     0.2315     2.2192
    -1.1959    -1.0057     0.4279     2.1815
    -0.8668    -1.2248     0.8118     2.1438
    -0.6801    -1.4073     1.0618     1.9273
    -0.4044    -1.5351     1.3298     1.7390
    -0.1287    -1.7176     1.5709     1.4754
     0.1558    -1.7358     1.7942     1.1648
     0.3336    -1.7905     1.9461     0.8637
     0.6358    -1.8362     2.0176     0.4780
     0.9202    -1.7084     2.0891     0.1582
     1.1779    -1.6902     2.0533    -0.1709
     1.3734    -1.5990     1.9997    -0.4247
     1.6577    -1.3708     1.8478    -0.6597
     1.8176    -1.2248     1.7406    -0.9510
     1.9420    -0.9326     1.5084    -1.1953
     1.9153    -0.6951     1.2851    -1.4207
     1.8887    -0.4393     1.0172    -1.5804
     1.8887    -0.0737     0.7047    -1.7307
     1.8176     0.1732     0.4547    -1.8246
     1.6310     0.5483     0.1334    -1.8715
     1.4267     0.7863    -0.0630    -1.8152
     1.1957     1.1525    -0.3753    -1.7682
     0.9735     1.4090    -0.5716    -1.6743
     0.6980     1.6655    -0.8482    -1.5804
     0.4402     1.7847    -1.1158    -1.4301
     0.2091     2.0230    -1.3209    -1.1953
    -0.1732     2.0964    -1.4369    -0.9792
    -0.5022     2.1789    -1.5796    -0.7536
    -0.7334     2.1514    -1.6152    -0.5469
    -1.1070     2.0780    -1.6331    -0.2649
    -1.3650     1.9222    -1.6777     0.0830
    -1.5696     1.7205    -1.7222     0.3839
    -1.6941     1.5464    -1.6242     0.7226
    -1.8454     1.2807    -1.5261     0.9766
    -1.9166     0.9510    -1.3566     1.2683
    -1.8810     0.6856    -1.1604     1.5036
    -1.8276     0.3928    -0.9998     1.6919
    -1.7920     0.1092    -0.7679     1.8896
    -1.6497    -0.2839    -0.4824     2.0120
    -1.5340    -0.5215    -0.2415     2.0967
    -1.3294    -0.8321     0.1334     2.1627
    -1.1070    -1.0148     0.3744     2.1344
    -0.8668    -1.2430     0.7047     2.0591
    -0.6445    -1.4530     1.0172     1.8896
    -0.3777    -1.5716     1.2672     1.6636
    -0.1021    -1.7267     1.4905     1.3813
     0.1291    -1.8179     1.7317     1.0989
     0.4136    -1.7997     1.9640     0.7696
     0.6891    -1.8362     2.0801     0.4404
     0.9202    -1.7905     2.1784     0.0924
     1.1868    -1.5990     2.1963    -0.1709
     1.4800    -1.5625     2.2052    -0.4529
     1.7021    -1.3800     2.0444    -0.7067
     1.8709    -1.1609     1.8746    -0.9886
     1.9509    -0.9691     1.6424    -1.2328
     1.9420    -0.7134     1.3566    -1.4959
     1.9287    -0.4027     1.0708    -1.6649
     1.9153    -0.1468     0.7850    -1.7588
     1.8620     0.1641     0.5618    -1.8527
     1.7110     0.5483     0.2405    -1.9091
     1.4445     0.8137    -0.0184    -1.8903
     1.2134     1.0975    -0.2772    -1.8058
     0.9557     1.4273    -0.5538    -1.7213
     0.6802     1.6380    -0.7590    -1.5616
     0.4758     1.8488    -1.0088    -1.3737
     0.1646     1.9955    -1.1515    -1.1671
    -0.1554     2.1422    -1.3566    -0.9792
    -0.4489     2.2339    -1.4012    -0.7630
    -0.7423     2.2248    -1.4904    -0.5281
    -1.0269     2.1514    -1.5261    -0.2555
    -1.3027     1.9772    -1.5350     0.1112
    -1.5251     1.7755    -1.4815     0.4310
    -1.6852     1.5464    -1.4280     0.7602
    -1.7831     1.2899    -1.2764     1.0707
    -1.8632     0.9968    -1.1872     1.3530
    -1.8632     0.6947    -0.9731     1.6072
    -1.8365     0.3745    -0.8036     1.8331
    -1.7742     0.0818    -0.5449     1.9932
    -1.6319    -0.2291    -0.3575     2.1627
    -1.4717    -0.4941    -0.0898     2.2663
    -1.3561    -0.7956     0.1601     2.2474
    -1.1159    -1.0422     0.5172     2.2663
    -0.7957    -1.2613     0.8208     2.1156
    -0.6000    -1.4256     1.0797     1.9932
    -0.3066    -1.5442     1.3834     1.7672
    -0.0576    -1.6720     1.6424     1.4660
     0.2002    -1.7358     1.8300     1.2401
     0.4047    -1.7358     1.9729     0.8825
     0.6802    -1.7267     2.0891     0.5909
     0.8757    -1.6446     2.1516     0.2052
     1.1068    -1.6081     2.2231    -0.0862
     1.4356    -1.5077     2.2320    -0.3307
     1.7288    -1.3161     2.1069    -0.5845
     1.8976    -1.0970     1.9282    -0.8476
     1.9242    -0.8869     1.6781    -1.1859
     2.0130    -0.5946     1.4280    -1.3550
     1.9953    -0.4027     1.1690    -1.5616
     1.9597    -0.0280     0.8118    -1.7400
     1.8976     0.2373     0.5529    -1.8340
     1.7021     0.5209     0.2315    -1.8621
     1.4889     0.8229    -0.0541    -1.7870
     1.2401     1.1159    -0.3218    -1.7307
     0.9735     1.4365    -0.6073    -1.5898
     0.7069     1.7114    -0.8839    -1.4771
     0.4580     1.8488    -1.0623    -1.2986
     0.2180     2.0230    -1.2496    -1.0543
    -0.1376     2.1697    -1.3923    -0.8946
    -0.3866     2.2064    -1.4726    -0.6597
    -0.7423     2.2064    -1.5350    -0.4529
    -0.9914     2.1056    -1.5796    -0.1897
    -1.3205     1.9497    -1.5796     0.1112
    -1.5073     1.7205    -1.5439     0.3933
    -1.6497     1.5922    -1.4191     0.7132
    -1.7475     1.2532    -1.3566     0.9672
    -1.8098     1.0243    -1.1872     1.3060
    -1.8276     0.6581    -1.0177     1.5319
    -1.8276     0.3745    -0.7679     1.7766
    -1.7119     0.0635    -0.5805     1.9932
    -1.5874    -0.2565    -0.3218     2.1344
    -1.4539    -0.6129    -0.0184     2.2568
    -1.2493    -0.8504     0.2583     2.2757
    -1.0180    -1.1883     0.5797     2.2568
    -0.7512    -1.4347     0.8386     2.1156
    -0.5289    -1.5351     1.1244     1.9743
    -0.2799    -1.6355     1.3655     1.7860
    -0.0309    -1.6993     1.5977     1.4942
     0.2091    -1.7814     1.7496     1.2118
     0.4580    -1.8179     1.9193     0.8731
     0.6980    -1.7541     1.9997     0.4686
     0.9468    -1.7176     2.1248     0.1112
     1.2046    -1.6537     2.1516    -0.1615
     1.5244    -1.5533     2.0891    -0.4247
     1.7199    -1.3800     1.9997    -0.6785
     1.8976    -1.1791     1.8478    -0.9792
     1.9509    -0.8961     1.6781    -1.1671
     1.9509    -0.7134     1.4191    -1.4113
     1.9775    -0.4667     1.1690    -1.6180
     1.9153    -0.1742     0.8475    -1.7776
     1.8176     0.2098     0.4993    -1.8715
     1.6755     0.4934     0.1601    -1.8433
     1.4356     0.7954    -0.1522    -1.8058
     1.1779     0.9877    -0.3842    -1.7400
     0.9202     1.3815    -0.6965    -1.6649
     0.6535     1.5831    -0.8928    -1.5240
     0.4669     1.8397    -1.1158    -1.2798
     0.1735     2.0780    -1.3566    -1.1389
    -0.1732     2.1606    -1.4726    -0.9698
    -0.4489     2.2798    -1.6509    -0.7442
    -0.7868     2.2431    -1.6598    -0.5281
    -1.0803     2.1239    -1.7490    -0.2555
    -1.3650     1.9680    -1.7133     0.0360
    -1.5963     1.7847    -1.6955     0.3745
    -1.7386     1.5281    -1.6242     0.7226
    -1.8810     1.2532    -1.5082     0.9860
    -1.9611     1.0151    -1.3745     1.2871
    -1.9433     0.6856    -1.2318     1.5883
    -1.8721     0.3653    -0.9731     1.8049
    -1.8187     0.1549    -0.7411     2.0308
    -1.6941    -0.2474    -0.4824     2.2003
    -1.4984    -0.5672    -0.1522     2.2851
    -1.3205    -0.7956     0.1691     2.2851
    -1.0981    -0.9874     0.4636     2.2851
    -0.8313    -1.2339     0.7850     2.1438
    -0.5467    -1.3800     1.0261     1.9932
    -0.2977    -1.4895     1.3119     1.7954
    -0.0576    -1.6446     1.4727     1.5789
     0.2269    -1.6811     1.7138     1.3154
     0.4313    -1.7358     1.9372     0.9578
     0.7069    -1.7221     2.0801     0.5721
     0.9557    -1.7084     2.1427     0.2147
     1.1601    -1.6172     2.2142    -0.0580
     1.4089    -1.4986     2.2142    -0.3307
     1.6843    -1.3891     2.1069    -0.6033
     1.8354    -1.1061     1.9282    -0.8758
     1.9242    -0.9417     1.7585    -1.1107
     1.9375    -0.6403     1.5620    -1.3268
     1.9509    -0.3753     1.2762    -1.5334
     1.9331    -0.1102     0.9636    -1.6837
     1.8087     0.2647     0.6868    -1.8246
     1.6488     0.5575     0.3208    -1.8152
     1.4000     0.9053     0.0173    -1.8058
     1.2401     1.1891    -0.2504    -1.7025
     0.9380     1.5372    -0.4735    -1.5522
     0.6891     1.7847    -0.8036    -1.4489
     0.4402     1.9497    -0.9731    -1.2892
     0.1558     2.1239    -1.1247    -1.0731
    -0.1376     2.2523    -1.3120    -0.8758
    -0.4044     2.2660    -1.4458    -0.6785
    -0.7068     2.2798    -1.5172    -0.4435
    -1.0180     2.2523    -1.5617    -0.1803
    -1.2137     2.0505    -1.5617     0.0924
    -1.4539     1.9222    -1.5082     0.4122
    -1.6497     1.6197    -1.4993     0.7132
    -1.7475     1.3632    -1.3834     1.0707
    -1.8187     1.0426    -1.2585     1.2965
    -1.8454     0.8229    -1.0355     1.5883
    -1.7831     0.5209    -0.8304     1.7672
    -1.7297     0.1458    -0.6519     1.9555
    -1.6497    -0.1742    -0.3753     2.1532
    -1.5162    -0.4759    -0.1612     2.2757
    -1.2582    -0.6860     0.2048     2.3228
    -1.0447    -1.0148     0.4815     2.2568
    -0.8135    -1.1335     0.8118     2.1627
    -0.5556    -1.2887     1.0529     2.0120
    -0.2977    -1.4803     1.2762     1.7578
    -0.0754    -1.5260     1.5799     1.5319
     0.2180    -1.5898     1.7853     1.2307
     0.5113    -1.6628     1.9729     0.8731
     0.6713    -1.6355     2.0801     0.5532
     0.9468    -1.6355     2.2142     0.2241
     1.1779    -1.5807     2.2410    -0.1051
     1.4622    -1.4438     2.1963    -0.3871
     1.6488    -1.3252     2.1069    -0.6033
     1.8354    -1.1335     1.9014    -0.8758
     1.9420    -0.8778     1.7138    -1.1389
     1.9242    -0.6860     1.4637    -1.3362
     1.9331    -0.4484     1.1779    -1.5240
     1.9420    -0.1560     0.9190    -1.7025
     1.8354     0.1641     0.5618    -1.7682
     1.6577     0.5300     0.2851    -1.7964
     1.4711     0.8137    -0.0184    -1.7588
     1.1868     1.1433    -0.3039    -1.7494
     0.9735     1.4456    -0.5538    -1.6837
     0.7247     1.6930    -0.8393    -1.5146
     0.4580     1.8947    -1.0355    -1.3080
     0.1824     2.1422    -1.2764    -1.0919
    -0.0754     2.2248    -1.4191    -0.9322
    -0.3510     2.2706    -1.4993    -0.6879
    -0.6979     2.2248    -1.5617    -0.4905
    -0.9558     2.1239    -1.6509    -0.2085
    -1.2048     2.0139    -1.6598     0.1206
    -1.4806     1.7755    -1.6687     0.4498
    -1.6230     1.5739    -1.5350     0.7414
    -1.7386     1.2349    -1.4726     1.0519
    -1.8454     0.9694    -1.3209     1.3813
    -1.8810     0.6856    -1.1247     1.6448
    -1.8721     0.3653    -0.9820     1.8049
    -1.7653     0.0269    -0.7501     2.0026
    -1.6586    -0.2108    -0.4556     2.0967
    -1.4895    -0.4576    -0.1701     2.2380
    -1.2849    -0.7682     0.0798     2.2757
    -1.1159    -0.9691     0.4011     2.1909
    -0.7957    -1.2339     0.6779     2.1250
    -0.5467    -1.3343     1.0172     1.9837
    -0.2354    -1.4530     1.2672     1.7954
    -0.0309    -1.6263     1.5084     1.5883
     0.2713    -1.7176     1.7585     1.2965
     0.5024    -1.6720     1.8746     1.0048
     0.7158    -1.7541     2.0712     0.6191
     1.0179    -1.6081     2.1605     0.3369
     1.2223    -1.4986     2.1337    -0.0110
     1.4622    -1.4256     2.0891    -0.2837
     1.7377    -1.2796     2.0087    -0.5375
     1.8976    -1.0422     1.9104    -0.8100
     2.0042    -0.8321     1.6960    -1.0731
     2.0219    -0.6312     1.4548    -1.3456
     1.9686    -0.3845     1.1958    -1.5146
     1.9686    -0.0737     0.9100    -1.6180
     1.9420     0.2555     0.6065    -1.7213
     1.7643     0.5209     0.2405    -1.7307
     1.4800     0.8686     0.0263    -1.7400
     1.2668     1.1250    -0.2593    -1.6837
     0.9646     1.4456    -0.5002    -1.5334
     0.7780     1.7297    -0.7233    -1.4301
     0.5202     1.9313    -0.9998    -1.2328
     0.2624     2.1147    -1.1961    -1.0825
    -0.0398     2.2156    -1.3477    -0.8006
    -0.3244     2.2981    -1.4726    -0.6221
    -0.6534     2.2706    -1.5350    -0.3777
    -0.9380     2.1881    -1.6598    -0.1709
    -1.2048     1.9772    -1.6063     0.1112
    -1.4717     1.7938    -1.5974     0.4216
    -1.5963     1.5281    -1.5172     0.6943
    -1.7297     1.3265    -1.4369     1.0236
    -1.8276     0.9602    -1.2853     1.3154
    -1.8098     0.7130    -1.0890     1.5601
    -1.8187     0.4294    -0.9196     1.7860
    -1.7653     0.1366    -0.6341     1.9649
    -1.6319    -0.1742    -0.4378     2.0967
    -1.4984    -0.4667    -0.1165     2.1721
    -1.2938    -0.7225     0.1780     2.2286
    -1.0536    -0.9783     0.4904     2.2192
    -0.8402    -1.2065     0.8208     2.1627
    -0.5734    -1.4803     1.1333     2.0026
    -0.2354    -1.5625     1.3834     1.7484
    -0.0398    -1.7084     1.6424     1.4754
     0.2624    -1.8088     1.8657     1.2307
     0.5202    -1.7997     2.0087     0.9013
     0.6713    -1.8088     2.1516     0.5815
     0.9291    -1.6902     2.3214     0.2241
     1.1868    -1.6993     2.3035    -0.0768
     1.4267    -1.5442     2.3124    -0.3213
     1.6666    -1.3617     2.1427    -0.5845
     1.8709    -1.2248     1.9818    -0.8664
     1.9509    -0.9326     1.7228    -1.1483
     1.9597    -0.6860     1.5709    -1.3268
     1.9686    -0.4941     1.3387    -1.5898
     1.9597    -0.1651     1.0083    -1.6837
     1.8709     0.1092     0.7493    -1.7588
     1.7021     0.4477     0.4458    -1.8152
     1.4978     0.7222     0.1512    -1.7682
     1.2401     1.0609    -0.1165    -1.6931
     0.9913     1.4273    -0.3842    -1.5804
     0.7335     1.6655    -0.5984    -1.4395
     0.4936     1.9222    -0.8304    -1.2986
     0.2091     1.9955    -1.0623    -1.1107
    -0.0309     2.2156    -1.2585    -0.8758
    -0.3777     2.2248    -1.3655    -0.6879
    -0.6979     2.2064    -1.4280    -0.4435
    -0.9647     2.1881    -1.5707    -0.1991
    -1.2137     2.0597    -1.5350     0.0924
    -1.4361     1.9405    -1.4815     0.3839
    -1.6052     1.6930    -1.4547     0.7226
    -1.7208     1.4365    -1.3209     0.9860
    -1.7653     1.0792    -1.2139     1.2495
    -1.8098     0.8320    -1.0623     1.4942
    -1.8009     0.4843    -0.8660     1.7107
    -1.7208     0.2373    -0.6519     1.8613
    -1.5785    -0.0462    -0.4021     2.1062
    -1.4450    -0.4210    -0.1612     2.1815
    -1.2760    -0.6220     0.1601     2.2380
    -1.0447    -0.8961     0.4904     2.2098
    -0.8224    -1.1152     0.7672     2.1250
    -0.5734    -1.2887     1.1244     2.0497
    -0.2354    -1.3617     1.4012     1.8331
    -0.0487    -1.5260     1.6513     1.6542
     0.2535    -1.5807     1.7853     1.3530
     0.4936    -1.7084     1.9908     1.0236
     0.7602    -1.6720     2.1337     0.6849
     1.0179    -1.6263     2.1963     0.2805
     1.2579    -1.6172     2.1829    -0.0580
     1.5244    -1.4712     2.1695    -0.3025
     1.7732    -1.3708     2.0980    -0.5751
     1.8887    -1.1335     1.9640    -0.8852
     2.0308    -0.8961     1.7764    -1.0919
     2.0042    -0.6769     1.4727    -1.2798
     2.0175    -0.4302     1.2137    -1.4301
     2.0308    -0.1651     0.9815    -1.6086
     1.9242     0.1732     0.6511    -1.6743
     1.6932     0.4568     0.3208    -1.7400
     1.5600     0.7496     0.0263    -1.7307
     1.3290     1.1433    -0.1969    -1.6743
     1.0624     1.3906    -0.4735    -1.5898
     0.7780     1.7388    -0.6698    -1.4771
     0.5558     1.9405    -0.8839    -1.2610
     0.2358     2.0689    -1.0801    -1.0449
    -0.1110     2.1422    -1.2853    -0.8476
    -0.3510     2.1376    -1.3388    -0.6033
    -0.6534     2.1331    -1.4191    -0.3871
    -0.9558     2.1331    -1.5172    -0.1427
    -1.1782     2.0414    -1.5350     0.1394
    -1.4895     1.8488    -1.4904     0.4592
    -1.5963     1.6380    -1.4458     0.7508
    -1.7386     1.3632    -1.3299     0.9954
    -1.7475     1.0518    -1.1872     1.3154
    -1.8009     0.7039    -1.0444     1.5601
    -1.7920     0.4751    -0.8750     1.8425
    -1.6941     0.2281    -0.6608     2.0120
    -1.5785    -0.1468    -0.4289     2.1532
    -1.4717    -0.4576    -0.2058     2.2757
    -1.2315    -0.6495     0.0977     2.3133
    -1.0892    -0.8595     0.3922     2.3322
    -0.7868    -1.0787     0.7315     2.2663
    -0.5200    -1.2978     1.0529     2.1250
    -0.2888    -1.4073     1.2940     1.8708
    -0.0221    -1.5077     1.5888     1.6354
     0.2535    -1.6537     1.8300     1.3436
     0.5291    -1.6993     1.9729     1.0331
     0.7513    -1.6355     2.1784     0.6849
     1.0090    -1.6537     2.2588     0.3651
     1.3112    -1.5533     2.3035    -0.0110
     1.4356    -1.3891     2.2499    -0.2085
     1.6932    -1.3161     2.1873    -0.4811
     1.9597    -1.0878     1.9997    -0.7818
     2.0486    -0.9052     1.8389    -1.0074
     2.0308    -0.7134     1.5620    -1.2798
     2.0308    -0.3662     1.2762    -1.4489
     1.9953    -0.0645     0.9636    -1.5992
     1.9064     0.2281     0.7047    -1.6931
     1.7998     0.5300     0.3833    -1.7400
     1.5777     0.9419     0.0173    -1.7213
     1.2490     1.2716    -0.2504    -1.6367
     0.9557     1.5922    -0.5627    -1.5334
     0.7780     1.8213    -0.7590    -1.4583
     0.5380     1.9955    -0.9106    -1.2798
     0.2535     2.0597    -1.0980    -1.0825
    -0.0221     2.1697    -1.2585    -0.8758
    -0.2977     2.1835    -1.3299    -0.6033
    -0.5911     2.1973    -1.4369    -0.3589
    -0.9380     2.1514    -1.5082    -0.1615
    -1.1248     2.0139    -1.4993     0.1582
    -1.4094     1.8580    -1.4458     0.4498
    -1.5696     1.6747    -1.3923     0.7414
    -1.6319     1.3265    -1.3031     0.9860
    -1.7030     1.0334    -1.1336     1.2307
    -1.7386     0.7496    -1.0177     1.5130
    -1.7030     0.4843    -0.8214     1.7295
    -1.6497     0.1275    -0.5895     1.9461
    -1.6319    -0.1560    -0.3486     2.0967
    -1.4006    -0.4210    -0.0719     2.2286
    -1.2671    -0.7043     0.1780     2.2474
    -1.0003    -0.9326     0.4904     2.2474
    -0.8224    -1.1883     0.7672     2.1721
    -0.5111    -1.3617     1.0708     2.0120
    -0.2532    -1.4438     1.4101     1.8143
     0.0491    -1.5442     1.6602     1.5883
     0.2713    -1.6081     1.8836     1.3342
     0.4758    -1.6446     2.0176     0.9954
     0.8313    -1.6446     2.2142     0.6285
     1.1157    -1.6172     2.3482     0.2711
     1.3556    -1.5898     2.3571    -0.0110
     1.5955    -1.4073     2.3661    -0.2837
     1.8087    -1.3069     2.3035    -0.5751
     1.9242    -1.0696     2.1159    -0.8476
     2.0042    -0.9417     1.8836    -1.0449
     2.0397    -0.5946     1.6424    -1.2516
     2.0575    -0.3479     1.3298    -1.4677
     2.0219    -0.0828     1.0172    -1.6273
     1.9153     0.3104     0.7047    -1.7119
     1.7465     0.6307     0.3744    -1.7119
     1.4622     0.8870     0.0084    -1.6555
     1.2668     1.2258    -0.2236    -1.6273
     1.0002     1.5006    -0.4646    -1.5240
     0.7602     1.8305    -0.7144    -1.4207
     0.5647     2.0414    -0.9106    -1.2610
     0.2269     2.1606    -1.1336    -1.0731
    -0.0309     2.2798    -1.2853    -0.8664
    -0.3688     2.2706    -1.3834    -0.6221
    -0.6979     2.2523    -1.5082    -0.3213
    -0.9469     2.1697    -1.5261    -0.1051
    -1.2315     2.0964    -1.6063     0.2335
    -1.4094     1.9588    -1.5707     0.5250
    -1.6141     1.7114    -1.4636     0.7790
    -1.7386     1.3632    -1.4280     1.0707
    -1.8276     1.0609    -1.2407     1.2777
    -1.8632     0.8320    -1.1426     1.5507
    -1.8632     0.4843    -0.9374     1.7766
    -1.8009     0.2555    -0.7322     1.9649
    -1.6764    -0.1285    -0.4646     2.1438
    -1.5073    -0.3662    -0.1701     2.2380
    -1.3383    -0.6312     0.0887     2.3133
    -1.0892    -0.8869     0.4279     2.2945
    -0.8402    -1.1244     0.7493     2.1721
    -0.5734    -1.2522     1.0083     2.0120
    -0.2888    -1.4986     1.3566     1.8143
    -0.0309    -1.5442     1.5888     1.6072
     0.2180    -1.5351     1.8210     1.3248
     0.4669    -1.5898     2.0891     0.9766
     0.7869    -1.5807     2.2410     0.6379
     1.0002    -1.5990     2.3214     0.2899
     1.2401    -1.5168     2.3348    -0.0486
     1.4533    -1.3708     2.3482    -0.3307
     1.6755    -1.2430     2.3124    -0.5657
     1.8887    -1.0605     2.0891    -0.8100
     1.9953    -0.8595     1.8836    -1.0731
     2.0841    -0.6038     1.6245    -1.2986
     2.0575    -0.3936     1.3834    -1.5146
     1.9953    -0.1377     1.0886    -1.5616
     1.9597     0.1549     0.8029    -1.6555
     1.7732     0.5209     0.4458    -1.6508
     1.6133     0.8320     0.1334    -1.6461
     1.3023     1.1891    -0.1612    -1.6367
     1.1068     1.5372    -0.4199    -1.4959
     0.8669     1.7297    -0.6073    -1.4207
     0.6091     1.9955    -0.8839    -1.2986
     0.3691     2.0964    -1.0623    -1.1013
     0.0313     2.2064    -1.1961    -0.8758
    -0.2799     2.2064    -1.3923    -0.6127
    -0.5734     2.1697    -1.4636    -0.4059
    -0.8579     2.0322    -1.5528    -0.1051
    -1.1337     1.9864    -1.5350     0.1958
    -1.3739     1.7938    -1.5528     0.4686
    -1.5607     1.6472    -1.4815     0.7414
    -1.6675     1.3082    -1.4012     1.0048
    -1.6852     1.0884    -1.2674     1.3248
    -1.7920     0.7771    -1.1158     1.5507
    -1.7564     0.4294    -0.9820     1.7578
    -1.6764     0.1732    -0.7055     1.9932
    -1.5874    -0.1925    -0.4646     2.1062
    -1.4094    -0.4027    -0.2415     2.2380
    -1.2849    -0.6495     0.0709     2.2663
    -1.0269    -0.9509     0.3387     2.2003
    -0.8313    -1.1152     0.6690     2.1909
    -0.5200    -1.2887     0.9815     1.9932
    -0.2266    -1.4073     1.2940     1.7860
    -0.0221    -1.5260     1.5620     1.6072
     0.2713    -1.5260     1.8300     1.3248
     0.5024    -1.6172     1.9908     1.0425
     0.7247    -1.6263     2.1963     0.6473
     1.0002    -1.5533     2.2499     0.3275
     1.2401    -1.5077     2.3124     0.0078
     1.4089    -1.4165     2.2678    -0.3495
     1.6755    -1.2796     2.1695    -0.5469
     1.8709    -1.0605     2.0801    -0.8194
     1.9242    -0.8595     1.8746    -1.0637
     2.0397    -0.6769     1.5977    -1.2798
     1.9864    -0.4210     1.3387    -1.4583
     1.9775    -0.2017     0.9904    -1.6180
     1.8620     0.1824     0.7404    -1.6555
     1.6666     0.5483     0.4726    -1.7307
     1.4711     0.8046     0.1066    -1.7119
     1.2223     1.1800    -0.1612    -1.6743
     0.9735     1.5189    -0.3842    -1.5710
     0.7513     1.7663    -0.6608    -1.4771
     0.4669     1.9497    -0.8750    -1.3362
     0.2358     2.0597    -1.0534    -1.1295
    -0.0487     2.1789    -1.2139    -0.9604
    -0.3777     2.1697    -1.3120    -0.6409
    -0.6801     2.1606    -1.4547    -0.3965
    -0.9024     2.0505    -1.4726    -0.1709
    -1.1604     2.0597    -1.5617     0.1206
    -1.4450     1.9038    -1.5350     0.4498
    -1.5607     1.6564    -1.4458     0.6849
    -1.7030     1.4090    -1.4012     0.9672
    -1.7920     1.0975    -1.3031     1.2777
    -1.7831     0.7222    -1.2050     1.4660
    -1.7386     0.4019    -0.9463     1.7201
    -1.7386     0.1549    -0.7590     1.9084
    -1.6052    -0.2017    -0.4913     2.0308
    -1.4094    -0.4850    -0.2504     2.1627
    -1.2137    -0.6860     0.0263     2.2568
    -1.0625    -0.9235     0.3297     2.2474
    -0.8135    -1.0878     0.6154     2.2286
    -0.5289    -1.3069     0.9458     2.0967
    -0.2710    -1.3982     1.2047     1.9084
     0.0135    -1.4438     1.5084     1.6825
     0.2980    -1.5351     1.7496     1.4095
     0.4936    -1.5625     1.9372     1.1366
     0.7869    -1.5807     2.1159     0.6943
     1.0446    -1.5762     2.1695     0.3463
     1.2756    -1.5716     2.2678     0.0548
     1.4711    -1.4895     2.2499    -0.2367
     1.7288    -1.2978     2.1337    -0.4717
     1.8709    -1.0878     2.0176    -0.7818
     1.9686    -0.8869     1.8300    -1.0261
     2.0042    -0.7225     1.6156    -1.2422
     2.0486    -0.4850     1.2940    -1.4395
     2.0219    -0.1651     0.9636    -1.5616
     1.9775     0.1366     0.6958    -1.6743
     1.8354     0.5300     0.4011    -1.6743
     1.6577     0.8686     0.0441    -1.6837
     1.3823     1.1708    -0.2058    -1.6180
     1.0801     1.5831    -0.4913    -1.5240
     0.7869     1.7572    -0.6787    -1.4113
     0.5736     1.9864    -0.9017    -1.2704
     0.2713     2.1056    -1.0980    -1.0731
    -0.0665     2.2248    -1.2318    -0.8570
    -0.3777     2.2339    -1.4101    -0.6315
    -0.6979     2.2431    -1.4369    -0.3965
    -0.9825     2.2064    -1.5082    -0.1521
    -1.1959     2.0964    -1.5082     0.1300
    -1.4361     1.9130    -1.5082     0.4122
    -1.6141     1.7663    -1.4726     0.6661
    -1.7119     1.4273    -1.3923     0.9013
    -1.7920     1.1617    -1.2318     1.1554
    -1.8365     0.7771    -1.1426     1.4189
    -1.7831     0.5026    -0.9909     1.6542
    -1.7742     0.2098    -0.7411     1.8519
    -1.6497    -0.1377    -0.5716     2.0308
    -1.4895    -0.4576    -0.2950     2.1438
    -1.3739    -0.7043    -0.0005     2.2851
    -1.1693    -0.9235     0.3387     2.2851
    -0.9202    -1.0970     0.6333     2.2003
    -0.6712    -1.3434     0.9100     2.0214
    -0.3866    -1.4347     1.2047     1.8802
    -0.1465    -1.5260     1.5352     1.6072
     0.1113    -1.5168     1.7317     1.3060
     0.3691    -1.5990     1.9550     0.9954
     0.6091    -1.6902     2.0891     0.6191
     0.8846    -1.6537     2.1873     0.2899
     1.1868    -1.6628     2.2588    -0.0674
     1.3823    -1.5077     2.2410    -0.2837
     1.6310    -1.3708     2.1784    -0.5187
     1.8354    -1.2157     2.0265    -0.8006
     1.9420    -0.9600     1.8210    -1.0261
     2.0042    -0.7865     1.6066    -1.2234
     2.0397    -0.4850     1.2851    -1.4771
     2.0219    -0.2291     0.9815    -1.5804
     1.9242     0.0726     0.6868    -1.6555
     1.7910     0.4385     0.3387    -1.6743
     1.5600     0.8137     0.0173    -1.6931
     1.3112     1.1525    -0.2772    -1.6367
     0.9735     1.5097    -0.5359    -1.5710
     0.7602     1.7572    -0.8036    -1.4395
     0.4758     1.9405    -0.9820    -1.2892
     0.2091     2.1056    -1.1872    -1.1389
    -0.0487     2.2064    -1.3120    -0.8946
    -0.3866     2.2798    -1.4280    -0.6879
    -0.6623     2.2615    -1.5617    -0.4153
    -0.8846     2.1973    -1.5974    -0.1615
    -1.1604     2.0872    -1.5885     0.1206
    -1.3828     1.9222    -1.5974     0.4404
    -1.5518     1.7388    -1.5082     0.6849
    -1.6497     1.4823    -1.4458     0.9201
    -1.7297     1.1250    -1.3388     1.2307
    -1.7564     0.8320    -1.1782     1.4660
    -1.7030     0.5209    -0.9909     1.7013
    -1.7119     0.2190    -0.8036     1.8425
    -1.5963    -0.0737    -0.5449     2.0873
    -1.4628    -0.3845    -0.3307     2.2003
    -1.3027    -0.6312    -0.0362     2.2757
    -1.1159    -0.8047     0.2940     2.2474
    -0.8579    -1.0422     0.6243     2.1815
    -0.6445    -1.2430     0.9011     1.9932
    -0.3510    -1.3161     1.1958     1.7578
    -0.0932    -1.4165     1.4280     1.4942
     0.2713    -1.5168     1.7228     1.2871
     0.4847    -1.6537     1.9640     0.9390
     0.6980    -1.6263     2.0801     0.6191
     0.9646    -1.5990     2.2320     0.3181
     1.2223    -1.5351     2.2678    -0.0016
     1.4356    -1.4530     2.2320    -0.2461
     1.6755    -1.2887     2.1873    -0.5281
     1.8531    -1.1152     2.0176    -0.8006
     1.9420    -1.0148     1.8300    -1.0731
     1.9775    -0.7682     1.5709    -1.3550
     1.9864    -0.5033     1.2940    -1.5146
     1.9597    -0.3022     1.0351    -1.7213
     1.8976     0.0635     0.7136    -1.8058
     1.7821     0.4202     0.3833    -1.7964
     1.5244     0.7405     0.0441    -1.8340
     1.2490     1.1433    -0.2772    -1.7682
     1.0446     1.4731    -0.5092    -1.6649
     0.7602     1.6930    -0.7322    -1.5522
     0.4847     1.8763    -0.9552    -1.3831
     0.2002     2.0047    -1.1247    -1.1765
    -0.1110     2.1422    -1.3031    -0.9322
    -0.3955     2.1789    -1.4815    -0.6691
    -0.6356     2.1881    -1.5796    -0.4623
    -0.9558     2.0322    -1.5796    -0.2179
    -1.2404     1.9130    -1.6509     0.1018
    -1.4539     1.7572    -1.6152     0.3933
    -1.6230     1.6105    -1.5528     0.6755
    -1.7208     1.2807    -1.4815     0.8731
    -1.7831     0.9602    -1.4726     1.1177
    -1.8365     0.6124    -1.2764     1.3342
    -1.8187     0.3562    -1.0534     1.5695
    -1.7386    -0.0462    -0.8928     1.8237
    -1.6230    -0.2657    -0.6252     1.9932
    -1.5429    -0.4941    -0.3575     2.0967
    -1.3561    -0.6860    -0.0630     2.2003
    -1.1070    -0.9417     0.2673     2.2286
    -0.9024    -1.1609     0.6065     2.1344
    -0.6089    -1.2704     0.8743     2.0026
    -0.2888    -1.4621     1.1958     1.7860
    -0.0665    -1.5442     1.4727     1.5224
     0.2624    -1.6263     1.7138     1.2401
     0.5380    -1.6628     1.9640     0.9484
     0.6980    -1.6355     2.1069     0.6661
     0.9646    -1.6263     2.2052     0.3463
     1.2579    -1.5533     2.2410     0.0078
     1.4622    -1.4621     2.2767    -0.2461
     1.6843    -1.3800     2.1605    -0.5375
     1.8976    -1.2613     2.0712    -0.8758
     2.0130    -1.0239     1.8210    -1.1107
     1.9686    -0.8047     1.5888    -1.3925
     1.9731    -0.5764     1.3476    -1.5146
     1.9775    -0.2839     1.0618    -1.7119
     1.9064     0.0635     0.7493    -1.7682
     1.7910     0.4385     0.4101    -1.7964
     1.5777     0.8137     0.0173    -1.7682
     1.3201     1.1617    -0.2325    -1.7400
     1.0090     1.5281    -0.4913    -1.7119
     0.7247     1.7114    -0.7055    -1.5804
     0.4847     1.9497    -0.9642    -1.4019
     0.2447     2.0689    -1.1693    -1.2328
    -0.0754     2.1422    -1.3031    -0.9510
    -0.3333     2.1514    -1.4636    -0.7161
    -0.6178     2.1422    -1.5617    -0.4999
    -0.9291     2.0597    -1.5974    -0.2367
    -1.2048     1.9955    -1.6108     0.0266
    -1.4272     1.8122    -1.6242     0.3087
    -1.6141     1.6564    -1.5707     0.6003
    -1.7475     1.3082    -1.5082     0.8449
    -1.8187     1.0426    -1.3745     1.1272
    -1.8721     0.7222    -1.2853     1.3813
    -1.8543     0.4111    -1.1426     1.6354
    -1.8098     0.1549    -0.8750     1.8143
    -1.7119    -0.2017    -0.6876     1.9837
    -1.5607    -0.4393    -0.3664     2.1344
    -1.4006    -0.7043    -0.0630     2.2003
    -1.1426    -1.0239     0.2137     2.2098
    -0.9202    -1.1700     0.5083     2.1062
    -0.6623    -1.3434     0.8386     1.9461
    -0.3510    -1.4438     1.1244     1.7484
    -0.0932    -1.5351     1.4548     1.5507
     0.2091    -1.6355     1.6781     1.3060
     0.4491    -1.6446     1.8746     1.0142
     0.6713    -1.7084     2.0355     0.6567
     0.9202    -1.6902     2.1605     0.3745
     1.1779    -1.6446     2.2052     0.0548
     1.3645    -1.5533     2.1963    -0.2273
     1.5600    -1.4073     2.1695    -0.4999
     1.7643    -1.2157     2.0087    -0.8006
     1.9242    -1.1061     1.8389    -1.0919
     1.9597    -0.8869     1.6424    -1.3456
     1.9509    -0.5672     1.3298    -1.5522
     1.9331    -0.3296     1.0618    -1.6837
     1.8620     0.0269     0.7404    -1.7307
     1.7288     0.4660     0.3654    -1.7870
     1.5333     0.7588     0.0798    -1.7870
     1.3290     1.1159    -0.2325    -1.7213
     1.0090     1.4823    -0.5359    -1.6743
     0.7513     1.6564    -0.7144    -1.5710
     0.5558     1.7938    -0.9196    -1.4395
     0.2891     2.0139    -1.1515    -1.2516
    -0.0221     2.0964    -1.3655    -0.9604
    -0.3421     2.1514    -1.4191    -0.7630
    -0.5556     2.1376    -1.5082    -0.5093
    -0.9380     2.1239    -1.5707    -0.2649
    -1.1871     2.0780    -1.6598    -0.0110
    -1.4094     1.8580    -1.6242     0.2805
    -1.6052     1.6655    -1.5172     0.5721
    -1.7208     1.3723    -1.4993     0.8355
    -1.7742     1.0518    -1.3745     1.0707
    -1.8454     0.7039    -1.2050     1.3530
    -1.8632     0.4294    -1.0712     1.5695
    -1.8632     0.1366    -0.9196     1.8049
    -1.7564    -0.1742    -0.6341     1.9649
    -1.6141    -0.4210    -0.3932     2.0685
    -1.4272    -0.7408    -0.0898     2.0873
    -1.1959    -0.9783     0.2315     2.1250
    -0.9647    -1.1152     0.4904     2.0120
    -0.7068    -1.3343     0.8297     1.8613
    -0.4044    -1.4621     1.1244     1.6542
    -0.1554    -1.5533     1.3834     1.4283
     0.1113    -1.6720     1.6602     1.1366
     0.3247    -1.6993     1.8925     0.9013
     0.6269    -1.6948     2.0533     0.5815
     0.8935    -1.6902     2.2231     0.2805
     1.1512    -1.6537     2.2588    -0.0298
     1.3556    -1.5533     2.2454    -0.2743
     1.5333    -1.4530     2.2320    -0.5563
     1.7377    -1.2978     2.0801    -0.8570
     1.8354    -1.1152     1.8300    -1.1389
     1.9597    -0.8869     1.5888    -1.3831
     1.9509    -0.5946     1.3387    -1.5522
     1.9064    -0.3571     0.9993    -1.6743
     1.8620     0.0178     0.6065    -1.7588
     1.6755     0.3928     0.3387    -1.7870
     1.5244     0.6398     0.0530    -1.8058
     1.2845     1.0518    -0.2682    -1.7682
     0.9913     1.4181    -0.4735    -1.6743
     0.7691     1.7022    -0.6965    -1.5804
     0.4580     1.9038    -0.9463    -1.3831
     0.2091     1.9864    -1.0801    -1.1671
    -0.0932     2.1422    -1.2942    -0.9510
    -0.3155     2.1514    -1.4191    -0.6691
    -0.6712     2.1514    -1.4815    -0.4717
    -0.9736     2.1147    -1.6063    -0.2179
    -1.2315     2.0230    -1.6063     0.0172
    -1.4806     1.8213    -1.5617     0.3087
    -1.6141     1.6289    -1.5172     0.6285
    -1.7475     1.3723    -1.4547     0.9013
    -1.8187     1.0426    -1.3745     1.1648
    -1.8721     0.7130    -1.1961     1.4001
    -1.8810     0.4385    -1.0355     1.6354
    -1.8988     0.1458    -0.8304     1.7954
    -1.8187    -0.1468    -0.6698     1.9555
    -1.6586    -0.4576    -0.3932     2.1156
    -1.4895    -0.6860    -0.0898     2.1721
    -1.2760    -0.8595     0.1691     2.1909
    -1.0180    -1.1244     0.4815     2.0685
    -0.7690    -1.2704     0.8297     1.9461
    -0.4755    -1.4256     1.1154     1.7295
    -0.1999    -1.4895     1.4280     1.5130
     0.1646    -1.6355     1.6692     1.2024
     0.3602    -1.6811     1.9372     0.9672
     0.5913    -1.7176     2.0533     0.6379
     0.8224    -1.6446     2.2142     0.2805
     1.0624    -1.5716     2.2410    -0.0298
     1.2845    -1.5442     2.2231    -0.3119
     1.4978    -1.4165     2.1695    -0.6315
     1.7021    -1.3069     2.0176    -0.8476
     1.8354    -1.0970     1.7764    -1.1107
     1.8976    -0.9509     1.5352    -1.4019
     1.9597    -0.6312     1.2851    -1.5616
     1.9153    -0.4027     0.9815    -1.7400
     1.8443    -0.0097     0.6868    -1.8340
     1.6932     0.3196     0.3654    -1.8903
     1.5155     0.6673     0.0173    -1.8621
          3          3          3          3
