    4   2048 0.020000  2016   1  22  13  18
         16         10         11         42
    -0.4049     0.8301     0.0427    -0.3251
    -0.0937     0.9949     0.1766    -0.1559
     0.0930     1.0774     0.1945     0.0604
     0.2530     1.0774     0.2302     0.2956
     0.4397     1.1873     0.2391     0.5119
     0.6263     1.2056     0.3016     0.7377
     0.7774     1.2514     0.2838     0.9448
     0.9996     1.2881     0.2302     1.0765
     1.1151     1.2514     0.3195     1.1424
     1.3017     1.2698     0.3106     1.1518
     1.4260     1.1781     0.3284     1.2742
     1.5948     1.2148     0.3195     1.3871
     1.6659     1.1965     0.3373     1.5189
     1.7370     1.1965     0.3373     1.5660
     1.7547     1.0316     0.3641     1.6790
     1.7547     0.8850     0.4355     1.7449
     1.8080     0.7110     0.4266     1.7261
     1.7814     0.5554     0.4088     1.6978
     1.7903     0.3083     0.4088     1.6978
     1.7014     0.1436     0.3998     1.7025
     1.6215    -0.1034     0.3998     1.7073
     1.5415    -0.3320     0.3909     1.7073
     1.4083    -0.5057     0.4445     1.6602
     1.2572    -0.6246     0.3998     1.5660
     1.1062    -0.8348     0.4355     1.3683
     0.9729    -1.0175     0.4445     1.2083
     0.7330    -1.1271     0.3909     0.9636
     0.5908    -1.2458     0.4088     0.7283
     0.3686    -1.4193     0.3641     0.5119
     0.1908    -1.5015     0.3552     0.2579
    -0.0226    -1.6110     0.2391     0.0698
    -0.2359    -1.6384     0.1766    -0.1465
    -0.3693    -1.7296     0.1052    -0.3440
    -0.5827    -1.7661     0.0695    -0.5884
    -0.7961    -1.8300    -0.0019    -0.7576
    -0.9562    -1.8209    -0.0644    -1.0020
    -1.1252    -1.8118    -0.1269    -1.0959
    -1.1963    -1.8026    -0.2518    -1.2839
    -1.3920    -1.7205    -0.2518    -1.4436
    -1.5255    -1.6566    -0.3500    -1.5657
    -1.5611    -1.5106    -0.3589    -1.7066
    -1.6500    -1.4467    -0.4481    -1.7630
    -1.7123    -1.3189    -0.4660    -1.8757
    -1.7568    -1.1362    -0.5195    -1.9884
    -1.8280    -0.9992    -0.5731    -2.0635
    -1.8457    -0.7891    -0.6266    -2.0729
    -1.8368    -0.5697    -0.6534    -2.0072
    -1.7479    -0.4509    -0.6266    -1.9884
    -1.7390    -0.2406    -0.6802    -1.9414
    -1.6233    -0.0211    -0.6355    -1.8851
    -1.5611     0.2900    -0.6355    -1.7442
    -1.4009     0.5005    -0.6980    -1.6690
    -1.2853     0.6836    -0.6802    -1.5375
    -1.1163     0.9583    -0.6534    -1.3872
    -0.9918     1.1598    -0.5820    -1.2275
    -0.7872     1.1965    -0.5820    -1.0489
    -0.6183     1.1965    -0.5017    -0.8704
    -0.3960     1.2331    -0.5195    -0.5884
    -0.2093     1.3431    -0.4035    -0.3722
     0.0130     1.4897    -0.3768    -0.2217
     0.2175     1.5814    -0.3054     0.0322
     0.4219     1.6272    -0.2518     0.3050
     0.6263     1.6547    -0.1715     0.5213
     0.7952     1.6822    -0.1358     0.8224
     1.0084     1.6547    -0.0465     1.1236
     1.1240     1.6547     0.0606     1.4060
     1.3283     1.7006     0.1052     1.6037
     1.4794     1.7006     0.2391     1.7261
     1.6304     1.6730     0.2748     1.7638
     1.7370     1.5814     0.3373     1.8108
     1.7014     1.5080     0.4266     1.9238
     1.7459     1.2698     0.4355     2.0557
     1.8258     1.0224     0.4266     2.1405
     1.8258     0.8484     0.4177     2.2158
     1.8080     0.5645     0.4266     2.1876
     1.7636     0.3449     0.4534     2.1781
     1.7636     0.1527     0.4445     2.1593
     1.6570    -0.1674     0.4891     2.1781
     1.6037    -0.3960     0.5695     2.1499
     1.4794    -0.5423     0.5873     2.1216
     1.2572    -0.7708     0.5695     1.9615
     1.2128    -1.0083     0.6231     1.6978
     0.9818    -1.1819     0.6231     1.3966
     0.8751    -1.3006     0.6231     1.1518
     0.6352    -1.5106     0.5605     0.8977
     0.4486    -1.6475     0.5605     0.6342
     0.2619    -1.7935     0.5784     0.3802
     0.1374    -1.8756     0.5784     0.1168
    -0.0670    -1.9395     0.5784    -0.2311
    -0.2537    -1.9760     0.5516    -0.4474
    -0.4938    -2.0399     0.5516    -0.6730
    -0.6272    -2.1037     0.5070    -0.8986
    -0.8050    -2.0946     0.4355    -1.0865
    -0.9473    -2.0490     0.3284    -1.2933
    -1.1341    -1.9942     0.2927    -1.5187
    -1.2408    -1.8483     0.1499    -1.7160
    -1.4009    -1.8026     0.0874    -1.8663
    -1.4988    -1.6566    -0.0465    -1.9696
    -1.5966    -1.4558    -0.1001    -2.0635
    -1.7034    -1.2823    -0.2161    -2.1856
    -1.6945    -1.1271    -0.2607    -2.2889
    -1.7746    -0.9627    -0.3678    -2.2983
    -1.8102    -0.7434    -0.4481    -2.3170
    -1.7568    -0.5332    -0.4928    -2.3264
    -1.8013    -0.2680    -0.5731    -2.2607
    -1.7034     0.0155    -0.6534    -2.2325
    -1.6767     0.2717    -0.6623    -2.0635
    -1.5433     0.5005    -0.7515    -1.9133
    -1.4721     0.7751    -0.7649    -1.7724
    -1.3831     1.0041    -0.7783    -1.6127
    -1.1786     1.2514    -0.8497    -1.4436
    -1.0718     1.4989    -0.8229    -1.2275
    -0.8851     1.6914    -0.8229    -1.0020
    -0.7072     1.7372    -0.9121    -0.7388
    -0.5471     1.7097    -0.8586    -0.5320
    -0.3337     1.7097    -0.8229    -0.2687
    -0.1204     1.7372    -0.7337    -0.0336
     0.0841     1.8839    -0.7069     0.2861
     0.3063     1.8748    -0.6445     0.5778
     0.4930     1.8473    -0.5552     0.8412
     0.7152     1.8473    -0.4928     1.2083
     0.9107     1.8473    -0.4035     1.4813
     1.1062     1.9115    -0.3143     1.7449
     1.2572     1.8839    -0.1983     2.0274
     1.4172     1.8106    -0.1001     2.1122
     1.5771     1.7922     0.0070     2.1687
     1.7370     1.5539     0.1231     2.2629
     1.7547     1.3522     0.2034     2.3194
     1.8525     1.1873     0.3820     2.4325
     1.8613     0.9308     0.4891     2.4890
     1.8702     0.7293     0.5873     2.4984
     1.8747     0.4547     0.5873     2.4984
     1.8791     0.1710     0.6320     2.5550
     1.7992    -0.1034     0.6052     2.5455
     1.8080    -0.3503     0.6588     2.5079
     1.6481    -0.5057     0.6856     2.3760
     1.5948    -0.6977     0.7481     2.1593
     1.3994    -0.8896     0.8284     1.8391
     1.2839    -1.1088     0.8999     1.5754
     1.0795    -1.2458     0.9535     1.3401
     0.9640    -1.4010     0.9267     1.0765
     0.7507    -1.5380     0.9624     0.7942
     0.6174    -1.6840     0.9535     0.4837
     0.3774    -1.7023     0.9579     0.2015
     0.1997    -1.8300     0.9624    -0.0901
    -0.0403    -1.8391     0.9624    -0.3628
    -0.1737    -1.8756     0.9981    -0.5508
    -0.3515    -1.9030     0.9803    -0.8422
    -0.5027    -1.8756     0.9803    -1.0114
    -0.6805    -1.8391     0.9803    -1.2275
    -0.8673    -1.7479     0.8731    -1.4060
    -1.0274    -1.7114     0.8552    -1.6033
    -1.1074    -1.6384     0.6945    -1.7724
    -1.2497    -1.4923     0.5784    -1.8663
    -1.3387    -1.2915     0.4445    -1.9320
    -1.5077    -1.1910     0.3641    -2.0447
    -1.5077    -1.0266     0.1766    -2.1668
    -1.5966    -0.8348     0.1142    -2.2325
    -1.6144    -0.6154    -0.0822    -2.2325
    -1.6945    -0.4600    -0.1626    -2.2232
    -1.6767    -0.3138    -0.3321    -2.1386
    -1.6945    -0.0943    -0.4214    -2.0917
    -1.6322     0.2259    -0.5106    -1.9696
    -1.5966     0.4638    -0.6266    -1.8663
    -1.5166     0.5828    -0.7426    -1.6878
    -1.4721     0.8301    -0.8408    -1.5094
    -1.3565     0.9766    -0.8586    -1.3590
    -1.2586     1.2239    -0.9568    -1.2369
    -1.0896     1.3981    -1.0727    -0.9926
    -0.9473     1.5447    -1.0549    -0.7858
    -0.7339     1.6639    -1.1084    -0.5602
    -0.5827     1.8014    -1.1619    -0.3251
    -0.3782     1.8198    -1.1084    -0.1183
    -0.2448     1.9023    -1.1441     0.2109
    -0.0848     1.8839    -1.1530     0.4367
     0.2263     1.9023    -1.0549     0.7001
     0.4308     1.8931    -1.0014     0.9542
     0.5730     1.8931    -0.9568     1.2648
     0.8041     1.8106    -0.8943     1.5095
     0.9729     1.7739    -0.7426     1.7543
     1.2217     1.6730    -0.6891     1.9709
     1.3905     1.6089    -0.5820     2.1216
     1.5682     1.4805    -0.4125     2.3194
     1.7014     1.3614    -0.3143     2.3948
     1.7903     1.1323    -0.1536     2.4984
     1.8169     0.9674    -0.1269     2.4984
     1.8347     0.7660     0.0695     2.5173
     1.7992     0.6561     0.1945     2.4513
     1.8258     0.4181     0.3641     2.4796
     1.8347     0.2442     0.5427     2.4136
     1.8436    -0.0211     0.6945     2.4325
     1.7814    -0.1857     0.8820     2.2818
     1.7192    -0.3595     0.9267     2.1122
     1.5415    -0.4966     0.9267     1.8862
     1.4705    -0.6154     0.9445     1.6413
     1.2306    -0.7982     1.0160     1.4436
     1.1773    -0.9809     1.0428     1.2554
     1.0084    -1.0540     1.1321     1.0106
     0.8307    -1.1545     1.2125     0.7942
     0.6441    -1.3006     1.2661     0.5025
     0.4308    -1.3919     1.2661     0.2956
     0.2797    -1.4832     1.2750     0.0604
     0.1108    -1.4923     1.3286    -0.1653
    -0.1292    -1.5927     1.3197    -0.3440
    -0.2715    -1.5745     1.3286    -0.5132
    -0.4227    -1.5927     1.3465    -0.7106
    -0.6450    -1.5836     1.2839    -0.8892
    -0.7517    -1.6110     1.2571    -1.1241
    -0.9651    -1.4467     1.2661    -1.2463
    -1.0718    -1.4010     1.1321    -1.3590
    -1.2230    -1.3645     1.0249    -1.4530
    -1.3298    -1.2275     0.8106    -1.5751
    -1.4187    -1.1453     0.6498    -1.6503
    -1.5433    -0.9718     0.5516    -1.7536
    -1.6411    -0.9261     0.3909    -1.8475
    -1.6500    -0.7891     0.1588    -1.9320
    -1.7390    -0.5515     0.0249    -1.8851
    -1.7123    -0.4600    -0.1626    -1.9133
    -1.7835    -0.3138    -0.3411    -1.8475
    -1.8013    -0.1492    -0.5285    -1.7724
    -1.7835     0.1436    -0.7069    -1.6597
    -1.6945     0.3449    -0.7783    -1.5469
    -1.5611     0.5279    -0.9568    -1.4436
    -1.4632     0.6286    -1.0817    -1.3496
    -1.3387     0.8850    -1.1619    -1.1899
    -1.1875     0.9858    -1.3047    -1.0302
    -1.0451     1.1323    -1.3671    -0.8610
    -0.8584     1.3431    -1.4474    -0.6918
    -0.6716     1.4897    -1.4563    -0.4850
    -0.5471     1.6180    -1.5544    -0.2875
    -0.2715     1.7097    -1.5455    -0.1277
    -0.1026     1.7556    -1.5366     0.1451
     0.1108     1.7647    -1.5723     0.3520
     0.3330     1.8748    -1.5009     0.5590
     0.5641     1.8473    -1.4742     0.7471
     0.7330     1.8198    -1.3671     1.0389
     0.9462     1.8564    -1.2779     1.2459
     1.1151     1.8106    -1.2422     1.4907
     1.3017     1.7922    -1.0995     1.6413
     1.4882     1.7464    -0.9746     1.8673
     1.6481     1.5722    -0.8229     1.9992
     1.7192     1.4897    -0.6623     2.1499
     1.7725     1.3064    -0.4749     2.2441
     1.7992     1.2239    -0.2786     2.3948
     1.8036     1.0132    -0.1536     2.3948
     1.8080     0.8484     0.0963     2.4042
     1.7992     0.6012     0.2391     2.3665
     1.7903     0.4455     0.4980     2.3665
     1.7192     0.2625     0.5963     2.3289
     1.7014     0.0246     0.8374     2.2064
     1.5415    -0.1674     1.0160     2.0934
     1.4260    -0.3595     1.1678     1.9144
     1.3283    -0.5057     1.2393     1.7638
     1.1684    -0.6885     1.2482     1.5660
     1.0529    -0.9353     1.3018     1.3495
     0.9107    -0.9901     1.3643     1.2177
     0.7596    -1.2001     1.4626     0.9636
     0.5819    -1.3554     1.5162     0.7471
     0.3686    -1.4467     1.5519     0.5025
     0.1997    -1.6292     1.5876     0.2485
    -0.0403    -1.6749     1.5787     0.0228
    -0.1115    -1.7296     1.5430    -0.1747
    -0.3426    -1.7935     1.5296    -0.3816
    -0.4849    -1.8118     1.5162    -0.5602
    -0.6450    -1.7935     1.5430    -0.7670
    -0.8495    -1.8209     1.5072    -0.9362
    -0.9918    -1.7570     1.3822    -1.1805
    -1.1341    -1.7479     1.1589    -1.3402
    -1.2764    -1.6384     1.0070    -1.4906
    -1.3920    -1.4923     0.8284    -1.5845
    -1.4988    -1.4193     0.5873    -1.7348
    -1.6589    -1.2641     0.3731    -1.8475
    -1.6589    -1.0723     0.1231    -1.9414
    -1.8013    -0.9353    -0.0554    -1.9790
    -1.8013    -0.7799    -0.2964    -2.0260
    -1.8102    -0.5149    -0.4928    -2.0353
    -1.7657    -0.3320    -0.7159    -2.0260
    -1.7924    -0.1309    -0.8675    -1.9884
    -1.6945     0.1161    -1.0995    -1.9133
    -1.6589     0.2900    -1.2601    -1.8193
    -1.5255     0.5005    -1.3850    -1.6878
    -1.4187     0.7476    -1.5633    -1.5751
    -1.2586     0.9858    -1.6525    -1.4624
    -1.1163     1.2148    -1.8398    -1.2745
    -0.9562     1.3981    -1.8487    -1.0583
    -0.7517     1.5355    -1.9647    -0.8704
    -0.5827     1.6822    -2.0182    -0.6730
    -0.3337     1.7556    -1.9914    -0.4756
    -0.1915     1.7739    -2.0182    -0.2687
     0.0663     1.8289    -1.9825    -0.0807
     0.2352     1.8931    -1.9468     0.2297
     0.4397     1.9023    -1.8933     0.5119
     0.6085     1.8931    -1.7774     0.7189
     0.8218     1.8839    -1.7060     1.0389
     1.0529     1.8656    -1.5188     1.2459
     1.2306     1.8564    -1.3760     1.5378
     1.3639     1.8106    -1.2690     1.7261
     1.5682     1.8014    -1.0281     1.9521
     1.6837     1.6089    -0.8675     2.1876
     1.7281     1.4347    -0.6712     2.3477
     1.7459     1.2698    -0.4838     2.4042
     1.7547     1.0682    -0.1983     2.4513
     1.7636     0.8117     0.0249     2.4513
     1.8525     0.6103     0.2391     2.4607
     1.8525     0.3815     0.4891     2.4890
     1.8258     0.2076     0.7123     2.4136
     1.7459    -0.0851     0.9624     2.3571
     1.6570    -0.3595     1.1767     2.2818
     1.5593    -0.5697     1.3822     2.1593
     1.4705    -0.7251     1.5162     1.9333
     1.3372    -0.8987     1.5251     1.6602
     1.1862    -1.0175     1.5608     1.4154
     1.0351    -1.2093     1.6144     1.1518
     0.8663    -1.3371     1.7217     0.9259
     0.7152    -1.5380     1.8021     0.6342
     0.5019    -1.5836     1.8021     0.3990
     0.3419    -1.7114     1.8021     0.0792
     0.1019    -1.7479     1.7976    -0.1747
    -0.0403    -1.7844     1.7931    -0.4380
    -0.2982    -1.8665     1.8378    -0.6072
    -0.4227    -1.8483     1.7395    -0.7952
    -0.6005    -1.7844     1.7753    -1.0020
    -0.7695    -1.7935     1.6413    -1.2557
    -0.9473    -1.7388     1.3911    -1.4436
    -1.0540    -1.6749     1.2214    -1.5469
    -1.1963    -1.5288     0.9892    -1.7536
    -1.3120    -1.4558     0.7659    -1.8475
    -1.4721    -1.3097     0.4534    -1.9696
    -1.5077    -1.2093     0.1945    -2.0823
    -1.5788    -1.0905    -0.0733    -2.1762
    -1.6945    -0.8987    -0.2607    -2.2044
    -1.7212    -0.7160    -0.4928    -2.2419
    -1.7568    -0.5880    -0.7694    -2.2701
    -1.7123    -0.3960    -0.9389    -2.2232
    -1.7123    -0.2040    -1.1441    -2.1105
    -1.6678     0.0795    -1.3493    -1.9696
    -1.6322     0.2991    -1.5366    -1.8851
    -1.5433     0.4272    -1.6347    -1.7630
    -1.4632     0.6103    -1.7863    -1.6690
    -1.2675     0.7751    -1.9379    -1.4812
    -1.1963     0.9400    -1.9914    -1.2933
    -0.9829     1.1690    -2.0895    -1.1147
    -0.8940     1.3339    -2.1430    -0.9456
    -0.6716     1.4622    -2.1519    -0.7482
    -0.5116     1.5355    -2.1697    -0.4850
    -0.3160     1.6272    -2.0806    -0.2781
    -0.1204     1.6547    -2.0717    -0.0430
     0.0308     1.7189    -1.9557     0.2297
     0.3063     1.7372    -1.8487     0.4461
     0.5019     1.7372    -1.7060     0.7283
     0.6796     1.7281    -1.5901     0.9353
     0.8396     1.7189    -1.4652     1.1895
     1.0795     1.7281    -1.2690     1.4154
     1.2484     1.5722    -1.0281     1.5849
     1.4349     1.5172    -0.8765     1.7449
     1.5948     1.3614    -0.6088     1.9238
     1.7547     1.2881    -0.4303     2.0934
     1.7903     1.0957    -0.1447     2.1876
     1.7725     0.9216     0.0606     2.2441
     1.7858     0.8026     0.3552     2.3383
     1.7992     0.5737     0.5963     2.3194
     1.7947     0.4730     0.8731     2.3194
     1.7903     0.2717     1.0606     2.2252
     1.8258     0.0429     1.3554     2.1216
     1.7281    -0.2223     1.5430     1.9898
     1.6837    -0.3229     1.6859     1.8862
     1.5238    -0.5240     1.7306     1.6790
     1.4172    -0.6794     1.7663     1.4719
     1.2217    -0.7982     1.7842     1.3213
     1.0884    -0.9901     1.9004     1.0859
     0.9196    -1.1910     1.9808     0.8601
     0.7152    -1.2275     2.0165     0.6719
     0.5197    -1.4102     2.0433     0.4273
     0.3330    -1.5106     1.9540     0.1545
     0.1641    -1.5745     1.9986    -0.0901
     0.0130    -1.6749     2.0254    -0.2405
    -0.1915    -1.7479     2.0076    -0.4944
    -0.3782    -1.7570     1.9004    -0.6448
    -0.5027    -1.8391     1.6949    -0.8798
    -0.6450    -1.7935     1.5340    -1.0959
    -0.8228    -1.7935     1.2839    -1.2651
    -1.0007    -1.8118     1.1142    -1.4530
    -1.0718    -1.7661     0.8106    -1.5375
    -1.2141    -1.6931     0.5963    -1.7066
    -1.3298    -1.5654     0.3373    -1.8569
    -1.4721    -1.5015     0.0963    -1.9978
    -1.5788    -1.3736    -0.1804    -2.0729
    -1.6411    -1.1636    -0.4125    -2.1199
    -1.6500    -1.0905    -0.5820    -2.1668
    -1.6945    -0.9535    -0.8229    -2.2325
    -1.7301    -0.7068    -0.9746    -2.2325
    -1.7212    -0.5606    -1.1709    -2.1950
    -1.7568    -0.3320    -1.3136    -2.0917
    -1.6945    -0.1400    -1.5366    -1.9696
    -1.6589     0.1344    -1.6704    -1.9226
    -1.5433     0.2991    -1.7060    -1.7818
    -1.4721     0.5188    -1.8131    -1.6503
    -1.3565     0.7568    -1.8755    -1.4624
    -1.1875     0.9491    -1.9647    -1.2839
    -1.0185     1.1323    -1.9468    -1.1711
    -0.8050     1.3339    -1.9914    -0.8798
    -0.6183     1.4805    -1.9290    -0.6918
    -0.4404     1.5630    -1.8398    -0.5038
    -0.2893     1.6730    -1.8041    -0.2311
    -0.0670     1.8014    -1.7417     0.0228
     0.1641     1.8014    -1.5544     0.2673
     0.3952     1.8473    -1.4385     0.5684
     0.5819     1.7647    -1.3225     0.7848
     0.8307     1.7556    -1.1709     1.0483
     1.0529     1.7464    -0.9657     1.2459
     1.2572     1.7464    -0.7694     1.5001
     1.3816     1.6914    -0.5820     1.7073
     1.5860     1.5814    -0.3589     1.8862
     1.7103     1.4072    -0.1358     2.1122
     1.7636     1.2239     0.1052     2.3100
     1.8080     1.0682     0.3463     2.3477
     1.7903     0.8117     0.5873     2.4231
     1.7636     0.6744     0.7927     2.3854
     1.7814     0.4364     1.0070     2.3760
     1.7992     0.2442     1.1232     2.3760
     1.7903    -0.0394     1.3643     2.3948
     1.6748    -0.2863     1.5430     2.3289
     1.5948    -0.4600     1.6681     2.2347
     1.4971    -0.6246     1.8289     1.9804
     1.4172    -0.8439     1.9450     1.8108
     1.2928    -0.9809     1.9808     1.5284
     1.1328    -1.1362     1.9629     1.2648
     0.9551    -1.3097     1.9897     1.0295
     0.7774    -1.4284     1.9540     0.7848
     0.6085    -1.6201     1.9718     0.4743
     0.4130    -1.7114     1.9629     0.2767
     0.2530    -1.7844     1.9808    -0.0148
     0.0663    -1.8939     1.9361    -0.2405
    -0.1470    -1.9486     1.8199    -0.4756
    -0.2715    -1.9578     1.7127    -0.6730
    -0.4493    -1.9760     1.5876    -0.9080
    -0.6716    -1.9213     1.3733    -1.0959
    -0.7961    -1.9030     1.2125    -1.3215
    -1.0007    -1.8118     1.0785    -1.5469
    -1.1430    -1.7661     0.8374    -1.6127
    -1.2942    -1.6840     0.6945    -1.8099
    -1.3920    -1.5288     0.4534    -1.9039
    -1.5255    -1.4102     0.2838    -1.9884
    -1.5966    -1.2915     0.0785    -2.1199
    -1.6856    -1.1088    -0.1001    -2.2232
    -1.8368    -0.9718    -0.3411    -2.2513
    -1.8457    -0.7434    -0.4838    -2.2607
    -1.8280    -0.6246    -0.6266    -2.2419
    -1.8635    -0.4418    -0.8229    -2.2232
    -1.8902    -0.2223    -0.9657    -2.1011
    -1.8102     0.0063    -1.0549    -2.0072
    -1.7390     0.2534    -1.2066    -1.8851
    -1.6767     0.4181    -1.2958    -1.7818
    -1.5877     0.5920    -1.4117    -1.6597
    -1.4899     0.8392    -1.4831    -1.4154
    -1.3031     0.9583    -1.5009    -1.2839
    -1.1697     1.0774    -1.5723    -1.1147
    -0.9473     1.2881    -1.6169    -0.8422
    -0.8673     1.4439    -1.6169    -0.6354
    -0.6183     1.5539    -1.5633    -0.4286
    -0.4227     1.6180    -1.5544    -0.2311
    -0.2359     1.6730    -1.4742    -0.0054
    -0.0581     1.7281    -1.4563     0.2767
     0.2086     1.6914    -1.3225     0.4931
     0.3419     1.7739    -1.2779     0.7189
     0.5730     1.7831    -1.1798     0.9824
     0.7330     1.7831    -1.0281     1.2365
     0.9818     1.7372    -0.8943     1.4719
     1.1062     1.6639    -0.7337     1.6602
     1.3017     1.5355    -0.6266     1.8391
     1.4172     1.4347    -0.4481     1.9804
     1.5593     1.2698    -0.2964     2.0745
     1.6393     1.1781    -0.1269     2.2629
     1.6926     0.9949     0.0785     2.2818
     1.6926     0.7660     0.2481     2.3100
     1.6970     0.6012     0.4177     2.2818
     1.7014     0.4455     0.5963     2.2959
     1.7014     0.2168     0.7749     2.3100
     1.7192     0.0338     0.8820     2.2818
     1.5771    -0.1400     1.0249     2.1781
     1.5238    -0.3412     1.2035     2.0274
     1.3283    -0.5606     1.2929     1.8203
     1.1950    -0.7708     1.4179     1.6602
     1.0973    -0.8622     1.5162     1.4719
     0.9640    -1.0357     1.6323     1.2554
     0.7952    -1.2458     1.7306     1.0012
     0.6085    -1.3645     1.7217     0.7660
     0.4130    -1.4376     1.7306     0.5401
     0.2975    -1.6019     1.7395     0.2956
     0.0397    -1.7114     1.7395     0.0792
    -0.1115    -1.7661     1.6323    -0.1841
    -0.3071    -1.7753     1.5966    -0.3910
    -0.4671    -1.7981     1.4894    -0.6072
    -0.6627    -1.8209     1.4179    -0.7764
    -0.8851    -1.8118     1.2571    -0.9644
    -1.0451    -1.7844     1.1142    -1.1805
    -1.2319    -1.7205     1.0070    -1.3402
    -1.3387    -1.6566     0.8284    -1.5187
    -1.4454    -1.5562     0.7034    -1.6033
    -1.6055    -1.4832     0.5605    -1.7818
    -1.6589    -1.3736     0.2838    -1.8945
    -1.7746    -1.2275     0.0963    -2.0072
    -1.8813    -1.0083    -0.0822    -2.0260
    -1.8991    -0.8256    -0.2697    -2.0823
    -1.9436    -0.6703    -0.4571    -2.1011
    -1.9436    -0.4966    -0.6355    -2.1386
    -1.9614    -0.3138    -0.7694    -2.1199
    -1.9080    -0.1217    -0.9211    -2.0541
    -1.8902     0.1710    -1.0727    -1.9133
    -1.7479     0.3632    -1.2958    -1.8475
    -1.7034     0.5462    -1.3939    -1.7254
    -1.5966     0.7568    -1.5188    -1.5939
    -1.4276     0.9216    -1.5723    -1.4718
    -1.3476     1.2148    -1.7060    -1.1899
    -1.1608     1.3339    -1.7328    -1.0395
    -0.9740     1.5722    -1.7952    -0.8140
    -0.8139     1.6730    -1.8844    -0.6166
    -0.5560     1.7464    -1.8487    -0.4192
    -0.4493     1.7281    -1.8844    -0.1653
    -0.2004     1.7281    -1.7774     0.1451
    -0.0048     1.7739    -1.7685     0.3896
     0.2175     1.7647    -1.6793     0.6625
     0.3508     1.7281    -1.5633     0.9165
     0.5552     1.7831    -1.5009     1.1706
     0.7063     1.7831    -1.3582     1.4813
     0.8929     1.7372    -1.2244     1.6696
     1.0529     1.6639    -1.1084     1.9238
     1.2661     1.5722    -0.8765     2.1028
     1.3639     1.4530    -0.7426     2.2629
     1.5238     1.2973    -0.5195     2.2723
     1.5948     1.1323    -0.3768     2.3571
     1.6748     0.9766    -0.1536     2.3383
     1.6837     0.7293     0.0874     2.3383
     1.6748     0.5462     0.2838     2.3383
     1.7103     0.3266     0.5427     2.3383
     1.6215     0.1344     0.6766     2.3383
     1.6393    -0.0760     0.9356     2.3477
     1.5149    -0.2680     1.0785     2.2441
     1.3905    -0.4875     1.2661     2.1028
     1.2572    -0.5880     1.4090     1.8673
     1.1151    -0.7891     1.6055     1.6131
     0.9196    -0.9535     1.7842     1.4342
     0.7952    -1.0540     1.8289     1.2177
     0.5819    -1.2275     1.9093     0.9730
     0.4486    -1.3554     1.9093     0.6719
     0.2352    -1.4649     1.8914     0.4555
     0.0663    -1.5471     1.9093     0.1639
    -0.0937    -1.6749     1.9361    -0.1089
    -0.3160    -1.6749     1.9004    -0.3063
    -0.4938    -1.7388     1.7842    -0.5320
    -0.5827    -1.7114     1.6681    -0.7106
    -0.7783    -1.7205     1.5519    -0.9080
    -1.0007    -1.7570     1.3733    -1.0865
    -1.0540    -1.7479     1.2393    -1.2745
    -1.2942    -1.6292     1.0160    -1.4718
    -1.3298    -1.5745     0.8820    -1.5845
    -1.5077    -1.5380     0.6231    -1.7348
    -1.5611    -1.3554     0.4534    -1.7818
    -1.7034    -1.2549     0.1677    -1.9320
    -1.7835    -1.1179    -0.0019    -2.0447
    -1.8368    -0.9901    -0.2964    -2.0917
    -1.9258    -0.7525    -0.5285    -2.0823
    -1.9080    -0.5880    -0.7337    -2.0823
    -1.9614    -0.4783    -0.9121    -2.1011
    -1.9525    -0.2498    -1.0906    -2.0541
    -1.9169    -0.0211    -1.2601    -1.9884
    -1.8546     0.1710    -1.3582    -1.9414
    -1.7390     0.3998    -1.5188    -1.8006
    -1.6589     0.5920    -1.6615    -1.6690
    -1.5877     0.8026    -1.7328    -1.5094
    -1.4365     1.0041    -1.8398    -1.3778
    -1.2497     1.2331    -1.8844    -1.1993
    -1.0540     1.4439    -1.9022    -1.0020
    -0.9384     1.5172    -1.9468    -0.7952
    -0.7428     1.6914    -1.9468    -0.5978
    -0.4760     1.6730    -1.9290    -0.4192
    -0.3071     1.6914    -1.8844    -0.2029
    -0.1115     1.7097    -1.8041     0.0792
     0.1286     1.7006    -1.6704     0.2579
     0.3063     1.6914    -1.5990     0.5966
     0.5463     1.6639    -1.4742     0.8036
     0.7152     1.6730    -1.3047     1.0201
     0.9107     1.6639    -1.1709     1.2648
     1.1151     1.6272    -0.9478     1.4248
     1.2395     1.5905    -0.7872     1.7261
     1.4260     1.4805    -0.5463     1.9238
     1.5060     1.3064    -0.3946     2.0463
     1.5948     1.0865    -0.1715     2.1687
     1.6659     0.9033     0.1052     2.2441
     1.7014     0.7385     0.3195     2.2723
     1.6837     0.5645     0.5070     2.2723
     1.7014     0.3174     0.7034     2.3006
     1.6748     0.1436     0.9803     2.2629
     1.6659    -0.0760     1.1678     2.2347
     1.6215    -0.2863     1.3465     2.1122
     1.5238    -0.5149     1.4983     1.9992
     1.3727    -0.6977     1.6681     1.8108
     1.2395    -0.8804     1.7395     1.5660
     1.0795    -1.0266     1.8199     1.3213
     0.9285    -1.2458     1.8646     1.1330
     0.7241    -1.3919     1.8825     0.8412
     0.5641    -1.5106     1.8646     0.5966
     0.4130    -1.6201     1.8825     0.3520
     0.2263    -1.7205     1.8825     0.0604
     0.0663    -1.8300     1.9004    -0.2217
    -0.1915    -1.9304     1.8378    -0.4004
    -0.3426    -1.9669     1.7574    -0.6354
    -0.4493    -1.9486     1.5698    -0.8516
    -0.6183    -1.9760     1.4358    -1.0583
    -0.8050    -1.9578     1.2661    -1.2745
    -0.9473    -1.9304     1.0964    -1.5094
    -1.0363    -1.8756     0.9267    -1.6315
    -1.1697    -1.7935     0.7659    -1.8099
    -1.3031    -1.7023     0.5248    -1.9602
    -1.4543    -1.5745     0.3016    -2.0729
    -1.5788    -1.4741     0.1588    -2.1950
    -1.6144    -1.3371    -0.1001    -2.2232
    -1.7479    -1.1453    -0.2697    -2.2701
    -1.7479    -0.9809    -0.5017    -2.3546
    -1.8102    -0.8439    -0.6534    -2.3546
    -1.8280    -0.6520    -0.8140    -2.2983
    -1.8368    -0.5057    -1.0103    -2.2701
    -1.8368    -0.2498    -1.1263    -2.1293
    -1.7746    -0.0485    -1.3136    -2.0541
    -1.7123     0.1527    -1.4296    -1.9414
    -1.6767     0.3083    -1.4920    -1.8287
    -1.5788     0.5005    -1.6436    -1.6503
    -1.3742     0.7202    -1.6525    -1.4906
    -1.2764     0.8484    -1.7596    -1.3215
    -1.0629     1.0316    -1.7952    -1.1429
    -0.9295     1.1507    -1.7952    -0.9738
    -0.7072     1.3064    -1.8398    -0.7012
    -0.5027     1.4164    -1.8220    -0.4944
    -0.3515     1.5630    -1.7685    -0.2969
    -0.0848     1.6272    -1.6704    -0.0713
     0.1019     1.6822    -1.6169     0.1545
     0.3330     1.6455    -1.5188     0.4555
     0.5019     1.6272    -1.3939     0.6719
     0.7152     1.7006    -1.3047     0.9071
     0.8929     1.5722    -1.1798     1.0953
     1.1328     1.5997    -0.9924     1.3589
     1.2484     1.5447    -0.8675     1.5943
     1.4616     1.4439    -0.6712     1.7920
     1.5504     1.3614    -0.5820     1.9615
     1.6659     1.1598    -0.3768     2.0274
     1.6570     0.9674    -0.1358     2.2064
     1.6570     0.7934     0.0338     2.2535
     1.6926     0.6195     0.2570     2.3194
     1.6837     0.4364     0.3820     2.3006
     1.6659     0.1710     0.5605     2.3100
     1.6926    -0.0485     0.7749     2.2912
     1.7014    -0.2406     0.9088     2.2252
     1.6304    -0.4600     1.0964     2.1216
     1.5860    -0.6154     1.2303     1.9521
     1.4705    -0.8530     1.3107     1.8014
     1.2928    -1.0357     1.4626     1.5472
     1.1151    -1.2458     1.5698     1.3118
     0.9996    -1.3189     1.6949     1.1330
     0.8396    -1.4832     1.7663     0.8883
     0.6530    -1.6292     1.8110     0.5872
     0.4486    -1.7388     1.7306     0.3332
     0.2441    -1.7661     1.7753     0.0416
     0.0841    -1.8848     1.6681    -0.1559
    -0.0670    -1.8939     1.6144    -0.4474
    -0.2448    -1.8985     1.5162    -0.6542
    -0.4315    -1.9030     1.4536    -0.8704
    -0.6094    -1.9213     1.2393    -1.0959
    -0.6983    -1.9030     1.1767    -1.3027
    -0.8406    -1.8574     0.9981    -1.4718
    -0.9829    -1.7570     0.8195    -1.5939
    -1.1697    -1.7205     0.6677    -1.7818
    -1.3031    -1.5745     0.5070    -1.9133
    -1.3742    -1.4010     0.2838    -2.0635
    -1.5166    -1.2915     0.0070    -2.1480
    -1.5700    -1.0905    -0.1626    -2.1950
    -1.6856    -0.9627    -0.3857    -2.2983
    -1.6856    -0.8165    -0.6177    -2.3452
    -1.7657    -0.7068    -0.7605    -2.3640
    -1.7746    -0.4783    -0.9478    -2.3077
    -1.7835    -0.2589    -1.1352    -2.1856
    -1.7123     0.0246    -1.3493    -2.0823
    -1.6589     0.1802    -1.4474    -1.9414
    -1.6144     0.3540    -1.5812    -1.8287
    -1.5255     0.5188    -1.7596    -1.6409
    -1.4365     0.7019    -1.7952    -1.5000
    -1.2675     0.9125    -1.9557    -1.3496
    -1.1341     1.1140    -1.9647    -1.1617
    -0.9473     1.2239    -2.0449    -0.9738
    -0.7250     1.4164    -2.0182    -0.7106
    -0.5827     1.5264    -2.0271    -0.4756
    -0.3337     1.6089    -2.0627    -0.2405
    -0.2182     1.6547    -1.9647    -0.0148
     0.0752     1.6685    -1.9112     0.2391
     0.2441     1.6822    -1.8309     0.4743
     0.4663     1.7097    -1.7150     0.7471
     0.6174     1.7097    -1.5544     0.9730
     0.8663     1.7097    -1.4474     1.1612
     1.0440     1.7006    -1.2422     1.4248
     1.1862     1.6455    -1.1173     1.6131
     1.3550     1.6272    -0.9032     1.8297
     1.5149     1.5264    -0.6712     2.0180
     1.6304     1.3706    -0.4928     2.1216
     1.6570     1.1873    -0.2697     2.2441
     1.6570     1.0316     0.0160     2.2818
     1.7014     0.7751     0.2124     2.3194
     1.6748     0.6286     0.4445     2.3477
     1.7547     0.4272     0.6588     2.2912
     1.7547     0.2534     0.8999     2.2818
     1.6926     0.0063     1.0696     2.3383
     1.6570    -0.2772     1.2482     2.2441
     1.5860    -0.4509     1.4447     2.1593
     1.4794    -0.6246     1.6502     2.0086
     1.3283    -0.7525     1.8199     1.7920
     1.2039    -1.0083     1.9182     1.5754
     1.0262    -1.1545     1.9540     1.3495
     0.8751    -1.2641     1.9540     1.1048
     0.6707    -1.3736     1.9361     0.8507
     0.4663    -1.5380     1.9718     0.6248
     0.2797    -1.6019     1.9450     0.3990
     0.1019    -1.6931     1.9629     0.1262
    -0.0581    -1.7479     1.9272    -0.1559
    -0.2715    -1.7844     1.8735    -0.4004
    -0.4227    -1.8209     1.7663    -0.6354
    -0.6361    -1.8756     1.5966    -0.8140
    -0.7961    -1.8939     1.4358    -1.0395
    -0.9028    -1.7935     1.3197    -1.2369
    -1.0451    -1.7479     1.1142    -1.4342
    -1.2408    -1.6110     0.9088    -1.6033
    -1.3209    -1.5562     0.6856    -1.7912
    -1.4721    -1.4741     0.5159    -1.9508
    -1.5788    -1.3371     0.2748    -2.0447
    -1.6144    -1.1179     0.0695    -2.1293
    -1.7390    -0.9992    -0.1893    -2.1950
    -1.7390    -0.8804    -0.3589    -2.2607
    -1.8368    -0.6337    -0.5463    -2.3077
    -1.8191    -0.4600    -0.7694    -2.3077
    -1.8368    -0.2406    -0.8943    -2.2044
    -1.8635    -0.0394    -1.0995    -2.1011
    -1.8280     0.1253    -1.2422    -2.0447
    -1.7746     0.3174    -1.3671    -1.9133
    -1.6589     0.4913    -1.4296    -1.7818
    -1.5877     0.7385    -1.5366    -1.5845
    -1.4721     0.9216    -1.6436    -1.3966
    -1.2764     1.0865    -1.6704    -1.2087
    -1.1519     1.1781    -1.7239    -1.0395
    -0.9918     1.3431    -1.7685    -0.8046
    -0.8139     1.4714    -1.8041    -0.6260
    -0.6005     1.6364    -1.7685    -0.3910
    -0.4049     1.6639    -1.7328    -0.1841
    -0.2093     1.6730    -1.6258     0.0980
    -0.0403     1.7006    -1.6169     0.3614
     0.2619     1.7006    -1.4920     0.6154
     0.4130     1.7189    -1.4028     0.8412
     0.5996     1.7189    -1.2690     1.0859
     0.8218     1.7556    -1.1263     1.2930
     0.9729     1.7281    -1.0549     1.5189
     1.1506     1.5722    -0.8675     1.6790
     1.3639     1.4805    -0.6445     1.8391
     1.5149     1.4164    -0.5017     2.0086
     1.5860     1.2606    -0.3411     2.1216
     1.6304     1.0865    -0.1269     2.1970
     1.6837     0.8392     0.0695     2.3006
     1.6837     0.7019     0.2124     2.3289
     1.7014     0.5645     0.4445     2.3006
     1.6748     0.3723     0.5963     2.3100
     1.7103     0.0795     0.7927     2.3006
     1.6481    -0.1034     0.9445     2.2064
     1.5948    -0.3595     1.1053     2.1310
     1.4705    -0.6063     1.2750     1.9992
     1.3550    -0.7068     1.3733     1.7826
     1.1773    -0.9809     1.4983     1.6319
     1.0440    -1.1636     1.6234     1.3966
     0.8929    -1.3006     1.7574     1.1706
     0.6885    -1.4193     1.8021     0.9730
     0.5730    -1.5836     1.8289     0.6813
     0.4041    -1.6931     1.7931     0.4367
     0.2352    -1.7753     1.7753     0.1545
    -0.0315    -1.9304     1.7395    -0.1371
    -0.1648    -1.9030     1.6770    -0.3722
    -0.3426    -1.9030     1.5787    -0.6072
    -0.4849    -1.9121     1.5072    -0.8234
    -0.6627    -1.9213     1.3018    -1.0395
    -0.8495    -1.8391     1.2393    -1.2369
    -0.9384    -1.8483     1.0070    -1.4530
    -1.1252    -1.7570     0.9177    -1.6597
    -1.2408    -1.6566     0.6945    -1.8475
    -1.3209    -1.4832     0.5605    -1.9602
    -1.4721    -1.4558     0.3463    -2.0729
    -1.5700    -1.2549     0.1409    -2.2232
    -1.6411    -1.0357    -0.1001    -2.2983
    -1.6678    -0.9261    -0.3054    -2.2983
    -1.7123    -0.7525    -0.5195    -2.3358
    -1.7924    -0.6063    -0.7069    -2.3077
    -1.7657    -0.3595    -0.8586    -2.2701
    -1.8102    -0.1583    -1.0371    -2.2232
    -1.7212     0.0338    -1.2066    -2.1105
    -1.6767     0.2259    -1.3314    -1.9790
    -1.6500     0.4181    -1.4652    -1.8663
    -1.5433     0.5462    -1.5901    -1.6784
    -1.4009     0.7202    -1.6436    -1.5094
    -1.2675     0.8301    -1.7239    -1.2933
    -1.1697     1.0224    -1.7774    -1.0489
    -0.9384     1.1598    -1.8844    -0.8234
    -0.7961     1.2881    -1.9112    -0.6636
    -0.5560     1.4897    -1.8487    -0.3816
    -0.3693     1.5355    -1.8398    -0.1841
    -0.2093     1.6730    -1.7328     0.1168
     0.0041     1.6914    -1.6704     0.3426
     0.2530     1.7097    -1.6169     0.5966
     0.5019     1.7097    -1.4563     0.8130
     0.6174     1.7281    -1.3850     1.1424
     0.8840     1.7097    -1.2066     1.3589
     1.0351     1.7464    -1.0549     1.5849
     1.1595     1.7006    -0.8408     1.8108
     1.3194     1.6639    -0.6980     2.0086
     1.4260     1.6180    -0.5195     2.1499
     1.5682     1.3981    -0.3054     2.2818
     1.7014     1.2423    -0.0287     2.3383
     1.7547     1.0957     0.2213     2.4136
     1.7814     0.8575     0.4355     2.4136
     1.8080     0.7385     0.6320     2.4136
     1.7547     0.5188     0.8731     2.4513
     1.7814     0.3174     1.0070     2.4513
     1.7547     0.0429     1.2482     2.3854
     1.7636    -0.2040     1.4536     2.3760
     1.6126    -0.3686     1.6144     2.3571
     1.5682    -0.5697     1.7663     2.2064
     1.4260    -0.7434     1.8914     2.0274
     1.2128    -0.9992     1.9808     1.7826
     1.0973    -1.1179     2.0165     1.5284
     0.8574    -1.2275     1.9897     1.3871
     0.7330    -1.3554     2.0254     1.1612
     0.5552    -1.5288     1.9986     0.9165
     0.3774    -1.5654     2.0344     0.5778
     0.1908    -1.6201     2.0210     0.2861
    -0.0492    -1.7023     2.0076    -0.0054
    -0.1826    -1.7296     1.9093    -0.2123
    -0.3782    -1.6840     1.7931    -0.4662
    -0.5027    -1.7388     1.6502    -0.6918
    -0.6894    -1.6840     1.4358    -0.9268
    -0.8851    -1.6110     1.2929    -1.1335
    -0.9829    -1.4649     1.0964    -1.3121
    -1.1519    -1.4010     0.8999    -1.5000
    -1.2675    -1.3189     0.6856    -1.6409
    -1.3654    -1.1453     0.5248    -1.8193
    -1.4899    -1.0449     0.2838    -1.9414
    -1.5877    -0.8713     0.0785    -2.0541
    -1.5877    -0.7342    -0.1893    -2.1856
    -1.6500    -0.5515    -0.4035    -2.2419
    -1.7123    -0.3960    -0.5552    -2.2325
    -1.7301    -0.2589    -0.7248    -2.1856
    -1.7568    -0.1034    -0.8854    -2.1293
    -1.7390     0.1710    -1.0638    -2.1011
    -1.7390     0.3449    -1.1798    -1.9790
    -1.6500     0.4730    -1.3225    -1.8851
    -1.5700     0.6561    -1.4474    -1.7630
    -1.4810     0.8575    -1.4652    -1.5469
    -1.4276     0.9949    -1.6347    -1.3590
    -1.2586     1.1323    -1.6169    -1.1523
    -1.1341     1.3064    -1.6882    -0.9926
    -0.9651     1.3797    -1.7506    -0.7858
    -0.7339     1.4622    -1.7150    -0.5790
    -0.5471     1.6272    -1.6971    -0.3345
    -0.4138     1.7006    -1.6971    -0.1559
    -0.1915     1.7464    -1.6347     0.0980
     0.0841     1.7556    -1.5544     0.3896
     0.2441     1.7739    -1.4742     0.6436
     0.4752     1.7831    -1.3850     0.8789
     0.6796     1.7831    -1.2333     1.1236
     0.8396     1.8289    -1.1084     1.2648
     1.0973     1.7831    -1.0103     1.4342
     1.1506     1.7372    -0.8229     1.6978
     1.3816     1.6089    -0.6088     1.8203
     1.5060     1.5264    -0.4481     1.9898
     1.6215     1.3706    -0.2875     2.0745
     1.6748     1.1873    -0.0465     2.2441
     1.7547     0.9400     0.0963     2.2535
     1.7725     0.7385     0.3373     2.3100
     1.7459     0.5371     0.5159     2.2818
     1.7903     0.2717     0.7838     2.2535
     1.7281     0.0246     0.8642     2.2629
     1.6570    -0.2589     1.1142     2.1687
     1.5860    -0.4052     1.2839     2.0651
     1.5149    -0.6337     1.4626     1.9615
     1.4616    -0.7891     1.5876     1.8014
     1.3017    -1.0357     1.7306     1.6131
     1.1151    -1.1819     1.8914     1.4248
     0.9107    -1.3006     1.9361     1.2554
     0.7241    -1.4649     1.9808     0.9636
     0.5641    -1.6201     1.9897     0.7001
     0.3419    -1.6566     1.9897     0.4367
     0.1730    -1.7479     1.9718     0.1827
     0.0041    -1.8483     1.9808    -0.0430
    -0.1292    -1.8300     2.0165    -0.2781
    -0.3426    -1.8346     1.9182    -0.5696
    -0.4582    -1.8391     1.7842    -0.8140
    -0.6183    -1.8300     1.6234    -1.0489
    -0.7961    -1.8118     1.5072    -1.1805
    -0.9562    -1.7570     1.3643    -1.4248
    -1.1163    -1.6201     1.1678    -1.5939
    -1.2497    -1.5745     0.9713    -1.7724
    -1.3742    -1.4193     0.7927    -1.9320
    -1.4543    -1.2915     0.5605    -2.0541
    -1.5433    -1.1453     0.3284    -2.1762
    -1.6322    -0.9901     0.1409    -2.2701
    -1.7479    -0.8622    -0.1179    -2.2701
    -1.7746    -0.6703    -0.3232    -2.2795
    -1.8102    -0.4875    -0.4928    -2.2232
    -1.8546    -0.3686    -0.6802    -2.2044
    -1.8280    -0.1583    -0.9121    -2.0823
    -1.8013     0.0795    -1.0817    -1.9884
    -1.8013     0.3357    -1.2601    -1.8475
    -1.6945     0.5188    -1.3493    -1.6972
    -1.6144     0.6286    -1.4385    -1.4906
    -1.5255     0.8301    -1.6258    -1.2933
    -1.4098     1.0774    -1.6793    -1.1523
    -1.3031     1.1965    -1.7328    -0.8798
    -1.1252     1.3522    -1.7596    -0.6448
    -0.9651     1.5814    -1.7596    -0.4850
    -0.7606     1.6272    -1.7506    -0.3063
    -0.5560     1.7831    -1.7417     0.0134
    -0.3871     1.8381    -1.6793     0.2579
    -0.1648     1.8564    -1.5723     0.5119
     0.0308     1.8564    -1.5188     0.6907
     0.2708     1.8564    -1.4028     1.0012
     0.4663     1.8106    -1.2958     1.1801
     0.6441     1.7556    -1.1709     1.3966
     0.8840     1.8106    -0.9657     1.5849
     1.0084     1.7831    -0.8140     1.7073
     1.2128     1.7831    -0.6177     1.9238
     1.3727     1.6730    -0.4838     2.0934
     1.4705     1.5172    -0.2607     2.2629
     1.5860     1.3431    -0.0108     2.3571
     1.6304     1.1415     0.1499     2.3854
     1.7103     0.9766     0.3552     2.4419
     1.7281     0.7202     0.5516     2.4136
     1.7192     0.5005     0.7749     2.4136
     1.7192     0.3540     0.9445     2.3948
     1.7547     0.1070     1.1232     2.4136
     1.7103    -0.0668     1.2929     2.4042
     1.5860    -0.3595     1.4179     2.3383
     1.5327    -0.5240     1.5162     2.2347
     1.3639    -0.6611     1.6949     2.0274
     1.2128    -0.8713     1.8289     1.7920
     1.0795    -1.0449     1.9004     1.5001
     0.9018    -1.2275     1.9004     1.2365
     0.7863    -1.3006     1.9986     1.0295
     0.5463    -1.4376     1.9629     0.7660
     0.4308    -1.5562     1.9718     0.4743
     0.2086    -1.6019     1.9540     0.1262
     0.0752    -1.6749     1.8378    -0.1935
    -0.1292    -1.7753     1.7842    -0.3534
    -0.2715    -1.7388     1.6502    -0.6260
    -0.3782    -1.7296     1.5519    -0.8610
    -0.5916    -1.7160     1.4179    -1.1429
    -0.7072    -1.7023     1.2482    -1.3027
    -0.8406    -1.6019     1.0606    -1.4718
    -0.9918    -1.6019     0.9088    -1.6597
    -1.0807    -1.5106     0.7391    -1.8663
    -1.2408    -1.3463     0.5338    -2.0260
    -1.3031    -1.2641     0.3284    -2.0823
    -1.4009    -1.1088     0.1320    -2.1762
    -1.5166    -0.9992    -0.0465    -2.2607
    -1.5788    -0.7799    -0.2607    -2.2795
    -1.5522    -0.5972    -0.4214    -2.2701
    -1.5877    -0.4783    -0.6177    -2.2138
    -1.6233    -0.2680    -0.8586    -2.1480
    -1.6055    -0.0303    -1.0281    -2.1011
    -1.5700     0.1985    -1.0906    -1.9884
    -1.5077     0.3540    -1.2690    -1.8193
    -1.4810     0.4913    -1.4117    -1.7536
    -1.3742     0.6469    -1.4474    -1.6033
    -1.2586     0.8209    -1.5812    -1.4154
    -1.1074     0.9216    -1.6258    -1.2181
    -0.9473     1.1323    -1.6793    -1.0114
    -0.8406     1.2698    -1.7863    -0.8328
    -0.6627     1.4256    -1.7596    -0.5696
    -0.4582     1.5722    -1.7506    -0.3534
    -0.2270     1.6455    -1.7239    -0.1465
    -0.0848     1.6914    -1.7150     0.0886
     0.1908     1.7464    -1.6258     0.3426
     0.3952     1.7097    -1.5366     0.5966
     0.5197     1.7281    -1.4385     0.7848
     0.7507     1.7464    -1.2868     1.0859
     1.0084     1.7097    -1.0906     1.2742
     1.1862     1.7189    -0.9657     1.5001
     1.3017     1.6455    -0.7694     1.6602
     1.4971     1.5080    -0.5820     1.8391
     1.6215     1.4530    -0.4214     2.0840
     1.6748     1.2423    -0.2250     2.2252
     1.7459     1.1598    -0.0108     2.3194
     1.8080     0.9766     0.2748     2.4042
     1.8169     0.7751     0.4534     2.4513
     1.7992     0.5371     0.6677     2.4984
     1.8525     0.3357     0.8731     2.5079
     1.8080     0.0978     1.1053     2.4607
     1.8169    -0.0851     1.3018     2.4042
     1.7814    -0.2772     1.4268     2.3100
     1.7192    -0.5149     1.6055     2.2441
     1.6126    -0.7160     1.7306     2.0745
     1.4971    -0.8256     1.8378     1.8108
     1.3372    -0.9901     1.9897     1.6037
     1.1328    -1.1362     2.0076     1.3213
     0.9285    -1.2915     2.0076     1.1518
     0.7596    -1.4467     2.0344     0.8695
     0.5552    -1.5197     2.0791     0.6342
     0.3863    -1.6566     2.0880     0.3144
     0.2086    -1.6840     1.9897     0.0510
    -0.0492    -1.7479     1.8914    -0.2029
    -0.1204    -1.7570     1.8467    -0.3910
    -0.3337    -1.8118     1.7217    -0.5978
    -0.4849    -1.8026     1.5876    -0.7952
    -0.6272    -1.7205     1.3465    -1.0208
    -0.7783    -1.7114     1.1857    -1.2557
    -0.9562    -1.6292     1.0785    -1.4530
    -1.0185    -1.5197     0.8999    -1.6033
    -1.1341    -1.4102     0.7123    -1.8193
    -1.2408    -1.2458     0.5159    -1.9320
    -1.4009    -1.1453     0.3641    -2.0541
    -1.4365    -0.8804     0.1588    -2.1199
    -1.5611    -0.7708    -0.0822    -2.1574
    -1.6233    -0.5606    -0.2607    -2.1668
    -1.6678    -0.4418    -0.4838    -2.1950
    -1.6589    -0.1949    -0.6266    -2.1199
    -1.6144    -0.0394    -0.7515    -2.0823
    -1.6233     0.1344    -0.9657    -2.0260
    -1.5522     0.3449    -1.0995    -1.9508
    -1.5611     0.5279    -1.1887    -1.8006
    -1.4810     0.6652    -1.3225    -1.6878
    -1.3120     0.8850    -1.4117    -1.4812
    -1.2230     1.0132    -1.5544    -1.3121
    -1.0718     1.1323    -1.5990    -1.1335
    -0.9473     1.2698    -1.6347    -0.8516
    -0.7517     1.4164    -1.7239    -0.6260
    -0.5205     1.5447    -1.6793    -0.4380
    -0.3693     1.6455    -1.6659    -0.2311
    -0.1204     1.8014    -1.6525    -0.0242
     0.0752     1.8381    -1.5901     0.2579
     0.2975     1.8198    -1.5723     0.4931
     0.5463     1.8656    -1.4296     0.7377
     0.6885     1.8656    -1.3939     0.9918
     0.8929     1.8656    -1.2244     1.2177
     1.0795     1.8656    -1.0995     1.4907
     1.3194     1.8289    -0.9657     1.6790
     1.4705     1.7372    -0.7605     1.8862
     1.5771     1.6455    -0.5999     2.0557
     1.7547     1.5172    -0.4392     2.2441
     1.7903     1.3431    -0.1983     2.3665
     1.8347     1.0865    -0.0911     2.4513
     1.8702     0.9583     0.1588     2.4984
     1.8791     0.7385     0.3820     2.5361
     1.8791     0.5554     0.5605     2.5079
     1.8924     0.3449     0.7838     2.5173
     1.9058     0.0887     0.9445     2.4607
     1.8347    -0.1674     1.1857     2.3854
     1.8258    -0.3412     1.3465     2.3006
     1.7103    -0.5149     1.4626     2.1593
     1.6393    -0.7160     1.6502     1.9804
     1.4616    -0.9444     1.7217     1.7732
     1.2661    -1.0814     1.8646     1.5566
     1.1684    -1.2093     1.9093     1.3024
     0.9462    -1.3189     1.9272     1.0483
     0.7952    -1.5015     1.9986     0.8789
     0.5908    -1.5654     1.9629     0.5778
     0.4219    -1.6384     1.9182     0.3144
     0.2975    -1.7479     1.8199     0.0040
     0.0663    -1.7570     1.7663    -0.1559
    -0.1115    -1.7661     1.6323    -0.3534
    -0.2182    -1.7479     1.5340    -0.5696
    -0.4315    -1.7753     1.3733    -0.8140
    -0.5916    -1.7296     1.2303    -1.0771
    -0.7339    -1.6566     1.0338    -1.2839
    -0.8584    -1.5745     0.8820    -1.4436
    -0.9918    -1.4467     0.7481    -1.6221
    -1.1341    -1.2549     0.4980    -1.8193
    -1.2141    -1.1453     0.2927    -1.9133
    -1.3031    -1.0175     0.1320    -2.0635
    -1.3920    -0.8530    -0.1269    -2.1386
    -1.4009    -0.6246    -0.2697    -2.2232
    -1.4899    -0.4966    -0.5017    -2.2513
    -1.5166    -0.3503    -0.6088    -2.2232
    -1.5166    -0.1126    -0.8051    -2.1762
    -1.5255     0.0704    -0.9746    -2.0541
    -1.4899     0.3083    -1.1173    -1.9696
    -1.4009     0.4913    -1.2512    -1.8569
    -1.3209     0.6012    -1.3671    -1.6784
    -1.2675     0.7476    -1.4117    -1.5000
    -1.1786     0.9491    -1.5098    -1.3215
    -1.0718     1.1323    -1.6347    -1.1147
    -0.8762     1.2514    -1.6704    -0.9362
    -0.7695     1.4439    -1.6347    -0.7106
    -0.5649     1.5814    -1.6615    -0.4756
    -0.4493     1.7006    -1.7150    -0.2593
    -0.2626     1.8381    -1.6704    -0.0524
    -0.0137     1.8839    -1.5723     0.1921
     0.2441     1.9206    -1.5009     0.4461
     0.4041     1.8839    -1.4385     0.7001
     0.6174     1.8839    -1.3314     0.9448
     0.8396     1.9023    -1.2155     1.1612
     0.9996     1.8473    -1.0460     1.4154
     1.1773     1.8839    -0.9568     1.6037
     1.3372     1.7922    -0.7694     1.7449
     1.4527     1.6914    -0.5999     1.9144
     1.6304     1.5814    -0.4214     2.0557
     1.6926     1.4256    -0.2518     2.2629
     1.7370     1.2789    -0.0822     2.3571
     1.7992     1.1048     0.1945     2.4607
     1.7814     0.9491     0.3284     2.4890
     1.8258     0.7202     0.5427     2.4607
     1.7992     0.5188     0.7034     2.4890
     1.7370     0.2534     0.8909     2.4796
     1.7103     0.0795     1.0696     2.4513
     1.6393    -0.1949     1.2125     2.4419
     1.5771    -0.3229     1.4090     2.3100
     1.3905    -0.5332     1.5430     2.1970
     1.2839    -0.7342     1.6234     2.0086
     1.1240    -0.8713     1.7306     1.7826
     0.8840    -1.0540     1.8289     1.5284
     0.7952    -1.1545     1.9540     1.2742
     0.5730    -1.3371     1.9272     1.0201
     0.3952    -1.4832     2.0076     0.7660
     0.1997    -1.5654     1.9986     0.4743
    -0.0048    -1.6201     1.9093     0.2109
    -0.1204    -1.6931     1.8914    -0.0901
    -0.2893    -1.7753     1.7931    -0.2969
    -0.4493    -1.7844     1.6591    -0.5038
    -0.6094    -1.7570     1.4715    -0.7576
    -0.7961    -1.6658     1.3197    -1.0020
    -0.9206    -1.6475     1.1678    -1.1993
    -1.0807    -1.5927     0.9713    -1.3590
    -1.2141    -1.4923     0.8463    -1.5187
    -1.3298    -1.3919     0.6231    -1.7630
    -1.4454    -1.2367     0.4355    -1.8757
    -1.5077    -1.0997     0.1677    -2.0260
    -1.6055    -0.8987    -0.0376    -2.0917
    -1.6589    -0.7068    -0.2072    -2.1293
    -1.6856    -0.5606    -0.4392    -2.1480
    -1.7568    -0.3960    -0.5820    -2.1105
    -1.7212    -0.2315    -0.7605    -2.0729
    -1.7034    -0.0120    -0.9657    -2.0260
    -1.7034     0.2534    -1.0906    -1.9508
    -1.6055     0.3998    -1.2512    -1.9039
    -1.5877     0.5554    -1.3314    -1.7348
    -1.5166     0.7385    -1.4920    -1.5563
    -1.3565     0.9308    -1.5544    -1.4436
    -1.2319     1.1140    -1.5990    -1.2839
    -1.0985     1.2698    -1.6971    -1.0865
    -0.9829     1.3522    -1.7328    -0.8422
    -0.7606     1.4622    -1.6971    -0.6260
    -0.6538     1.6089    -1.7150    -0.4756
    -0.3871     1.7556    -1.6971    -0.1841
    -0.1915     1.8106    -1.6079     0.0322
    -0.0403     1.8473    -1.5455     0.2956
     0.1997     1.8931    -1.4474     0.5401
     0.3952     1.8977    -1.3404     0.7377
     0.5996     1.9023    -1.2333     0.9636
     0.8485     1.8839    -1.1352     1.1706
     1.0618     1.8473    -0.9924     1.4625
     1.2661     1.8106    -0.8051     1.6131
     1.4438     1.7647    -0.6534     1.8203
     1.5504     1.7097    -0.4838     2.0274
     1.6748     1.5172    -0.2786     2.1687
     1.7281     1.4164    -0.0911     2.2912
     1.7814     1.2331     0.1856     2.3760
     1.8347     1.0224     0.3373     2.3948
     1.8347     0.8301     0.5873     2.4325
     1.7992     0.6103     0.7123     2.4231
     1.8080     0.4089     0.8999     2.4325
     1.7903     0.1161     1.1232     2.4231
     1.7636    -0.1217     1.2125     2.3383
     1.6659    -0.3320     1.3911     2.2629
     1.5948    -0.5515     1.5787     2.1028
     1.4083    -0.7708     1.6859     1.9050
     1.2484    -0.9444     1.7842     1.7167
     1.1151    -1.0814     1.8914     1.5189
     0.9551    -1.2732     1.9361     1.2930
     0.7774    -1.3919     2.0254     1.0201
     0.6174    -1.5106     2.0254     0.8036
     0.3952    -1.5927     1.9986     0.5119
     0.2175    -1.6749     2.0165     0.2579
     0.0841    -1.7388     1.9986     0.0040
    -0.1026    -1.8026     1.9361    -0.2499
    -0.2626    -1.8391     1.8646    -0.4944
    -0.4315    -1.8391     1.7127    -0.7482
    -0.6005    -1.8209     1.5519    -0.9456
    -0.7517    -1.6931     1.3375    -1.1617
    -0.8940    -1.6292     1.1767    -1.3027
    -1.0540    -1.5106     0.9981    -1.4624
    -1.1608    -1.4649     0.8374    -1.6784
    -1.2853    -1.3371     0.6141    -1.8099
    -1.4187    -1.1362     0.3909    -1.8757
    -1.4899    -0.9901     0.1320    -2.0072
    -1.5166    -0.8165    -0.0733    -2.0729
    -1.6411    -0.7342    -0.3232    -2.0870
    -1.6500    -0.4600    -0.5374    -2.1011
    -1.6678    -0.3138    -0.7337    -2.0917
    -1.7123    -0.0760    -0.8765    -2.0260
    -1.6500     0.0795    -1.0281    -1.9696
    -1.6589     0.2625    -1.2512    -1.9133
    -1.5611     0.5371    -1.3939    -1.7066
    -1.5255     0.7202    -1.4385    -1.6033
    -1.4276     0.8484    -1.5723    -1.4154
    -1.2942     0.9583    -1.6704    -1.2651
    -1.1341     1.1507    -1.7328    -1.0677
    -1.0451     1.3522    -1.7506    -0.8986
    -0.8317     1.4989    -1.8576    -0.6166
    -0.6805     1.5447    -1.8309    -0.4098
    -0.5027     1.6639    -1.7952    -0.2029
    -0.2982     1.7372    -1.7952     0.0322
    -0.1470     1.8656    -1.7328     0.3238
     0.0930     1.8289    -1.6793     0.5496
     0.4041     1.8381    -1.5098     0.7848
     0.5819     1.8198    -1.4385     1.0295
     0.7685     1.8289    -1.2690     1.2459
     1.0262     1.8839    -1.1263     1.3871
     1.1595     1.8931    -1.0281     1.6225
     1.3994     1.8106    -0.8408     1.8108
     1.5327     1.8106    -0.6355     2.0086
     1.6037     1.6914    -0.4035     2.1405
     1.7103     1.5539    -0.2697     2.2723
     1.7636     1.3247    -0.0465     2.3665
     1.8525     1.1048     0.1677     2.3948
     1.8658     0.9858     0.3998     2.4042
     1.8791     0.7110     0.5695     2.4136
     1.8169     0.4913     0.7391     2.4607
     1.8525     0.2442     0.9892     2.3948
     1.7992     0.0429     1.0964     2.3571
     1.7192    -0.1857     1.3286     2.2252
     1.6837    -0.3869     1.4447     2.0840
     1.5593    -0.5423     1.6234     1.9050
     1.4083    -0.7525     1.7127     1.7167
     1.3017    -0.9535     1.8646     1.5189
     1.1151    -1.1636     1.9540     1.2271
     0.9462    -1.2458     1.9629     1.0012
     0.7774    -1.3919     1.9897     0.7471
     0.5730    -1.5745     1.9986     0.5025
     0.3597    -1.6840     2.0076     0.2579
     0.2441    -1.7205     1.9808    -0.0524
    -0.0137    -1.8665     1.9808    -0.3345
    -0.1470    -1.9121     1.9093    -0.5602
    -0.3248    -1.9121     1.8110    -0.7952
    -0.5471    -1.8574     1.6502    -0.9738
    -0.6627    -1.9121     1.4804    -1.2557
    -0.8762    -1.7570     1.3375    -1.4718
    -1.0274    -1.6658     1.1321    -1.6690
    -1.1341    -1.5927     0.9356    -1.8006
    -1.2586    -1.4376     0.7749    -1.9696
    -1.3209    -1.3097     0.5159    -2.1293
    -1.4276    -1.1910     0.2927    -2.2138
    -1.5344    -1.0540     0.0785    -2.3170
    -1.6144    -0.9078    -0.1804    -2.3828
    -1.6589    -0.6703    -0.4214    -2.3358
    -1.6767    -0.5697    -0.5820    -2.3640
    -1.7390    -0.3869    -0.7248    -2.2701
    -1.7212    -0.2315    -0.9657    -2.2232
    -1.6856     0.0063    -1.0906    -2.1574
    -1.6767     0.2168    -1.2333    -2.0353
    -1.5788     0.3449    -1.4028    -1.8287
    -1.5255     0.5188    -1.4652    -1.7066
    -1.4276     0.6836    -1.5277    -1.5469
    -1.3387     0.8667    -1.6347    -1.2933
    -1.2052     0.9949    -1.7060    -1.0771
    -1.0540     1.1507    -1.7060    -0.9080
    -0.8584     1.2973    -1.7417    -0.6636
    -0.6805     1.4072    -1.6971    -0.4474
    -0.4404     1.5997    -1.7417    -0.1559
    -0.3071     1.7189    -1.6347     0.0886
    -0.0937     1.8014    -1.5455     0.3144
     0.1108     1.7831    -1.4474     0.5401
     0.3152     1.8289    -1.3225     0.7566
     0.5463     1.7922    -1.2690     1.0953
     0.7241     1.7968    -1.0817     1.3118
     0.8840     1.8014    -0.9478     1.5001
     1.0618     1.7831    -0.8319     1.6790
     1.1862     1.7372    -0.6355     1.8862
     1.3727     1.5905    -0.4481     2.0463
     1.4705     1.5080    -0.2607     2.1970
     1.5771     1.3339    -0.0554     2.3006
     1.6481     1.1048     0.1766     2.3948
     1.6926     0.9125     0.3106     2.4325
     1.6837     0.7202     0.5873     2.4325
     1.6748     0.5645     0.6766     2.4136
     1.7014     0.3906     0.9535     2.3948
     1.6926     0.1344     1.1053     2.3665
     1.5860    -0.0120     1.3107     2.3760
     1.5593    -0.2680     1.4804     2.3477
     1.4260    -0.4600     1.6055     2.2158
     1.2928    -0.6337     1.7127     2.0274
     1.1862    -0.7251     1.8199     1.7920
     1.0440    -0.9078     1.9450     1.5472
     0.9285    -1.0814     1.9808     1.3589
     0.7330    -1.2641     1.9808     1.0859
     0.5552    -1.3371     2.0344     0.7283
     0.3686    -1.5380     1.9986     0.4555
     0.2530    -1.5654     2.0165     0.1733
     0.0397    -1.6566     1.9808    -0.1089
    -0.1559    -1.7023     1.9986    -0.3345
    -0.2893    -1.7479     1.8914    -0.5414
    -0.4582    -1.7296     1.7931    -0.7858
    -0.6805    -1.7570     1.6323    -1.0583
    -0.8228    -1.7479     1.4358    -1.2557
    -0.9295    -1.6475     1.2482    -1.5375
    -1.0540    -1.6475     1.0338    -1.6690
    -1.2319    -1.4193     0.8909    -1.8381
    -1.2853    -1.3554     0.6498    -1.9508
    -1.4543    -1.1727     0.3820    -2.1011
    -1.4899    -1.0083     0.2124    -2.2232
    -1.5611    -0.8713    -0.0644    -2.2513
    -1.6589    -0.7799    -0.2875    -2.2607
    -1.7034    -0.5880    -0.5106    -2.2795
    -1.6856    -0.4235    -0.6623    -2.2513
    -1.6767    -0.2040    -0.8229    -2.2607
    -1.6678    -0.0211    -1.0638    -2.1011
    -1.6634     0.1161    -1.1976    -1.9978
    -1.6589     0.3266    -1.3136    -1.8851
    -1.5255     0.4822    -1.4385    -1.7536
    -1.4632     0.6195    -1.5188    -1.6127
    -1.4009     0.7934    -1.6169    -1.4530
    -1.2586     0.9949    -1.6882    -1.2463
    -1.0985     1.1690    -1.7328    -1.0583
    -0.9562     1.3064    -1.7328    -0.8516
    -0.7695     1.3614    -1.7328    -0.5978
    -0.5738     1.4714    -1.7239    -0.3534
    -0.3337     1.5814    -1.6793    -0.1465
    -0.2093     1.7189    -1.6436     0.1074
     0.1019     1.7647    -1.5277     0.3896
     0.2975     1.7831    -1.4652     0.6719
     0.4752     1.7739    -1.3225     0.9071
     0.7241     1.7647    -1.2601     1.1424
     0.8840     1.7556    -1.0817     1.3871
     1.0884     1.7922    -0.9568     1.6037
     1.2750     1.7006    -0.8051     1.8956
     1.4438     1.6089    -0.6355     2.1122
     1.5415     1.4989    -0.4571     2.2441
     1.6659     1.3889    -0.2518     2.3194
     1.7014     1.2331    -0.1001     2.3665
     1.7547     1.0132     0.1499     2.3948
     1.7903     0.8392     0.3641     2.4513
     1.8169     0.5737     0.5070     2.3948
     1.7903     0.3815     0.7391     2.4042
     1.7547     0.2076     0.9177     2.4231
     1.7636    -0.0120     1.0517     2.4136
     1.7370    -0.2680     1.1946     2.3760
     1.6837    -0.4418     1.4179     2.2912
     1.6126    -0.6063     1.5698     2.0651
     1.4349    -0.7982     1.6591     1.8673
     1.2839    -0.9444     1.8110     1.6696
     1.1950    -1.0905     1.8378     1.4530
     0.9907    -1.1819     1.9182     1.2083
     0.8307    -1.3645     1.9450     0.9353
     0.6619    -1.4741     1.9897     0.7095
     0.4930    -1.5654     1.9540     0.4555
     0.3508    -1.7023     1.9361     0.1357
     0.1730    -1.7296     1.9004    -0.1559
    -0.0492    -1.7935     1.7485    -0.3816
    -0.2448    -1.7661     1.6323    -0.6448
    -0.3693    -1.7023     1.4804    -0.8892
    -0.5649    -1.6931     1.2929    -1.0771
    -0.7161    -1.6658     1.1321    -1.3027
    -0.7961    -1.5927     0.9713    -1.5187
    -0.9918    -1.4741     0.7838    -1.7536
    -1.0540    -1.3554     0.5338    -1.8757
    -1.1786    -1.2367     0.3284    -2.0260
    -1.3031    -1.0905     0.0695    -2.1950
    -1.3831    -0.9261    -0.1983    -2.2701
    -1.4276    -0.7708    -0.3678    -2.3358
    -1.4810    -0.5880    -0.5731    -2.3640
    -1.4988    -0.3960    -0.7605    -2.2795
    -1.5344    -0.2315    -1.0014    -2.2513
    -1.5210    -0.0577    -1.1887    -2.2232
    -1.5077     0.1527    -1.2868    -2.1480
    -1.5700     0.3357    -1.5277    -1.9790
    -1.4365     0.4913    -1.5812    -1.8757
    -1.4009     0.7019    -1.7150    -1.7818
    -1.2764     0.8392    -1.7863    -1.5939
    -1.1608     0.9400    -1.8666    -1.3778
    -1.0629     1.0865    -1.8755    -1.2181
    -0.9295     1.2056    -1.9647    -1.0208
    -0.7783     1.3614    -1.9736    -0.7576
    -0.5382     1.4256    -2.0092    -0.5602
    -0.4049     1.5264    -1.8844    -0.2781
    -0.2448     1.6089    -1.9112    -0.0524
     0.0308     1.6822    -1.7596     0.2015
     0.2619     1.7281    -1.6793     0.4555
     0.4486     1.7922    -1.6169     0.6625
     0.6263     1.7922    -1.4385     0.9071
     0.8307     1.7556    -1.3136     1.0953
     0.9996     1.7006    -1.2333     1.3213
     1.1595     1.7006    -1.0638     1.5660
     1.3283     1.5722    -0.8943     1.7543
     1.4527     1.4805    -0.6891     1.9615
     1.5504     1.3339    -0.4749     2.1122
     1.6748     1.1781    -0.3143     2.1970
     1.6926     1.0224    -0.0733     2.2629
     1.6837     0.8026     0.0785     2.3006
     1.7370     0.5462     0.3106     2.3147
     1.6837     0.3083     0.5516     2.3289
     1.7281     0.1070     0.6856     2.3194
     1.7103    -0.1217     0.9088     2.2912
     1.5593    -0.3229     1.0517     2.2064
     1.5149    -0.5149     1.2035     2.1122
     1.4083    -0.6337     1.4090     1.9804
     1.2572    -0.8622     1.5519     1.7732
     1.1862    -1.0449     1.6859     1.5566
     0.9996    -1.2001     1.7306     1.3683
     0.8218    -1.2915     1.8825     1.1706
     0.6530    -1.4832     1.9361     0.8977
     0.5019    -1.6292     1.9361     0.6436
     0.2797    -1.7205     1.9182     0.3614
     0.1197    -1.8300     1.8735     0.1262
    -0.0581    -1.8848     1.9004    -0.1559
    -0.2537    -1.9395     1.8110    -0.3816
    -0.3693    -1.9395     1.7753    -0.6448
    -0.6094    -1.9304     1.5698    -0.8986
    -0.7606    -1.8574     1.4536    -1.0959
    -0.8851    -1.8300     1.2839    -1.3402
    -1.0540    -1.7114     1.0874    -1.5094
    -1.1875    -1.6292     0.8999    -1.6503
    -1.2764    -1.5380     0.7302    -1.8663
    -1.4187    -1.3736     0.5248    -2.0729
    -1.4899    -1.2275     0.2391    -2.1386
    -1.5344    -1.1088     0.0517    -2.2795
    -1.6589    -1.0175    -0.1983    -2.4109
    -1.6767    -0.7799    -0.4481    -2.4579
    -1.7479    -0.6977    -0.6534    -2.4579
    -1.7657    -0.4783    -0.8586    -2.4109
    -1.7301    -0.3046    -1.0281    -2.3828
    -1.7479    -0.1217    -1.1352    -2.2983
    -1.7390     0.1436    -1.3136    -2.2232
    -1.6322     0.3449    -1.4206    -2.0447
    -1.6233     0.5462    -1.5723    -1.9414
    -1.5611     0.7019    -1.6704    -1.8006
    -1.3831     0.8209    -1.7060    -1.5845
    -1.3031     0.9491    -1.8576    -1.3684
    -1.1697     1.0774    -1.8220    -1.1523
    -1.0185     1.2881    -1.8487    -0.9738
    -0.8406     1.3522    -1.8844    -0.7294
    -0.6094     1.4989    -1.8220    -0.4568
    -0.4315     1.5905    -1.7863    -0.2217
    -0.2804     1.6180    -1.6704     0.0228
    -0.0492     1.6822    -1.6079     0.2109
     0.1197     1.6914    -1.5277     0.4743
     0.3419     1.7006    -1.4117     0.7471
     0.5641     1.7006    -1.2779     0.9542
     0.7685     1.7006    -1.1709     1.1518
     0.9729     1.7556    -1.0281     1.3966
     1.1328     1.6364    -0.8675     1.5189
     1.2928     1.5264    -0.6266     1.8014
     1.3816     1.4347    -0.4928     1.9898
     1.4527     1.2698    -0.2875     2.1405
     1.6037     1.0774    -0.0911     2.2629
     1.6481     0.8850     0.1142     2.3006
     1.6481     0.6469     0.3284     2.3571
     1.6215     0.4455     0.5605     2.3665
     1.6481     0.2442     0.7302     2.3289
     1.6037     0.0521     0.9624     2.3100
     1.5504    -0.2132     1.0874     2.3006
     1.5327    -0.3778     1.3197     2.2441
     1.3905    -0.6337     1.4804     2.0840
     1.2839    -0.7617     1.6055     1.9238
     1.1773    -0.9627     1.7038     1.7073
     1.0795    -1.1088     1.8289     1.4813
     0.9374    -1.2275     1.9004     1.3118
     0.6974    -1.3463     1.9540     1.0389
     0.5641    -1.5106     1.9540     0.8507
     0.3597    -1.6201     1.9093     0.5401
     0.2086    -1.6931     1.9004     0.2956
    -0.0403    -1.8118     1.9182     0.0510
    -0.1559    -1.8118     1.9004    -0.2405
    -0.3426    -1.8391     1.8825    -0.4850
    -0.5205    -1.8620     1.7931    -0.7388
    -0.7072    -1.8848     1.5966    -0.8986
    -0.8228    -1.8026     1.4447    -1.0959
    -1.0185    -1.7753     1.2303    -1.3496
    -1.1430    -1.6292     1.0249    -1.5375
    -1.2586    -1.5836     0.8642    -1.6878
    -1.3831    -1.4376     0.5695    -1.8757
    -1.4365    -1.3371     0.3909    -2.0447
    -1.5788    -1.1727     0.0606    -2.2325
    -1.6411    -1.0631    -0.1715    -2.3264
    -1.6322    -0.8073    -0.3768    -2.3922
    -1.7034    -0.6977    -0.5820    -2.4203
    -1.7390    -0.5515    -0.7515    -2.4203
    -1.6945    -0.3412    -0.9568    -2.3734
    -1.6945    -0.1034    -1.1619    -2.2889
    -1.6678     0.1436    -1.2779    -2.1668
    -1.6322     0.3357    -1.3939    -2.0353
    -1.6322     0.5005    -1.5277    -1.9414
    -1.5077     0.6836    -1.6258    -1.7442
    -1.3920     0.7751    -1.7328    -1.5751
    -1.2586     0.9674    -1.8487    -1.4060
    -1.1074     1.1140    -1.9201    -1.2181
    -0.9829     1.2514    -1.9379    -0.9832
    -0.7961     1.3797    -1.9914    -0.7670
    -0.5649     1.4439    -1.9825    -0.5038
    -0.4315     1.4897    -1.9022    -0.3157
    -0.2270     1.6089    -1.8933    -0.0619
    -0.0048     1.6639    -1.7952     0.1545
     0.2530     1.6914    -1.7506     0.4273
     0.4663     1.7372    -1.6525     0.6154
     0.6263     1.6822    -1.5098     0.8695
     0.8129     1.6822    -1.4117     1.0483
     0.9818     1.6822    -1.2333     1.2742
     1.1506     1.6822    -1.1173     1.5095
     1.3017     1.6364    -0.9300     1.7073
     1.3994     1.5264    -0.6891     1.8673
     1.5771     1.3889    -0.5552     2.0463
     1.6659     1.1781    -0.2786     2.1687
     1.7014     0.8759    -0.1001     2.2629
     1.7103     0.7110     0.0785     2.3100
     1.7103     0.4913     0.3373     2.3289
     1.7014     0.3266     0.5338     2.2912
     1.6659     0.1161     0.7302     2.3100
     1.6393    -0.1583     0.9535     2.2818
     1.5593    -0.3869     1.0517     2.2441
     1.5060    -0.5972     1.3107     2.1216
     1.3994    -0.7160     1.4358     1.9992
     1.2750    -0.9261     1.5519     1.7449
     1.1151    -1.1088     1.6770     1.5189
     0.9374    -1.2001     1.8021     1.3401
     0.8129    -1.4284     1.8914     1.0671
     0.5463    -1.4832     1.8378     0.8507
     0.3863    -1.6475     1.8825     0.5778
     0.2530    -1.7479     1.9093     0.3426
     0.0574    -1.8209     1.9093     0.0792
    -0.2004    -1.9121     1.8289    -0.1841
    -0.3337    -1.8848     1.8289    -0.4474
    -0.5560    -1.9213     1.7217    -0.6354
    -0.7428    -1.9578     1.6144    -0.8892
    -0.8940    -1.8574     1.4626    -1.0583
    -1.1341    -1.8665     1.3018    -1.2933
    -1.1875    -1.7479     1.0874    -1.4718
    -1.3387    -1.6931     0.9267    -1.6878
    -1.4454    -1.5927     0.7123    -1.8851
    -1.5611    -1.5197     0.4713    -2.0729
    -1.6678    -1.3736     0.2124    -2.2419
    -1.7301    -1.2001     0.0338    -2.3452
    -1.8191    -1.0175    -0.2250    -2.3922
    -1.8991    -0.8530    -0.4660    -2.4954
    -1.9258    -0.7160    -0.6623    -2.5048
    -1.9525    -0.4875    -0.9478    -2.4673
    -1.9169    -0.2680    -1.0995    -2.3922
    -1.9436    -0.0485    -1.2601    -2.3452
    -1.8991     0.0978    -1.4117    -2.2325
    -1.8724     0.2991    -1.6169    -2.0917
    -1.7835     0.4730    -1.7150    -2.0447
    -1.6500     0.6744    -1.8309    -1.8475
    -1.5611     0.7934    -1.9022    -1.5939
    -1.4276     0.9858    -1.9379    -1.4248
    -1.2853     1.1140    -1.9914    -1.2557
    -1.0718     1.1965    -2.0360    -0.9926
    -0.8673     1.3522    -2.0806    -0.7482
    -0.6450     1.3889    -2.0895    -0.5320
    -0.4227     1.4805    -2.0092    -0.3440
    -0.2270     1.5264    -1.9468    -0.0901
    -0.0403     1.5814    -1.8576     0.1545
     0.1819     1.5997    -1.7417     0.3990
     0.4486     1.5997    -1.5990     0.5966
     0.5996     1.5814    -1.5277     0.8036
     0.7774     1.5905    -1.3136     1.0012
     1.0262     1.5355    -1.1709     1.1989
     1.1773     1.5264    -1.0014     1.4530
     1.3017     1.4530    -0.7783     1.6508
     1.4971     1.2881    -0.5552     1.8391
     1.5948     1.1690    -0.4035     1.9709
     1.6304     0.9858    -0.2072     2.0840
     1.6748     0.7110     0.0160     2.1781
     1.6570     0.4638     0.2927     2.2347
     1.7192     0.2808     0.4802     2.2441
     1.7014     0.0887     0.7302     2.2629
     1.6393    -0.1400     0.9445     2.2912
     1.6304    -0.3503     1.0964     2.2629
     1.6659    -0.5606     1.2929     2.1781
     1.5060    -0.7251     1.3822     2.0180
     1.4971    -0.9535     1.5787     1.8297
     1.3194    -1.0631     1.7306     1.6696
     1.1862    -1.2367     1.8021     1.4436
     1.0706    -1.3554     1.9004     1.2271
     0.8929    -1.4558     1.9093     1.0389
     0.6707    -1.6019     1.8914     0.7942
     0.5285    -1.6749     1.9004     0.5684
     0.3152    -1.7935     1.9004     0.3238
     0.0841    -1.8939     1.9182     0.0134
    -0.0581    -1.9030     1.8735    -0.2781
    -0.2626    -1.9121     1.9093    -0.5414
    -0.4671    -1.9395     1.8289    -0.6918
    -0.6183    -1.9578     1.7306    -0.8798
    -0.7695    -1.8574     1.5430    -1.0959
    -1.0096    -1.8118     1.3554    -1.3027
    -1.0807    -1.7296     1.2125    -1.4624
    -1.2319    -1.6475     0.9624    -1.6409
    -1.4187    -1.4649     0.7838    -1.8475
    -1.5255    -1.3189     0.5159    -1.9696
    -1.5877    -1.2093     0.2481    -2.1011
    -1.7034    -1.0357     0.0160    -2.1762
    -1.7657    -0.8804    -0.2340    -2.2701
    -1.7835    -0.6611    -0.4660    -2.3452
    -1.8457    -0.5057    -0.7248    -2.3546
    -1.8813    -0.2955    -0.8854    -2.3077
    -1.9080     0.0063    -1.1084    -2.2325
    -1.8191     0.1436    -1.2601    -2.1668
    -1.7924     0.3998    -1.4563    -2.0635
    -1.7390     0.5645    -1.5990    -1.9320
    -1.6945     0.7385    -1.6971    -1.7724
    -1.6144     0.9033    -1.8131    -1.6503
    -1.4899     1.0682    -1.8576    -1.4812
    -1.2942     1.1965    -1.9557    -1.2275
    -1.1786     1.2331    -2.0271    -1.0583
    -0.9829     1.4164    -2.0003    -0.8328
    -0.7517     1.4714    -2.0003    -0.5414
    -0.5649     1.5814    -2.0003    -0.3345
    -0.3871     1.6547    -1.8844    -0.0995
    -0.1026     1.7189    -1.8576     0.1074
     0.0841     1.7006    -1.7685     0.4084
     0.3063     1.6639    -1.6793     0.5872
     0.5197     1.7189    -1.5277     0.8695
     0.6974     1.7464    -1.4028     1.1048
     0.9107     1.7006    -1.2155     1.3118
     1.0440     1.7189    -1.0371     1.4625
     1.1950     1.5905    -0.8497     1.6884
     1.3461     1.5447    -0.6891     1.8862
     1.4794     1.4072    -0.4571     2.0369
     1.5682     1.1781    -0.2518     2.1593
     1.6215     1.0041    -0.0465     2.2158
     1.6926     0.8301     0.2213     2.3194
     1.7103     0.5462     0.4355     2.3477
     1.6481     0.3632     0.6588     2.3006
     1.6748     0.1436     0.7838     2.2818
     1.6659    -0.0943     1.0249     2.2912
     1.5504    -0.3869     1.1946     2.3100
     1.4882    -0.5789     1.3375     2.2252
     1.4527    -0.7891     1.5430     2.1028
     1.3105    -0.9078     1.7038     1.8768
     1.2039    -1.0997     1.8110     1.6225
     1.0351    -1.2823     1.8914     1.4719
     0.8663    -1.4467     1.8914     1.2271
     0.7418    -1.4923     1.9540     1.0012
     0.5374    -1.6019     1.9093     0.7377
     0.3508    -1.8026     1.8959     0.4931
     0.2086    -1.8391     1.8825     0.2485
    -0.0315    -1.8756     1.9093    -0.0619
    -0.2093    -1.9213     1.9004    -0.3157
    -0.3871    -1.9851     1.8735    -0.5508
    -0.5116    -2.0125     1.7753    -0.7764
    -0.6894    -1.8756     1.5966    -0.9456
    -0.8317    -1.8574     1.4179    -1.1899
    -1.0007    -1.7935     1.2214    -1.3778
    -1.1341    -1.6658     1.0517    -1.5939
    -1.3209    -1.5562     0.8374    -1.6878
    -1.4009    -1.3189     0.6052    -1.8381
    -1.5166    -1.2184     0.3552    -2.0447
    -1.6055    -1.0631     0.0606    -2.1762
    -1.6233    -0.9353    -0.1536    -2.2044
    -1.7034    -0.7799    -0.3946    -2.2607
    -1.8013    -0.6246    -0.6534    -2.2889
    -1.7746    -0.3595    -0.8051    -2.2795
    -1.8368    -0.1309    -1.0192    -2.2232
    -1.8368     0.0978    -1.2244    -2.1856
    -1.7568     0.2259    -1.3493    -2.0917
    -1.7479     0.3998    -1.5544    -2.0072
    -1.7034     0.5462    -1.6347    -1.8569
    -1.5788     0.7568    -1.8041    -1.6972
    -1.4632     0.8850    -1.8933    -1.5187
    -1.3831     1.1140    -1.9379    -1.4060
    -1.1875     1.1965    -1.9647    -1.1617
    -0.9918     1.4072    -2.0003    -0.9644
    -0.8495     1.5355    -2.0360    -0.7294
    -0.6627     1.6180    -2.0182    -0.4850
    -0.4227     1.6914    -1.9201    -0.3251
    -0.1915     1.7281    -1.9201    -0.1183
    -0.0048     1.7006    -1.8220     0.1639
     0.2619     1.7189    -1.6882     0.3802
     0.4308     1.7464    -1.6169     0.5966
     0.6263     1.7189    -1.4563     0.8507
     0.8396     1.7281    -1.3404     1.0483
     1.0173     1.6639    -1.1530     1.2459
     1.2128     1.6364    -1.0103     1.4530
     1.3283     1.5814    -0.8229     1.6696
     1.4527     1.4164    -0.6266     1.8108
     1.5771     1.2973    -0.3768     1.9427
     1.6393     1.1598    -0.1715     2.1028
     1.6926     0.8667     0.0606     2.1781
     1.6570     0.6561     0.2748     2.2441
     1.6748     0.4822     0.5427     2.3100
     1.7103     0.2534     0.7391     2.3194
     1.6748     0.0246     0.8999     2.3194
     1.6926    -0.2498     1.1589     2.2629
     1.6126    -0.5332     1.3197     2.1687
     1.5415    -0.6885     1.4536     2.0369
     1.4438    -0.8804     1.6502     1.8956
     1.3194    -1.0266     1.8110     1.6884
     1.1595    -1.1362     1.9004     1.5001
     0.9907    -1.3097     1.9093     1.3118
     0.9018    -1.4376     1.9808     1.0859
     0.6796    -1.6110     1.9808     0.8507
     0.5019    -1.7388     1.9986     0.5778
     0.3330    -1.8209     1.9986     0.3144
     0.1908    -1.8209     1.9986     0.0980
    -0.0670    -1.9304     1.9897    -0.1935
    -0.2359    -1.9304     1.9361    -0.4192
    -0.3960    -1.9304     1.9093    -0.5790
    -0.5649    -1.9030     1.7574    -0.8140
    -0.7695    -1.8483     1.6502    -0.9738
    -0.9384    -1.7296     1.4000    -1.1993
    -1.0274    -1.6019     1.2661    -1.3966
    -1.2052    -1.5197     1.0249    -1.5563
    -1.3209    -1.4193     0.8284    -1.6972
    -1.4098    -1.2184     0.5963    -1.8757
    -1.4988    -1.0540     0.3195    -1.9884
    -1.6144    -0.8987     0.1409    -2.1199
    -1.6589    -0.7434    -0.1715    -2.1856
    -1.7301    -0.5515    -0.4214    -2.1950
    -1.7657    -0.4143    -0.5999    -2.1668
    -1.8191    -0.1949    -0.7962    -2.1199
    -1.7924     0.0978    -1.0014    -2.0729
    -1.8013     0.3174    -1.1887    -1.9696
    -1.7479     0.4730    -1.3225    -1.9039
    -1.7123     0.6836    -1.4920    -1.8287
    -1.6233     0.8117    -1.6258    -1.6409
    -1.5344     0.9858    -1.6704    -1.4530
    -1.3565     1.1140    -1.8041    -1.2933
    -1.3031     1.3614    -1.9201    -1.1147
    -1.0985     1.4897    -1.8933    -0.9174
    -0.8762     1.5722    -1.9379    -0.7012
    -0.7339     1.6455    -1.9201    -0.4850
    -0.4938     1.7097    -1.8755    -0.2687
    -0.2982     1.7372    -1.8487    -0.0524
    -0.0937     1.7189    -1.7239     0.1451
     0.0574     1.8106    -1.6704     0.4649
     0.3597     1.7922    -1.5812     0.6719
     0.5285     1.8289    -1.4652     0.8507
     0.7507     1.7922    -1.2779     1.0859
     0.8929     1.7464    -1.1084     1.2742
     1.0884     1.6730    -0.9924     1.4436
     1.2928     1.6639    -0.7694     1.7073
     1.4083     1.4897    -0.5374     1.8485
     1.5415     1.3706    -0.3500     2.0086
     1.6926     1.1690    -0.0911     2.0651
     1.7459     0.9674     0.1231     2.2441
     1.7547     0.7843     0.3106     2.3383
     1.7547     0.5096     0.5338     2.3289
     1.7370     0.2900     0.7213     2.3194
     1.7903     0.0795     0.9624     2.3477
     1.7814    -0.2040     1.1678     2.3289
     1.7281    -0.3869     1.3018     2.1970
     1.6926    -0.6063     1.5340     2.0651
     1.5504    -0.8530     1.6949     1.9427
     1.4438    -1.0449     1.8199     1.7167
     1.3194    -1.1636     1.8735     1.5095
     1.2217    -1.2915     1.9540     1.3307
     1.0262    -1.5015     1.9808     1.0859
     0.8840    -1.6201     1.9808     0.8789
     0.6707    -1.7388     1.9763     0.6342
     0.5019    -1.7753     1.9718     0.3708
     0.3241    -1.9030     2.0076     0.1262
     0.0930    -1.9304     1.9718    -0.0995
    -0.0759    -2.0034     2.0076    -0.3440
    -0.2359    -1.9851     1.9361    -0.5602
    -0.4404    -1.9213     1.8289    -0.7764
    -0.6272    -1.9030     1.6234    -0.9644
    -0.7250    -1.8939     1.4536    -1.1053
    -0.8673    -1.7753     1.2750    -1.3215
    -1.0540    -1.6110     1.0249    -1.5187
    -1.1608    -1.5380     0.7927    -1.6503
    -1.2675    -1.4010     0.5516    -1.8287
    -1.3742    -1.2458     0.3731    -1.9414
    -1.5166    -1.0357     0.0606    -2.1011
    -1.5522    -0.8256    -0.1536    -2.1856
    -1.5877    -0.6429    -0.4035    -2.2607
    -1.6589    -0.5057    -0.6355    -2.2325
    -1.6856    -0.2772    -0.8497    -2.1856
    -1.7123    -0.1309    -1.0638    -2.1105
    -1.7301     0.1070    -1.2333    -2.0635
    -1.6945     0.3266    -1.4117    -1.9226
    -1.6856     0.5279    -1.5901    -1.7912
    -1.6767     0.7385    -1.7328    -1.6878
    -1.5166     0.8667    -1.7685    -1.5469
    -1.4187     1.0682    -1.8933    -1.3402
    -1.2853     1.1781    -1.9379    -1.1711
    -1.1963     1.4072    -1.9825    -1.0114
    -1.0451     1.5355    -2.0003    -0.8140
    -0.8050     1.6455    -2.0182    -0.5790
    -0.6183     1.6730    -2.0182    -0.3910
    -0.4493     1.7739    -1.9736    -0.1371
    -0.2093     1.8198    -1.8666     0.0698
    -0.0226     1.8198    -1.8220     0.2861
     0.1552     1.8106    -1.6704     0.5307
     0.3686     1.8106    -1.5990     0.7942
     0.5552     1.8014    -1.4742     1.0577
     0.7596     1.7647    -1.2690     1.2083
     0.9818     1.7831    -1.1173     1.4342
     1.1506     1.7006    -0.9032     1.6037
     1.3372     1.6089    -0.7605     1.7543
     1.4349     1.4439    -0.5106     1.9898
     1.5415     1.2698    -0.3054     2.1028
     1.6837     1.1323    -0.1090     2.1687
     1.6837     0.9308     0.1409     2.2912
     1.7103     0.6836     0.3373     2.3289
     1.7370     0.4730     0.5784     2.3760
     1.7192     0.2076     0.8016     2.3477
     1.7459    -0.0211     1.0428     2.3665
     1.7192    -0.2680     1.2214     2.2252
     1.6037    -0.4418     1.4000     2.1970
     1.5149    -0.6794     1.5519     2.0934
     1.4794    -0.8073     1.7395     1.8768
     1.3727    -0.9901     1.8557     1.7073
     1.1862    -1.2184     1.9718     1.5378
     1.0440    -1.3280     1.9986     1.3024
     0.9018    -1.5015     2.0344     1.1142
     0.6885    -1.5745     2.0433     0.8224
     0.5463    -1.7023     1.9897     0.5684
     0.4041    -1.8300     2.0344     0.3050
     0.2263    -1.8574     2.0433     0.0322
     0.0219    -1.8574     1.9629    -0.2029
    -0.2004    -1.9030     1.9808    -0.3910
    -0.3604    -1.8574     1.9450    -0.5884
    -0.5027    -1.8391     1.8557    -0.8328
    -0.6894    -1.7844     1.6859    -0.9832
    -0.8228    -1.7570     1.4983    -1.1617
    -0.9473    -1.6019     1.2929    -1.3872
    -1.1074    -1.5288     1.0696    -1.5469
    -1.2230    -1.3736     0.8374    -1.7066
    -1.3387    -1.2367     0.6231    -1.8287
    -1.4187    -1.0449     0.3731    -1.9696
    -1.4810    -0.9535     0.1142    -2.0541
    -1.5700    -0.7251    -0.1804    -2.0917
    -1.6589    -0.5423    -0.3857    -2.1480
    -1.6945    -0.3869    -0.6534    -2.1574
    -1.7301    -0.1674    -0.8675    -2.1199
    -1.6856     0.1070    -1.0817    -2.0729
    -1.7390     0.3723    -1.2422    -1.9414
    -1.6945     0.5645    -1.4385    -1.8569
    -1.5966     0.7202    -1.5544    -1.7912
    -1.5522     0.8850    -1.6347    -1.6127
    -1.4988     1.0407    -1.7596    -1.4436
    -1.3476     1.2514    -1.8398    -1.2745
    -1.1963     1.3339    -1.8576    -1.0583
    -1.0807     1.4164    -1.9468    -0.8892
    -0.9117     1.5630    -1.9468    -0.6166
    -0.7072     1.6730    -1.9557    -0.4474
    -0.4938     1.7556    -1.8666    -0.1841
    -0.3337     1.7922    -1.8844     0.0322
    -0.1737     1.8106    -1.8041     0.2297
     0.1019     1.8198    -1.6793     0.4743
     0.3241     1.8473    -1.5990     0.6625
     0.4752     1.8014    -1.4920     0.9071
     0.6974     1.8014    -1.2958     1.0859
     0.9107     1.8106    -1.2066     1.2648
     1.0618     1.7831    -1.0281     1.4907
     1.1862     1.7556    -0.8408     1.6037
     1.3372     1.6364    -0.5731     1.7355
     1.4705     1.4072    -0.3857     1.9050
     1.6215     1.2514    -0.1715     2.1028
     1.7192     1.0316     0.0249     2.1876
     1.7370     0.8301     0.2838     2.3289
     1.7281     0.5737     0.4802     2.3665
     1.7903     0.3906     0.7302     2.3477
     1.7725     0.1344     0.8374     2.3194
     1.6926    -0.1492     1.0874     2.3100
     1.7014    -0.4052     1.3107     2.2441
     1.6126    -0.5789     1.4447     2.1310
     1.4971    -0.7617     1.6413     1.9238
     1.3550    -0.9170     1.7306     1.7355
     1.2750    -1.1362     1.8646     1.5943
     1.1595    -1.2093     1.9540     1.3589
     0.9551    -1.4193     1.9897     1.1612
     0.7952    -1.5106     2.0076     0.9353
     0.6707    -1.6019     2.0076     0.6625
     0.4486    -1.7753     2.0523     0.4461
     0.2619    -1.8665     2.0165     0.2109
     0.1197    -1.8848     2.0344    -0.0807
    -0.0492    -1.8848     2.0254    -0.3063
    -0.2537    -1.9213     1.9093    -0.5602
    -0.4315    -1.9486     1.8021    -0.7200
    -0.5382    -1.8665     1.6591    -0.9174
    -0.7339    -1.7661     1.4179    -1.1053
    -0.8762    -1.7023     1.2929    -1.3121
    -0.9651    -1.5471     1.0517    -1.5094
    -1.0718    -1.4193     0.7838    -1.5939
    -1.1786    -1.2184     0.6141    -1.7348
    -1.3387    -1.1088     0.4088    -1.8851
    -1.3654    -0.9078     0.1231    -2.0447
    -1.4632    -0.7251    -0.1447    -2.0353
    -1.5522    -0.4966    -0.3768    -2.0635
    -1.5522    -0.3869    -0.5999    -2.1105
    -1.6233    -0.1126    -0.8408    -2.0635
    -1.6233     0.1161    -1.0549    -2.0166
    -1.6678     0.3174    -1.1798    -1.9508
    -1.6233     0.5371    -1.3582    -1.8475
    -1.5611     0.6469    -1.5455    -1.7066
    -1.6055     0.8850    -1.6882    -1.5375
    -1.4543     0.9674    -1.7952    -1.4342
    -1.3920     1.1232    -1.8309    -1.2839
    -1.2853     1.2698    -1.9468    -1.1147
    -1.0807     1.4622    -1.9557    -0.8422
    -0.9562     1.5814    -1.9825    -0.6448
    -0.7961     1.7006    -2.0003    -0.4850
    -0.5827     1.7556    -1.9647    -0.2405
    -0.4049     1.8014    -1.8755    -0.0148
    -0.1915     1.8014    -1.7685     0.1827
    -0.0048     1.7739    -1.6882     0.4178
     0.1997     1.8014    -1.5723     0.6813
     0.4308     1.8106    -1.4742     0.8318
     0.5908     1.7831    -1.3760     1.1424
     0.8218     1.7922    -1.2333     1.2930
     0.9996     1.7739    -1.0103     1.5001
     1.0973     1.6639    -0.8497     1.6602
     1.3017     1.5997    -0.6712     1.8768
     1.4438     1.4530    -0.4035     2.0086
     1.5415     1.2698    -0.2518     2.1216
     1.6082     1.0499     0.0338     2.2064
     1.6748     0.8209     0.2391     2.3289
     1.6748     0.5828     0.4355     2.3383
     1.7459     0.3815     0.6677     2.3289
     1.7370     0.0978     0.9356     2.3571
     1.6659    -0.1674     1.0874     2.3383
     1.6215    -0.3960     1.3465     2.2723
     1.6126    -0.5789     1.5340     2.1216
     1.4882    -0.8073     1.6591     1.9804
     1.3905    -0.9992     1.8735     1.8203
     1.3105    -1.1179     1.9986     1.6413
     1.1506    -1.2915     1.9986     1.4436
     1.0529    -1.4010     2.0165     1.2271
     0.8840    -1.5562     2.0880     0.9824
     0.7241    -1.6566     2.0612     0.7471
     0.5908    -1.7844     2.0969     0.4931
     0.4130    -1.8026     2.0791     0.2673
     0.2886    -1.9395     2.0969    -0.0713
     0.0752    -1.8939     2.0880    -0.2405
    -0.1381    -1.9121     2.0254    -0.4286
    -0.2626    -1.9395     1.9808    -0.6542
    -0.3960    -1.9213     1.9004    -0.8140
    -0.5294    -1.8118     1.7127    -1.0302
    -0.7517    -1.7114     1.5340    -1.1993
    -0.8495    -1.6292     1.3107    -1.3590
    -0.9473    -1.5471     1.1321    -1.5469
    -1.0363    -1.3280     0.8552    -1.6878
    -1.1963    -1.1545     0.6141    -1.8851
    -1.2497    -0.9535     0.3552    -1.9508
    -1.4098    -0.7799     0.0785    -2.0729
    -1.4098    -0.6337    -0.1090    -2.0823
    -1.4721    -0.4326    -0.4303    -2.0917
    -1.5077    -0.1674    -0.5999    -2.1574
    -1.5166     0.0246    -0.7605    -2.0166
    -1.5611     0.2625    -1.0103    -1.9884
    -1.5700     0.4638    -1.1441    -1.8663
    -1.5433     0.6378    -1.4206    -1.8006
    -1.5077     0.8575    -1.4563    -1.6597
    -1.4543     0.9858    -1.5990    -1.5094
    -1.3476     1.1232    -1.7328    -1.3872
    -1.2408     1.3522    -1.8041    -1.2087
    -1.1430     1.4164    -1.9022    -0.9644
    -1.0185     1.5722    -1.9201    -0.7482
    -0.8228     1.7006    -1.9647    -0.5414
    -0.6983     1.7647    -1.9557    -0.3157
    -0.4938     1.7922    -1.9022    -0.1371
    -0.2448     1.8748    -1.8398     0.1262
    -0.0759     1.8289    -1.7239     0.3238
     0.1286     1.8748    -1.6525     0.5401
     0.3063     1.8748    -1.5009     0.7283
     0.5908     1.9115    -1.3404     1.0201
     0.7507     1.8748    -1.2779     1.2271
     0.9018     1.8564    -1.0371     1.4154
     1.1328     1.7922    -0.8408     1.5660
     1.2661     1.6822    -0.6980     1.7543
     1.4349     1.5814    -0.4571     1.8862
     1.4794     1.4439    -0.2786     2.0651
     1.6481     1.1965    -0.0376     2.1216
     1.7014     1.0316     0.1766     2.2347
     1.6926     0.7385     0.4088     2.3383
     1.6926     0.5005     0.6766     2.3854
     1.6926     0.3357     0.8642     2.3854
     1.7103     0.0521     1.0428     2.3760
     1.6304    -0.2223     1.2482     2.2818
     1.6393    -0.4052     1.4000     2.2535
     1.5060    -0.6611     1.5787     2.1122
     1.4172    -0.8530     1.7306     1.9521
     1.3372    -0.9809     1.9093     1.7826
     1.2661    -1.1910     1.9986     1.5472
     1.1328    -1.2732     2.0254     1.3589
     0.9551    -1.4376     2.1059     1.1801
     0.8041    -1.5836     2.0701     0.9071
     0.6352    -1.6566     2.0612     0.6436
     0.5197    -1.7935     2.0701     0.3802
     0.3063    -1.7753     2.0567     0.1357
     0.0930    -1.8574     2.0433    -0.0901
    -0.0315    -1.9304     2.0880    -0.2593
    -0.1915    -1.9030     2.0254    -0.4756
    -0.3960    -1.8756     1.9808    -0.7670
    -0.5649    -1.8118     1.8199    -0.9362
    -0.6272    -1.7753     1.6234    -1.0959
    -0.7606    -1.6749     1.4447    -1.2839
    -0.9473    -1.5380     1.2125    -1.4624
    -1.0629    -1.3645     0.9713    -1.6033
    -1.1519    -1.2367     0.6945    -1.7160
    -1.2497    -1.0723     0.4623    -1.8569
    -1.3565    -0.8165     0.1945    -1.9696
    -1.4009    -0.6337    -0.0733    -2.0353
    -1.4276    -0.4875    -0.2607    -2.0917
    -1.4721    -0.2589    -0.5463    -2.0541
    -1.4810    -0.0668    -0.6802    -2.0353
    -1.5788     0.1253    -0.8943    -1.9320
    -1.5522     0.4089    -1.0906    -1.8851
    -1.5522     0.6012    -1.2690    -1.7818
    -1.5433     0.7843    -1.3760    -1.6503
    -1.4810     0.8942    -1.5277    -1.5187
    -1.3654     1.0865    -1.6347    -1.4154
    -1.2497     1.2789    -1.7596    -1.2369
    -1.1786     1.3614    -1.8041    -1.0489
    -1.0363     1.4897    -1.8220    -0.8610
    -0.8495     1.6089    -1.8309    -0.6072
    -0.6716     1.7097    -1.8398    -0.4286
    -0.5205     1.8381    -1.8131    -0.2217
    -0.3160     1.8839    -1.8220     0.0040
    -0.1737     1.8289    -1.6971     0.2203
     0.0930     1.8473    -1.6525     0.4555
     0.2975     1.8473    -1.5277     0.6342
     0.4486     1.8473    -1.4206     0.8695
     0.6263     1.8381    -1.2601     1.0859
     0.7952     1.8564    -1.1530     1.2930
     1.0173     1.8014    -0.9924     1.5378
     1.1684     1.7097    -0.7337     1.7073
     1.3461     1.6547    -0.5285     1.8108
     1.4260     1.4897    -0.3589     1.9992
     1.5682     1.3156    -0.1447     2.0369
     1.6659     1.0774     0.1142     2.1687
     1.7636     0.8484     0.3195     2.2441
     1.7459     0.6378     0.5963     2.3477
     1.7725     0.3632     0.7838     2.3948
     1.7814     0.1436     1.0338     2.4136
     1.7370    -0.1126     1.1767     2.3665
     1.6570    -0.3686     1.4179     2.3006
     1.5238    -0.4966     1.5787     2.1593
     1.5149    -0.6977     1.7306     1.9992
     1.4438    -0.9261     1.9272     1.8391
     1.2839    -1.0997     1.9808     1.6884
     1.1684    -1.3189     2.0969     1.4719
     1.0440    -1.4467     2.0433     1.2554
     0.8663    -1.5745     2.0433     1.0389
     0.6707    -1.6658     2.0880     0.8036
     0.5285    -1.7388     2.0791     0.5590
     0.4308    -1.8665     2.1237     0.2673
     0.2530    -1.8300     2.0612     0.0040
     0.0397    -1.8665     2.0791    -0.2217
    -0.1204    -1.8665     2.0523    -0.4286
    -0.3071    -1.8848     2.0344    -0.6354
    -0.4049    -1.8209     1.8646    -0.7858
    -0.5827    -1.7935     1.7038    -0.9926
          3          3          3          3
