    4   2048 0.020000  2016   1  22  13  33
         16         10         11         42
     1.4208     0.9009    -1.4622     1.6754
     1.4297     0.8460    -1.3017     1.5624
     1.2698     0.7178    -1.2660     1.4495
     1.1809     0.6171    -1.1946     1.3553
     1.1010     0.4798    -1.1233     1.2612
     0.9943     0.3517    -0.9805     1.0918
     0.8610     0.2144    -0.8913     0.8848
     0.7810     0.0132    -0.8110     0.8001
     0.6566    -0.0874    -0.6593     0.6025
     0.5144    -0.2063    -0.4987     0.4802
     0.4433    -0.3526    -0.4184     0.3297
     0.3188    -0.4714    -0.2667     0.1416
     0.2211    -0.5902    -0.1328    -0.0183
     0.0521    -0.6633     0.0635    -0.1499
    -0.0456    -0.7730     0.1974    -0.2157
    -0.0990    -0.8826     0.3402    -0.3662
    -0.2501    -1.0014     0.5009    -0.4508
    -0.3035    -1.1110     0.6884    -0.5730
    -0.4458    -1.1384     0.7956    -0.7046
    -0.4991    -1.2845     0.9027    -0.8079
    -0.6236    -1.2936     1.0992    -0.9207
    -0.7037    -1.3758     1.2064    -1.0147
    -0.7392    -1.4123     1.3493    -1.1462
    -0.8371    -1.4488     1.4297    -1.2308
    -0.8637    -1.5036     1.5726    -1.2496
    -0.9438    -1.5310     1.6798    -1.3436
    -0.9527    -1.5310     1.7691    -1.3811
    -1.0327    -1.4488     1.8406    -1.4563
    -1.1306    -1.4671     1.8942    -1.5033
    -1.0950    -1.4214     2.0372    -1.5502
    -1.0950    -1.3575     2.0461    -1.5220
    -1.1039    -1.3301     2.0550    -1.5502
    -1.1039    -1.2388     2.1086    -1.5314
    -1.1039    -1.2023     2.0908    -1.4845
    -1.1128    -1.0836     2.0908    -1.4469
    -1.1039    -1.0105     2.0640    -1.3999
    -1.0505    -0.8552     2.0372    -1.3811
    -1.0772    -0.8369     2.0014    -1.2966
    -0.9883    -0.6816     1.9478    -1.2214
    -0.9349    -0.5263     1.8495    -1.1181
    -0.8726    -0.4257     1.8049    -1.0147
    -0.8015    -0.3343     1.7066    -0.8925
    -0.7392    -0.1148     1.6083    -0.7986
    -0.6592    -0.0417     1.4922    -0.7328
    -0.5525     0.1413     1.4029    -0.6012
    -0.4813     0.2968     1.2064    -0.4414
    -0.3746     0.4707     1.1438    -0.3286
    -0.2324     0.6171     1.0545    -0.1781
    -0.0990     0.7178     0.9206    -0.0465
    -0.0101     0.8460     0.7509     0.0664
     0.1055     1.0292     0.6438     0.2827
     0.2033     1.1391     0.4831     0.4708
     0.3811     1.2948     0.3759     0.6872
     0.4700     1.4414     0.2331     0.8095
     0.5855     1.4506     0.0278     0.9506
     0.7633     1.4689    -0.0882     1.1295
     0.8344     1.4689    -0.1596     1.2800
     0.9854     1.5606    -0.2935     1.4965
     1.1010     1.5056    -0.4095     1.6378
     1.2076     1.4873    -0.5523     1.7978
     1.3053     1.5239    -0.6593     1.9202
     1.3231     1.4873    -0.7753     2.0521
     1.4830     1.5148    -0.9002     2.1368
     1.4564     1.4964    -1.0251     2.1557
     1.5008     1.5514    -1.0787     2.1933
     1.5186     1.5239    -1.1143     2.1462
     1.4830     1.4873    -1.2125     2.2310
     1.5808     1.4323    -1.3017     2.1839
     1.5275     1.4781    -1.3017     2.1462
     1.5452     1.4598    -1.3730     2.2122
     1.5275     1.4048    -1.3909     2.2216
     1.5097     1.3131    -1.4355     2.1651
     1.5008     1.1574    -1.4533     2.1839
     1.5275     1.0108    -1.4533     2.1086
     1.4741     0.9650    -1.4176     1.9579
     1.4031     0.8552    -1.4087     1.8449
     1.3675     0.6995    -1.3998     1.6660
     1.2076     0.6080    -1.3373     1.5436
     1.1720     0.4798    -1.3195     1.3459
     1.0032     0.3608    -1.2660     1.2424
     0.9321     0.1596    -1.2035     1.0824
     0.8344     0.1047    -1.0876     0.9130
     0.7277    -0.0142    -1.0787     0.7342
     0.6211    -0.1880    -0.9627     0.5084
     0.4788    -0.3252    -0.8378     0.3485
     0.4611    -0.3800    -0.7040     0.1698
     0.3455    -0.4897    -0.6058     0.0382
     0.1944    -0.6085    -0.4720    -0.1499
     0.0521    -0.6816    -0.3649    -0.3003
    -0.0190    -0.7182    -0.1685    -0.4038
    -0.1079    -0.8735    -0.0436    -0.4884
    -0.2590    -0.8735     0.1171    -0.6482
    -0.3035    -0.9557     0.2420    -0.7328
    -0.4547    -1.1018     0.4384    -0.8455
    -0.5436    -1.1475     0.5813    -0.9677
    -0.5703    -1.1932     0.7509    -1.0617
    -0.7303    -1.2206     0.8849    -1.1650
    -0.7481    -1.2753     1.0010    -1.2026
    -0.8193    -1.2936     1.1438    -1.2872
    -0.9438    -1.3393     1.3135    -1.3529
    -1.0149    -1.2845     1.3761    -1.3999
    -1.0594    -1.3210     1.5279    -1.4281
    -1.0505    -1.3940     1.6887    -1.4845
    -1.0950    -1.3758     1.7691    -1.4375
    -1.1128    -1.3484     1.8495    -1.4563
    -1.1928    -1.2206     1.9657    -1.4281
    -1.2106    -1.2571     2.0282    -1.4375
    -1.1839    -1.1566     2.0908    -1.3999
    -1.2284    -1.0744     2.0461    -1.3623
    -1.2017    -0.9922     2.0640    -1.3154
    -1.1928    -0.9192     2.0997    -1.2778
    -1.1484    -0.9100     2.1086    -1.1838
    -1.1128    -0.8187     2.0372    -1.1556
    -1.0505    -0.6908     2.0103    -1.0523
    -0.9349    -0.6542     1.9657    -0.9959
    -0.9260    -0.4349     1.9210    -0.9019
    -0.8282    -0.3891     1.8049    -0.8455
    -0.7392    -0.2703     1.6976    -0.7046
    -0.6503    -0.0966     1.6262    -0.5918
    -0.5169     0.0681     1.4922    -0.4320
    -0.4369     0.2144     1.3671    -0.3380
    -0.3213     0.3517     1.1885    -0.1875
    -0.2057     0.5347     1.0456    -0.1217
    -0.1701     0.5988     0.9206    -0.0277
    -0.0545     0.7819     0.7420     0.1510
     0.0433     0.9467     0.5456     0.3203
     0.2211     1.0200     0.3938     0.5178
     0.3366     1.1757     0.2777     0.6213
     0.4877     1.3131     0.0903     0.8189
     0.6211     1.4231    -0.0971     0.9224
     0.6922     1.4323    -0.2756     1.0730
     0.8432     1.4506    -0.3738     1.2424
     0.9055     1.5331    -0.5166     1.3553
     1.0565     1.5148    -0.7040     1.5248
     1.1365     1.4781    -0.8556     1.6566
     1.2609     1.4781    -0.9448     1.7884
     1.3764     1.4598    -1.0608     1.9391
     1.4475     1.4414    -1.2035     1.9673
     1.4386     1.5239    -1.2571     2.0803
     1.5008     1.5422    -1.4355     2.1180
     1.5097     1.5422    -1.4533     2.1180
     1.5363     1.4598    -1.5692     2.2028
     1.5541     1.4964    -1.6495     2.1557
     1.5186     1.5148    -1.6406     2.2028
     1.5275     1.4323    -1.6495     2.1462
     1.5719     1.4781    -1.6852     2.1651
     1.5452     1.3040    -1.7030     2.1839
     1.5097     1.2673    -1.7119     2.0803
     1.4653     1.0933    -1.6941     2.0521
     1.4919     1.0108    -1.6673     1.9485
     1.4208     0.8735    -1.6495     1.8166
     1.3586     0.6812    -1.6049     1.6660
     1.3053     0.5805    -1.5336     1.4871
     1.1365     0.4798    -1.4265     1.3271
     1.0832     0.3334    -1.3552     1.2142
     0.9854     0.1961    -1.2571     1.1012
     0.8788     0.0132    -1.2214     0.8942
     0.6922    -0.0966    -1.0697     0.7060
     0.6299    -0.2520    -0.9359     0.5555
     0.5322    -0.3343    -0.8021     0.3203
     0.3900    -0.4531    -0.7218     0.1698
     0.3099    -0.5811    -0.5790    -0.0465
     0.2211    -0.6999    -0.4184    -0.2063
     0.0877    -0.8095    -0.2578    -0.3380
    -0.0279    -0.8461    -0.1328    -0.4696
    -0.1434    -0.9922     0.0278    -0.6012
    -0.1879    -0.9740     0.2420    -0.7328
    -0.3302    -1.1018     0.4027    -0.8267
    -0.3746    -1.2023     0.5188    -0.9865
    -0.4813    -1.2114     0.6616    -1.1181
    -0.5347    -1.2662     0.8581    -1.2402
    -0.6414    -1.2571     0.9920    -1.3342
    -0.7570    -1.3393     1.1349    -1.3717
    -0.7748    -1.2936     1.2153    -1.4563
    -0.8993    -1.3758     1.3582    -1.5126
    -0.9438    -1.3301     1.4475    -1.5972
    -0.9883    -1.3575     1.5726    -1.6535
    -1.0327    -1.3484     1.6351    -1.7005
    -1.0327    -1.3393     1.7155    -1.6911
    -1.0861    -1.2662     1.7691    -1.6629
    -1.0861    -1.2388     1.8227    -1.6911
    -1.1573    -1.2753     1.8495    -1.6723
    -1.1395    -1.1840     1.9121    -1.6442
    -1.1839    -1.0927     1.9389    -1.6066
    -1.1395    -1.1018     1.9121    -1.5596
    -1.1128    -0.9557     1.8763    -1.5126
    -1.0950    -0.9648     1.8406    -1.3999
    -1.0238    -0.8735     1.8406    -1.3529
    -0.9794    -0.7547     1.7780    -1.2308
    -0.9171    -0.6542     1.6708    -1.1369
    -0.8460    -0.4897     1.5904    -1.0429
    -0.8282    -0.4806     1.5279    -0.9583
    -0.7570    -0.3709     1.3582    -0.8549
    -0.5792    -0.2337     1.3403    -0.6764
    -0.5347    -0.1240     1.1796    -0.5542
    -0.4102    -0.0234     1.0903    -0.4226
    -0.2768     0.1778     0.9563    -0.3191
    -0.2324     0.3059     0.8402    -0.1781
    -0.0990     0.4524     0.6706    -0.0747
     0.0255     0.5622     0.5724     0.0476
     0.1588     0.6903     0.3759     0.2545
     0.3188     0.9101     0.2777     0.3673
     0.4077     0.9467     0.0992     0.4708
     0.5677     1.0566    -0.0168     0.6872
     0.6922     1.2582    -0.1328     0.8565
     0.7455     1.3315    -0.2935     0.9883
     0.8788     1.3681    -0.4452     1.1483
     0.9499     1.4414    -0.5166     1.2612
     1.0743     1.5148    -0.6593     1.3553
     1.1454     1.4781    -0.7753     1.4871
     1.2964     1.4598    -0.9270     1.5719
     1.3142     1.4414    -0.9627     1.7131
     1.3942     1.5331    -1.0608     1.8261
     1.4830     1.4964    -1.1589     1.9391
     1.5008     1.5056    -1.2214     1.9767
     1.5363     1.4598    -1.3373     2.0521
     1.5452     1.4689    -1.4087     2.0426
     1.4830     1.4323    -1.4711     2.0897
     1.5275     1.4139    -1.4979     2.0709
     1.5097     1.3864    -1.5514     2.0521
     1.5630     1.3590    -1.5514     2.0144
     1.5541     1.2124    -1.5960     2.0332
     1.5097     1.1208    -1.5514     1.9579
     1.4830     0.9650    -1.5469     1.8731
     1.4653     0.8552    -1.5425     1.7225
     1.4386     0.7544    -1.5514     1.6472
     1.3675     0.5896    -1.4622     1.5060
     1.2964     0.5164    -1.4444     1.3553
     1.1987     0.3334    -1.3730     1.1953
     1.0654     0.1687    -1.3641     1.0918
     0.9055     0.0498    -1.2749     0.9224
     0.8432    -0.1240    -1.2125     0.7248
     0.6922    -0.2337    -1.1054     0.5743
     0.6566    -0.3343    -0.9538     0.3862
     0.4966    -0.4714    -0.8378     0.1792
     0.3544    -0.5354    -0.7129     0.0099
     0.2566    -0.6359    -0.6593    -0.0935
     0.1766    -0.7730    -0.4809    -0.2909
     0.0610    -0.8095    -0.3560    -0.4320
    -0.0634    -0.9009    -0.1596    -0.5824
    -0.1257    -1.0562    -0.0793    -0.7328
    -0.1790    -1.0744     0.1171    -0.8455
    -0.3035    -1.1840     0.2956    -0.9583
    -0.4013    -1.2571     0.4563    -1.1838
    -0.4813    -1.2936     0.6795    -1.2496
    -0.5347    -1.3027     0.7509    -1.3623
    -0.6325    -1.3119     0.9206    -1.4469
    -0.7214    -1.3393     1.0724    -1.4751
    -0.7303    -1.4123     1.2510    -1.5784
    -0.8371    -1.4306     1.3671    -1.6535
    -0.8726    -1.3666     1.5011    -1.7005
    -0.9971    -1.4032     1.6440    -1.7475
    -0.9971    -1.4214     1.7870    -1.7850
    -1.1039    -1.3575     1.8853    -1.7850
    -1.0861    -1.3849     1.9478    -1.7850
    -1.1928    -1.2845     2.0372    -1.7569
    -1.1750    -1.2480     2.0103    -1.7569
    -1.2106    -1.2388     2.0461    -1.6817
    -1.2373    -1.2023     2.0461    -1.6817
    -1.1839    -1.1292     2.0640    -1.5878
    -1.2284    -1.0196     2.0818    -1.5502
    -1.1661    -0.9922     2.0193    -1.4281
    -1.1128    -0.8461     2.0282    -1.3248
    -1.0594    -0.7364     2.0103    -1.2214
    -1.0416    -0.6999     1.9835    -1.1275
    -0.9349    -0.6177     1.9121    -1.0147
    -0.8548    -0.5080     1.8138    -0.9113
    -0.7659    -0.4714     1.6798    -0.8549
    -0.7214    -0.2612     1.5547    -0.6294
    -0.5792    -0.1514     1.4297    -0.5542
    -0.4013    -0.0051     1.2867    -0.4226
    -0.3213     0.1321     1.1349    -0.2345
    -0.2413     0.3151     1.0277    -0.1029
    -0.1079     0.4249     0.8670    -0.0277
    -0.0279     0.4981     0.7241     0.1510
     0.1588     0.6080     0.5277     0.2639
     0.2566     0.8002     0.3581     0.4520
     0.4077     0.9376     0.2420     0.6119
     0.4877     0.9559     0.0724     0.7813
     0.5944     1.1024    -0.1418     0.9506
     0.7099     1.2582    -0.2399     1.1106
     0.7544     1.3040    -0.3560     1.2424
     0.8877     1.3681    -0.5077     1.3365
     0.9232     1.4598    -0.6504     1.4589
     1.0210     1.4048    -0.7575     1.6095
     1.1098     1.4231    -0.8378     1.6754
     1.1987     1.4873    -0.9716     1.8355
     1.3142     1.4781    -1.0787     1.9296
     1.3498     1.4781    -1.1857     2.0238
     1.3942     1.4598    -1.2660     2.0144
     1.4830     1.4873    -1.3017     2.0521
     1.4653     1.4689    -1.3017     2.0521
     1.4653     1.4506    -1.3819     2.0992
     1.5097     1.4323    -1.3552     2.1180
     1.4741     1.2948    -1.3998     2.0709
     1.5097     1.2582    -1.4176     2.0521
     1.4919     1.1024    -1.4176     2.0615
     1.5097     1.0108    -1.3819     1.9956
     1.4653     0.9559    -1.3998     1.8826
     1.4653     0.8185    -1.3552     1.7696
     1.3498     0.6263    -1.2838     1.6283
     1.3409     0.5256    -1.2035     1.5248
     1.2076     0.3883    -1.1857     1.4024
     1.0654     0.3151    -1.1143     1.2895
     0.8788     0.1321    -1.0251     1.1295
     0.8255    -0.0051    -0.8824     0.9601
     0.6833    -0.0966    -0.8378     0.7530
     0.6388    -0.2429    -0.7486     0.6213
     0.4700    -0.3343    -0.5701     0.4426
     0.4166    -0.4714    -0.5166     0.1792
     0.3099    -0.5628    -0.3381    -0.0089
     0.1233    -0.6816    -0.2578    -0.1499
    -0.0012    -0.7273    -0.0971    -0.2721
    -0.0723    -0.8187     0.0189    -0.4132
    -0.1434    -0.9466     0.1974    -0.5636
    -0.2590    -1.0379     0.2867    -0.7234
    -0.3480    -1.0653     0.4206    -0.8831
    -0.4102    -1.1566     0.5902    -1.0241
    -0.4991    -1.2388     0.6974    -1.1181
    -0.5614    -1.2571     0.8759    -1.2872
    -0.7125    -1.3119     0.9474    -1.3436
    -0.7659    -1.3027     1.0992    -1.4281
    -0.8548    -1.3940     1.2421    -1.5033
    -0.9082    -1.4214     1.3314    -1.6348
    -0.9971    -1.4397     1.4386    -1.6723
    -1.0416    -1.4671     1.5547    -1.7475
    -1.1306    -1.3758     1.6887    -1.7663
    -1.1661    -1.4123     1.7155    -1.8132
    -1.2373    -1.3758     1.8049    -1.8226
    -1.2996    -1.3666     1.8763    -1.7756
    -1.3174    -1.3484     1.9299    -1.8038
    -1.2907    -1.3119     1.9478    -1.7850
    -1.2996    -1.2845     1.9567    -1.7099
    -1.3530    -1.1384     1.9925    -1.6629
    -1.3352    -1.1384     1.9925    -1.6160
    -1.2729    -0.9831     1.9657    -1.5033
    -1.2818    -0.9648     1.9835    -1.4093
    -1.2017    -0.8826     1.9299    -1.3342
    -1.1306    -0.7730     1.8763    -1.2684
    -1.1039    -0.6999     1.8406    -1.1556
    -1.0594    -0.5902     1.7066    -1.0053
    -0.9082    -0.4897     1.6619    -0.8737
    -0.8015    -0.3800     1.5279    -0.7704
    -0.7392    -0.1880     1.4207    -0.6012
    -0.6058    -0.0600     1.3403    -0.4696
    -0.5347     0.1138     1.1885    -0.3568
    -0.3835     0.2053     1.0545    -0.2251
    -0.3035     0.3791     0.9652    -0.1217
    -0.1968     0.5347     0.8491     0.0288
    -0.0634     0.5896     0.7063     0.2357
     0.0521     0.7819     0.5456     0.3579
     0.1499     0.8643     0.3938     0.5178
     0.2655     1.0292     0.2063     0.6966
     0.4077     1.1116     0.0457     0.8471
     0.5055     1.1757    -0.1328     0.9883
     0.6388     1.3498    -0.2667     1.1200
     0.6922     1.3864    -0.4006     1.2989
     0.8077     1.4048    -0.5255     1.4024
     0.8610     1.3590    -0.6950     1.5154
     0.9765     1.3681    -0.7753     1.6566
     1.0121     1.4598    -0.9092     1.7884
     1.1454     1.4323    -1.0073     1.9202
     1.2342     1.3956    -1.1679     2.0144
     1.2964     1.4231    -1.2125     2.0426
     1.3586     1.4139    -1.2927     2.0474
     1.3409     1.4048    -1.3641     2.0521
     1.3853     1.4506    -1.4533     2.0897
     1.3586     1.4139    -1.5692     2.0709
     1.4297     1.4414    -1.5871     2.0897
     1.4564     1.3773    -1.6317     2.1274
     1.4297     1.3406    -1.6317     2.1086
     1.4120     1.3040    -1.6317     2.0803
     1.3764     1.2032    -1.6673     2.1086
     1.4031     1.0750    -1.6584     2.0615
     1.3053     0.9193    -1.6495     1.9579
     1.2165     0.8460    -1.5781     1.8355
     1.1720     0.6720    -1.4979     1.7037
     1.0299     0.5805    -1.4890     1.5342
     0.9321     0.4981    -1.3998     1.4495
     0.7899     0.3517    -1.3017     1.2518
     0.7366     0.1870    -1.2125     1.0542
     0.6388     0.0498    -1.1233     0.8660
     0.4611    -0.0325    -0.9984     0.7154
     0.3722    -0.1514    -0.9448     0.5461
     0.2388    -0.3343    -0.7575     0.3767
     0.1410    -0.3891    -0.6593     0.2357
     0.0255    -0.4623    -0.4809     0.0570
    -0.0990    -0.6359    -0.3381    -0.1405
    -0.1790    -0.6633    -0.1864    -0.2815
    -0.2324    -0.7456    -0.0436    -0.3944
    -0.3568    -0.8461     0.1528    -0.5448
    -0.4547    -0.9557     0.3045    -0.7328
    -0.4902    -0.9557     0.4652    -0.7892
    -0.5880    -1.0288     0.6259    -0.8831
    -0.7481    -1.1110     0.7331    -1.0429
    -0.7303    -1.1384     0.8759    -1.1369
    -0.8815    -1.1749     1.0635    -1.2496
    -0.9260    -1.1840     1.1706    -1.2684
    -1.0060    -1.2297     1.3225    -1.3436
    -1.0416    -1.2114     1.4029    -1.3717
    -1.1484    -1.2206     1.5726    -1.4563
    -1.2017    -1.1932     1.6619    -1.4939
    -1.2462    -1.2662     1.7334    -1.5314
    -1.2551    -1.2297     1.8049    -1.5220
    -1.3352    -1.2206     1.8674    -1.5126
    -1.3796    -1.1840     1.9478    -1.5502
    -1.3441    -1.0836     1.9567    -1.5126
    -1.3796    -1.0653     1.9567    -1.4563
    -1.3885    -1.0105     1.9299    -1.4469
    -1.3707    -0.8826     1.9746    -1.3999
    -1.3618    -0.8552     1.9478    -1.3436
    -1.2996    -0.7364     1.9210    -1.2684
    -1.2818    -0.6725     1.8317    -1.2214
    -1.1839    -0.6085     1.8049    -1.1556
    -1.1039    -0.4714     1.6798    -1.0241
    -1.0327    -0.4166     1.6083    -0.9113
    -0.9883    -0.2886     1.4743    -0.7704
    -0.8993    -0.1514     1.3850    -0.6952
    -0.7748    -0.0966     1.3046    -0.5448
    -0.6414     0.0589     1.1617    -0.4320
    -0.5080     0.2419     1.0456    -0.3191
    -0.4547     0.3608     0.8849    -0.1687
    -0.3213     0.4707     0.8224    -0.0653
    -0.1790     0.5713     0.6616     0.1416
    -0.0812     0.7361     0.5188     0.2921
    -0.0101     0.8643     0.3581     0.4144
     0.1766     1.0292     0.2331     0.5837
     0.2922     1.1208     0.1081     0.6966
     0.3544     1.2765    -0.0347     0.8942
     0.4877     1.3223    -0.2132     1.0259
     0.5766     1.3406    -0.3292     1.2047
     0.6833     1.3773    -0.4630     1.3365
     0.7455     1.3864    -0.5434     1.4306
     0.8788     1.3315    -0.7040     1.5813
     0.9765     1.3681    -0.7843     1.6189
     1.0565     1.3773    -0.9270     1.7696
     1.1010     1.4231    -1.0251     1.9014
     1.1720     1.4323    -1.0787     2.0050
     1.2609     1.3773    -1.1946     2.0426
     1.3142     1.4231    -1.2749     2.0332
     1.3409     1.4231    -1.3819     2.0332
     1.4208     1.3498    -1.3998     2.0144
     1.4031     1.3590    -1.4533     2.0426
     1.3942     1.3406    -1.4979     2.0332
     1.3942     1.3131    -1.5068     2.0332
     1.4120     1.2857    -1.5603     2.0803
     1.4297     1.1940    -1.5603     2.0521
     1.4208     1.0841    -1.5246     1.9956
     1.4120     1.0475    -1.5157     1.8637
     1.2876     0.8918    -1.4622     1.7319
     1.2342     0.7819    -1.4533     1.6189
     1.1543     0.6171    -1.4265     1.4495
     1.0565     0.5622    -1.4176     1.3177
     0.9588     0.3974    -1.3463     1.1859
     0.7988     0.2510    -1.2481     1.0448
     0.7366     0.1596    -1.1679     0.8471
     0.6033     0.0223    -1.0965     0.6684
     0.5411    -0.1423    -0.9984     0.4426
     0.3633    -0.3252    -0.8289     0.2451
     0.2833    -0.3526    -0.7397     0.1040
     0.2122    -0.5445    -0.5969    -0.0653
     0.0255    -0.6451    -0.5166    -0.2063
    -0.0279    -0.6633    -0.3827    -0.3474
    -0.1346    -0.8278    -0.2132    -0.5448
    -0.2501    -0.8826    -0.0793    -0.6952
    -0.3391    -0.9831     0.1260    -0.8267
    -0.3746    -1.1201     0.2688    -0.9395
    -0.5080    -1.2023     0.3938    -1.0335
    -0.5703    -1.2206     0.5991    -1.1744
    -0.7037    -1.3301     0.7688    -1.2496
    -0.7214    -1.3210     0.8938    -1.3529
    -0.7659    -1.4306     1.0456    -1.4751
    -0.8726    -1.4671     1.1706    -1.5596
    -0.9971    -1.4853     1.3135    -1.5784
    -1.0327    -1.4397     1.4565    -1.6254
    -1.0594    -1.4579     1.5368    -1.7099
    -1.1484    -1.4944     1.6708    -1.7569
    -1.2284    -1.4671     1.6976    -1.8038
    -1.2373    -1.4579     1.8049    -1.8696
    -1.3174    -1.4853     1.9121    -1.8696
    -1.3174    -1.4123     1.9299    -1.8602
    -1.3796    -1.4032     1.9210    -1.8320
    -1.3530    -1.2753     1.9657    -1.8132
    -1.3352    -1.2845     1.9567    -1.7287
    -1.3174    -1.2023     1.9210    -1.6723
    -1.3618    -1.0836     1.9210    -1.6254
    -1.3085    -1.0288     1.8942    -1.5972
    -1.2462    -0.9648     1.9299    -1.5220
    -1.1395    -0.8278     1.8406    -1.4187
    -1.0861    -0.8095     1.7602    -1.2966
    -1.0416    -0.6177     1.6530    -1.1556
    -0.8993    -0.5263     1.5994    -1.0335
    -0.7659    -0.4531     1.4475    -0.9583
    -0.6592    -0.3069     1.2957    -0.7704
    -0.5703    -0.2246     1.1617    -0.6858
    -0.4369    -0.0966     1.0099    -0.5448
    -0.3035     0.1138     0.8581    -0.3756
    -0.2501     0.2693     0.7866    -0.2251
    -0.0901     0.2693     0.6616    -0.1123
    -0.0545     0.4432     0.4295     0.0664
     0.1677     0.5988     0.3224     0.2074
     0.2211     0.7270     0.2063     0.4050
     0.3455     0.7727     0.0278     0.5367
     0.4700     0.9193    -0.1239     0.7436
     0.5588     1.0383    -0.3203     0.9318
     0.6744     1.1024    -0.4184     1.0824
     0.7010     1.2490    -0.5523     1.1765
     0.9055     1.3223    -0.6237     1.3177
     0.9410     1.3131    -0.7753     1.4401
     1.0921     1.2948    -0.9092     1.5907
     1.1543     1.2948    -1.0341     1.7037
     1.2076     1.3131    -1.1233     1.8449
     1.3320     1.3223    -1.2303     1.8920
     1.3142     1.3681    -1.2749     1.9485
     1.3764     1.3498    -1.3819     1.9956
     1.3764     1.3681    -1.4355     2.0144
     1.4297     1.3590    -1.4800     1.9767
     1.4208     1.3131    -1.5425     2.0050
     1.4386     1.2673    -1.6138     2.0144
     1.3853     1.2490    -1.6406     1.9861
     1.3764     1.1757    -1.6584     2.0144
     1.3764     1.1116    -1.7030     1.9673
     1.3764     1.0658    -1.7298     1.8637
     1.3498     0.8643    -1.7119     1.7037
     1.4031     0.7819    -1.6584     1.6378
     1.3498     0.7361    -1.6317     1.5248
     1.3409     0.5530    -1.6406     1.4495
     1.1898     0.4066    -1.6495     1.3083
     1.1720     0.3242    -1.5425     1.1483
     0.9765     0.2510    -1.4890     0.9506
     0.8966     0.0955    -1.3641     0.7625
     0.7899    -0.1057    -1.3195     0.5743
     0.6299    -0.2063    -1.2035     0.4614
     0.6033    -0.3526    -1.1411     0.2357
     0.4166    -0.4349    -1.0073     0.1134
     0.3811    -0.5994    -0.8646    -0.0747
     0.2566    -0.6085    -0.7575    -0.2439
     0.1233    -0.7639    -0.5969    -0.4038
     0.0166    -0.8278    -0.4720    -0.4696
    -0.0990    -0.9192    -0.3649    -0.6388
    -0.1701    -0.9831    -0.1685    -0.8173
    -0.2768    -1.0927    -0.0168    -0.8831
    -0.2946    -1.1658     0.1617    -1.0429
    -0.3835    -1.2206     0.2777    -1.1462
    -0.4902    -1.2571     0.4295    -1.2496
    -0.5703    -1.3393     0.5456    -1.3154
    -0.6948    -1.3575     0.7331    -1.3999
    -0.7570    -1.3940     0.8938    -1.5033
    -0.8371    -1.3940     1.0724    -1.5784
    -0.8548    -1.4671     1.1706    -1.6442
    -0.9971    -1.4762     1.2689    -1.7099
    -1.0060    -1.4716     1.4297    -1.7569
    -1.0861    -1.4671     1.5458    -1.7381
    -1.1217    -1.3758     1.5904    -1.7475
    -1.1750    -1.3758     1.6798    -1.7475
    -1.2462    -1.3484     1.7334    -1.7663
    -1.2106    -1.2571     1.8406    -1.7569
    -1.2818    -1.2571     1.8763    -1.7287
    -1.2729    -1.1840     1.9031    -1.6442
    -1.2284    -1.1475     1.8763    -1.5878
    -1.1839    -1.0744     1.8853    -1.5408
    -1.1928    -0.9831     1.8227    -1.5033
    -1.1839    -0.8918     1.8317    -1.4093
    -1.0594    -0.7547     1.7512    -1.3529
    -0.9883    -0.6999     1.6887    -1.2026
    -0.9171    -0.6268     1.5815    -1.0523
    -0.8726    -0.4806     1.5279    -0.9207
    -0.7214    -0.3617     1.4297    -0.7986
    -0.6681    -0.2337     1.2867    -0.6858
    -0.5080    -0.1606     1.1260    -0.5448
    -0.3924     0.0772     1.0277    -0.4696
    -0.3302     0.1961     0.9295    -0.2815
    -0.1968     0.2876     0.8224    -0.1499
    -0.1346     0.4615     0.6974     0.0664
     0.0521     0.5713     0.4652     0.2357
     0.1410     0.6354     0.3759     0.3579
     0.2655     0.7727     0.2420     0.5084
     0.3455     0.9284     0.1528     0.6496
     0.4611     1.0108    -0.0257     0.8660
     0.5766     1.1116    -0.1685     1.0165
     0.6388     1.1940    -0.3113     1.1295
     0.7633     1.3223    -0.4184     1.3177
     0.8166     1.2948    -0.5344     1.4212
     0.9321     1.2948    -0.6326     1.5907
     0.9854     1.3040    -0.7486     1.6378
     1.1276     1.3177    -0.8735     1.7790
     1.1987     1.3315    -0.9359     1.9391
     1.2787     1.3040    -0.9895     1.9579
     1.3409     1.3773    -1.0697     2.0144
     1.3142     1.3406    -1.1589     2.0050
     1.4031     1.3040    -1.2392     2.0332
     1.3764     1.3131    -1.3017     1.9956
     1.4031     1.3681    -1.3284     2.0144
     1.3586     1.3498    -1.3195     2.0238
     1.3498     1.3040    -1.3998     2.0615
     1.3542     1.3131    -1.3819     2.0238
     1.3586     1.2307    -1.4176     2.0426
     1.3586     1.0658    -1.4176     1.9767
     1.3675     0.9742    -1.4355     1.8920
     1.3053     0.8918    -1.3998     1.7790
     1.1809     0.7453    -1.4265     1.6378
     1.0921     0.5896    -1.3373     1.5248
     1.0476     0.4615    -1.3195     1.3836
     0.8699     0.3334    -1.2749     1.1953
     0.8166     0.2693    -1.2214     1.0542
     0.6477     0.0864    -1.1233     0.8471
     0.6211    -0.0417    -1.0430     0.6590
     0.5055    -0.1514    -0.9716     0.5084
     0.3099    -0.3160    -0.9181     0.3297
     0.2033    -0.4166    -0.8021     0.1040
     0.1855    -0.5445    -0.6593    -0.0841
     0.0699    -0.5811    -0.5612    -0.1969
    -0.0545    -0.6633    -0.5077    -0.3568
    -0.2235    -0.7913    -0.3560    -0.4884
    -0.2946    -0.8552    -0.2667    -0.6670
    -0.4102    -0.9374    -0.0882    -0.7892
    -0.4191    -1.0470     0.0010    -0.9395
    -0.5169    -1.1110     0.2063    -1.0429
    -0.6414    -1.1840     0.3135    -1.2120
    -0.7481    -1.3119     0.5099    -1.2872
    -0.7748    -1.3484     0.5902    -1.3999
    -0.9260    -1.3393     0.7509    -1.5033
    -0.9438    -1.4214     0.9027    -1.5690
    -1.0149    -1.4488     0.9920    -1.6254
    -1.0772    -1.4579     1.1171    -1.6629
    -1.2106    -1.5401     1.2242    -1.7475
    -1.2195    -1.5401     1.3582    -1.7756
    -1.2996    -1.5127     1.4743    -1.8508
    -1.2907    -1.4671     1.5279    -1.8696
    -1.3974    -1.4123     1.5726    -1.8696
    -1.4241    -1.3666     1.6440    -1.8414
    -1.3974    -1.3301     1.7512    -1.8132
    -1.3974    -1.3119     1.7780    -1.7850
    -1.3707    -1.2388     1.7423    -1.7475
    -1.3974    -1.1384     1.7423    -1.7663
    -1.3263    -1.1384     1.7512    -1.6723
    -1.3352    -1.0014     1.7244    -1.5784
    -1.2907    -0.9831     1.6798    -1.4845
    -1.1839    -0.8369     1.6172    -1.3905
    -1.1395    -0.7547     1.5011    -1.3154
    -1.0149    -0.6908     1.4207    -1.2308
    -0.9171    -0.5994     1.3850    -1.0805
    -0.8726    -0.5263     1.2332    -0.9677
    -0.7392    -0.3160     1.0903    -0.8361
    -0.6414    -0.1697     1.0010    -0.6764
    -0.5347    -0.0508     0.8759    -0.5072
    -0.4191     0.0772     0.7509    -0.3944
    -0.3035     0.2327     0.6795    -0.2721
    -0.1168     0.3151     0.5099    -0.1405
    -0.0545     0.4524     0.3492     0.0194
     0.0788     0.5073     0.2153     0.2451
     0.2299     0.6537     0.1081     0.4238
     0.3099     0.8552    -0.0257     0.6025
     0.4877     0.9009    -0.1953     0.7248
     0.5144     0.9834    -0.3024     0.8848
     0.6211     1.0933    -0.4184     1.0824
     0.7188     1.2490    -0.5701     1.2424
     0.8432     1.2490    -0.6326     1.3648
     0.8966     1.2948    -0.7129     1.5530
     1.0388     1.3406    -0.9002     1.6848
     1.1276     1.3956    -0.9538     1.7696
     1.1987     1.3864    -1.0251     1.9014
     1.3231     1.3819    -1.0965     1.9485
     1.3409     1.3773    -1.1589     2.0521
     1.4120     1.4048    -1.1679     2.0615
     1.4031     1.4048    -1.2392     2.0992
     1.3942     1.3406    -1.2571     2.0897
     1.4297     1.3269    -1.3284     2.0803
     1.4653     1.3131    -1.3373     2.1086
     1.3853     1.3315    -1.3552     2.0992
     1.4297     1.2398    -1.3552     2.0803
     1.4475     1.1482    -1.3641     2.0426
     1.4342     1.0017    -1.3373     2.0897
     1.4208     0.9009    -1.3284     1.9956
     1.3675     0.8185    -1.2749     1.9014
     1.2698     0.6629    -1.2927     1.7507
     1.1898     0.5713    -1.1946     1.6660
     1.1187     0.4524    -1.1857     1.5436
     0.9232     0.3242    -1.1143     1.4024
     0.8699     0.2602    -1.0162     1.2047
     0.7366     0.1504    -0.9448     1.0448
     0.6566     0.0132    -0.8824     0.8377
     0.5144    -0.1697    -0.8110     0.7060
     0.3988    -0.2429    -0.7129     0.5367
     0.3277    -0.3252    -0.5790     0.4144
     0.1766    -0.4531    -0.5077     0.2168
     0.0699    -0.5171    -0.3827    -0.0089
    -0.0545    -0.6268    -0.3113    -0.1405
    -0.1079    -0.6725    -0.1418    -0.2909
    -0.2590    -0.8187    -0.0079    -0.3850
    -0.2501    -0.8461     0.1885    -0.5166
    -0.3924    -0.9283     0.3045    -0.6764
    -0.4724    -0.9922     0.4652    -0.7986
    -0.5703    -1.0196     0.5813    -0.8549
    -0.6414    -1.1201     0.7063    -1.0147
    -0.7125    -1.1201     0.8581    -1.0993
    -0.7926    -1.1840     0.9563    -1.1462
    -0.8637    -1.1932     1.1171    -1.2402
    -0.9705    -1.1932     1.2153    -1.2872
    -1.0327    -1.2297     1.3671    -1.3905
    -1.1039    -1.2206     1.4654    -1.4469
    -1.1661    -1.2206     1.5547    -1.4845
    -1.1573    -1.1932     1.6708    -1.4751
    -1.2640    -1.2206     1.7780    -1.5126
    -1.2462    -1.2023     1.8227    -1.5596
    -1.2818    -1.2114     1.9031    -1.5596
    -1.2907    -1.1566     1.9121    -1.5784
    -1.3618    -1.0379     1.9746    -1.5596
    -1.3352    -0.9466     1.9389    -1.5314
    -1.3352    -0.9466     1.9657    -1.4375
    -1.2818    -0.7913     1.9210    -1.3905
    -1.2195    -0.7913     1.8853    -1.3905
    -1.2284    -0.6359     1.8406    -1.2966
    -1.1573    -0.5628     1.8138    -1.2308
    -1.1128    -0.5263     1.7244    -1.0993
    -0.9794    -0.4440     1.5815    -0.9959
    -0.9438    -0.3069     1.5011    -0.8831
    -0.7926    -0.1789     1.3850    -0.7986
    -0.7125    -0.0874     1.2510    -0.7140
    -0.5969     0.1047     1.1706    -0.5730
    -0.5169     0.2510     1.0010    -0.4884
    -0.3746     0.2785     0.8849    -0.3568
    -0.2590     0.3883     0.7241    -0.1687
    -0.1968     0.5896     0.5456    -0.0747
    -0.0012     0.6446     0.4741     0.0758
     0.0344     0.7453     0.3224     0.2074
     0.2744     0.9009     0.1706     0.3956
     0.3188     0.9834    -0.0079     0.5367
     0.4433     1.0658    -0.0882     0.6778
     0.5411     1.1208    -0.2399     0.8471
     0.6655     1.3131    -0.3470     1.0071
     0.6655     1.3681    -0.5255     1.1577
     0.8255     1.3590    -0.6147     1.2706
     0.8610     1.3681    -0.7397     1.4118
     1.0032     1.3635    -0.8021     1.5248
     1.1010     1.3590    -0.9270     1.6660
     1.1632     1.3864    -0.9895     1.7507
     1.2698     1.3406    -1.0519     1.8731
     1.3231     1.4048    -1.1054     1.9108
     1.3853     1.3864    -1.2035     1.9673
     1.4031     1.4231    -1.1946     2.0050
     1.4653     1.4048    -1.2481     1.9767
     1.4741     1.3773    -1.3017     2.0709
     1.4475     1.3131    -1.3284     2.0332
     1.4830     1.2124    -1.3730     2.0332
     1.4297     1.1666    -1.3909     1.9485
     1.4741     1.0841    -1.3909     1.8920
     1.3942     0.9650    -1.3463     1.8166
     1.3764     0.8552    -1.3998     1.7696
     1.3853     0.7178    -1.3017     1.6566
     1.3142     0.6263    -1.2838     1.5248
     1.1543     0.4615    -1.2749     1.4118
     1.0832     0.3242    -1.1857     1.2330
     1.0388     0.2785    -1.1233     1.0918
     0.8966     0.1230    -1.0341     0.9224
     0.8255    -0.0691    -0.9359     0.8095
     0.6388    -0.1514    -0.8735     0.6590
     0.6211    -0.2520    -0.7843     0.4990
     0.5144    -0.4257    -0.6326     0.2921
     0.3900    -0.5263    -0.5612     0.1134
     0.2211    -0.5720    -0.4095    -0.0277
     0.0877    -0.7090    -0.3470    -0.1311
    -0.0012    -0.7913    -0.1775    -0.2909
    -0.1346    -0.8095    -0.0436    -0.3756
    -0.2235    -0.8918     0.0546    -0.5354
    -0.2679    -1.0196     0.2599    -0.6952
    -0.4102    -1.0836     0.3670    -0.7328
    -0.4547    -1.0744     0.4652    -0.8267
    -0.5969    -1.2023     0.6527    -0.9677
    -0.6770    -1.2023     0.7777    -1.0711
    -0.7125    -1.3301     0.9384    -1.1932
    -0.8193    -1.3210     1.0813    -1.2402
    -0.9260    -1.2753     1.1885    -1.2778
    -1.0149    -1.3301     1.3135    -1.3248
    -1.0238    -1.3301     1.4297    -1.4563
    -1.1484    -1.3484     1.5458    -1.4563
    -1.1839    -1.2571     1.6976    -1.4845
    -1.2729    -1.2571     1.7780    -1.5033
    -1.2729    -1.2114     1.8406    -1.4751
    -1.3530    -1.1292     1.8763    -1.4657
    -1.3441    -1.1292     1.9567    -1.4657
    -1.3530    -1.0653     1.9567    -1.4751
    -1.4330    -1.0288     1.9925    -1.4281
    -1.3885    -0.8918     2.0372    -1.3623
    -1.4152    -0.8369     2.0193    -1.2872
    -1.3530    -0.7913     1.9567    -1.2402
    -1.3707    -0.6633     1.9210    -1.2026
    -1.3174    -0.5994     1.8674    -1.1275
    -1.2373    -0.5263     1.8317    -1.0805
    -1.1661    -0.3983     1.7244    -0.9207
    -1.1039    -0.3160     1.6172    -0.8361
    -1.0683    -0.1971     1.4565    -0.6952
    -0.8815    -0.0325     1.3761    -0.6106
    -0.8015     0.0315     1.2510    -0.4790
    -0.6948     0.1596     1.1528    -0.3568
    -0.6058     0.2785     1.0367    -0.2439
    -0.4369     0.4707     0.8491    -0.1123
    -0.3302     0.5622     0.7152     0.0099
    -0.1968     0.6446     0.5813     0.1886
    -0.1612     0.7819     0.4831     0.3297
    -0.0012     0.8826     0.2599     0.4990
     0.1855     1.0108     0.1885     0.6401
     0.3099     1.1024    -0.0079     0.7436
     0.3988     1.2124    -0.1061     0.9036
     0.5055     1.3315    -0.2667     1.0542
     0.6477     1.3864    -0.3381     1.2142
     0.7277     1.4048    -0.4809     1.3365
     0.8077     1.4689    -0.5523     1.4306
     0.8788     1.4873    -0.7218     1.5342
     1.0032     1.4827    -0.8199     1.6189
     1.1010     1.4781    -0.9092     1.7884
     1.1809     1.4964    -0.9627     1.8355
     1.2964     1.4139    -1.0697     1.9014
     1.3409     1.4323    -1.1322     1.9956
     1.4297     1.4873    -1.1768     2.0521
     1.4297     1.4781    -1.2660     2.0521
     1.5186     1.4873    -1.2749     2.0615
     1.5008     1.4231    -1.3373     2.0992
     1.4741     1.4139    -1.3730     2.0426
     1.4653     1.3223    -1.3819     2.0709
     1.5186     1.2948    -1.3909     1.9956
     1.4830     1.1299    -1.4176     1.9202
     1.4653     1.0383    -1.4265     1.8166
     1.4608     0.9376    -1.3998     1.7225
     1.4564     0.8002    -1.3373     1.6189
     1.4386     0.6171    -1.3552     1.5060
     1.3675     0.5347    -1.3017     1.3648
     1.3409     0.4341    -1.2571     1.2236
     1.1898     0.2876    -1.1857     1.0636
     1.0832     0.1596    -1.0608     0.9318
     0.9677    -0.0508    -0.9805     0.7060
     0.9232    -0.1789    -0.8735     0.5367
     0.7544    -0.2520    -0.8199     0.3673
     0.7099    -0.4623    -0.7218     0.2074
     0.5588    -0.5263    -0.6147     0.0664
     0.5144    -0.5720    -0.4720    -0.0841
     0.3900    -0.7639    -0.3470    -0.2533
     0.2388    -0.7730    -0.1953    -0.3944
     0.1144    -0.8735    -0.1061    -0.5448
     0.0699    -0.9557     0.0189    -0.6952
    -0.0279    -1.0470     0.1974    -0.7610
    -0.1879    -1.1840     0.3313    -0.9019
    -0.2679    -1.2571     0.5366    -0.9583
    -0.3035    -1.2753     0.6438    -1.0711
    -0.4102    -1.4032     0.7688    -1.2026
    -0.5347    -1.3849     0.8938    -1.2684
    -0.6147    -1.4397     1.0724    -1.3342
    -0.7125    -1.4762     1.1706    -1.3623
    -0.7214    -1.4853     1.3493    -1.4469
    -0.8726    -1.5492     1.4297    -1.4939
    -0.9349    -1.5583     1.5636    -1.5033
    -0.9794    -1.4944     1.6351    -1.5220
    -1.0416    -1.4488     1.7066    -1.5784
    -1.0772    -1.4579     1.7780    -1.5878
    -1.1839    -1.3484     1.8763    -1.5784
    -1.1661    -1.3484     1.9478    -1.5690
    -1.2017    -1.2480     1.9657    -1.4939
    -1.2017    -1.1658     1.9657    -1.4845
    -1.2106    -1.1384     1.9478    -1.4469
    -1.2195    -0.9831     2.0014    -1.3811
    -1.2017    -0.9192     1.9478    -1.3623
    -1.1750    -0.8369     1.9478    -1.2872
    -1.1573    -0.7090     1.9121    -1.1932
    -1.1484    -0.6451     1.8317    -1.0617
    -1.0505    -0.4806     1.7155    -1.0241
    -1.0149    -0.4166     1.6798    -0.8643
    -0.9438    -0.2794     1.4833    -0.7704
    -0.8726    -0.1606     1.4386    -0.6952
    -0.7570    -0.0600     1.3135    -0.5072
    -0.6058     0.0772     1.2332    -0.4038
    -0.5347     0.2053     1.0724    -0.3097
    -0.3924     0.3700     0.9027    -0.1875
    -0.2590     0.5164     0.8402    -0.0277
    -0.1523     0.5713     0.6795     0.0852
    -0.0901     0.7361     0.5277     0.2639
     0.0699     0.8552     0.3938     0.4332
     0.1588     0.9101     0.2063     0.5931
     0.3544     1.0566     0.0903     0.7436
     0.4788     1.1574     0.0010     0.8565
     0.5855     1.2948    -0.1328     0.9883
     0.6211     1.3498    -0.2489     1.1389
     0.7633     1.4231    -0.4095     1.2706
     0.8432     1.4139    -0.4809     1.4401
     0.9677     1.4598    -0.6147     1.5719
     0.9854     1.4323    -0.6950     1.6754
     1.1454     1.4231    -0.7932     1.7413
     1.2254     1.4323    -0.9359     1.8449
     1.3231     1.4873    -0.9984     1.8449
     1.3320     1.4414    -1.0697     1.9391
     1.4297     1.4506    -1.0965     2.0144
     1.4564     1.4781    -1.2214     2.0615
     1.4830     1.4827    -1.2660     2.0238
     1.4741     1.4873    -1.3106     2.0521
     1.5275     1.3956    -1.3463     2.0615
     1.5363     1.3956    -1.3463     1.9485
     1.5363     1.3406    -1.3998     1.9296
     1.5363     1.1666    -1.4176     1.8637
     1.4653     1.1482    -1.4533     1.8261
     1.4741     0.9834    -1.4265     1.7319
     1.4653     0.8460    -1.3730     1.6283
     1.3942     0.7361    -1.3641     1.4965
     1.4031     0.5713    -1.3017     1.3459
     1.3142     0.3791    -1.2660     1.2800
     1.1898     0.3425    -1.2481     1.1389
     1.0743     0.1778    -1.1857     1.0165
     0.9499     0.0040    -1.0787     0.8001
     0.8610    -0.1057    -1.0073     0.6496
     0.7899    -0.2703    -0.8824     0.4802
     0.6566    -0.3800    -0.8021     0.2639
     0.5588    -0.4714    -0.6772     0.1604
     0.5055    -0.6177    -0.5701    -0.0183
     0.3455    -0.6268    -0.5077    -0.1687
     0.2566    -0.7639    -0.3470    -0.3191
     0.1233    -0.8735    -0.2667    -0.4978
     0.0433    -0.8918    -0.0882    -0.6200
    -0.0723    -1.0379     0.0367    -0.7234
    -0.1168    -1.0653     0.1796    -0.8455
    -0.1968    -1.2023     0.3313    -0.9677
    -0.3035    -1.2114     0.4384    -1.0429
    -0.3657    -1.2936     0.5634    -1.1650
    -0.4191    -1.4123     0.6974    -1.2026
    -0.5080    -1.4671     0.8670    -1.2966
    -0.5614    -1.5127     1.0010    -1.3154
    -0.6503    -1.4853     1.0903    -1.3717
    -0.6770    -1.5127     1.1885    -1.4187
    -0.7481    -1.5310     1.2957    -1.4751
    -0.8193    -1.5036     1.4118    -1.4939
    -0.8371    -1.5492     1.5368    -1.4845
    -0.9082    -1.4671     1.5904    -1.5033
    -0.9260    -1.4306     1.6619    -1.4751
    -0.9883    -1.3849     1.6530    -1.4751
    -1.0060    -1.2662     1.7602    -1.4563
    -1.0505    -1.2571     1.8138    -1.4469
    -1.0149    -1.1018     1.8138    -1.3717
    -1.0327    -1.0196     1.8495    -1.3717
    -0.9883    -0.9009     1.8585    -1.2872
    -0.9616    -0.8369     1.8049    -1.2120
    -0.8904    -0.7639     1.6708    -1.1369
    -0.8104    -0.5811     1.6530    -1.0241
    -0.7837    -0.5263     1.5726    -0.9301
    -0.7570    -0.3983     1.5190    -0.8643
    -0.5880    -0.3343     1.4297    -0.7986
    -0.5169    -0.2429     1.3939    -0.6670
    -0.4635    -0.0234     1.2421    -0.4884
    -0.3657     0.1047     1.0813    -0.3944
    -0.2857     0.1961     1.0010    -0.2721
    -0.1523     0.3791     0.9206    -0.1311
    -0.0901     0.4707     0.7241     0.0099
    -0.0012     0.5805     0.6081     0.1040
     0.1322     0.7270     0.4920     0.2545
     0.2922     0.8277     0.3670     0.4708
     0.4433     0.9834     0.2242     0.5931
     0.5411     1.0841     0.0546     0.7248
     0.5944     1.2215    -0.0347     0.9130
     0.7010     1.3681    -0.2132     1.0542
     0.7633     1.4139    -0.2846     1.1859
     0.8432     1.4414    -0.3827     1.3177
     0.9055     1.4964    -0.5255     1.4401
     0.9854     1.4964    -0.6147     1.6095
     1.1187     1.4873    -0.7307     1.7037
     1.1276     1.4964    -0.7843     1.7978
     1.2076     1.5148    -0.9092     1.8637
     1.2698     1.4689    -0.9270     1.9202
     1.3764     1.4964    -1.0162     2.0050
     1.4297     1.4598    -1.0787     2.0615
     1.4653     1.4598    -1.1768     2.1086
     1.4475     1.4414    -1.1946     2.1086
     1.4653     1.5148    -1.2571     2.0615
     1.4386     1.5056    -1.2749     2.0897
     1.4653     1.3956    -1.2838     1.9956
     1.4564     1.3681    -1.3463     1.9673
     1.4741     1.2398    -1.3641     1.9014
     1.4475     1.1299    -1.3463     1.8920
     1.3409     0.9834    -1.3909     1.8166
     1.3320     0.8552    -1.3819     1.6942
     1.2431     0.7453    -1.3373     1.5907
     1.1720     0.6720    -1.2660     1.4777
     1.0032     0.5073    -1.2660     1.3553
     0.8966     0.4615    -1.2035     1.2989
     0.7988     0.3334    -1.1500     1.1483
     0.7544     0.2053    -1.1233     0.9789
     0.6655     0.0223    -1.0162     0.7719
     0.4966    -0.0874    -0.9627     0.5367
     0.3722    -0.2977    -0.8110     0.3956
     0.2744    -0.3709    -0.7664     0.2733
     0.2033    -0.4714    -0.6237     0.0852
     0.0433    -0.5171    -0.5166    -0.0747
     0.0077    -0.6633    -0.4095    -0.2533
    -0.1523    -0.7913    -0.3738    -0.4132
    -0.1790    -0.8369    -0.2042    -0.5448
    -0.2768    -0.9648    -0.0257    -0.7234
    -0.3391    -1.0470     0.1081    -0.7516
    -0.4635    -1.1384     0.2688    -0.9113
    -0.5525    -1.1749     0.3759    -1.0053
    -0.5880    -1.2571     0.5634    -1.0899
    -0.6948    -1.2845     0.7241    -1.1087
    -0.7481    -1.4214     0.8224    -1.2214
    -0.8104    -1.4306     0.9027    -1.2214
    -0.8460    -1.3940     1.0813    -1.3248
    -0.9260    -1.4397     1.2510    -1.3154
    -0.9705    -1.3849     1.3314    -1.3623
    -1.0416    -1.3940     1.4475    -1.3999
    -1.1039    -1.3758     1.5190    -1.3436
    -1.1039    -1.3393     1.6172    -1.3342
    -1.1573    -1.2936     1.6530    -1.3436
    -1.1661    -1.2297     1.7780    -1.2966
    -1.1573    -1.1201     1.8495    -1.3248
    -1.2106    -1.0653     1.9121    -1.2778
    -1.1573    -0.9648     1.9121    -1.2590
    -1.2017    -0.8552     1.9031    -1.1744
    -1.1750    -0.7547     1.9478    -1.2026
    -1.0861    -0.7090     1.8495    -1.1369
    -1.0416    -0.5994     1.8763    -1.0899
    -1.0238    -0.5171     1.8317    -1.0147
    -0.8815    -0.4166     1.7423    -0.9301
    -0.8815    -0.3252     1.6619    -0.7798
    -0.8015    -0.1514     1.6262    -0.7422
    -0.7125    -0.0966     1.5547    -0.5918
    -0.5969    -0.0325     1.4118    -0.5166
    -0.4991     0.2053     1.3135    -0.3662
    -0.3391     0.2876     1.2064    -0.2815
    -0.2590     0.4341     1.0903    -0.1123
    -0.1079     0.5347     1.0188    -0.0089
    -0.0723     0.6903     0.8849     0.1698
     0.0699     0.7544     0.7599     0.3109
     0.1677     0.9284     0.6616     0.4802
     0.3722     1.0841     0.4920     0.6496
     0.4433     1.1574     0.3492     0.7907
     0.5766     1.3223     0.2510     0.9224
     0.6388     1.4506     0.1081     1.1295
     0.7544     1.5148    -0.0168     1.2518
     0.8432     1.4781    -0.0882     1.4118
     0.9321     1.4873    -0.2935     1.5154
     1.0210     1.5331    -0.3292     1.6472
     1.0565     1.5697    -0.5166     1.7131
     1.1187     1.5422    -0.5434     1.8261
     1.2520     1.5239    -0.6058     1.8449
     1.3053     1.5606    -0.7397     1.9202
     1.3498     1.5056    -0.7753     2.0238
     1.4386     1.4964    -0.8824     2.0144
     1.4475     1.5239    -0.9181     2.0615
     1.5008     1.4873    -1.0162     2.0521
     1.4919     1.5422    -1.0787     2.0803
     1.5541     1.5056    -1.0787     2.0332
     1.5719     1.4598    -1.1768     1.9767
     1.5630     1.3131    -1.1768     1.9861
     1.5452     1.2032    -1.2481     1.9673
     1.4386     1.0658    -1.2214     1.9391
     1.4031     0.9925    -1.2927     1.8826
     1.3498     0.9009    -1.2660     1.8261
     1.3231     0.7270    -1.2749     1.6848
     1.1720     0.6080    -1.2571     1.5813
     1.1276     0.5073    -1.2214     1.4212
     1.0299     0.3974    -1.1857     1.3083
     0.9410     0.3059    -1.0876     1.1483
     0.7810     0.1230    -1.0430     1.0071
     0.7455    -0.0142    -0.9627     0.8189
     0.5944    -0.0966    -0.9181     0.6590
     0.5322    -0.2246    -0.9002     0.4708
     0.4077    -0.3709    -0.8021     0.2827
     0.2744    -0.4166    -0.6593     0.1134
     0.1944    -0.6085    -0.5344    -0.0559
     0.0877    -0.6633    -0.4006    -0.2251
    -0.0012    -0.7364    -0.2756    -0.3756
    -0.1346    -0.9009    -0.1507    -0.4884
    -0.2057    -0.9648    -0.0704    -0.6012
    -0.3124    -1.0562     0.0724    -0.6764
    -0.3124    -1.1110     0.2331    -0.7516
    -0.4191    -1.1932     0.3849    -0.8831
    -0.4635    -1.2480     0.4831    -0.9677
    -0.5880    -1.2206     0.6527    -1.0617
    -0.5880    -1.2753     0.8045    -1.0805
    -0.7303    -1.3301     0.9117    -1.1838
    -0.7748    -1.3484     1.0277    -1.2026
    -0.8282    -1.3666     1.1706    -1.2120
    -0.9082    -1.2753     1.2689    -1.2026
    -0.8815    -1.2388     1.4118    -1.2120
    -0.9883    -1.1749     1.4118    -1.2402
    -1.0505    -1.1292     1.5815    -1.2214
    -1.0861    -1.0562     1.6083    -1.2872
    -1.0861    -1.0105     1.7423    -1.2872
    -1.0861    -1.0196     1.7870    -1.3248
    -1.0327    -0.8278     1.8495    -1.2308
    -1.0683    -0.8278     1.8495    -1.2214
    -0.9971    -0.7364     1.8406    -1.1932
    -1.0327    -0.5902     1.8853    -1.1650
    -0.9705    -0.5628     1.8406    -1.1275
    -0.9349    -0.5080     1.8406    -1.0993
    -0.8015    -0.3617     1.7870    -1.0147
    -0.7214    -0.3069     1.7780    -0.9019
    -0.6414    -0.2246     1.6440    -0.7892
    -0.6236    -0.1331     1.5994    -0.6952
    -0.5258     0.0040     1.5190    -0.5730
    -0.4280     0.1870     1.4297    -0.5072
    -0.2857     0.2693     1.3314    -0.3474
    -0.1879     0.4066     1.1796    -0.2721
    -0.0812     0.5073     1.0813    -0.1687
     0.0255     0.5713     0.9920    -0.0653
     0.1144     0.6812     0.8313     0.1040
     0.2122     0.9009     0.7241     0.2827
     0.3366     0.9467     0.5813     0.4708
     0.4433     1.0750     0.4920     0.6025
     0.5411     1.2307     0.3492     0.6966
     0.6922     1.3131     0.1974     0.8095
     0.7455     1.3681     0.0814     0.9601
     0.8521     1.4964    -0.0436     1.1295
     0.8966     1.5422    -0.1685     1.2706
     1.0210     1.5331    -0.2399     1.3836
     1.0565     1.5056    -0.3113     1.4683
     1.1098     1.4964    -0.4452     1.5624
     1.1987     1.5148    -0.5434     1.6283
     1.2876     1.5331    -0.6237     1.6754
     1.3053     1.5422    -0.7218     1.6942
     1.3853     1.4964    -0.7486     1.7978
     1.3764     1.5331    -0.8378     1.8826
     1.4741     1.5331    -0.8735     1.9202
     1.4564     1.4414    -0.9270     1.9108
     1.5008     1.4414    -1.0162     1.9391
     1.5541     1.3590    -1.0341     1.8731
     1.5452     1.2124    -1.1143     1.8543
     1.4741     1.1208    -1.1411     1.8637
     1.4564     0.9742    -1.1589     1.8449
     1.4120     0.8368    -1.1322     1.7413
     1.3675     0.7911    -1.1768     1.7037
     1.2520     0.6720    -1.1500     1.6001
     1.1632     0.5530    -1.1411     1.4965
     1.1187     0.3974    -1.1143     1.3648
     1.0210     0.2510    -1.1322     1.1953
     0.9321     0.1413    -1.0608     1.0730
     0.7721     0.0132    -1.0519     0.9318
     0.6744    -0.1331    -0.9270     0.8001
     0.5588    -0.1880    -0.8824     0.6119
     0.4522    -0.3343    -0.7932     0.4426
     0.3722    -0.4531    -0.6683     0.3015
     0.2655    -0.5445    -0.6058     0.0946
     0.1144    -0.6085    -0.4898    -0.0089
     0.0521    -0.6816    -0.3649    -0.1875
    -0.0545    -0.7821    -0.2667    -0.2909
    -0.1079    -0.9192    -0.1685    -0.3850
    -0.1968    -1.0105     0.0278    -0.5354
    -0.3480    -1.0470     0.0992    -0.6388
    -0.3746    -1.1475     0.2867    -0.7234
    -0.4191    -1.1475     0.4384    -0.8267
    -0.5436    -1.2571     0.5813    -0.8925
    -0.6236    -1.3210     0.7241    -1.0053
    -0.6503    -1.2936     0.8581    -1.0617
    -0.7125    -1.3758     0.9831    -1.0805
    -0.7748    -1.3849     1.0992    -1.1462
    -0.8460    -1.3666     1.2689    -1.2120
    -0.9616    -1.3484     1.3403    -1.2684
    -0.9705    -1.2845     1.4386    -1.2872
    -1.0683    -1.3119     1.5101    -1.2590
    -1.0683    -1.2114     1.6440    -1.2966
    -1.1128    -1.1110     1.7691    -1.2590
    -1.1306    -1.0653     1.7959    -1.3154
    -1.1661    -1.0288     1.9031    -1.2966
    -1.1661    -0.9557     1.9478    -1.2778
    -1.1573    -0.8918     1.9478    -1.2872
    -1.1395    -0.7913     1.9567    -1.2120
    -1.1839    -0.7182     2.0014    -1.1838
    -1.0950    -0.6085     2.0193    -1.1556
    -1.0594    -0.5537     1.9567    -1.0993
    -1.0683    -0.4166     1.9389    -1.0053
    -1.0149    -0.3617     1.8853    -0.9489
    -0.9705    -0.2612     1.8406    -0.9113
    -0.8548    -0.1789     1.7512    -0.8267
    -0.7303    -0.1148     1.6708    -0.6952
    -0.6859     0.0315     1.5636    -0.6294
    -0.5969     0.1138     1.4207    -0.4696
    -0.5080     0.2419     1.3939    -0.3944
    -0.3213     0.3608     1.2421    -0.2815
    -0.2768     0.5347     1.1081    -0.1593
    -0.1079     0.6171     0.9831    -0.0841
    -0.0545     0.6903     0.8849     0.0476
     0.0877     0.7819     0.7866     0.1792
     0.1855     0.9834     0.6706     0.3297
     0.3811     1.0750     0.5009     0.4896
     0.4255     1.1299     0.3670     0.6966
     0.5855     1.2673     0.1706     0.8283
     0.6477     1.4139     0.0992     0.9789
     0.7544     1.4414     0.0010     1.0918
     0.7899     1.4414    -0.1061     1.2142
     0.9232     1.4139    -0.2221     1.3271
     0.9588     1.5056    -0.3827     1.4777
     1.0388     1.4689    -0.4452     1.5907
     1.0921     1.4964    -0.5790     1.7037
     1.1809     1.4781    -0.6593     1.7696
     1.1987     1.5239    -0.8021     1.7884
     1.3231     1.4964    -0.8378     1.8543
     1.3498     1.4873    -0.8646     1.8449
     1.4031     1.4781    -0.9716     1.8920
     1.4475     1.4598    -0.9895     1.9579
     1.5186     1.4506    -1.0787     1.9391
     1.5275     1.3131    -1.1054     1.9108
     1.5275     1.2124    -1.1946     1.8920
     1.5363     1.1666    -1.2214     1.9108
     1.4653     1.0383    -1.2481     1.8637
     1.4031     0.9284    -1.2303     1.8449
     1.3764     0.7270    -1.2481     1.7602
     1.3853     0.7270    -1.2392     1.6848
     1.2609     0.5622    -1.2214     1.5530
     1.2342     0.4432    -1.2035     1.5154
     1.1276     0.3608    -1.2035     1.3742
     1.0299     0.2876    -1.1679     1.2895
     0.8521     0.1504    -1.1233     1.1389
     0.8344    -0.0142    -1.0073     0.9789
     0.6922    -0.1880    -0.9002     0.7719
     0.6388    -0.2063    -0.8378     0.6025
     0.4700    -0.3434    -0.7307     0.3956
     0.4077    -0.4257    -0.6861     0.2639
     0.2744    -0.4806    -0.5434     0.0946
     0.1410    -0.6451    -0.4274    -0.1029
     0.0699    -0.6633    -0.3649    -0.1781
    -0.0012    -0.7456    -0.2756    -0.3191
    -0.1079    -0.8461    -0.1239    -0.4320
    -0.1257    -0.9831     0.0278    -0.5448
    -0.2324    -0.9831     0.1617    -0.6106
    -0.2590    -1.0653     0.3045    -0.7328
    -0.3213    -1.0744     0.4117    -0.7610
    -0.4280    -1.1292     0.5009    -0.8643
    -0.5169    -1.1338     0.6616    -0.9113
    -0.5436    -1.1384     0.7866    -0.9489
    -0.5703    -1.2206     0.9206    -1.0335
    -0.6948    -1.2023     1.0277    -1.1369
    -0.7214    -1.1840     1.1885    -1.1275
    -0.7303    -1.2023     1.3046    -1.1932
    -0.7926    -1.1566     1.3761    -1.2214
    -0.8904    -1.0744     1.5101    -1.2402
    -0.8371    -1.0014     1.6083    -1.2402
    -0.8904    -1.0014     1.6798    -1.2026
    -0.9349    -0.9009     1.7334    -1.2402
    -0.8993    -0.8735     1.7334    -1.2590
    -0.9171    -0.8187     1.7691    -1.2778
    -0.8726    -0.6725     1.7870    -1.2402
    -0.8993    -0.6725     1.7959    -1.2026
    -0.8637    -0.5902     1.8049    -1.2308
    -0.8104    -0.5537     1.7244    -1.1650
    -0.7837    -0.4166     1.7155    -1.1462
    -0.7037    -0.3891     1.6262    -1.0617
    -0.7303    -0.2886     1.5368    -0.9771
    -0.5792    -0.1423     1.4833    -0.8737
    -0.4902    -0.1240     1.3939    -0.7516
    -0.4013    -0.0325     1.3493    -0.6670
    -0.3657     0.1230     1.2064    -0.5354
    -0.2768     0.2419     1.1438    -0.4978
    -0.1434     0.3151     0.9920    -0.3568
    -0.0545     0.4707     0.8849    -0.2157
     0.0521     0.5713     0.7241    -0.0841
     0.1322     0.6537     0.5813     0.0194
     0.3011     0.6995     0.4741     0.1416
     0.3633     0.8918     0.3670     0.3015
     0.4700     0.9650     0.2777     0.3956
     0.6211     1.0658     0.1081     0.5084
     0.7099     1.1574     0.0100     0.6872
     0.7099     1.2948    -0.1239     0.8001
     0.8521     1.3681    -0.3113     0.9224
     0.8344     1.3681    -0.3649     1.0448
     0.9499     1.4231    -0.4987     1.1859
     0.9765     1.4781    -0.5434     1.3177
     1.0743     1.4873    -0.6683     1.4212
     1.0832     1.4598    -0.7307     1.4965
     1.1898     1.4231    -0.8378     1.5530
     1.2165     1.4506    -0.9448     1.6095
     1.3053     1.4781    -1.0251     1.6566
     1.2964     1.4048    -1.1233     1.7602
     1.3231     1.3956    -1.1322     1.7696
     1.4120     1.3864    -1.2125     1.7790
     1.4475     1.2857    -1.2571     1.7696
     1.4564     1.2215    -1.2838     1.8261
     1.4564     1.0475    -1.2927     1.7884
     1.4031     0.9101    -1.3195     1.7131
     1.4208     0.9193    -1.3819     1.7319
     1.3764     0.7453    -1.3730     1.6378
     1.2342     0.6903    -1.3998     1.5813
     1.1187     0.5530    -1.3909     1.5342
     1.1276     0.4890    -1.3819     1.4306
     1.0388     0.3334    -1.3909     1.3648
     0.9588     0.2419    -1.2927     1.2236
     0.8344     0.1504    -1.2571     1.1295
     0.7188    -0.0051    -1.2214     0.9036
     0.6833    -0.1423    -1.1322     0.7625
     0.5499    -0.2612    -1.1054     0.6025
     0.4700    -0.3252    -1.0073     0.4520
     0.3366    -0.3983    -0.9627     0.2827
     0.2211    -0.5171    -0.8199     0.1134
     0.1055    -0.6268    -0.7307    -0.0653
     0.0166    -0.6725    -0.5701    -0.2063
    -0.0990    -0.8278    -0.4452    -0.3380
    -0.1790    -0.9192    -0.3113    -0.4696
    -0.1790    -0.9831    -0.1953    -0.5918
    -0.3213    -1.0105    -0.0614    -0.6670
    -0.3657    -1.0927     0.0546    -0.7892
    -0.4724    -1.1749     0.1974    -0.9019
    -0.4991    -1.2297     0.4117    -0.9113
    -0.5614    -1.2571     0.4920    -0.9865
    -0.6948    -1.3210     0.6349    -1.0993
    -0.7481    -1.3393     0.8224    -1.1369
    -0.8282    -1.3484     0.9206    -1.2120
    -0.8282    -1.3119     1.0813    -1.2778
    -0.9082    -1.2662     1.1617    -1.3060
    -0.9260    -1.3301     1.2867    -1.3060
    -0.9616    -1.2936     1.4118    -1.3529
    -0.9971    -1.2206     1.4743    -1.3717
    -1.0772    -1.2206     1.5904    -1.3905
    -1.0861    -1.0744     1.6976    -1.3999
    -1.1217    -1.1018     1.7512    -1.3811
    -1.0950    -0.9831     1.8138    -1.3529
    -1.1128    -0.8826     1.7959    -1.3436
    -1.1128    -0.8826     1.8585    -1.3529
    -1.1306    -0.7639     1.9121    -1.3342
    -1.1217    -0.6542     1.9299    -1.3154
    -1.0505    -0.6268     1.8942    -1.2872
    -1.0505    -0.5628     1.8138    -1.2120
    -1.0238    -0.4806     1.8406    -1.1369
    -0.9082    -0.4166     1.6976    -1.0617
    -0.8815    -0.2703     1.6619    -1.0053
    -0.7392    -0.2246     1.5815    -0.8737
    -0.6592    -0.0966     1.4743    -0.8079
    -0.6058    -0.0051     1.4118    -0.7422
    -0.4724     0.1413     1.2510    -0.6106
    -0.3568     0.2602     1.1706    -0.4320
    -0.2413     0.3883     0.9831    -0.2909
    -0.1257     0.4615     0.9384    -0.1781
    -0.0901     0.5805     0.7420    -0.0371
     0.0344     0.6629     0.6706     0.0758
     0.1410     0.7178     0.4563     0.2357
     0.3366     0.8643     0.3581     0.3673
     0.3900     0.9742     0.2510     0.4990
     0.5322     1.0292     0.0724     0.6966
     0.6033     1.1574    -0.0079     0.7907
     0.6833     1.2582    -0.1596     0.9695
     0.7455     1.3590    -0.2310     1.0448
     0.8344     1.4414    -0.4006     1.1859
     0.8877     1.4048    -0.5077     1.2800
     0.9410     1.4048    -0.5434     1.3836
     0.9854     1.4873    -0.6950     1.5342
     1.1098     1.4414    -0.7664     1.6001
     1.1098     1.4139    -0.8199     1.6754
     1.2342     1.4139    -0.9092     1.6754
     1.2342     1.4689    -0.9805     1.7413
     1.3142     1.4414    -1.1233     1.7978
     1.3409     1.3498    -1.1500     1.8637
     1.4120     1.2948    -1.1857     1.8731
     1.4120     1.2307    -1.1946     1.8543
     1.4386     1.1666    -1.2838     1.8261
     1.3942     1.0383    -1.2660     1.8072
     1.4031     0.9284    -1.3017     1.7790
     1.3320     0.7911    -1.3284     1.7131
     1.2876     0.7361    -1.3106     1.7037
     1.1632     0.5988    -1.3641     1.6283
     1.1454     0.4981    -1.3463     1.5436
     0.9765     0.4707    -1.3641     1.4024
     0.9677     0.3700    -1.3106     1.2895
     0.8432     0.2327    -1.2660     1.1389
     0.7544     0.1504    -1.2392     1.0636
     0.6566    -0.0691    -1.1322     0.8942
     0.6299    -0.1148    -1.0608     0.7530
     0.4788    -0.2246    -1.0251     0.5743
     0.4077    -0.3709    -0.9448     0.3673
     0.2655    -0.4897    -0.8556     0.1886
     0.1677    -0.5994    -0.6950     0.0570
     0.0255    -0.6908    -0.6504    -0.0841
    -0.0634    -0.7639    -0.4630    -0.2345
    -0.0990    -0.8826    -0.3917    -0.3568
    -0.1968    -0.9009    -0.2310    -0.4790
    -0.2679    -1.0288    -0.0971    -0.6200
    -0.3213    -1.0836     0.0010    -0.7610
    -0.4013    -1.1658     0.1528    -0.7986
    -0.4813    -1.2023     0.3045    -0.9207
    -0.5258    -1.1840     0.4563    -0.9207
    -0.6058    -1.2023     0.6081    -0.9959
    -0.7214    -1.2297     0.6974    -1.0805
    -0.7481    -1.2480     0.8402    -1.1650
    -0.7748    -1.2343     0.9831    -1.2026
    -0.9082    -1.2206     1.0724    -1.2026
    -0.8815    -1.2206     1.2064    -1.2402
    -0.9971    -1.2571     1.3135    -1.2778
    -1.0327    -1.1932     1.4029    -1.3623
    -1.0238    -1.1292     1.4833    -1.3248
    -1.0594    -1.0196     1.5726    -1.3154
    -1.0950    -1.0105     1.6619    -1.3154
    -1.1306    -0.9740     1.6887    -1.3154
    -1.1661    -0.8461     1.7244    -1.3342
    -1.1573    -0.7913     1.7691    -1.2966
    -1.1573    -0.7456     1.7423    -1.2966
    -1.1128    -0.6816     1.7602    -1.2778
    -1.1484    -0.6177     1.6887    -1.2402
    -1.1128    -0.4897     1.6708    -1.2026
    -1.0772    -0.4440     1.6619    -1.1275
    -0.9883    -0.3252     1.5458    -1.0523
    -0.9527    -0.2703     1.5101    -0.9489
    -0.8548    -0.1423     1.4475    -0.8455
    -0.7659    -0.0600     1.3403    -0.7610
    -0.7214     0.0223     1.2064    -0.6952
    -0.6147     0.1230     1.1528    -0.5730
    -0.4635     0.2327     1.0724    -0.4602
    -0.4458     0.3791     0.9563    -0.3380
    -0.2857     0.4981     0.8491    -0.1781
    -0.2590     0.5713     0.6616    -0.0559
    -0.1346     0.6629     0.5902     0.0476
    -0.0190     0.8094     0.4474     0.2168
     0.0966     0.8460     0.2777     0.3673
     0.2122     0.9834     0.1974     0.4896
     0.3277     1.0750     0.0278     0.6590
     0.3811     1.2032    -0.0793     0.7719
     0.5055     1.2582    -0.1775     0.8848
     0.5411     1.2948    -0.3203     1.0071
     0.6566     1.3498    -0.4452     1.1200
     0.6655     1.4323    -0.5790     1.2142
     0.7633     1.4323    -0.6683     1.3271
     0.7810     1.4414    -0.7932     1.4024
     0.8877     1.4506    -0.8735     1.4495
     0.8966     1.4231    -0.9448     1.5342
     1.0210     1.3498    -1.0162     1.6283
     1.0743     1.3681    -1.1233     1.6566
     1.1898     1.3223    -1.1233     1.6754
     1.2342     1.1849    -1.2303     1.6848
     1.2520     1.1299    -1.2303     1.7131
     1.2609     1.0658    -1.3641     1.7131
     1.3320     1.0017    -1.3373     1.7225
     1.3320     0.9009    -1.3641     1.7037
     1.3142     0.7911    -1.4176     1.6378
     1.2431     0.6720    -1.4265     1.5907
     1.2076     0.6080    -1.4176     1.4871
     1.1187     0.5347    -1.3730     1.4118
     1.1098     0.4158    -1.3373     1.3459
     1.0476     0.2876    -1.3552     1.2424
     0.9588     0.1321    -1.2927     1.1765
     0.8344     0.0589    -1.2838     1.0259
     0.8255    -0.0417    -1.2303     0.8660
     0.7366    -0.2429    -1.1233     0.7248
     0.6122    -0.3069    -1.0876     0.5649
     0.5588    -0.3891    -1.0073     0.4238
     0.4700    -0.5263    -0.9359     0.2357
     0.3811    -0.6451    -0.7932     0.0758
     0.3277    -0.7182    -0.6593    -0.1123
     0.2388    -0.8552    -0.5880    -0.2063
     0.1322    -0.9283    -0.4184    -0.3474
     0.0166    -0.9374    -0.2846    -0.4602
    -0.0901    -1.0562    -0.2221    -0.6200
    -0.1523    -1.1566    -0.0793    -0.6858
    -0.1879    -1.1475     0.0635    -0.8361
    -0.2857    -1.2662     0.2153    -0.9113
    -0.3124    -1.3119     0.4117    -0.9771
    -0.4191    -1.3027     0.5277    -0.9865
    -0.4458    -1.3758     0.7063    -1.0617
    -0.5258    -1.3575     0.8045    -1.1462
    -0.6414    -1.3758     0.9652    -1.1744
    -0.6948    -1.2936     1.0903    -1.2308
    -0.7214    -1.3027     1.1617    -1.2966
    -0.8015    -1.2662     1.3046    -1.2872
    -0.8371    -1.2206     1.3761    -1.3342
    -0.8904    -1.1566     1.5458    -1.3154
    -0.9883    -1.1475     1.5279    -1.3248
    -0.9616    -1.1475     1.6262    -1.3342
    -1.0594    -1.0653     1.6976    -1.3623
    -1.0861    -0.9831     1.7602    -1.3154
    -1.1217    -0.9283     1.8138    -1.3248
    -1.0861    -0.8004     1.8585    -1.2872
    -1.1217    -0.7639     1.8406    -1.3154
    -1.1217    -0.6359     1.8138    -1.2778
    -1.1217    -0.5354     1.8049    -1.2214
    -1.0505    -0.5354     1.6976    -1.1462
    -1.0505    -0.4166     1.6708    -1.0899
    -0.9616    -0.3434     1.5994    -1.0147
    -0.9616    -0.1789     1.5458    -0.9677
    -0.8282    -0.1423     1.4565    -0.9301
    -0.8104    -0.0142     1.4029    -0.7892
    -0.7392     0.1047     1.2510    -0.6482
    -0.6325     0.2144     1.1528    -0.5636
    -0.5169     0.2968     1.0903    -0.4696
    -0.4369     0.3974     0.9206    -0.3191
    -0.3213     0.5713     0.8402    -0.1687
    -0.2857     0.6171     0.7063    -0.0841
    -0.1257     0.7087     0.5991     0.1510
    -0.1257     0.8552     0.4652     0.3015
     0.0788     0.9742     0.3849     0.4144
     0.1499     1.0658     0.1974     0.5367
     0.2655     1.1208     0.0992     0.6778
     0.3455     1.2124    -0.0882     0.8471
     0.4344     1.3223    -0.1864     0.9977
     0.5499     1.3223    -0.3024     1.0730
     0.6211     1.3498    -0.4095     1.1295
     0.6122     1.3864    -0.5255     1.2800
     0.6744     1.3498    -0.5790     1.3648
     0.7277     1.3590    -0.6950     1.4965
     0.7810     1.3223    -0.7932     1.5530
     0.8877     1.3315    -0.8467     1.6378
     0.9499     1.3131    -0.9716     1.6942
     1.0388     1.3773    -1.0251     1.6942
     1.1187     1.3315    -1.1143     1.6942
     1.2076     1.2398    -1.1768     1.7790
     1.2342     1.1666    -1.2214     1.7884
     1.2298     1.0475    -1.2481     1.7696
     1.2254     1.0383    -1.3017     1.7978
     1.2609     0.8735    -1.3463     1.7413
     1.2698     0.7544    -1.3730     1.6566
     1.2787     0.6812    -1.3730     1.6095
     1.2076     0.5530    -1.3909     1.5530
     1.1365     0.4158    -1.3552     1.5060
     1.0743     0.4249    -1.3730     1.3930
     0.9943     0.2876    -1.3641     1.2989
     0.9410     0.1778    -1.3017     1.1765
     0.8699     0.0772    -1.2125     1.0353
     0.7455    -0.1423    -1.1946     0.9130
     0.6477    -0.1971    -1.1589     0.7248
     0.5766    -0.2977    -1.0430     0.6119
     0.5055    -0.4806    -0.9805     0.3956
     0.4522    -0.5628    -0.9270     0.2168
     0.3544    -0.6908    -0.8467     0.0288
     0.1944    -0.7273    -0.7932    -0.0841
     0.1055    -0.8278    -0.6147    -0.2251
     0.0433    -0.9374    -0.5077    -0.3474
    -0.0812    -1.0562    -0.4006    -0.4602
    -0.1434    -1.0653    -0.3024    -0.6200
    -0.1790    -1.1384    -0.1418    -0.7328
    -0.2501    -1.2114    -0.0614    -0.8361
    -0.3657    -1.2845     0.0992    -0.9113
    -0.4013    -1.3484     0.2420    -1.0429
    -0.5169    -1.3027     0.3759    -1.0147
    -0.5258    -1.4032     0.5545    -1.1181
    -0.5969    -1.3849     0.6527    -1.1932
    -0.7125    -1.4214     0.7956    -1.2308
    -0.7748    -1.3484     0.9652    -1.2966
    -0.8193    -1.3393     1.0545    -1.3342
    -0.8993    -1.3575     1.2421    -1.4281
    -0.8815    -1.2662     1.3314    -1.4563
    -0.9971    -1.2480     1.3939    -1.4939
    -0.9883    -1.2388     1.4922    -1.4563
    -1.0683    -1.1384     1.5636    -1.4563
    -1.0416    -1.1201     1.6619    -1.4657
    -1.1395    -1.0836     1.7155    -1.5126
    -1.0950    -0.9557     1.7512    -1.5220
    -1.1573    -0.9100     1.7423    -1.5033
    -1.1128    -0.8644     1.7423    -1.4281
    -1.1573    -0.7364     1.6798    -1.4187
    -1.1128    -0.6542     1.6530    -1.3717
    -1.1217    -0.6268     1.5994    -1.3717
    -1.0149    -0.5354     1.5458    -1.2872
    -1.0149    -0.4440     1.5101    -1.2026
    -0.9349    -0.3617     1.4654    -1.1181
    -0.8815    -0.2246     1.3939    -1.0335
    -0.7837    -0.0966     1.2957    -0.9395
    -0.6770     0.0132     1.1796    -0.7798
    -0.6147     0.0955     1.0724    -0.6858
    -0.5347     0.2236     0.9652    -0.5730
    -0.3835     0.3608     0.8313    -0.4414
    -0.2857     0.4524     0.7956    -0.2815
    -0.2057     0.4981     0.6259    -0.2251
    -0.1168     0.5988     0.5634    -0.0841
    -0.0545     0.7819     0.4384     0.1134
     0.0788     0.8460     0.3045     0.2733
     0.1677     0.9193     0.1617     0.4426
     0.3277     1.0292    -0.0168     0.5743
     0.3544     1.2215    -0.1239     0.6684
     0.4877     1.2582    -0.2489     0.8283
     0.5055     1.2857    -0.3470     0.9977
     0.5944     1.3681    -0.4720     1.1295
     0.6211     1.3498    -0.5255     1.2612
     0.7099     1.3773    -0.6326     1.3553
     0.7721     1.3773    -0.7575     1.4118
     0.8344     1.3590    -0.8021     1.5154
     0.8877     1.3223    -0.9359     1.5154
     0.9499     1.3406    -1.0162     1.6472
     1.0121     1.3040    -1.0608     1.7131
     1.1276     1.2948    -1.1233     1.7413
     1.1454     1.2948    -1.1679     1.7602
     1.1898     1.2765    -1.2303     1.8543
     1.2876     1.1940    -1.2392     1.8355
     1.2876     1.1024    -1.2481     1.8072
     1.2698     0.9376    -1.3017     1.8543
     1.2520     0.8735    -1.3373     1.8166
     1.1720     0.7361    -1.3463     1.7696
     1.1454     0.6263    -1.3463     1.7037
     1.1543     0.5439    -1.3373     1.6001
     1.0121     0.3791    -1.2749     1.4871
     0.9321     0.3425    -1.2749     1.4306
     0.8788     0.2419    -1.2303     1.3365
     0.8077     0.0864    -1.1679     1.1765
     0.6922    -0.0600    -1.1054     1.0071
     0.6299    -0.1331    -1.0608     0.8189
     0.5499    -0.2886    -1.0519     0.6496
     0.5144    -0.4074    -0.9538     0.4426
     0.4166    -0.4806    -0.8289     0.2733
     0.3277    -0.6451    -0.7753     0.1510
     0.1944    -0.6633    -0.6593    -0.0277
     0.0610    -0.7730    -0.5523    -0.1969
    -0.0012    -0.9100    -0.4274    -0.3474
    -0.1168    -0.9466    -0.3381    -0.4696
    -0.1257    -1.0288    -0.1953    -0.5730
    -0.2679    -1.1658    -0.1150    -0.6482
    -0.2946    -1.1658     0.0903    -0.7798
    -0.3746    -1.2297     0.2063    -0.8925
    -0.3924    -1.3119     0.3313    -0.9771
    -0.4813    -1.3119     0.4741    -0.9959
    -0.5436    -1.3256     0.6259    -1.0711
    -0.6503    -1.3393     0.8134    -1.1275
    -0.6681    -1.3666     0.9563    -1.2308
    -0.7481    -1.3575     1.0635    -1.2966
    -0.7926    -1.3484     1.1974    -1.3623
    -0.8637    -1.3758     1.3582    -1.3717
    -0.8904    -1.2571     1.4475    -1.4187
    -0.9527    -1.2206     1.5011    -1.4093
    -0.9705    -1.2297     1.5815    -1.4563
    -1.0683    -1.1475     1.6262    -1.4563
    -1.0416    -1.1201     1.7244    -1.4563
    -1.0594    -1.0379     1.7780    -1.5220
    -1.0861    -0.9557     1.8317    -1.4845
    -1.1484    -0.9009     1.8495    -1.4939
    -1.1484    -0.8826     1.8138    -1.4751
    -1.1484    -0.7456     1.7870    -1.4281
    -1.1039    -0.7090     1.7512    -1.3623
    -1.0594    -0.6359     1.7066    -1.3342
    -1.0238    -0.4806     1.6083    -1.3060
    -0.9705    -0.3891     1.5994    -1.2308
    -0.9527    -0.3069     1.5279    -1.1650
    -0.8637    -0.2246     1.4118    -1.0241
    -0.7837    -0.1148     1.3225    -0.9019
    -0.7037    -0.0234     1.1885    -0.8173
    -0.6503     0.0955     1.0545    -0.6858
    -0.4813     0.1413     0.9384    -0.5730
    -0.4547     0.2693     0.7956    -0.4320
    -0.2946     0.3974     0.7241    -0.3286
    -0.2413     0.4158     0.5724    -0.1875
    -0.1079     0.5073     0.4474    -0.0653
    -0.0101     0.6080     0.3492     0.1134
     0.0966     0.7544     0.1885     0.2639
     0.1499     0.8277     0.0992     0.4520
     0.2388     0.9650    -0.0882     0.5649
     0.3366     1.1024    -0.2042     0.7154
     0.4522     1.2124    -0.3560     0.8377
     0.5322     1.2765    -0.4720     0.9506
     0.5499     1.2765    -0.5612     1.0918
     0.6477     1.3131    -0.6861     1.1953
     0.6655     1.3773    -0.7575     1.3553
     0.7366     1.3773    -0.9092     1.4495
     0.8077     1.3315    -0.9895     1.4777
     0.8610     1.3131    -1.0965     1.5719
     0.9143     1.2948    -1.1500     1.6283
     1.0032     1.3223    -1.1589     1.7413
     1.0565     1.3406    -1.2749     1.7884
     1.1543     1.2765    -1.3017     1.8166
     1.1987     1.1940    -1.3284     1.8920
     1.2165     1.1024    -1.3463     1.9108
     1.2254     1.0566    -1.4087     1.8449
     1.2787     0.9193    -1.3998     1.8449
     1.1809     0.8277    -1.4265     1.8543
     1.1632     0.7178    -1.4221     1.7790
     1.1365     0.6263    -1.4176     1.7131
     1.1010     0.4615    -1.3909     1.5907
     0.9765     0.4249    -1.3819     1.5248
     0.9321     0.3700    -1.4087     1.4401
     0.8255     0.2419    -1.3284     1.3459
     0.7988     0.0955    -1.3463     1.2142
     0.6744    -0.0417    -1.2749     1.0636
     0.6388    -0.1789    -1.1857     0.8660
     0.5411    -0.2154    -1.1143     0.7342
     0.4700    -0.3526    -1.0073     0.6025
     0.4166    -0.4623    -0.9092     0.4332
     0.3277    -0.5171    -0.8467     0.2357
     0.2477    -0.6177    -0.7218     0.0946
     0.0788    -0.6908    -0.6504    -0.0935
     0.0077    -0.8369    -0.4809    -0.2157
    -0.1079    -0.9100    -0.4095    -0.3756
    -0.0990    -0.9831    -0.2935    -0.4508
    -0.1879    -1.0379    -0.0882    -0.5824
    -0.2413    -1.0744    -0.0168    -0.7328
    -0.3746    -1.1932     0.1796    -0.8549
    -0.3924    -1.1840     0.3045    -0.9489
    -0.4902    -1.2388     0.4474    -0.9583
    -0.5525    -1.3027     0.6527    -0.9959
    -0.5880    -1.3027     0.7420    -1.0993
    -0.6859    -1.3027     0.9027    -1.1650
    -0.7570    -1.3301     1.0456    -1.1932
    -0.8104    -1.3393     1.1617    -1.2684
    -0.8460    -1.3301     1.2689    -1.2684
    -0.9260    -1.2753     1.3493    -1.3154
    -0.8904    -1.1932     1.5279    -1.3529
    -0.9527    -1.1384     1.6083    -1.3436
    -0.9705    -1.1201     1.7066    -1.3717
    -1.0594    -1.0379     1.7602    -1.4093
    -1.0149    -1.0288     1.7691    -1.3905
    -1.1039    -1.0196     1.8138    -1.4375
    -1.0683    -0.8461     1.8585    -1.4187
    -1.1128    -0.8004     1.8674    -1.4281
    -1.0683    -0.7547     1.8495    -1.3717
    -1.0950    -0.6177     1.8495    -1.3060
    -1.0683    -0.5354     1.8317    -1.2590
    -1.0060    -0.4806     1.7244    -1.2778
    -0.9438    -0.3709     1.6887    -1.1932
    -0.8726    -0.3160     1.5726    -1.0711
    -0.8726    -0.1971     1.4833    -0.9583
    -0.7481    -0.0966     1.3939    -0.8549
    -0.6681    -0.0142     1.3403    -0.8173
    -0.5880     0.1230     1.2153    -0.6200
    -0.4280     0.2053     1.0545    -0.5166
    -0.3746     0.3151     0.9474    -0.3850
    -0.2768     0.4066     0.8581    -0.2815
    -0.1701     0.5256     0.7509    -0.1969
    -0.1079     0.5988     0.6349    -0.0653
     0.0433     0.7087     0.4652     0.1134
     0.1410     0.8094     0.2956     0.2451
     0.2211     0.9742     0.1617     0.4144
     0.3099     1.0200     0.0724     0.5461
     0.4255     1.1940    -0.0882     0.6778
     0.5055     1.2307    -0.1953     0.8565
     0.5855     1.3040    -0.3649     1.0071
     0.5944     1.3223    -0.4987     1.1295
     0.6299     1.3956    -0.5880     1.1859
     0.6922     1.4323    -0.7040     1.3083
     0.7988     1.4369    -0.8021     1.4306
     0.8699     1.4414    -0.8913     1.4589
     0.9321     1.4231    -0.9984     1.5907
     1.0032     1.4139    -1.0430     1.6848
     1.0476     1.3406    -1.1411     1.6848
     1.1010     1.3315    -1.1679     1.7319
     1.2165     1.2857    -1.2571     1.7790
     1.2165     1.2857    -1.2927     1.8449
     1.2609     1.1391    -1.3819     1.8355
     1.2876     1.0200    -1.4087     1.7884
     1.3231     0.9467    -1.4355     1.7790
     1.3142     0.8643    -1.4087     1.7978
     1.2876     0.8002    -1.4890     1.7507
     1.1454     0.6720    -1.4711     1.7131
     1.1632     0.5439    -1.4711     1.6189
     1.0743     0.5073    -1.4622     1.5154
     1.0032     0.4066    -1.3909     1.4118
     0.9143     0.3059    -1.3641     1.3083
     0.8699     0.1321    -1.3552     1.2330
     0.7277     0.0406    -1.2749     1.0918
     0.6655    -0.1240    -1.2838     0.9412
     0.5855    -0.2154    -1.1500     0.7342
     0.5588    -0.3160    -1.0608     0.6401
     0.4611    -0.4349    -1.0430     0.4332
     0.3722    -0.4623    -0.9448     0.3015
     0.3188    -0.5445    -0.8556     0.1134
     0.2388    -0.6725    -0.7307    -0.0653
     0.1410    -0.7730    -0.5612    -0.1781
     0.0521    -0.8278    -0.4809    -0.2815
    -0.0456    -0.9283    -0.3292    -0.3944
    -0.1079    -0.9740    -0.1953    -0.5448
    -0.2057    -0.9831    -0.1150    -0.6200
    -0.2857    -1.0744     0.0903    -0.7892
    -0.3035    -1.0562     0.2153    -0.8361
    -0.3657    -1.1110     0.3402    -0.9395
    -0.4547    -1.1932     0.5009    -0.9489
    -0.4902    -1.1658     0.6259    -1.0053
    -0.5614    -1.2206     0.7688    -1.1087
    -0.6681    -1.1749     0.9384    -1.1556
    -0.7214    -1.1749     1.1349    -1.2120
    -0.7214    -1.1658     1.2332    -1.2073
    -0.8193    -1.1840     1.3850    -1.2026
    -0.8193    -1.0744     1.5190    -1.2496
    -0.8815    -1.0196     1.5547    -1.2496
    -0.9171    -1.0653     1.6262    -1.3060
    -0.9349    -1.0014     1.7066    -1.3060
    -0.9705    -0.8918     1.7602    -1.2778
    -1.0505    -0.8735     1.7602    -1.3060
    -1.0060    -0.7639     1.8317    -1.3154
    -1.0149    -0.7364     1.8674    -1.3248
    -1.0594    -0.6816     1.8406    -1.2496
    -1.0327    -0.6268     1.7780    -1.2590
    -0.9794    -0.5354     1.7870    -1.2120
    -0.9971    -0.4714     1.7602    -1.1275
    -0.9438    -0.4074     1.6619    -1.0429
    -0.8726    -0.3160     1.6351    -0.9583
    -0.7837    -0.1697     1.5101    -0.8173
    -0.6770    -0.0783     1.4475    -0.7610
    -0.6592     0.0406     1.3403    -0.6482
    -0.5525     0.1413     1.2242    -0.5260
    -0.4458     0.2510     1.1528    -0.4320
    -0.3568     0.3700     1.0277    -0.3191
    -0.2501     0.4432     0.9295    -0.1781
    -0.1790     0.4890     0.7956    -0.0747
    -0.0545     0.5622     0.6706     0.1322
     0.0255     0.6995     0.5634     0.2733
     0.1322     0.7636     0.3224     0.3767
     0.2744     0.9467     0.2688     0.5367
     0.2922     0.9742     0.1349     0.6307
     0.4433     1.0750    -0.0436     0.7060
     0.4611     1.2398    -0.1775     0.8942
     0.5944     1.2765    -0.2846     1.0165
     0.6299     1.3681    -0.4006     1.1671
     0.6922     1.4048    -0.5344     1.2236
     0.7277     1.4506    -0.6326     1.3365
     0.8521     1.4323    -0.7129     1.4495
     0.9232     1.4689    -0.7932     1.4871
     0.9765     1.3864    -0.8735     1.6001
     1.0299     1.3864    -0.9448     1.6283
     1.0921     1.3819    -1.0608     1.7037
     1.1632     1.3773    -1.0787     1.6754
     1.1987     1.2948    -1.1679     1.7696
     1.2964     1.1849    -1.2660     1.7790
     1.3231     1.1208    -1.2214     1.7507
     1.3320     1.0658    -1.3106     1.7131
     1.3320     0.9193    -1.3284     1.6566
     1.3409     0.8643    -1.2927     1.6472
     1.3053     0.6903    -1.3552     1.6095
     1.3142     0.6903    -1.3284     1.6189
     1.1720     0.5896    -1.3017     1.5436
     1.1809     0.4615    -1.2571     1.4401
     1.0388     0.3517    -1.2571     1.3365
     0.9854     0.2510    -1.2214     1.2330
     0.8877     0.1413    -1.1768     1.1577
     0.8255     0.0681    -1.1679     1.0353
     0.7455    -0.0783    -1.1233     0.8565
     0.7099    -0.2063    -1.0251     0.6401
     0.6211    -0.3343    -0.9538     0.5178
     0.4877    -0.3891    -0.8378     0.3297
     0.4433    -0.4623    -0.7397     0.1698
     0.3722    -0.5445    -0.6950     0.0099
     0.2833    -0.6268    -0.5523    -0.1029
     0.1322    -0.7456    -0.4184    -0.2439
     0.1055    -0.8552    -0.3113    -0.4226
    -0.0279    -0.8826    -0.2042    -0.4790
    -0.1079    -0.9648    -0.1150    -0.6012
    -0.1701    -1.0470     0.0546    -0.6576
    -0.2413    -1.0470     0.1617    -0.7704
    -0.3035    -1.1292     0.3849    -0.8173
    -0.3568    -1.1292     0.4741    -0.9395
    -0.4191    -1.1475     0.6349    -0.9677
    -0.5258    -1.2023     0.8045    -1.0053
    -0.5792    -1.2114     0.9384    -1.0711
    -0.6503    -1.1566     1.0903    -1.1650
    -0.6503    -1.2023     1.1796    -1.2214
    -0.7214    -1.1840     1.3225    -1.2402
    -0.7392    -1.1658     1.4565    -1.2496
    -0.8015    -1.1201     1.5011    -1.2402
    -0.8993    -1.1566     1.5904    -1.2684
    -0.9438    -1.0562     1.6619    -1.3342
    -0.9883    -0.9831     1.7155    -1.3717
    -0.9527    -0.9648     1.8049    -1.3154
    -1.0149    -0.8644     1.7780    -1.2966
    -0.9883    -0.8461     1.7915    -1.3248
    -1.0416    -0.7639     1.8049    -1.2778
    -1.0327    -0.6359     1.8763    -1.2590
    -1.0594    -0.6268     1.8674    -1.2214
    -0.9705    -0.5537     1.7959    -1.2214
    -0.9260    -0.4714     1.7691    -1.2026
    -0.8726    -0.3800     1.7066    -1.0993
    -0.8282    -0.2520     1.6440    -1.0053
    -0.7570    -0.1789     1.5547    -0.8737
    -0.6681    -0.0600     1.5011    -0.7704
    -0.5969     0.0132     1.3493    -0.7046
    -0.5080     0.1870     1.2689    -0.5354
    -0.4547     0.2053     1.1617    -0.4602
    -0.3213     0.2693     1.0635    -0.3286
    -0.2857     0.4524     0.9027    -0.1781
    -0.1879     0.5439     0.7777    -0.0465
    -0.1079     0.5713     0.6527     0.0664
    -0.0279     0.7087     0.5813     0.2545
     0.1322     0.7636     0.4384     0.3391
     0.2477     0.8918     0.2777     0.5367
     0.3544     1.0200     0.1796     0.6401
     0.3988     1.0933     0.0189     0.7719
     0.4788     1.1757    -0.1418     0.9318
     0.6033     1.2765    -0.2846     1.0636
     0.6033     1.3590    -0.3470     1.1859
     0.7099     1.3864    -0.4363     1.2800
     0.7277     1.4323    -0.5255     1.3742
     0.7988     1.4369    -0.6326     1.4306
     0.8432     1.4414    -0.7129     1.5907
     0.9854     1.4598    -0.8199     1.6189
     0.9943     1.4323    -0.8913     1.6660
     1.1187     1.3773    -0.9716     1.7131
     1.1454     1.3406    -1.0341     1.7790
     1.2165     1.2857    -1.1143     1.7884
     1.3231     1.2765    -1.1857     1.8449
     1.3586     1.1482    -1.1679     1.7978
     1.3853     1.0841    -1.2571     1.7978
     1.3320     0.9376    -1.2571     1.7507
     1.3853     0.8460    -1.2481     1.7131
     1.3409     0.7727    -1.3195     1.7319
     1.3409     0.6812    -1.2927     1.6283
     1.2787     0.5713    -1.2927     1.5342
     1.2165     0.4981    -1.2481     1.4212
     1.1365     0.3425    -1.2571     1.3648
     1.0388     0.3151    -1.2571     1.2800
     0.9232     0.1504    -1.1589     1.1953
     0.8077     0.0132    -1.1679     1.0636
     0.8077    -0.1057    -1.0787     0.8942
     0.6655    -0.2612    -0.9984     0.7060
     0.6477    -0.2612    -0.9270     0.5178
     0.5055    -0.3709    -0.8110     0.3109
     0.4700    -0.5171    -0.6950     0.1886
     0.3722    -0.6085    -0.6147     0.0382
     0.2744    -0.6177    -0.4809    -0.0935
     0.2033    -0.7090    -0.4541    -0.2345
     0.0788    -0.7913    -0.2846    -0.3850
    -0.0012    -0.8918    -0.1328    -0.4790
    -0.0901    -0.9557    -0.0525    -0.6388
    -0.1346    -1.0562     0.1171    -0.7516
    -0.1879    -1.1201     0.2867    -0.8267
    -0.3035    -1.0836     0.4384    -0.8361
    -0.3568    -1.1932     0.5724    -0.9677
    -0.3924    -1.1749     0.6974    -0.9771
    -0.5169    -1.2206     0.8313    -1.0241
    -0.5792    -1.2388     1.0010    -1.0711
    -0.6325    -1.2388     1.1438    -1.1744
    -0.6681    -1.2388     1.2689    -1.2120
    -0.7037    -1.1475     1.3850    -1.1932
    -0.7748    -1.1384     1.5190    -1.2402
    -0.8015    -1.1292     1.5726    -1.2496
    -0.9171    -1.0379     1.6172    -1.2872
    -0.8993    -1.0105     1.7334    -1.3060
    -0.9527    -0.9922     1.7691    -1.2966
    -0.9971    -0.8826     1.8674    -1.2778
    -0.9971    -0.8369     1.9031    -1.2684
    -1.0594    -0.8095     1.9478    -1.2872
    -1.0327    -0.7456     1.9389    -1.2872
    -1.0505    -0.6268     1.9121    -1.2590
    -1.0683    -0.5628     1.9121    -1.1744
    -1.0861    -0.4623     1.8227    -1.1462
    -1.0327    -0.3891     1.8138    -1.0711
    -0.9438    -0.2703     1.7780    -0.9677
    -0.9527    -0.1514     1.6798    -0.8925
    -0.8460    -0.1057     1.6262    -0.8267
    -0.8015    -0.0142     1.5101    -0.7140
    -0.7037     0.1504     1.4207    -0.5448
    -0.6325     0.2602     1.2689    -0.4790
    -0.5258     0.3425     1.1528    -0.3286
    -0.4102     0.3608     1.0277    -0.2627
    -0.3124     0.4432     0.9384    -0.1593
    -0.1790     0.5530     0.8581    -0.0465
    -0.1523     0.6995     0.7331     0.1416
    -0.0368     0.7178     0.5813     0.2639
     0.0699     0.8552     0.4474     0.4332
     0.1499     0.9193     0.2867     0.5461
     0.2566     1.0841     0.1974     0.6872
     0.3366     1.2032     0.0010     0.7813
     0.4611     1.2765    -0.1150     0.9601
     0.5144     1.3223    -0.2399     1.1106
     0.6299     1.3956    -0.3560     1.2142
     0.6922     1.3773    -0.4809     1.3553
     0.7544     1.4139    -0.5523     1.4306
     0.7899     1.4048    -0.6504     1.5624
     0.8610     1.4139    -0.7040     1.6095
     0.9232     1.4598    -0.8021     1.6754
     1.0299     1.4231    -0.8735     1.6848
     1.1187     1.4506    -0.9895     1.7507
     1.1720     1.3406    -1.0251     1.7884
     1.2520     1.3498    -1.1322     1.8543
     1.2964     1.2948    -1.1411     1.8543
     1.3142     1.1482    -1.1589     1.8355
     1.3586     1.1299    -1.1857     1.8637
     1.3631     0.9467    -1.2303     1.7602
     1.3675     0.8643    -1.2214     1.7602
     1.3586     0.8094    -1.2660     1.7507
     1.3142     0.7361    -1.2214     1.6942
     1.2076     0.6263    -1.2303     1.6189
     1.2342     0.5164    -1.1857     1.5342
     1.0743     0.4066    -1.1679     1.3836
     1.0565     0.3334    -1.1589     1.2800
     0.9410     0.2327    -1.1322     1.1765
     0.8610     0.0772    -1.0251     1.0448
     0.7455    -0.0325    -1.0073     0.8942
     0.6744    -0.1514    -0.9359     0.7813
     0.5944    -0.1880    -0.8824     0.6025
     0.5322    -0.2977    -0.8110     0.4426
     0.4877    -0.4257    -0.6772     0.3015
     0.3544    -0.4623    -0.5701     0.1322
     0.2744    -0.5811    -0.4987    -0.0935
     0.1766    -0.6542    -0.3470    -0.1875
     0.1322    -0.7547    -0.2489    -0.3286
    -0.0012    -0.7821    -0.0971    -0.3850
    -0.0812    -0.8735    -0.0257    -0.5166
    -0.1434    -0.9831     0.1260    -0.6200
    -0.1879    -1.0014     0.3135    -0.7234
    -0.2679    -1.0379     0.4384    -0.7422
    -0.3568    -1.0653     0.5634    -0.9019
    -0.4102    -1.1292     0.6795    -0.9207
    -0.5169    -1.1840     0.8134    -0.9771
    -0.5969    -1.1840     0.9652    -1.0147
    -0.6592    -1.1658     1.0813    -1.0899
    -0.6770    -1.2206     1.2332    -1.1087
    -0.7125    -1.1840     1.3671    -1.1650
    -0.8282    -1.1840     1.4565    -1.2214
    -0.8371    -1.1201     1.5904    -1.2402
    -0.8993    -1.0744     1.6351    -1.2496
    -0.9705    -1.0562     1.7334    -1.2778
    -1.0060    -0.9557     1.7780    -1.2590
    -0.9971    -0.9374     1.7959    -1.2496
    -1.0327    -0.8552     1.8853    -1.2590
    -1.0372    -0.7090     1.9121    -1.3060
    -1.0416    -0.6725     1.9567    -1.3060
    -1.0505    -0.6542     1.9121    -1.2872
    -1.0505    -0.5445     1.8853    -1.2214
    -1.0772    -0.4440     1.8585    -1.1556
    -1.0060    -0.3434     1.7959    -1.0429
    -0.9971    -0.2794     1.7512    -1.0241
    -0.8904    -0.1331     1.6530    -0.8831
    -0.8104    -0.0874     1.6262    -0.8361
    -0.7570     0.0132     1.5190    -0.6670
    -0.6859     0.1321     1.4118    -0.6294
    -0.5258     0.2693     1.3046    -0.4978
    -0.4280     0.3334     1.2600    -0.4038
    -0.3568     0.3883     1.1081    -0.2345
    -0.2590     0.4615     1.0277    -0.1123
    -0.2146     0.5622     0.9027    -0.0465
    -0.0901     0.6903     0.7509     0.1040
    -0.0368     0.8185     0.6349     0.2263
     0.0788     0.8918     0.4652     0.4332
     0.1855     0.9559     0.2867     0.5837
     0.2655     1.0750     0.1796     0.7530
     0.3811     1.2124     0.0546     0.8754
     0.4611     1.3406    -0.0257     1.0165
     0.5233     1.3498    -0.1596     1.1389
     0.6299     1.3681    -0.2489     1.2706
     0.6744     1.3773    -0.3649     1.3459
     0.7899     1.4506    -0.4898     1.5248
     0.8788     1.4460    -0.5790     1.5624
     0.9321     1.4414    -0.6950     1.6472
     1.0210     1.4414    -0.7486     1.7225
     1.0921     1.4414    -0.8378     1.7790
     1.1898     1.4414    -0.9002     1.8449
     1.2254     1.4139    -0.9181     1.8826
     1.3231     1.4048    -1.0251     1.9202
     1.3764     1.3406    -1.0430     1.9202
     1.3942     1.2948    -1.1233     1.9861
     1.4564     1.2124    -1.1500     1.9579
     1.4741     1.1024    -1.1054     1.9485
     1.4208     1.0200    -1.1589     1.9202
     1.4120     0.9193    -1.1857     1.8355
     1.3586     0.7819    -1.1589     1.7507
     1.3142     0.6629    -1.2214     1.6472
     1.3053     0.5713    -1.1857     1.6001
     1.2342     0.4798    -1.1589     1.5436
     1.1454     0.3791    -1.1411     1.4306
     1.0565     0.3059    -1.0876     1.3271
     0.9943     0.2053    -1.0608     1.1295
     0.8432     0.1138    -0.9895     0.9977
     0.8077     0.0040    -0.8913     0.8001
     0.7010    -0.1789    -0.8289     0.7342
     0.6299    -0.2886    -0.7129     0.5273
     0.5766    -0.3800    -0.6326     0.3767
     0.4966    -0.4531    -0.5434     0.1980
     0.3366    -0.4897    -0.4541     0.0758
     0.2477    -0.6177    -0.3292    -0.0559
     0.2033    -0.6908    -0.2399    -0.2251
     0.0521    -0.7730    -0.1061    -0.3380
    -0.0368    -0.8187     0.0189    -0.4414
    -0.0723    -0.9374     0.1617    -0.5448
    -0.1790    -0.9648     0.2867    -0.6764
    -0.2590    -0.9648     0.4474    -0.7234
    -0.3213    -1.0744     0.5991    -0.7516
    -0.4013    -1.0562     0.7509    -0.8267
    -0.4280    -1.1110     0.8670    -0.9207
    -0.4902    -1.1018     0.9742    -0.9677
          3          3          3          3
