    4   2048 0.020000  2016   1  22  13  58
         16         10         11         42
    -1.2159     0.4504     0.8011     1.5654
    -1.1626     0.3772     0.7921     1.5372
    -1.1537     0.2582     0.6761     1.5089
    -1.1270     0.1210     0.5332     1.4242
    -1.1359     0.0021     0.4082     1.3865
    -1.0558    -0.1899     0.2922     1.1889
    -1.0736    -0.2905     0.1940     1.0477
    -1.0025    -0.4002     0.0154     0.9348
    -0.8779    -0.4459    -0.0917     0.7183
    -0.8424    -0.5464    -0.1898     0.5772
    -0.7623    -0.6561    -0.2523     0.4549
    -0.6734    -0.7840    -0.3951     0.2668
    -0.5133    -0.8479    -0.5200     0.1257
    -0.4244    -0.9302    -0.6182    -0.1188
    -0.3355    -0.9941    -0.6896    -0.1940
    -0.2643    -0.9941    -0.7788    -0.3351
    -0.1221    -1.0306    -0.9215    -0.4855
     0.0202    -1.1128    -0.9394    -0.5607
     0.1891    -1.1767    -1.0107    -0.7393
     0.3135    -1.1859    -1.0375    -0.8709
     0.4113    -1.1676    -1.0643    -0.9367
     0.5713    -1.2315    -1.1356    -1.0588
     0.6247    -1.2589    -1.1445    -1.1810
     0.7402    -1.2407    -1.1802    -1.2749
     0.8735    -1.1311    -1.1535    -1.3219
     0.9979    -1.0946    -1.1891    -1.3877
     1.0868    -1.0854    -1.1535    -1.4816
     1.0779    -0.9850    -1.1356    -1.4910
     1.0690    -0.9576    -1.0732    -1.6038
     1.1312    -0.8388    -0.9661    -1.6038
     1.1312    -0.8205    -0.9394    -1.6038
     1.1223    -0.6744    -0.8858    -1.5850
     1.1579    -0.5738    -0.7342    -1.5474
     1.1312    -0.5007    -0.6628    -1.5192
     1.0868    -0.4185    -0.6092    -1.5286
     1.1046    -0.3453    -0.5022    -1.3971
     1.1401    -0.1533    -0.3505    -1.3407
     1.1046    -0.0070    -0.2523    -1.2280
     1.0779     0.0844    -0.1006    -1.1434
     1.0690     0.2125     0.0333    -1.0306
     0.9624     0.4046     0.1583    -0.9555
     0.8380     0.4687     0.3011    -0.8051
     0.7669     0.5968     0.4529    -0.6641
     0.6869     0.6975     0.5689    -0.5889
     0.5447     0.8348     0.7475    -0.4385
     0.4558     0.8989     0.7921    -0.2975
     0.3580     1.0638     0.8457    -0.1752
     0.1891     1.1096     0.8993     0.0222
     0.0557     1.1279     0.9082     0.1915
    -0.0954     1.1370     0.8993     0.3608
    -0.1132     1.1462     0.9707     0.5396
    -0.2377     1.1645     1.0690     0.6995
    -0.3533     1.1462     1.1226     0.8689
    -0.4600     1.1096     1.1851     0.9912
    -0.5311     1.1050     1.1583     1.1700
    -0.6022     1.1004     1.1761     1.2924
    -0.7090     1.1096     1.1940     1.4242
    -0.8424     1.1554     1.1672     1.5748
    -0.8779     1.1508     1.2476     1.5560
    -0.9580     1.1462     1.2387     1.6125
    -0.9847     1.0729     1.2029     1.5842
    -1.0825     1.1096     1.1672     1.6219
    -1.1092     0.9997     1.2029     1.6313
    -1.1092     0.8623     1.1851     1.6360
    -1.1359     0.8348     1.0868     1.6407
    -1.2070     0.6334     0.9261     1.5748
    -1.2159     0.5694     0.7743     1.6031
    -1.2070     0.3863     0.6403     1.5842
    -1.1448     0.2948     0.5778     1.5560
    -1.1537     0.0936     0.3547     1.5089
    -1.1270    -0.0802     0.2297     1.3771
    -1.0203    -0.2539     0.1136     1.2642
    -1.0025    -0.3728    -0.0738     1.1042
    -0.8957    -0.4642    -0.1988     0.9536
    -0.8335    -0.6378    -0.3237     0.7748
    -0.6912    -0.7566    -0.5022     0.6148
    -0.6200    -0.7931    -0.5825     0.4267
    -0.5400    -0.9758    -0.6985     0.2386
    -0.4333    -1.0215    -0.8501     0.0316
    -0.3177    -1.1311    -0.9215    -0.1470
    -0.1665    -1.1767    -1.0910    -0.3069
    -0.1043    -1.2315    -1.0999    -0.4573
     0.0468    -1.3593    -1.1891    -0.5513
     0.2069    -1.3319    -1.2694    -0.7299
     0.3402    -1.3502    -1.3140    -0.8803
     0.4735    -1.4050    -1.4300    -1.0212
     0.5713    -1.3776    -1.3943    -1.1058
     0.6513    -1.4324    -1.3943    -1.2843
     0.8291    -1.3411    -1.4478    -1.3783
     0.9357    -1.3685    -1.4210    -1.4253
     1.0157    -1.2680    -1.3765    -1.5568
     1.0779    -1.1950    -1.3229    -1.6225
     1.0957    -1.1493    -1.2605    -1.6413
     1.0868    -1.0032    -1.2070    -1.7071
     1.0868    -0.9028    -1.1267    -1.7446
     1.1001    -0.8205    -1.0375    -1.7353
     1.1134    -0.7383    -0.8858    -1.7259
     1.1401    -0.6013    -0.7966    -1.7259
     1.1312    -0.5099    -0.6449    -1.6038
     1.1490    -0.3910    -0.5557    -1.6225
     1.1312    -0.2448    -0.3862    -1.4910
     1.0957    -0.1076    -0.2969    -1.4441
     1.0957     0.1210    -0.1006    -1.3595
     1.0512     0.2674     0.0333    -1.2280
     1.0512     0.3863     0.2297    -1.0870
     0.9802     0.5602     0.3814    -0.9273
     0.8380     0.6426     0.5154    -0.8521
     0.7491     0.7707     0.6671    -0.7017
     0.6513     0.9356     0.8368    -0.5043
     0.5269     1.0088     0.9618    -0.4103
     0.3935     1.0729     1.0779    -0.2034
     0.3402     1.1370     1.1672    -0.0342
     0.1980     1.0912     1.1583     0.1821
     0.0824     1.0958     1.2387     0.3702
    -0.0954     1.1004     1.2029     0.5302
    -0.2110     1.1004     1.2119     0.7277
    -0.2466     1.1004     1.2744     0.8971
    -0.3533     1.1004     1.3190     1.0477
    -0.4866     1.1004     1.3637     1.2642
    -0.5934     1.0821     1.3726     1.3771
    -0.6378     1.1004     1.3190     1.5183
    -0.7268     1.0729     1.3280     1.5654
    -0.8424     1.1370     1.3369     1.5748
    -0.9135     1.1645     1.3369     1.6125
    -1.0025     1.0821     1.3369     1.6313
    -1.0380     1.0455     1.2833     1.6407
    -1.0647     1.0180     1.2208     1.5842
    -1.1181     0.9172     1.1493     1.5936
    -1.1715     0.8165     1.0332     1.6313
    -1.2248     0.6975     0.8100     1.6407
    -1.2159     0.5602     0.7028     1.5936
    -1.2159     0.3772     0.5868     1.6031
    -1.2070     0.2491     0.3993     1.6031
    -1.2070     0.1759     0.2207     1.4995
    -1.1626     0.0113     0.0333     1.3959
    -1.0825    -0.1351    -0.1274     1.3018
    -1.0647    -0.2448    -0.2791     1.1136
    -0.9402    -0.3453    -0.3772     0.9536
    -0.8868    -0.5281    -0.5289     0.7936
    -0.8424    -0.5556    -0.6985     0.5960
    -0.7179    -0.7657    -0.7966     0.4361
    -0.6022    -0.7383    -0.8948     0.2574
    -0.5133    -0.9119    -1.0375     0.0881
    -0.4422    -0.9850    -1.1891    -0.0906
    -0.3533    -1.0306    -1.2873    -0.2881
    -0.2110    -1.0672    -1.2873    -0.3539
    -0.0687    -1.1676    -1.3319    -0.5325
     0.0202    -1.2041    -1.4121    -0.6453
     0.1446    -1.1950    -1.4746    -0.8051
     0.2691    -1.2498    -1.5102    -0.9179
     0.4469    -1.2133    -1.4656    -1.0212
     0.5713    -1.2315    -1.4656    -1.1434
     0.6513    -1.2589    -1.4835    -1.1904
     0.7491    -1.2407    -1.4656    -1.2937
     0.8557    -1.1859    -1.4210    -1.3689
     1.0157    -1.0946    -1.3051    -1.4159
     1.0601    -1.1128    -1.2427    -1.5098
     1.0868    -1.0398    -1.1713    -1.5474
     1.0868    -0.9667    -1.1267    -1.5662
     1.1223    -0.8662    -0.9929    -1.5568
     1.0868    -0.7840    -0.9126    -1.5756
     1.0957    -0.6744    -0.8323    -1.5474
     1.1490    -0.6013    -0.6539    -1.5286
     1.1046    -0.4642    -0.5111    -1.4441
     1.0868    -0.4002    -0.3683    -1.4347
     1.1134    -0.2996    -0.2077    -1.3407
     1.1401    -0.1533    -0.1095    -1.2562
     1.1134    -0.0345     0.0690    -1.2280
     1.0512     0.1850     0.2297    -1.0682
     0.9890     0.2491     0.3547    -1.0212
     0.9802     0.4504     0.4886    -0.8709
     0.8646     0.4961     0.6136    -0.7299
     0.7135     0.6517     0.7832    -0.6641
     0.5980     0.7433     0.8814    -0.4573
     0.5447     0.9081     1.0243    -0.3633
     0.4647     0.9813     1.1047    -0.2316
     0.3135     1.0546     1.1940    -0.0436
     0.1802     1.0912     1.2744     0.0975
     0.0468     1.0821     1.3190     0.3138
    -0.0332     1.1187     1.3458     0.4267
    -0.1310     1.0912     1.2922     0.6054
    -0.2554     1.1737     1.2744     0.7560
    -0.3533     1.1462     1.2744     0.9442
    -0.4155     1.1187     1.3190     1.0759
    -0.5311     1.1096     1.3548     1.1889
    -0.6111     1.0638     1.3280     1.3677
    -0.7445     1.0912     1.2833     1.4807
    -0.8335     1.0638     1.2655     1.5089
    -0.8868     1.1462     1.2476     1.5842
    -0.9669     1.1554     1.0958     1.5936
    -1.0736     1.0912     0.9886     1.5936
    -1.0736     1.0546     0.8814     1.5748
    -1.0736     1.0271     0.8279     1.5748
    -1.1181     0.9264     0.7207     1.5560
    -1.1181     0.8074     0.5957     1.6125
    -1.1448     0.7158     0.4439     1.5654
    -1.1403     0.5144     0.3100     1.5560
    -1.1359     0.4138     0.1761     1.5748
    -1.1359     0.2491     0.0154     1.5089
    -1.0914     0.1576    -0.1095     1.4713
    -1.0914    -0.0619    -0.1988     1.3300
    -1.0647    -0.2539    -0.3594     1.1889
    -0.9580    -0.4185    -0.4665     1.0571
    -0.9135    -0.4459    -0.5736     0.8312
    -0.8157    -0.5921    -0.7252     0.6525
    -0.7445    -0.7475    -0.8145     0.4643
    -0.6556    -0.8662    -0.9661     0.2856
    -0.5133    -0.9028    -0.9840     0.1633
    -0.3799    -1.0215    -1.0910    -0.0718
    -0.3266    -1.1219    -1.1535    -0.2316
    -0.1932    -1.2315    -1.2248    -0.4103
    -0.1132    -1.2589    -1.2605    -0.5231
     0.0557    -1.3137    -1.2605    -0.6453
     0.1891    -1.3685    -1.3051    -0.8427
     0.3313    -1.3502    -1.3051    -0.9461
     0.4735    -1.3593    -1.3765    -1.0964
     0.5980    -1.4141    -1.4032    -1.2186
     0.7135    -1.4050    -1.4032    -1.3501
     0.7846    -1.4141    -1.2873    -1.4722
     0.9268    -1.3046    -1.2873    -1.5286
     1.0424    -1.3046    -1.2337    -1.6507
     1.0957    -1.1950    -1.1445    -1.6883
     1.0957    -1.1128    -1.1178    -1.7259
     1.0690    -1.0489    -1.0107    -1.8010
     1.0690    -0.9393    -0.8948    -1.7728
     1.1134    -0.8205    -0.8323    -1.7634
     1.0779    -0.7109    -0.7520    -1.7916
     1.1223    -0.5738    -0.6449    -1.7353
     1.0957    -0.4916    -0.5111    -1.7446
     1.0868    -0.4002    -0.3951    -1.6413
     1.1134    -0.2174    -0.3148    -1.5662
     1.1223    -0.0619    -0.1809    -1.5004
     1.1312     0.0478    -0.0827    -1.3971
     1.0690     0.2491     0.0512    -1.2655
     1.0868     0.3772     0.1761    -1.1340
     0.9802     0.4870     0.3368    -1.0024
     0.9446     0.6334     0.4707    -0.8615
     0.8113     0.7341     0.5957    -0.7017
     0.6513     0.8531     0.6671    -0.5325
     0.5624     0.8898     0.8011    -0.4385
     0.4824     1.0455     0.9082    -0.2411
     0.3402     1.0912     0.9797    -0.1188
     0.2780     1.0546     1.0779     0.1163
     0.1269     1.1370     1.1315     0.2480
    -0.0421     1.1096     1.1851     0.4549
    -0.1221     1.0821     1.2297     0.6431
    -0.2554     1.0729     1.2922     0.7654
    -0.3355     1.0912     1.2476     0.9724
    -0.4600     1.1096     1.2565     1.1230
    -0.5311     1.1279     1.2922     1.2359
    -0.6022     1.0729     1.3012     1.4148
    -0.7090     1.0729     1.2565     1.4995
    -0.8068     1.1187     1.1851     1.5089
    -0.8957     1.1096     1.1493     1.5560
    -0.9491     1.0729     1.1493     1.5748
    -1.0203     0.9722     1.0868     1.6031
    -1.0380     0.8806     1.0332     1.5654
    -1.0825     0.8348     0.8814     1.5842
    -1.0825     0.5968     0.8279     1.5748
    -1.1448     0.6060     0.7475     1.5466
    -1.1403     0.4412     0.6225     1.5936
    -1.1359     0.3955     0.4975     1.5277
    -1.1181     0.2216     0.3279     1.4807
    -1.0825     0.1027     0.2386     1.3771
    -1.0469    -0.0528     0.1047     1.2830
    -1.0647    -0.1899     0.0244     1.1418
    -0.9758    -0.2905    -0.1274     0.9442
    -0.9046    -0.4368    -0.2702     0.8312
    -0.8691    -0.5099    -0.3594     0.6431
    -0.8335    -0.6378    -0.4665     0.4831
    -0.7623    -0.6835    -0.5825     0.3420
    -0.6022    -0.8388    -0.7074     0.1445
    -0.5311    -0.8662    -0.8323     0.0128
    -0.4422    -1.0306    -0.9037    -0.2128
    -0.3710    -1.0672    -0.9483    -0.3539
    -0.1932    -1.1219    -1.0821    -0.4385
    -0.0954    -1.1859    -1.1356    -0.6171
     0.0557    -1.2224    -1.1981    -0.7111
     0.1713    -1.2498    -1.2159    -0.8615
     0.3135    -1.2954    -1.3051    -1.0118
     0.4291    -1.3502    -1.2783    -1.1246
     0.5447    -1.3593    -1.3229    -1.2468
     0.6869    -1.3137    -1.3586    -1.3219
     0.8024    -1.3685    -1.3229    -1.5098
     0.9713    -1.3319    -1.3229    -1.5568
     1.0690    -1.2589    -1.2694    -1.6319
     1.1046    -1.2224    -1.2427    -1.6789
     1.1134    -1.1859    -1.1624    -1.7165
     1.0690    -1.0854    -1.0999    -1.7634
     1.0779    -1.0489    -0.9929    -1.7446
     1.1223    -0.9302    -0.9037    -1.8010
     1.1223    -0.7749    -0.8501    -1.7916
     1.0868    -0.7383    -0.7431    -1.7165
     1.0690    -0.5556    -0.6806    -1.7259
     1.1134    -0.5190    -0.4486    -1.6319
     1.0868    -0.3728    -0.3415    -1.6131
     1.0868    -0.2265    -0.2345    -1.4722
     1.1223    -0.1259    -0.0560    -1.4065
     1.0779     0.0295     0.0779    -1.3313
     1.0779     0.1759     0.2297    -1.1998
     1.0246     0.3497     0.3814    -1.0776
     0.8824     0.4961     0.4975    -0.9461
     0.7669     0.6060     0.6136    -0.7581
     0.6247     0.6884     0.7118    -0.6547
     0.6158     0.8348     0.9082    -0.4573
     0.4647     0.9081     1.0065    -0.3351
     0.3224     1.0546     1.1315    -0.1752
     0.2780     1.1187     1.2655     0.0316
     0.1535     1.1279     1.2922     0.1915
    -0.0154     1.1096     1.3280     0.4267
    -0.1221     1.1370     1.3369     0.5584
    -0.2643     1.1004     1.3190     0.8030
    -0.3533     1.1096     1.3101     0.9159
    -0.4422     1.1096     1.3101     1.1230
    -0.5400     1.0912     1.3637     1.2830
    -0.6111     1.1096     1.3190     1.3959
    -0.7268     1.0638     1.3548     1.5277
    -0.8157     1.0546     1.3101     1.5183
    -0.8602     1.0455     1.2922     1.5936
    -0.9669     1.0821     1.3012     1.5654
    -1.0203     0.9630     1.3101     1.5748
    -1.0647     0.9356     1.2387     1.6125
    -1.0825     0.7524     1.1226     1.5372
    -1.1359     0.5877     1.0154     1.5748
    -1.2070     0.5053     0.9082     1.5560
    -1.1804     0.4595     0.7921     1.5560
    -1.1715     0.3406     0.6403     1.5654
    -1.1626     0.1850     0.4618     1.5372
    -1.1804     0.0295     0.2475     1.4995
    -1.1181    -0.1076     0.2029     1.3489
    -1.0647    -0.2539     0.0512     1.2077
    -1.0203    -0.4368    -0.1184     1.1042
    -0.9402    -0.5464    -0.2434     0.9065
    -0.9402    -0.6469    -0.4219     0.7277
    -0.8335    -0.6835    -0.5111     0.4737
    -0.7179    -0.8571    -0.6182     0.3608
    -0.6378    -0.9393    -0.7431     0.1351
    -0.5578    -1.0580    -0.8858    -0.0530
    -0.4155    -1.0580    -0.9661    -0.2034
    -0.3444    -1.1859    -1.0553    -0.3633
    -0.1932    -1.2407    -1.0553    -0.4949
    -0.1132    -1.2407    -1.1445    -0.6359
     0.0380    -1.2863    -1.1713    -0.7299
     0.0913    -1.3502    -1.2427    -0.8803
     0.2691    -1.3137    -1.2248    -1.0588
     0.4113    -1.3091    -1.2427    -1.1340
     0.5447    -1.3046    -1.2427    -1.2749
     0.6158    -1.2954    -1.2605    -1.3501
     0.7046    -1.2863    -1.2337    -1.4347
     0.8468    -1.2680    -1.1624    -1.5662
     0.9890    -1.2407    -1.0821    -1.6131
     1.0157    -1.0946    -1.0286    -1.6319
     1.0424    -1.1128    -0.9661    -1.6977
     1.1134    -1.0215    -0.8234    -1.7071
     1.0868    -0.9210    -0.7788    -1.7259
     1.0690    -0.8571    -0.6628    -1.7353
     1.1223    -0.7018    -0.5468    -1.6883
     1.1401    -0.6287    -0.4129    -1.6601
     1.1134    -0.5007    -0.3326    -1.5850
     1.0868    -0.4368    -0.1452    -1.6131
     1.0779    -0.2539    -0.0560    -1.5098
     1.1046    -0.1808     0.0869    -1.3971
     1.0601    -0.0711     0.2118    -1.3407
     1.0335     0.1210     0.4082    -1.2280
     0.9713     0.3223     0.5421    -1.0400
     0.9002     0.4138     0.6493    -0.9743
     0.7935     0.5419     0.7654    -0.8615
     0.7046     0.6609     0.8100    -0.6829
     0.5802     0.7707     1.0065    -0.5607
     0.4824     0.8806     1.1136    -0.3821
     0.4113     0.9813     1.1761    -0.2975
     0.2958     1.0729     1.2208    -0.1282
     0.1624     1.0455     1.2655     0.0505
     0.0735     1.0546     1.2922     0.3138
    -0.1043     1.0638     1.3458     0.4361
    -0.1932     1.0546     1.2922     0.5584
    -0.2732     1.0455     1.3012     0.7654
    -0.3888     1.0638     1.2833     0.9065
    -0.5044     1.0821     1.3101     1.1042
    -0.5934     1.0729     1.2922     1.2171
    -0.6378     1.1096     1.3101     1.3583
    -0.7712     1.1554     1.2565     1.4901
    -0.8335     1.1370     1.2476     1.5089
    -0.9046     1.1279     1.2387     1.5372
    -0.9669     1.0546     1.1583     1.5936
    -1.0647     1.0546     1.0511     1.5560
    -1.1359     0.9630     0.9529     1.5936
    -1.1804     0.8531     0.8636     1.5936
    -1.1626     0.7891     0.7743     1.5936
    -1.1982     0.6334     0.6046     1.6031
    -1.2604     0.5236     0.4975     1.5560
    -1.2693     0.3131     0.3725     1.6031
    -1.1982     0.2765     0.2743     1.5560
    -1.1804     0.0387     0.1583     1.5089
    -1.1715    -0.0436     0.0244     1.4995
    -1.1092    -0.1808    -0.1006     1.3959
    -1.0825    -0.3362    -0.2791     1.2265
    -1.0203    -0.4916    -0.3415     1.0665
    -0.9758    -0.5738    -0.5379     0.8877
    -0.9046    -0.6561    -0.6003     0.6901
    -0.8157    -0.7657    -0.6896     0.4737
    -0.6912    -0.8297    -0.8234     0.3044
    -0.5667    -0.9119    -0.8680     0.0975
    -0.5222    -1.0124    -0.9572    -0.1094
    -0.3444    -1.1037    -1.0375    -0.2693
    -0.3355    -1.1859    -1.1178    -0.4103
    -0.1399    -1.1859    -1.1535    -0.5419
    -0.1043    -1.2041    -1.1802    -0.6641
     0.0913    -1.2041    -1.2427    -0.8239
     0.2158    -1.2863    -1.2248    -1.0212
     0.2958    -1.2772    -1.2694    -1.0682
     0.4024    -1.2041    -1.2783    -1.2092
     0.5802    -1.1767    -1.2783    -1.3313
     0.6780    -1.1585    -1.2516    -1.3783
     0.8291    -1.1493    -1.1713    -1.5098
     0.9446    -1.0854    -1.1713    -1.5662
     1.0424    -1.0215    -1.1089    -1.5944
     1.0690    -0.9302    -1.0197    -1.6601
     1.0512    -0.8662    -0.9750    -1.6413
     1.0690    -0.7383    -0.9215    -1.6413
     1.0868    -0.7200    -0.8680    -1.6601
     1.1401    -0.5647    -0.7163    -1.5850
     1.1401    -0.4916    -0.6271    -1.5944
     1.1312    -0.4185    -0.5379    -1.5662
     1.0868    -0.3271    -0.4129    -1.4910
     1.0779    -0.1716    -0.2523    -1.4159
     1.0868    -0.0345    -0.1631    -1.2843
     0.9802     0.1850    -0.0470    -1.1528
     0.9668     0.2491     0.0958    -1.0776
     0.9535     0.3863     0.2297    -1.0118
     0.8202     0.4870     0.4082    -0.8051
     0.7402     0.5785     0.5064    -0.6641
     0.6513     0.7433     0.6225    -0.5325
     0.5713     0.8165     0.7118    -0.4667
     0.3935     0.9264     0.8279    -0.2787
     0.2958     1.0455     1.0065    -0.1282
     0.2424     1.0546     1.0243     0.0411
     0.0824     1.0912     1.1315     0.2574
    -0.0510     1.0729     1.1851     0.4361
    -0.1665     1.1645     1.3012     0.5584
    -0.2466     1.1279     1.3190     0.7277
    -0.3177     1.1462     1.3101     0.9159
    -0.4600     1.1645     1.3101     1.0853
    -0.5845     1.1737     1.3280     1.3018
    -0.6378     1.1004     1.3280     1.4054
    -0.7356     1.1279     1.2922     1.4807
    -0.8424     1.0729     1.3280     1.5842
    -0.8779     1.0912     1.2922     1.5748
    -0.9936     1.1554     1.2476     1.5466
    -1.0291     1.1462     1.2029     1.5936
    -1.1092     1.1370     1.1315     1.5748
    -1.1715     1.1279     1.0958     1.6595
    -1.1626     1.0180     0.9618     1.6595
    -1.2337     0.9356     0.8279     1.6407
    -1.2693     0.8440     0.7475     1.6690
    -1.2337     0.6792     0.6403     1.6219
    -1.2070     0.4870     0.5064     1.6501
    -1.2159     0.4321     0.3457     1.5936
    -1.2159     0.2125     0.1583     1.5842
    -1.1893     0.1485     0.0333     1.5842
    -1.1359    -0.0253    -0.1274     1.5089
    -1.0736    -0.1899    -0.2702     1.3206
    -0.9847    -0.3362    -0.3951     1.1418
    -0.9224    -0.5099    -0.5289     0.9912
    -0.7890    -0.6378    -0.6092     0.8030
    -0.7179    -0.6378    -0.7252     0.5960
    -0.6645    -0.8023    -0.8412     0.4267
    -0.5400    -0.8845    -0.9483     0.1727
    -0.4511    -0.9576    -1.0553    -0.0060
    -0.3088    -1.0215    -1.0732    -0.1376
    -0.2110    -1.1311    -1.1445    -0.3539
    -0.1665    -1.1585    -1.2605    -0.4667
     0.0024    -1.1767    -1.2605    -0.6077
     0.1357    -1.1767    -1.2962    -0.8145
     0.2869    -1.2133    -1.3408    -0.9085
     0.3935    -1.1950    -1.3675    -1.0776
     0.4735    -1.2224    -1.3854    -1.1716
     0.5802    -1.1493    -1.3497    -1.3595
     0.7224    -1.1859    -1.2783    -1.4347
     0.8380    -1.0763    -1.2427    -1.5004
     0.9713    -1.0854    -1.1802    -1.6038
     1.0512    -1.0032    -1.1089    -1.6695
     1.0512    -0.9028    -1.0375    -1.6695
     1.1223    -0.8571    -0.9483    -1.7165
     1.1046    -0.7840    -0.8234    -1.7353
     1.0779    -0.6652    -0.7431    -1.6883
     1.1134    -0.5921    -0.6092    -1.7446
     1.0779    -0.4916    -0.5379    -1.7165
     1.0868    -0.4368    -0.3862    -1.6038
     1.1134    -0.2539    -0.2523    -1.5756
     1.0601    -0.1533    -0.1898    -1.4628
     1.1046     0.0113    -0.0024    -1.3689
     1.0512     0.0844     0.1404    -1.3313
     0.9979     0.2308     0.2832    -1.1904
     0.9890     0.3223     0.4886    -1.0494
     0.8824     0.4870     0.6136    -0.9837
     0.7491     0.5694     0.7028    -0.8051
     0.6780     0.7067     0.8457    -0.6735
     0.5891     0.7616     0.9082    -0.5795
     0.4824     0.9356     1.0690    -0.4009
     0.3935     1.0180     1.1761    -0.2599
     0.2602     1.0821     1.2029    -0.1094
     0.1802     1.0546     1.2744    -0.0060
     0.0291     1.0729     1.2655     0.2292
    -0.0421     1.1462     1.3012     0.3797
    -0.1932     1.1462     1.2922     0.5396
    -0.2821     1.1370     1.3056     0.7466
    -0.3177     1.1370     1.3190     0.8971
    -0.4066     1.1187     1.3369     1.0195
    -0.5667     1.1737     1.2833     1.2077
    -0.6289     1.0821     1.2922     1.3300
    -0.7445     1.1004     1.2744     1.4807
    -0.7801     1.1096     1.3101     1.5560
    -0.8513     1.0912     1.2565     1.6031
    -0.9758     1.0729     1.1583     1.6219
    -1.0114     1.0821     1.0779     1.6219
    -1.0469     1.0180     1.0065     1.6407
    -1.1003     0.8989     0.9172     1.6595
    -1.1626     0.8257     0.7743     1.6125
    -1.1982     0.6243     0.6403     1.6031
    -1.1537     0.5602     0.5511     1.6313
    -1.1359     0.3497     0.4529     1.6219
    -1.1715     0.2399     0.2743     1.6125
    -1.0914     0.1119     0.1940     1.5466
    -1.0380    -0.0619     0.0422     1.4148
    -1.0025    -0.2174    -0.1095     1.2547
    -0.9313    -0.4093    -0.2166     1.1512
    -0.9313    -0.5373    -0.3683     0.9912
    -0.7979    -0.5647    -0.4665     0.7842
    -0.7445    -0.6926    -0.5289     0.6148
    -0.6734    -0.8571    -0.6717     0.4925
    -0.5756    -0.9576    -0.7520     0.2574
    -0.4777    -0.9850    -0.8680     0.1069
    -0.3266    -1.1037    -0.9661    -0.1376
    -0.2732    -1.1585    -1.0107    -0.2975
    -0.1932    -1.2315    -1.0821    -0.3915
    -0.0776    -1.2954    -1.1267    -0.5701
     0.0468    -1.2680    -1.1891    -0.7299
     0.1713    -1.3593    -1.2337    -0.8897
     0.3047    -1.3137    -1.2516    -1.0024
     0.4291    -1.3593    -1.2962    -1.1434
     0.5624    -1.3776    -1.2516    -1.2562
     0.6513    -1.2772    -1.2873    -1.4159
     0.8291    -1.2407    -1.2070    -1.5004
     0.9535    -1.3046    -1.1802    -1.5756
     1.0690    -1.1859    -1.1267    -1.6883
     1.0779    -1.1311    -1.1089    -1.7446
     1.1401    -1.0489    -1.0553    -1.7634
     1.1312    -0.9302    -0.9572    -1.8104
     1.1312    -0.8571    -0.8769    -1.7634
     1.1490    -0.8205    -0.8055    -1.7634
     1.1223    -0.7200    -0.7163    -1.7728
     1.1668    -0.5647    -0.6003    -1.6789
     1.1223    -0.4733    -0.5379    -1.6319
     1.1401    -0.3545    -0.4040    -1.5756
     1.1046    -0.2722    -0.2880    -1.4722
     1.1090    -0.1625    -0.1184    -1.3783
     1.1134     0.0661     0.0065    -1.2843
     1.0868     0.1576     0.1226    -1.1434
     1.0779     0.3040     0.2386    -1.0682
     1.0512     0.4138     0.4439    -0.9179
     0.9446     0.5327     0.5778    -0.8051
     0.8113     0.6792     0.6850    -0.6641
     0.6780     0.7707     0.7564    -0.5137
     0.6247     0.9264     0.8725    -0.3915
     0.5447     0.9630     0.9529    -0.2128
     0.3935     1.0363     1.0868    -0.0624
     0.2869     1.0912     1.1851     0.0787
     0.1802     1.1737     1.2387     0.3044
     0.1091     1.1920     1.2922     0.4737
    -0.0243     1.1279     1.3190     0.5678
    -0.1488     1.1187     1.2922     0.7748
    -0.2377     1.1828     1.2922     0.8877
    -0.2732     1.1370     1.3190     1.0665
    -0.4066     1.1370     1.2833     1.1606
    -0.4689     1.1462     1.3190     1.3583
    -0.6200     1.1737     1.2744     1.4901
    -0.6378     1.1828     1.2833     1.5654
    -0.7090     1.1279     1.2476     1.5748
    -0.7890     1.1004     1.1672     1.6219
    -0.8957     1.0821     1.0243     1.5936
    -0.9135     1.0546     0.9172     1.6501
    -0.9402     0.9722     0.8457     1.6407
    -1.0025     0.8257     0.7207     1.6313
    -1.0469     0.7616     0.5511     1.6784
    -1.0647     0.5327     0.4082     1.6219
    -1.0203     0.4778     0.2565     1.6313
    -0.9847     0.2857     0.1761     1.6031
    -0.9847     0.1485     0.0244     1.5372
    -0.9402    -0.0070    -0.1631     1.4618
    -0.8691    -0.1168    -0.2612     1.3489
    -0.8424    -0.2631    -0.4308     1.2265
    -0.7623    -0.4276    -0.5022     1.0100
    -0.7623    -0.5373    -0.6985     0.8595
    -0.6289    -0.5830    -0.7877     0.6901
    -0.5222    -0.7840    -0.8501     0.4549
    -0.4689    -0.8754    -0.9750     0.3232
    -0.3355    -0.9576    -1.0643     0.1069
    -0.2554    -0.9850    -1.1178    -0.0154
    -0.2377    -1.0398    -1.2337    -0.1940
    -0.1043    -1.0763    -1.2962    -0.3727
     0.0202    -1.2041    -1.3051    -0.5137
     0.1980    -1.2315    -1.3319    -0.6547
     0.2869    -1.2041    -1.3854    -0.8051
     0.4469    -1.2772    -1.3497    -0.9461
     0.5624    -1.2407    -1.3765    -1.0494
     0.6958    -1.1950    -1.3319    -1.1528
     0.7669    -1.2407    -1.3229    -1.2937
     0.9002    -1.1493    -1.2873    -1.3783
     1.0246    -1.1037    -1.1891    -1.4628
     1.1223    -1.1402    -1.1356    -1.5662
     1.1490    -1.0580    -1.0286    -1.5850
     1.1134    -0.9758    -0.9572    -1.6413
     1.1490    -0.9210    -0.8412    -1.6789
     1.1490    -0.8297    -0.7431    -1.6225
     1.1845    -0.7475    -0.6896    -1.6131
     1.1579    -0.5830    -0.6092    -1.6413
     1.1401    -0.5556    -0.4219    -1.5474
     1.1312    -0.4185    -0.3237    -1.5098
     1.2023    -0.3271    -0.1988    -1.4910
     1.1845    -0.1625    -0.0827    -1.3783
     1.1490    -0.0893     0.0779    -1.3125
     1.1845     0.0844     0.2207    -1.1998
     1.0868     0.2582     0.3189    -1.1058
     1.0868     0.3955     0.4796    -0.9743
     1.0246     0.5144     0.6314    -0.8427
     0.8468     0.6243     0.7296    -0.7111
     0.7935     0.6700     0.8546    -0.6077
     0.6335     0.8074     1.0065    -0.4667
     0.5447     0.9722     1.0600    -0.2975
     0.4202     1.1096     1.2119    -0.1564
     0.2958     1.0912     1.2744    -0.0154
     0.2869     1.1828     1.2744     0.1445
     0.1002     1.2012     1.3458     0.3326
    -0.0154     1.1462     1.3637     0.4549
    -0.0687     1.1920     1.3280     0.6242
    -0.1488     1.1737     1.3190     0.8124
    -0.2466     1.1737     1.3369     0.9630
    -0.4066     1.1645     1.3726     1.0947
    -0.5044     1.1737     1.3458     1.2830
    -0.6378     1.2195     1.3101     1.3865
    -0.6912     1.1828     1.3548     1.5089
    -0.7623     1.2195     1.3012     1.5842
    -0.8691     1.1462     1.3458     1.6125
    -0.9669     1.1187     1.3190     1.6031
    -0.9758     1.1096     1.2119     1.6407
    -1.0469     1.1004     1.1583     1.6784
    -1.1270     0.9722     1.0511     1.6878
    -1.1270     0.9081     0.9082     1.6501
    -1.1270     0.7067     0.7743     1.7066
    -1.1359     0.6517     0.6493     1.6501
    -1.1893     0.5144     0.5243     1.6501
    -1.1982     0.3863     0.4171     1.6690
    -1.1270     0.1759     0.2386     1.5842
    -1.1359     0.0113     0.1047     1.4807
    -1.0647    -0.0893    -0.0470     1.3865
    -0.9580    -0.2905    -0.1898     1.2265
    -0.9046    -0.3362    -0.3058     0.9818
    -0.8779    -0.5099    -0.4843     0.8689
    -0.7356    -0.6104    -0.5825     0.6525
    -0.6378    -0.7566    -0.7342     0.4737
    -0.6111    -0.8754    -0.8055     0.2856
    -0.5044    -0.8571    -0.9394     0.0881
    -0.4244    -0.9850    -1.0197    -0.0812
    -0.2821    -1.0672    -1.0821    -0.2316
    -0.2288    -1.0946    -1.1802    -0.4197
    -0.1399    -1.2133    -1.2605    -0.5419
     0.0024    -1.2407    -1.2873    -0.7111
     0.1446    -1.2772    -1.3675    -0.8615
     0.3047    -1.2772    -1.3765    -0.9743
     0.4202    -1.2680    -1.3943    -1.1340
     0.4913    -1.3593    -1.4567    -1.2468
     0.6691    -1.3137    -1.4300    -1.3219
     0.7935    -1.2133    -1.3765    -1.4722
     0.8913    -1.2224    -1.4032    -1.5192
     1.0424    -1.1128    -1.3319    -1.6038
     1.0868    -1.1311    -1.2159    -1.6883
     1.0957    -1.0306    -1.1624    -1.6601
     1.1757    -0.9302    -1.0910    -1.7446
     1.2112    -0.8662    -0.9483    -1.7071
     1.1934    -0.7566    -0.8858    -1.7259
     1.1934    -0.6469    -0.7699    -1.6601
     1.1757    -0.5647    -0.6360    -1.6131
     1.2112    -0.4733    -0.5200    -1.6225
     1.1845    -0.3728    -0.3505    -1.5380
     1.2023    -0.2448    -0.2255    -1.4722
     1.1668    -0.1442    -0.0649    -1.4347
     1.1223     0.0295     0.0601    -1.3407
     1.1134     0.1942     0.1940    -1.1904
     1.0424     0.2857     0.3457    -1.0964
     0.9179     0.4870     0.4886    -0.9179
     0.8735     0.5968     0.5778    -0.7769
     0.7491     0.6334     0.7564    -0.6923
     0.6869     0.7707     0.8546    -0.5419
     0.5891     0.8898     1.0154    -0.3915
     0.5091     1.0180     1.0779    -0.2881
     0.3847     1.0912     1.1583    -0.1094
     0.2691     1.1279     1.2833     0.0881
     0.1091     1.1645     1.3369     0.2574
     0.0024     1.1828     1.3548     0.4173
    -0.0510     1.1828     1.3012     0.5772
    -0.1488     1.1828     1.3280     0.7936
    -0.3177     1.1554     1.3816     0.9253
    -0.3977     1.1554     1.3726     1.0759
    -0.5044     1.2012     1.3458     1.2265
    -0.5756     1.2012     1.3458     1.4054
    -0.7268     1.1645     1.3190     1.5277
    -0.7801     1.1737     1.3280     1.6501
    -0.8424     1.1737     1.2476     1.6501
    -0.9135     1.1462     1.1672     1.7066
    -1.0203     1.1004     1.0958     1.7160
    -1.0558     1.0271     1.0332     1.7160
    -1.0914     0.9722     0.9261     1.6972
    -1.0736     0.8623     0.8457     1.6878
    -1.1270     0.6609     0.7564     1.6878
    -1.1537     0.5877     0.6225     1.6972
    -1.1893     0.4504     0.4618     1.6878
    -1.0825     0.3406     0.3814     1.7160
    -1.0914     0.1759     0.2475     1.6031
    -1.0469    -0.0070     0.1493     1.5560
    -1.0647    -0.1076    -0.0381     1.4336
    -0.9669    -0.2996    -0.1631     1.2359
    -0.8513    -0.4093    -0.2166     1.1324
    -0.8335    -0.4642    -0.3862     0.9253
    -0.7356    -0.5830    -0.4665     0.7748
    -0.6378    -0.6652    -0.6003     0.6525
    -0.5756    -0.8114    -0.6896     0.4831
    -0.4422    -0.8845    -0.7699     0.2668
    -0.3533    -0.9941    -0.8680     0.0787
    -0.2199    -1.0124    -0.8948    -0.0718
    -0.1576    -1.0672    -0.9572    -0.2034
    -0.0154    -1.1767    -1.0286    -0.3915
     0.1002    -1.1585    -1.1089    -0.4761
     0.1802    -1.1767    -1.1356    -0.6077
     0.3402    -1.2224    -1.1445    -0.7769
     0.4291    -1.1767    -1.1802    -0.8709
     0.5802    -1.1585    -1.2248    -0.9743
     0.6691    -1.2041    -1.2070    -1.1528
     0.7757    -1.1037    -1.1535    -1.1998
     0.9179    -1.1037    -1.1356    -1.3407
     1.0779    -1.0215    -1.1267    -1.4159
     1.1579    -0.9119    -1.0464    -1.4253
     1.1668    -0.8845    -0.9661    -1.5380
     1.1757    -0.7657    -0.8948    -1.5380
     1.2023    -0.6926    -0.8323    -1.5286
     1.2112    -0.5464    -0.7252    -1.5568
     1.2156    -0.4642    -0.5914    -1.5474
     1.2201    -0.4002    -0.5200    -1.4816
     1.2290    -0.2356    -0.4040    -1.4534
     1.2290    -0.1991    -0.2702    -1.3877
     1.2201    -0.0436    -0.1541    -1.3219
     1.1668     0.1119    -0.0470    -1.2468
     1.1757     0.2399     0.1940    -1.1904
     1.1401     0.3955     0.2743    -1.0776
     1.0779     0.5511     0.4796    -0.9179
     0.9979     0.6243     0.5689    -0.7957
     0.8646     0.7067     0.7296    -0.6735
     0.7669     0.8715     0.8189    -0.5325
     0.6780     0.9356     0.9350    -0.4197
     0.5713     1.0455     1.0600    -0.2975
     0.5002     1.1370     1.2119    -0.1846
     0.4202     1.1828     1.3012     0.0411
     0.2513     1.1645     1.3012     0.1727
     0.1713     1.1554     1.3458     0.3138
     0.0646     1.1462     1.3726     0.5396
    -0.0332     1.2561     1.3994     0.6337
    -0.1932     1.2470     1.3458     0.7842
    -0.2910     1.2012     1.3816     0.9912
    -0.4066     1.1737     1.3190     1.0947
    -0.4511     1.1920     1.3101     1.1983
    -0.5667     1.2378     1.3280     1.3771
    -0.6734     1.2286     1.3369     1.4242
    -0.7001     1.2286     1.3280     1.5183
    -0.7890     1.2012     1.3190     1.6125
    -0.9135     1.2286     1.1672     1.6219
    -0.9847     1.1370     1.1404     1.6972
    -1.0291     1.0912     1.0422     1.6690
    -1.0203     0.9722     0.8993     1.6690
    -1.0647     0.8440     0.8011     1.6690
    -1.0914     0.7707     0.6582     1.7066
    -1.1537     0.5511     0.5957     1.6784
    -1.1359     0.4595     0.4439     1.6313
    -1.1003     0.2765     0.2743     1.5372
    -1.1181     0.1485     0.1583     1.5183
    -1.1092    -0.0162     0.0333     1.3489
    -1.0736    -0.1442    -0.0738     1.2642
    -1.0025    -0.3728    -0.2166     1.0477
    -0.9224    -0.4093    -0.3594     0.9630
    -0.8868    -0.5099    -0.4397     0.7654
    -0.7712    -0.6378    -0.5289     0.5866
    -0.7268    -0.8114    -0.6182     0.4643
    -0.6289    -0.8754    -0.7431     0.2386
    -0.5133    -0.9576    -0.8948     0.0693
    -0.3710    -1.1128    -0.9037    -0.1282
    -0.2732    -1.1402    -0.9394    -0.2599
    -0.2288    -1.1950    -1.0553    -0.3821
    -0.1310    -1.2863    -1.1089    -0.6171
     0.0291    -1.2954    -1.1356    -0.7299
     0.0824    -1.3593    -1.1535    -0.8615
     0.2958    -1.3319    -1.1802    -1.0118
     0.3758    -1.3228    -1.2337    -1.0964
     0.4913    -1.3593    -1.2248    -1.2655
     0.6158    -1.3411    -1.1981    -1.3783
     0.7491    -1.2680    -1.1713    -1.4441
     0.7669    -1.1767    -1.1267    -1.5004
     0.9802    -1.1493    -1.0643    -1.5850
     1.0424    -1.0398    -0.9929    -1.5944
     1.1312    -1.0215    -0.9572    -1.6695
     1.1490    -0.9393    -0.8680    -1.6789
     1.1757    -0.7840    -0.7609    -1.6131
     1.1668    -0.7292    -0.6449    -1.6413
     1.2379    -0.5921    -0.6003    -1.5756
     1.2201    -0.5464    -0.4397    -1.5286
     1.2290    -0.3728    -0.3326    -1.4816
     1.2201    -0.3088    -0.2077    -1.3689
     1.2201    -0.1808    -0.1095    -1.2655
     1.1845     0.0204    -0.0024    -1.2092
     1.1757     0.1576     0.2118    -1.0494
     1.0601     0.3314     0.2743    -0.9930
     1.0157     0.4595     0.4439    -0.8615
     0.9624     0.4870     0.6046    -0.7675
     0.8824     0.7158     0.7564    -0.6171
     0.7757     0.7799     0.8636    -0.5043
     0.6513     0.9081     0.9707    -0.3257
     0.5269     1.0271     1.0690    -0.2222
     0.4735     1.1004     1.2119    -0.0812
     0.3313     1.2195     1.2655     0.0787
     0.2158     1.2332     1.3101     0.2386
     0.0913     1.2470     1.3280     0.4549
    -0.0332     1.2378     1.3458     0.6054
    -0.0598     1.2561     1.3548     0.7560
    -0.1932     1.2103     1.3548     0.8595
    -0.2999     1.2470     1.4173     1.0665
    -0.3888     1.2286     1.3726     1.2171
    -0.5133     1.2470     1.3905     1.3583
    -0.6200     1.2378     1.3726     1.4807
    -0.6734     1.2470     1.3458     1.6313
    -0.7801     1.2378     1.3726     1.6784
    -0.8335     1.2561     1.3101     1.7066
    -0.8957     1.2515     1.2476     1.7255
    -0.9758     1.2470     1.1940     1.6972
    -1.0291     1.2103     1.0511     1.6972
    -1.1092     1.1462     0.9439     1.7255
    -1.1448     0.9813     0.7832     1.7160
    -1.1181     0.8898     0.7118     1.7255
    -1.1448     0.7067     0.5868     1.6878
    -1.1715     0.5968     0.4529     1.6878
    -1.1270     0.4138     0.2654     1.6878
    -1.0825     0.3314     0.1493     1.6313
    -1.0380     0.1393     0.0244     1.5183
    -1.0025    -0.0345    -0.1184     1.3959
    -0.9669    -0.1991    -0.2702     1.2453
    -0.8868    -0.2539    -0.4040     1.1136
    -0.8691    -0.3819    -0.5468     0.9159
    -0.6912    -0.5373    -0.5914     0.6619
    -0.6289    -0.6744    -0.6985     0.5302
    -0.5756    -0.7566    -0.8234     0.3138
    -0.4422    -0.8754    -0.8769     0.1727
    -0.3533    -0.9758    -1.0107    -0.0342
    -0.2732    -1.0215    -1.0821    -0.2034
    -0.1488    -1.1402    -1.1356    -0.3633
    -0.0510    -1.1950    -1.2248    -0.5043
     0.1446    -1.1950    -1.2248    -0.6359
     0.2691    -1.2863    -1.2248    -0.8145
     0.3491    -1.2954    -1.2427    -0.9649
     0.4735    -1.2589    -1.2783    -1.0588
     0.5891    -1.3046    -1.2694    -1.2092
     0.7757    -1.2863    -1.1981    -1.3407
     0.8735    -1.1859    -1.1713    -1.3783
     0.9624    -1.2133    -1.1802    -1.5286
     1.0690    -1.0946    -1.1089    -1.5474
     1.1934    -1.0306    -1.0107    -1.6038
     1.1668    -0.9302    -0.9661    -1.6695
     1.1757    -0.9210    -0.9037    -1.7353
     1.2467    -0.8297    -0.7966    -1.7071
     1.2467    -0.7657    -0.6717    -1.7259
     1.2556    -0.5921    -0.6271    -1.6601
     1.2290    -0.5647    -0.4932    -1.6131
     1.2201    -0.4825    -0.3594    -1.6225
     1.2467    -0.3362    -0.2791    -1.5474
     1.2201    -0.2082    -0.1184    -1.4722
     1.2467    -0.0802    -0.0024    -1.3689
     1.1757    -0.0070     0.1761    -1.2562
     1.1845     0.1668     0.3189    -1.1810
     1.2023     0.2857     0.4171    -1.0494
     1.1579     0.4870     0.5778    -0.8803
     1.0512     0.5327     0.7207    -0.7957
     0.9179     0.7158     0.7743    -0.6359
     0.8024     0.7616     0.8636    -0.4855
     0.7491     0.9630     1.0511    -0.3539
     0.6069     1.0546     1.1136    -0.2222
     0.5002     1.0912     1.2208    -0.0248
     0.3935     1.1096     1.3012     0.1633
     0.2869     1.1325     1.3458     0.3232
     0.2158     1.1554     1.3816     0.4737
     0.1002     1.2653     1.3548     0.6901
    -0.0332     1.2012     1.3548     0.8030
    -0.1132     1.2195     1.3548     1.0195
    -0.2999     1.2286     1.4084     1.1794
    -0.3799     1.2745     1.3816     1.2924
    -0.4600     1.2745     1.3905     1.4336
    -0.5934     1.2470     1.3905     1.6031
    -0.6823     1.2286     1.3548     1.6219
    -0.7712     1.2195     1.3190     1.7160
    -0.8513     1.1920     1.2922     1.7066
    -0.8779     1.2103     1.2476     1.7160
    -0.9847     1.1004     1.0868     1.7443
    -1.0558     1.0180     0.9707     1.7160
    -1.0380     0.8989     0.8725     1.7349
    -1.0469     0.7341     0.7743     1.7537
    -1.1003     0.6792     0.5957     1.6972
    -1.1092     0.4961     0.4707     1.7160
    -1.1092     0.4229     0.3100     1.6595
    -1.0203     0.2125     0.1940     1.5936
    -1.0380     0.1393     0.0154     1.5654
    -1.0114    -0.0711    -0.1006     1.4054
    -0.9847    -0.2265    -0.1988     1.2830
    -0.8513    -0.3819    -0.3415     1.1230
    -0.7890    -0.4093    -0.4665     0.9348
    -0.6912    -0.5373    -0.5825     0.8030
    -0.6734    -0.6561    -0.6449     0.6337
    -0.5934    -0.7200    -0.7788     0.3891
    -0.4511    -0.9028    -0.8234     0.1821
    -0.3355    -0.9028    -0.9215     0.0034
    -0.2554    -1.0398    -0.9750    -0.1752
    -0.1754    -1.0672    -1.0643    -0.3351
    -0.0421    -1.1037    -1.0910    -0.5043
     0.1002    -1.2589    -1.1089    -0.6265
     0.2246    -1.2407    -1.1312    -0.7581
     0.3313    -1.2589    -1.1535    -0.9837
     0.4380    -1.2224    -1.2070    -1.0682
     0.5358    -1.2041    -1.1891    -1.2092
     0.6869    -1.2224    -1.1445    -1.2937
     0.8291    -1.1676    -1.0910    -1.3877
     0.9535    -1.1493    -1.1089    -1.4628
     1.0335    -1.0489    -1.0464    -1.5662
     1.1845    -0.9941    -0.9572    -1.6225
     1.1934    -1.0032    -0.8858    -1.6413
     1.2201    -0.8754    -0.8412    -1.6507
     1.2201    -0.8205    -0.7520    -1.6883
     1.1934    -0.7018    -0.6896    -1.6883
     1.1934    -0.6469    -0.5825    -1.6225
     1.2112    -0.4916    -0.5289    -1.6225
     1.2734    -0.4733    -0.3505    -1.5286
     1.2290    -0.2996    -0.2969    -1.5004
     1.2201    -0.2448    -0.1631    -1.3971
     1.1934    -0.0711    -0.0381    -1.2937
     1.2467     0.0753     0.1047    -1.2655
     1.2112     0.2033     0.2029    -1.1528
     1.1401     0.3589     0.3993    -1.0118
     1.1046     0.5053     0.5154    -0.9461
     0.9979     0.5419     0.6493    -0.7299
     0.9624     0.6884     0.7028    -0.6171
     0.8202     0.8623     0.8546    -0.5231
     0.7580     0.9447     0.9172    -0.4009
     0.5980     1.0455     1.0332    -0.2411
     0.5269     1.1187     1.1226    -0.1094
     0.4647     1.2103     1.2297     0.1257
     0.3491     1.1828     1.3190     0.2480
     0.2335     1.2470     1.3280     0.4079
     0.1180     1.2378     1.3637     0.6431
    -0.0065     1.2836     1.3726     0.7560
    -0.0954     1.2470     1.3458     0.9442
    -0.2021     1.2745     1.3190     1.1512
    -0.3177     1.2286     1.3726     1.2547
    -0.3888     1.2470     1.3369     1.4242
    -0.4511     1.2286     1.3190     1.5748
    -0.5311     1.2561     1.2655     1.6407
    -0.6378     1.2103     1.2297     1.7349
    -0.7623     1.2653     1.1851     1.7490
    -0.8157     1.1737     1.0779     1.7631
    -0.8779     1.1920     0.9261     1.7160
    -0.8868     1.0455     0.8279     1.7725
    -0.9224     0.9905     0.7118     1.7725
    -0.9402     0.7707     0.6046     1.7066
    -0.9758     0.7067     0.4529     1.7443
    -0.9580     0.5785     0.3189     1.7066
    -0.9046     0.4229     0.2029     1.6878
    -0.8602     0.2491     0.0779     1.6784
    -0.8691     0.1576    -0.0917     1.5560
    -0.7890    -0.0162    -0.1988     1.4336
    -0.7179    -0.1808    -0.2969     1.3395
    -0.6912    -0.3088    -0.4754     1.1324
    -0.6289    -0.4368    -0.5736     1.0006
    -0.5400    -0.5099    -0.6271     0.8501
    -0.4155    -0.6835    -0.7699     0.6148
    -0.3266    -0.6926    -0.8680     0.4831
    -0.2910    -0.8023    -0.9215     0.3232
    -0.1754    -0.8845    -1.0107     0.1163
    -0.0954    -0.9576    -1.0999    -0.0530
     0.0202    -1.0580    -1.1089    -0.2316
     0.1535    -1.1037    -1.1445    -0.3633
     0.2246    -1.1676    -1.1981    -0.5325
     0.3402    -1.2224    -1.2159    -0.7299
     0.4291    -1.1859    -1.2159    -0.8145
     0.6247    -1.2041    -1.2248    -0.9461
     0.7313    -1.2133    -1.1981    -1.1246
     0.7935    -1.1767    -1.1891    -1.2280
     0.9002    -1.1037    -1.1178    -1.3689
     1.0424    -1.1037    -1.0821    -1.4347
     1.1223    -0.9941    -1.0107    -1.5474
     1.1401    -1.0032    -0.9661    -1.5944
     1.2201    -0.9393    -0.9304    -1.6413
     1.2556    -0.8479    -0.8412    -1.7165
     1.2379    -0.7200    -0.7788    -1.6977
     1.2112    -0.6378    -0.6539    -1.6883
     1.2201    -0.6195    -0.5825    -1.6695
     1.2645    -0.5281    -0.4308    -1.6131
     1.2379    -0.3728    -0.3683    -1.5380
     1.1934    -0.3362    -0.2523    -1.5192
     1.1934    -0.1351    -0.1363    -1.3877
     1.2201    -0.0893     0.0512    -1.3313
     1.1668     0.0661     0.1583    -1.2186
     1.1490     0.2216     0.2654    -1.0682
     1.0512     0.4046     0.4261    -1.0024
     1.0246     0.5053     0.5154    -0.8709
     0.8824     0.6243     0.6761    -0.6735
     0.8113     0.7067     0.7475    -0.6077
     0.6513     0.8348     0.8814    -0.4761
     0.5624     1.0180     0.9439    -0.2787
     0.4824     1.0729     1.0600    -0.1940
     0.3580     1.2103     1.1583    -0.0436
     0.1891     1.1737     1.2387     0.1539
     0.0913     1.2286     1.3101     0.3044
    -0.0421     1.2286     1.3190     0.5208
    -0.0954     1.2653     1.3905     0.6148
    -0.1665     1.2286     1.4084     0.8030
    -0.2910     1.2241     1.3905     1.0006
    -0.4066     1.2195     1.3458     1.1230
    -0.5400     1.3019     1.3369     1.3300
    -0.5934     1.2653     1.3235     1.4807
    -0.6912     1.2286     1.3101     1.6031
    -0.8068     1.2012     1.3190     1.6595
    -0.8513     1.2286     1.2387     1.6595
    -1.0114     1.2195     1.1404     1.7160
    -0.9758     1.2286     1.0332     1.7631
    -1.0647     1.1462     0.9082     1.7349
    -1.0825     1.1187     0.8546     1.7631
    -1.1181     1.0180     0.6939     1.7537
    -1.1181     0.8257     0.5957     1.7678
    -1.1448     0.6609     0.4439     1.7819
    -1.1537     0.5785     0.3100     1.7349
    -1.1448     0.5144     0.1672     1.6972
    -1.1270     0.3040    -0.0203     1.7066
    -1.0203     0.2125    -0.0738     1.6407
    -0.9669    -0.0070    -0.2255     1.4713
    -0.9224    -0.0802    -0.3594     1.3771
    -0.8868    -0.2631    -0.4129     1.1889
    -0.7534    -0.3819    -0.5646     0.9818
    -0.7090    -0.5007    -0.6360     0.7654
    -0.6111    -0.5464    -0.7609     0.6337
    -0.5667    -0.6835    -0.8055     0.4455
    -0.4600    -0.8114    -0.9304     0.2950
    -0.3622    -0.8571    -0.9750     0.1069
    -0.2466    -0.9850    -1.0464    -0.0906
    -0.1399    -0.9941    -1.1089    -0.2034
    -0.0243    -1.0398    -1.1089    -0.3727
     0.0646    -1.0946    -1.1222    -0.4855
     0.2780    -1.1950    -1.1356    -0.6641
     0.4024    -1.1950    -1.1891    -0.8239
     0.4647    -1.1859    -1.1356    -0.9649
     0.5713    -1.1676    -1.1178    -1.0588
     0.6780    -1.1402    -1.1178    -1.1998
     0.7846    -1.1311    -1.0643    -1.3219
     0.9624    -1.0672    -1.0732    -1.4253
     1.0779    -1.0124    -0.9483    -1.5004
     1.2023    -0.9850    -0.9037    -1.6038
     1.1934    -0.9119    -0.8769    -1.6601
     1.2379    -0.7566    -0.7609    -1.6601
     1.2734    -0.7475    -0.6449    -1.7071
     1.2734    -0.6013    -0.5825    -1.7165
     1.2201    -0.5099    -0.5022    -1.6601
     1.2734    -0.4733    -0.3415    -1.6413
     1.2290    -0.3271    -0.2345    -1.5944
     1.2290    -0.2356    -0.1631    -1.5380
     1.2645    -0.1076    -0.0381    -1.5004
     1.2512    -0.0162     0.1583    -1.3971
     1.2379     0.0478     0.2297    -1.2749
     1.2201     0.2765     0.3636    -1.1810
     1.1046     0.3497     0.5600    -1.0682
     1.0601     0.5236     0.6225    -0.9461
     0.9091     0.5877     0.7654    -0.8051
     0.8735     0.7158     0.8546    -0.5983
     0.7402     0.8440     0.9618    -0.5043
     0.6247     0.9447     1.0779    -0.3821
     0.5269     0.9997     1.1851    -0.1658
     0.3935     1.1828     1.2476    -0.0436
     0.3402     1.2286     1.3548     0.1445
     0.2069     1.2286     1.3548     0.3797
     0.0646     1.2561     1.3548     0.5302
    -0.0687     1.2286     1.4173     0.6807
    -0.1754     1.2928     1.4262     0.8971
    -0.2110     1.2561     1.3994     1.0477
    -0.3444     1.2378     1.3994     1.1889
    -0.4333     1.2928     1.3726     1.3489
    -0.5044     1.2378     1.3905     1.5277
    -0.5756     1.2561     1.3726     1.6031
    -0.6645     1.2836     1.3548     1.6972
    -0.8246     1.2836     1.2922     1.7349
    -0.8691     1.1737     1.2476     1.7160
    -0.9046     1.2012     1.1404     1.7349
    -0.9847     1.0912     0.9797     1.7631
    -1.0558     1.0729     0.8725     1.7443
    -1.0736     0.9081     0.8100     1.7631
    -1.1181     0.8348     0.6493     1.7725
    -1.1181     0.6517     0.5243     1.7255
    -1.1092     0.4961     0.3725     1.7537
    -1.0825     0.4504     0.2029     1.7160
    -1.0114     0.2491     0.0244     1.7066
    -0.9580     0.2033    -0.0917     1.7160
    -0.9313    -0.0345    -0.1898     1.6031
    -0.8868    -0.0893    -0.3415     1.5372
    -0.8157    -0.2905    -0.4843     1.3583
    -0.6912    -0.3453    -0.5557     1.1324
    -0.6200    -0.5099    -0.6360     1.0100
    -0.5222    -0.5647    -0.7609     0.7654
    -0.5133    -0.6652    -0.8323     0.5584
    -0.4155    -0.8023    -0.9126     0.4173
    -0.2999    -0.8023    -0.9840     0.1915
    -0.1932    -0.9850    -1.0732     0.0222
    -0.0598    -1.0398    -1.1089    -0.1564
     0.0202    -1.0306    -1.1713    -0.3539
     0.2069    -1.1219    -1.1713    -0.5419
     0.3135    -1.1219    -1.1891    -0.5983
     0.4558    -1.1311    -1.2605    -0.8051
     0.6158    -1.0672    -1.2516    -0.8897
     0.6869    -1.0946    -1.2337    -1.0400
     0.8024    -1.1037    -1.1713    -1.2280
     0.9446    -0.9758    -1.1624    -1.2562
     1.0424    -0.9210    -1.0643    -1.3595
     1.1757    -0.9028    -1.0018    -1.4816
     1.2112    -0.8754    -0.9572    -1.5756
     1.2645    -0.7657    -0.8591    -1.6131
     1.2201    -0.6926    -0.8145    -1.6319
     1.2734    -0.6469    -0.6628    -1.6883
     1.2734    -0.5281    -0.6003    -1.6883
     1.2467    -0.4368    -0.5022    -1.6601
     1.2379    -0.4368    -0.3683    -1.6789
     1.2290    -0.2631    -0.2345    -1.6225
     1.2734    -0.2356    -0.1720    -1.5568
     1.2823    -0.0528    -0.0292    -1.5474
     1.2734    -0.0253     0.1493    -1.4534
     1.2290     0.1942     0.2922    -1.3877
     1.1934     0.2399     0.3725    -1.2843
     1.1934     0.4229     0.5332    -1.1246
     1.1490     0.4595     0.6939    -1.0494
     1.0335     0.6334     0.7832    -0.9085
     0.8646     0.7524     0.8814    -0.7393
     0.7757     0.8531     0.9797    -0.6265
     0.6958     0.9264     1.1315    -0.4667
     0.5802     1.0271     1.1851    -0.2693
     0.4913     1.1004     1.2744    -0.1752
     0.3313     1.1462     1.3816     0.0316
     0.2335     1.1920     1.3994     0.1727
     0.1002     1.2745     1.4262     0.3797
    -0.0243     1.2470     1.3816     0.5302
    -0.0865     1.2286     1.4352     0.7089
    -0.1932     1.2745     1.4173     0.8877
    -0.2732     1.2745     1.4352     1.0289
    -0.4511     1.2561     1.4084     1.1700
    -0.5489     1.2286     1.4173     1.3865
    -0.6823     1.2836     1.3816     1.4713
    -0.7445     1.2745     1.3994     1.5842
    -0.7979     1.2195     1.3548     1.7066
    -0.9313     1.1279     1.3190     1.6878
    -1.0114     1.0912     1.2208     1.7537
    -1.0647     0.9813     1.0600     1.7349
    -1.0736     0.8898     0.9707     1.7349
    -1.1003     0.7250     0.8546     1.7631
    -1.1626     0.6243     0.6939     1.7349
    -1.1448     0.5602     0.5957     1.7349
    -1.1715     0.4138     0.4350     1.7537
    -1.1715     0.2399     0.2475     1.7537
    -1.1003     0.1119     0.1047     1.7066
    -1.0736     0.0113     0.0333     1.6595
    -1.0203    -0.1442    -0.1184     1.5560
    -0.9313    -0.3453    -0.2345     1.4148
    -0.8779    -0.3362    -0.3237     1.3018
    -0.8335    -0.5007    -0.4754     1.1042
    -0.7445    -0.5556    -0.5468     0.9348
    -0.6289    -0.6378    -0.6449     0.7842
    -0.5311    -0.7749    -0.7342     0.5584
    -0.4777    -0.8114    -0.8948     0.3985
    -0.3799    -0.9119    -0.9483     0.1539
    -0.2910    -0.9758    -0.9661    -0.0154
    -0.1576    -0.9941    -1.0286    -0.1376
    -0.0243    -1.1402    -1.0999    -0.3351
     0.1091    -1.0854    -1.1267    -0.4197
     0.2246    -1.0763    -1.1624    -0.6265
     0.3313    -1.1219    -1.1624    -0.7581
     0.5002    -1.1219    -1.1178    -0.8521
     0.5891    -1.0489    -1.1089    -1.0306
     0.7491    -1.0032    -1.1089    -1.1528
     0.8291    -1.0398    -1.0464    -1.2186
     0.9890    -1.0032    -1.0018    -1.3313
     1.0868    -0.8571    -0.9126    -1.4628
     1.2201    -0.8479    -0.8680    -1.4534
     1.2112    -0.7931    -0.7074    -1.5192
     1.2290    -0.6652    -0.6271    -1.5944
     1.2379    -0.5921    -0.5914    -1.5850
     1.2912    -0.4825    -0.4486    -1.5991
     1.3001    -0.4276    -0.3326    -1.6131
     1.2467    -0.3728    -0.2702    -1.5756
     1.2290    -0.2265    -0.1363    -1.5662
     1.2734    -0.1533    -0.0024    -1.5474
     1.2645    -0.0528     0.1047    -1.4534
     1.2912     0.0478     0.2297    -1.4159
     1.2556     0.2033     0.3636    -1.2749
     1.1845     0.3131     0.5332    -1.1810
     1.1401     0.4961     0.6046    -1.1246
     1.1134     0.5236     0.7296    -0.9555
     1.0068     0.6243     0.8546    -0.8427
     0.8913     0.7707     0.9618    -0.7769
     0.7669     0.8623     1.0511    -0.5701
     0.6691     0.9722     1.1672    -0.4573
     0.6158     1.0638     1.2744    -0.3163
     0.4735     1.2103     1.3012    -0.1188
     0.3224     1.2286     1.3458     0.0034
     0.1446     1.2561     1.3994     0.2009
     0.0468     1.2470     1.3994     0.4361
    -0.0421     1.2653     1.3726     0.5396
    -0.1043     1.3019     1.4352     0.7466
    -0.2466     1.2653     1.3994     0.9442
    -0.3355     1.2836     1.4084     1.0665
    -0.4422     1.2653     1.3816     1.2736
    -0.4955     1.2745     1.4262     1.4148
    -0.5934     1.2561     1.3905     1.5089
    -0.6912     1.2928     1.3637     1.6501
    -0.7801     1.2653     1.3637     1.7255
    -0.8779     1.2378     1.3190     1.7631
    -0.9491     1.0912     1.1583     1.7725
    -1.0380     0.9630     1.0868     1.7631
    -1.0380     0.8898     0.9350     1.8102
    -1.0914     0.7982     0.7921     1.7819
    -1.0825     0.6700     0.6850     1.7914
    -1.0736     0.5602     0.5064     1.7631
    -1.1181     0.4504     0.3814     1.7725
    -1.0291     0.2857     0.2029     1.7537
    -1.0558     0.1485     0.1136     1.7537
    -1.0114    -0.0253    -0.0470     1.6784
    -0.9402    -0.1259    -0.2077     1.6501
    -0.8424    -0.2905    -0.2880     1.5277
    -0.7890    -0.4002    -0.3951     1.3395
    -0.6823    -0.5190    -0.5111     1.2171
    -0.6734    -0.6104    -0.6449     1.0383
    -0.6022    -0.6287    -0.7252     0.7936
    -0.4422    -0.7749    -0.7966     0.6525
    -0.3799    -0.8754    -0.9483     0.4173
    -0.2377    -0.9302    -0.9840     0.2762
    -0.1754    -1.0032    -0.9929     0.0787
    -0.0421    -1.0489    -1.1267    -0.1094
     0.0824    -1.0672    -1.1356    -0.2222
     0.2602    -1.0946    -1.1535    -0.3727
     0.3669    -1.0672    -1.1891    -0.5231
     0.5091    -1.0398    -1.2337    -0.6265
     0.6691    -1.0580    -1.2248    -0.7581
     0.7135    -1.0215    -1.1445    -0.8897
     0.9002    -0.9941    -1.1535    -0.9930
     1.0068    -0.9119    -1.0821    -1.1904
     1.1046    -0.8845    -1.0732    -1.2562
     1.2201    -0.8205    -0.9840    -1.3219
     1.2556    -0.7475    -0.9215    -1.3877
     1.2734    -0.6744    -0.8769    -1.4722
     1.2556    -0.5738    -0.7877    -1.4628
     1.2467    -0.4550    -0.6271    -1.5004
     1.2645    -0.3910    -0.5557    -1.5192
     1.2690    -0.2814    -0.5111    -1.4910
     1.2734    -0.2174    -0.3683    -1.4910
     1.2734    -0.1168    -0.2434    -1.5098
     1.2734    -0.0345    -0.1809    -1.4159
     1.3356     0.0661    -0.0113    -1.3689
     1.3356     0.2216     0.1047    -1.3313
     1.2912     0.3223     0.2118    -1.2937
     1.2556     0.4870     0.3100    -1.1998
     1.2290     0.5327     0.4350    -1.0212
     1.2201     0.6426     0.5778    -0.9179
     1.2112     0.7341     0.7118    -0.8521
     1.0957     0.8440     0.8546    -0.7299
     0.9535     0.9630     0.9529    -0.5231
     0.8735     1.0363     1.0243    -0.4291
     0.7313     1.1554     1.1583    -0.3163
     0.5891     1.2012     1.2119    -0.1282
     0.4469     1.2653     1.2744    -0.0436
     0.3935     1.3019     1.3548     0.2009
     0.2069     1.2928     1.3637     0.3702
     0.0468     1.2653     1.3637     0.6054
    -0.0421     1.2928     1.4173     0.6995
    -0.0865     1.2470     1.3816     0.8877
    -0.1932     1.2515     1.4084     1.0853
    -0.2910     1.2561     1.4352     1.1889
    -0.4422     1.2561     1.3637     1.3018
    -0.5133     1.2470     1.3548     1.4995
    -0.6467     1.2561     1.2833     1.5466
    -0.7001     1.2103     1.1851     1.6219
    -0.7801     1.1554     1.0958     1.6501
    -0.9224     1.0729     0.9975     1.6878
    -0.9669     0.9905     0.9082     1.7631
    -1.0025     0.8165     0.8100     1.7725
    -1.0291     0.6884     0.6761     1.7443
    -1.1270     0.5968     0.5243     1.7914
    -1.1359     0.4321     0.3904     1.7443
    -1.1359     0.3223     0.2743     1.7160
    -1.1092     0.2216     0.1315     1.7537
    -1.0647     0.0204    -0.0292     1.6878
    -1.0558    -0.0802    -0.0917     1.5748
    -1.0203    -0.2448    -0.1988     1.5372
    -0.9135    -0.2905    -0.3951     1.3677
    -0.8246    -0.4642    -0.4576     1.2265
    -0.7890    -0.5373    -0.5736     1.0383
    -0.6823    -0.6561    -0.6271     0.8595
    -0.6556    -0.7475    -0.7699     0.6901
    -0.5667    -0.7749    -0.8323     0.5019
    -0.4777    -0.9302    -0.8858     0.3326
    -0.3533    -0.9941    -0.9840     0.1445
    -0.2199    -0.9850    -1.0375    -0.0624
    -0.1399    -1.0946    -1.0821    -0.1658
    -0.0598    -1.1311    -1.1891    -0.2693
     0.1002    -1.1219    -1.1535    -0.4667
     0.2869    -1.1767    -1.1802    -0.5889
     0.3935    -1.1402    -1.1713    -0.7487
     0.5002    -1.1311    -1.1891    -0.9085
     0.6513    -1.1767    -1.1891    -0.9930
     0.7846    -1.0489    -1.1891    -1.0494
     0.8913    -1.0215    -1.1267    -1.1998
     1.0157    -0.9393    -1.0821    -1.2374
     1.1579    -0.9302    -0.9929    -1.3689
     1.2023    -0.7931    -1.0107    -1.4159
     1.3001    -0.6926    -0.8501    -1.4816
     1.3356    -0.6561    -0.8055    -1.5004
     1.3223    -0.5556    -0.6628    -1.5286
     1.3089    -0.4459    -0.6092    -1.5756
     1.2467    -0.4002    -0.5022    -1.5662
     1.2912    -0.2356    -0.4040    -1.5380
     1.3267    -0.1808    -0.2791    -1.5004
     1.3267    -0.0436    -0.1184    -1.5098
     1.3001     0.0113    -0.0203    -1.4628
     1.2556     0.2033     0.1315    -1.3689
     1.3178     0.3406     0.2743    -1.3031
     1.2823     0.4229     0.4082    -1.1904
     1.2112     0.5053     0.5600    -1.1058
     1.1845     0.5694     0.6761    -1.0306
     1.0957     0.7067     0.7921    -0.8615
     0.9535     0.8165     0.8636    -0.7769
     0.8557     0.9081     0.9618    -0.6077
     0.7580     1.0180     1.0958    -0.4761
     0.6602     1.0638     1.2297    -0.3351
     0.5358     1.1370     1.2476    -0.1470
     0.3402     1.2470     1.3548     0.0128
     0.2069     1.2286     1.3816     0.1915
     0.1091     1.2561     1.3458     0.3797
     0.0291     1.2836     1.4084     0.5584
    -0.0865     1.3111     1.4084     0.7372
    -0.1932     1.2653     1.4173     0.8407
    -0.2732     1.2928     1.4441     1.0571
    -0.3977     1.2561     1.3816     1.1700
    -0.5489     1.2470     1.4173     1.3112
    -0.6200     1.2653     1.3548     1.4054
    -0.6823     1.2012     1.3369     1.5277
    -0.7979     1.2378     1.3816     1.6031
    -0.8602     1.1737     1.2833     1.6690
    -0.9402     1.0363     1.2208     1.6878
    -1.0291     0.9813     1.0868     1.6878
    -1.1359     0.7799     0.9082     1.6878
    -1.1893     0.7524     0.8100     1.7819
    -1.1982     0.5694     0.6493     1.7725
    -1.2070     0.4504     0.5511     1.7819
    -1.1715     0.3314     0.3993     1.8102
    -1.1804     0.2491     0.2922     1.7160
    -1.1537     0.0387     0.1583     1.7443
    -1.1448    -0.0436    -0.0292     1.7160
    -1.0469    -0.2265    -0.1452     1.5936
    -0.9580    -0.2722    -0.2255     1.5089
    -0.8957    -0.4550    -0.3505     1.3018
    -0.8602    -0.5738    -0.4665     1.0853
    -0.8246    -0.6104    -0.5557     0.9724
    -0.6912    -0.7292    -0.7074     0.8030
    -0.5756    -0.8571    -0.8055     0.5772
    -0.5133    -0.8662    -0.8234     0.4361
    -0.4066    -1.0398    -0.9394     0.1821
    -0.2910    -1.0032    -1.0107     0.0599
    -0.1754    -1.0672    -1.0107    -0.1376
    -0.0421    -1.0672    -1.1445    -0.2599
     0.1002    -1.0809    -1.1267    -0.4009
     0.2513    -1.0946    -1.0999    -0.5137
     0.3580    -1.0854    -1.1624    -0.6735
     0.5447    -1.0672    -1.1178    -0.7957
     0.6602    -1.1128    -1.0999    -0.8615
     0.7846    -0.9941    -1.1178    -1.0306
     0.8468    -0.9484    -1.0464    -1.0964
     0.9802    -0.9393    -0.9750    -1.1810
     1.1134    -0.8023    -0.9483    -1.2937
     1.2379    -0.8023    -0.8948    -1.3125
     1.3178    -0.7018    -0.7699    -1.3783
     1.3089    -0.5556    -0.7163    -1.4910
     1.2823    -0.5373    -0.6717    -1.4628
     1.2912    -0.3910    -0.5289    -1.5098
     1.3534    -0.2722    -0.4665    -1.5286
     1.3267    -0.2814    -0.3505    -1.4910
     1.2823    -0.1259    -0.2077    -1.4441
     1.2912    -0.0528    -0.1452    -1.4722
     1.3267     0.1302    -0.0470    -1.3783
     1.3356     0.2033     0.1315    -1.3595
     1.3178     0.3589     0.2475    -1.2937
     1.2823     0.4504     0.3368    -1.1622
     1.3178     0.5785     0.4975    -1.0588
     1.2912     0.6609     0.5957    -0.9649
     1.2201     0.7341     0.6939    -0.8803
     1.1490     0.8806     0.8189    -0.7863
     0.9624     0.9813     0.9618    -0.6359
     0.8468     1.0638     1.0154    -0.4103
     0.7402     1.1554     1.1226    -0.2975
     0.6424     1.1828     1.2565    -0.1470
     0.4913     1.2928     1.2922     0.0787
     0.3402     1.3019     1.3280     0.2292
     0.2069     1.3111     1.4084     0.4267
     0.0646     1.3203     1.4084     0.6431
     0.0113     1.3294     1.3905     0.7466
    -0.0776     1.2378     1.3905     0.9253
    -0.2288     1.2195     1.3905     1.0947
    -0.3177     1.2745     1.3994     1.2171
    -0.4333     1.2928     1.3637     1.3865
    -0.5400     1.2745     1.4084     1.4618
    -0.6556     1.2928     1.3548     1.6219
    -0.7268     1.2745     1.2833     1.6878
    -0.8691     1.1645     1.1940     1.7537
    -0.9224     1.0912     1.0868     1.7349
    -1.0203     0.9630     0.9886     1.7819
    -1.0291     0.8623     0.8904     1.7537
    -1.1359     0.7524     0.7296     1.7631
    -1.1181     0.6334     0.6582     1.7631
    -1.1804     0.5236     0.5332     1.7914
    -1.1626     0.3589     0.3368     1.7349
    -1.1626     0.2582     0.2118     1.7725
    -1.1893     0.0570     0.1226     1.7255
    -1.2159    -0.0711    -0.0381     1.6784
    -1.1359    -0.2082    -0.1541     1.6125
    -1.0647    -0.3088    -0.2702     1.4430
    -0.9847    -0.3910    -0.3505     1.3583
    -0.9580    -0.5373    -0.5111     1.1794
    -0.8957    -0.5556    -0.5825     0.9442
    -0.8246    -0.7018    -0.6806     0.8124
    -0.6734    -0.8205    -0.8145     0.6337
    -0.6289    -0.8479    -0.8769     0.3797
    -0.4866    -0.9941    -0.9037     0.2197
    -0.4244    -1.0306    -1.0018     0.0316
    -0.3088    -1.0398    -1.0464    -0.1282
    -0.2110    -1.1859    -1.0464    -0.3163
    -0.0687    -1.1813    -1.0910    -0.4009
     0.1002    -1.1767    -1.1267    -0.5795
     0.2602    -1.1950    -1.1535    -0.7111
     0.3669    -1.1767    -1.1713    -0.8615
     0.4291    -1.1493    -1.2070    -0.9461
     0.6602    -1.0763    -1.1535    -1.0588
     0.7580    -1.0946    -1.1089    -1.1904
     0.8913    -0.9667    -1.0821    -1.2280
     0.9446    -0.8662    -0.9840    -1.3031
     1.1046    -0.8114    -0.9126    -1.4253
     1.2645    -0.7109    -0.8323    -1.5098
     1.3178    -0.6013    -0.7520    -1.5004
     1.3001    -0.5099    -0.7074    -1.5850
     1.2734    -0.4642    -0.5646    -1.5944
     1.3445    -0.3636    -0.5111    -1.5568
     1.3178    -0.2996    -0.3951    -1.6038
     1.3445    -0.1168    -0.2969    -1.5192
     1.2823    -0.0162    -0.1809    -1.4910
     1.3001     0.0295    -0.0470    -1.4910
     1.2823     0.1850     0.0779    -1.4065
     1.3356     0.2216     0.2386    -1.3125
     1.3267     0.3497     0.3814    -1.2655
     1.3001     0.4687     0.4707    -1.1246
     1.2023     0.5327     0.6136    -1.0306
     1.2201     0.6426     0.7028    -0.9461
     1.1668     0.6975     0.8636    -0.8333
     1.0068     0.8074     0.9261    -0.7111
     0.9268     0.9447     1.0600    -0.5419
     0.7313     1.0729     1.1404    -0.3821
     0.6869     1.1370     1.2744    -0.1846
     0.5713     1.2653     1.3369    -0.0812
     0.4558     1.3019     1.3816     0.1351
     0.3135     1.2836     1.4084     0.3608
     0.1713     1.3203     1.3994     0.5114
     0.0646     1.2286     1.3994     0.6995
    -0.0421     1.2103     1.3994     0.8124
    -0.1221     1.2332     1.4084     1.0477
    -0.2377     1.2561     1.4441     1.1794
    -0.2999     1.2561     1.4441     1.3300
    -0.4244     1.3019     1.4441     1.4524
    -0.4866     1.2928     1.3905     1.5748
    -0.6111     1.2195     1.3548     1.6407
    -0.6734     1.0455     1.3280     1.7255
    -0.8068     1.0271     1.1940     1.7443
    -0.8691     0.9447     1.1226     1.7725
    -0.9580     0.8074     0.9797     1.8102
    -0.9402     0.6700     0.8189     1.8102
    -0.9847     0.5968     0.7028     1.7725
    -1.0469     0.4687     0.6046     1.8196
    -1.0825     0.3589     0.4350     1.8008
    -1.0647     0.2033     0.2832     1.7443
    -1.0914     0.0844     0.1583     1.7302
    -1.0736    -0.0253     0.0601     1.7160
    -0.9669    -0.1625    -0.1006     1.7160
    -0.9224    -0.2722    -0.2345     1.5842
    -0.8691    -0.3636    -0.3058     1.4713
    -0.8602    -0.5190    -0.4397     1.2924
    -0.7534    -0.5738    -0.4932     1.1324
    -0.7179    -0.7292    -0.6003     0.9159
    -0.6289    -0.8114    -0.7252     0.6995
    -0.5489    -0.8205    -0.7788     0.5114
    -0.4244    -0.9302    -0.8680     0.3420
    -0.3710    -0.9850    -0.9126     0.1257
    -0.2377    -0.9941    -1.0107    -0.0906
    -0.0865    -0.9758    -0.9840    -0.2034
     0.0113    -1.0946    -1.0464    -0.3821
     0.1091    -1.0398    -1.0999    -0.5137
     0.2424    -1.0398    -1.0732    -0.6171
     0.3758    -1.0398    -1.0732    -0.7675
     0.5535    -0.9941    -1.1089    -0.9085
     0.6869    -0.8936    -1.0375    -0.9367
     0.7669    -0.9119    -1.0286    -1.0776
     0.8646    -0.8023    -1.0018    -1.1716
     0.9535    -0.7200    -0.9483    -1.2092
     1.0957    -0.6926    -0.8323    -1.3407
     1.2556    -0.6104    -0.8323    -1.3971
     1.2734    -0.4733    -0.6806    -1.4441
     1.3178    -0.3819    -0.6360    -1.4441
     1.3356    -0.3728    -0.5111    -1.5098
     1.3534    -0.2265    -0.3951    -1.4628
     1.3356    -0.1716    -0.3505    -1.4347
     1.3534    -0.0436    -0.2523    -1.4534
     1.3534     0.0570    -0.1274    -1.4347
     1.3489     0.2125     0.0244    -1.3877
     1.3445     0.2674     0.1672    -1.3313
     1.3356     0.3863     0.3279    -1.2092
     1.2912     0.4961     0.4082    -1.1152
     1.2379     0.5694     0.5243    -1.0682
     1.2112     0.6975     0.7028    -0.8897
     1.2201     0.6975     0.7921    -0.8333
     1.1401     0.9264     0.8904    -0.7017
     0.9624     1.0180     1.0422    -0.5325
     0.8113     1.0363     1.0779    -0.3633
     0.7757     1.2012     1.2208    -0.2693
     0.6780     1.1462     1.3369    -0.1094
     0.5180     1.2745     1.3458     0.1163
     0.3935     1.2836     1.4084     0.2292
     0.2513     1.3111     1.4530     0.4925
     0.1269     1.2928     1.4084     0.6337
     0.0824     1.2836     1.4173     0.7842
    -0.0243     1.3294     1.4620     1.0006
    -0.1221     1.2836     1.4173     1.1230
    -0.2288     1.2928     1.4709     1.2736
    -0.3355     1.2653     1.4530     1.4430
    -0.4333     1.3203     1.4620     1.4995
    -0.5133     1.2745     1.4441     1.6595
    -0.5756     1.1828     1.4173     1.7443
    -0.6467     1.1004     1.3190     1.7725
    -0.7268     1.0912     1.2297     1.7819
    -0.8068     0.9447     1.0958     1.7914
    -0.8779     0.8531     0.9439     1.7914
    -0.9135     0.7433     0.8279     1.7819
    -1.0203     0.6334     0.7386     1.7914
    -1.0291     0.4412     0.5689     1.8008
    -1.0469     0.3955     0.3725     1.8008
    -1.0025     0.2125     0.3100     1.8008
    -0.9936     0.1027     0.1583     1.7443
    -1.0114    -0.0711     0.0065     1.7349
    -1.0291    -0.1442    -0.1184     1.6878
    -0.9224    -0.2814    -0.2255     1.5089
    -0.8424    -0.4002    -0.3594     1.3489
    -0.7712    -0.4550    -0.4486     1.1700
    -0.7179    -0.6013    -0.5557     0.9536
    -0.6823    -0.6287    -0.6806     0.8407
    -0.6111    -0.7383    -0.8055     0.5960
    -0.5311    -0.7931    -0.8234     0.4455
    -0.4155    -0.8571    -0.9483     0.2668
    -0.2910    -0.9667    -0.9661     0.0316
    -0.2732    -0.9484    -1.0375    -0.1282
    -0.1399    -1.0032    -1.0821    -0.2599
    -0.0421    -1.0215    -1.0910    -0.4385
     0.1357    -1.0398    -1.1356    -0.5513
     0.2424    -1.0215    -1.1535    -0.7111
     0.3847    -1.0580    -1.1267    -0.8145
     0.5180    -0.9576    -1.1535    -0.9555
     0.6424    -0.9941    -1.0999    -1.0212
     0.8024    -0.9484    -1.0643    -1.1528
     0.9002    -0.8297    -1.0286    -1.2749
     1.0157    -0.8023    -0.9750    -1.3031
     1.0957    -0.7383    -0.8680    -1.4628
     1.2290    -0.5738    -0.8412    -1.4816
     1.3089    -0.5007    -0.7431    -1.5286
     1.2734    -0.4550    -0.6985    -1.5192
     1.3267    -0.3179    -0.6003    -1.5568
     1.3089    -0.2996    -0.4665    -1.5756
     1.2734    -0.1442    -0.3505    -1.5286
     1.3356    -0.0985    -0.2702    -1.5004
     1.3623     0.0295    -0.1541    -1.4816
     1.3445     0.1485     0.0154    -1.4347
     1.3178     0.2491     0.1047    -1.3595
     1.2645     0.3772     0.2475    -1.2749
     1.3178     0.4046     0.4350    -1.2468
     1.3001     0.5602     0.4796    -1.1152
     1.2823     0.6243     0.6761    -0.9649
     1.1579     0.6975     0.7475    -0.8521
     1.1401     0.8531     0.8814    -0.7675
     1.0601     0.8898     1.0511    -0.5795
     0.8913     1.0363     1.1315    -0.4103
     0.7669     1.1737     1.2565    -0.3069
     0.6247     1.1828     1.3280    -0.1094
     0.5624     1.3111     1.3994     0.0599
     0.4469     1.2745     1.4173     0.2480
     0.3580     1.3294     1.4798     0.4737
     0.2069     1.2928     1.4620     0.5772
     0.0646     1.3111     1.4441     0.7748
    -0.0332     1.3294     1.5066     0.9818
    -0.1043     1.3111     1.4888     1.1324
    -0.2021     1.3019     1.4977     1.2830
    -0.2554     1.2561     1.4888     1.4713
    -0.3710     1.2470     1.4798     1.5466
    -0.5044     1.2378     1.4352     1.6972
    -0.5756     1.2378     1.4262     1.7443
    -0.6378     1.2378     1.3637     1.7914
    -0.7623     1.1645     1.2744     1.8290
    -0.8691     1.0455     1.2029     1.8290
    -0.8868     0.9447     1.0154     1.8573
    -0.9936     0.7524     0.8636     1.8102
    -1.0114     0.7158     0.7921     1.8196
    -1.0647     0.5236     0.6403     1.8384
    -1.0380     0.4138     0.4707     1.8479
    -1.0558     0.3223     0.3725     1.8196
    -1.0825     0.1027     0.2743     1.7725
    -1.0025     0.0387     0.1136     1.7631
    -1.0469    -0.1168    -0.0827     1.7160
    -0.9313    -0.2174    -0.1184     1.6501
    -0.8957    -0.3271    -0.2612     1.4524
    -0.7979    -0.4368    -0.3862     1.3018
    -0.7623    -0.5556    -0.4576     1.1042
    -0.7090    -0.6287    -0.5557     0.9159
    -0.6378    -0.7383    -0.6717     0.7183
    -0.5133    -0.8297    -0.7252     0.5114
    -0.4333    -0.8388    -0.8501     0.3326
    -0.3088    -0.9210    -0.9037     0.1539
    -0.2554    -0.9576    -0.9126    -0.0342
    -0.1043    -0.9667    -1.0375    -0.1940
     0.0291    -1.0398    -1.0375    -0.3633
     0.1624    -1.0489    -1.0197    -0.5419
     0.2869    -0.9941    -1.0910    -0.6547
     0.4202    -1.0398    -1.0999    -0.8145
     0.5269    -1.0215    -1.0375    -0.8991
     0.6602    -0.9393    -1.0107    -1.0212
     0.8202    -0.8936    -1.0018    -1.1340
     0.9357    -0.8845    -0.9215    -1.2186
     1.0512    -0.7657    -0.9126    -1.3501
     1.1490    -0.6926    -0.7966    -1.4347
     1.2467    -0.6561    -0.7074    -1.4628
     1.2912    -0.5464    -0.6539    -1.5662
     1.3534    -0.4916    -0.5914    -1.5286
     1.3356    -0.4550    -0.4843    -1.5474
     1.3178    -0.2905    -0.3862    -1.5756
     1.3356    -0.2356    -0.2434    -1.5756
     1.3623    -0.1625    -0.1988    -1.5286
     1.3534     0.0021    -0.0917    -1.5098
     1.3267     0.0387     0.1047    -1.4722
     1.3267     0.1668     0.1850    -1.3971
     1.3001     0.2674     0.2922    -1.3407
     1.3178     0.4229     0.4529    -1.1998
     1.3267     0.5144     0.5511    -1.1246
     1.2823     0.5785     0.6671    -0.9930
     1.2467     0.7524     0.7921    -0.8803
     1.2023     0.7982     0.8636    -0.7487
     1.0957     0.9172     0.9529    -0.5983
     0.9979     1.0088     1.1315    -0.4667
     0.8468     1.0821     1.1761    -0.2693
     0.7135     1.2103     1.2655    -0.1470
     0.6158     1.2470     1.3905     0.0128
     0.5180     1.2653     1.3994     0.2103
     0.3847     1.2653     1.4798     0.4643
     0.2335     1.2653     1.4441     0.6054
     0.1180     1.2928     1.4620     0.8218
    -0.0421     1.2836     1.4754     0.9818
    -0.0687     1.3477     1.4888     1.1512
    -0.1932     1.3111     1.4888     1.2736
    -0.2999     1.2928     1.4888     1.4901
    -0.3622     1.3203     1.4709     1.5466
    -0.5044     1.2836     1.4084     1.7349
    -0.5934     1.2836     1.3458     1.7066
    -0.6200     1.1737     1.2833     1.7725
    -0.7356     1.1096     1.1226     1.7678
    -0.8246     0.9813     1.0243     1.7631
    -0.8779     0.8989     0.8993     1.8384
    -0.9580     0.7250     0.8011     1.8008
    -1.0469     0.6792     0.6046     1.8573
    -1.0914     0.4870     0.4975     1.8573
    -1.1181     0.4412     0.3547     1.8526
    -1.0914     0.2491     0.2475     1.8479
    -1.0825     0.1668     0.0958     1.8008
    -1.0380    -0.0162     0.0065     1.7631
    -1.0203    -0.0893    -0.1452     1.7255
    -0.9491    -0.1808    -0.2345     1.6125
    -0.9135    -0.2722    -0.3951     1.5089
    -0.8335    -0.4002    -0.4932     1.3395
    -0.7890    -0.5007    -0.5736     1.1418
    -0.7623    -0.6195    -0.6628     0.9253
    -0.6289    -0.7200    -0.7520     0.7466
    -0.5934    -0.7566    -0.8323     0.5490
    -0.4866    -0.8205    -0.9394     0.3232
    -0.3710    -0.8754    -1.0018     0.1633
    -0.3088    -0.9210    -0.9840    -0.0154
    -0.1576    -0.9758    -1.0910    -0.2505
    -0.0776    -1.0032    -1.1178    -0.3257
     0.1091    -1.0124    -1.0999    -0.4667
     0.2069    -1.0398    -1.1267    -0.6171
     0.3935    -1.0489    -1.1445    -0.7393
     0.5091    -0.9850    -1.0910    -0.8991
     0.6335    -0.9393    -1.0910    -1.0400
     0.8024    -0.8754    -1.0197    -1.1340
     0.8913    -0.8936    -1.0107    -1.2092
     1.0690    -0.8023    -0.9215    -1.3031
     1.1401    -0.7018    -0.8055    -1.3971
     1.2290    -0.6195    -0.7252    -1.4628
     1.3089    -0.5099    -0.7342    -1.5286
     1.3623    -0.4185    -0.5468    -1.5380
     1.3711    -0.3362    -0.4486    -1.5568
     1.3178    -0.2265    -0.3862    -1.5568
     1.3178    -0.2174    -0.2255    -1.4910
     1.3445    -0.0619    -0.1631    -1.4816
     1.3623     0.0113    -0.0381    -1.4722
     1.3800     0.1393     0.1136    -1.3877
     1.3267     0.2582     0.2297    -1.3407
     1.3001     0.3223     0.3368    -1.3125
     1.3623     0.4504     0.4975    -1.1998
     1.3267     0.5053     0.6314    -1.0964
     1.2734     0.6243     0.7475    -0.9930
     1.2556     0.7341     0.8725    -0.8709
     1.1757     0.7982     0.9261    -0.7111
     1.1046     0.9813     1.0779    -0.6171
     1.0157     1.0180     1.1761    -0.4385
     0.8913     1.1645     1.2476    -0.2505
     0.7135     1.2470     1.3637    -0.0906
     0.5980     1.2653     1.3905     0.0599
     0.4647     1.3019     1.4352     0.2574
     0.3935     1.2928     1.4798     0.4173
     0.2602     1.2974     1.5066     0.6525
     0.1269     1.3019     1.5022     0.8218
    -0.0065     1.2928     1.4977     0.9724
    -0.0865     1.3569     1.4620     1.1512
    -0.1843     1.3569     1.4709     1.2830
    -0.2910     1.3111     1.4441     1.4524
    -0.3977     1.3386     1.4441     1.5560
    -0.4866     1.3203     1.4709     1.6690
    -0.5400     1.2561     1.3905     1.7914
    -0.6467     1.2286     1.3190     1.7819
    -0.7623     1.0821     1.2387     1.8008
    -0.8779     1.0363     1.0868     1.8196
    -0.9402     0.8715     0.8993     1.7914
    -1.0203     0.7891     0.8279     1.8573
    -1.0291     0.6975     0.6314     1.8667
    -1.1092     0.5144     0.5778     1.8573
    -1.0647     0.3680     0.4171     1.8290
    -1.0736     0.3131     0.2922     1.7914
    -1.0647     0.1393     0.0958     1.8102
    -1.0558     0.0021    -0.0203     1.7631
    -1.0114    -0.0802    -0.1452     1.6972
    -0.9669    -0.2814    -0.2791     1.6313
    -0.9758    -0.3910    -0.3772     1.4336
    -0.9135    -0.4825    -0.4576     1.2453
    -0.8513    -0.5099    -0.5914     1.1418
    -0.7356    -0.6378    -0.6717     0.9253
    -0.6645    -0.6561    -0.8234     0.7183
    -0.5934    -0.7657    -0.8948     0.5396
    -0.5667    -0.8662    -0.9304     0.3514
    -0.4066    -0.8662    -0.9929     0.1257
    -0.2821    -1.0306    -0.9929    -0.0624
    -0.1310    -0.9850    -1.0375    -0.1846
    -0.0687    -1.0489    -1.0821    -0.3257
     0.0735    -1.0398    -1.0910    -0.4949
     0.2158    -1.0580    -1.1624    -0.6359
     0.4291    -1.0580    -1.1267    -0.7675
     0.5180    -0.9850    -1.1981    -0.8991
     0.7135    -0.9576    -1.1713    -1.0400
     0.7580    -0.9119    -1.1089    -1.1058
     0.9357    -0.8023    -1.0464    -1.1810
     1.0335    -0.7292    -1.0197    -1.2655
     1.1757    -0.6926    -0.9215    -1.3877
     1.3001    -0.5464    -0.8501    -1.4534
     1.3445    -0.5099    -0.7788    -1.4441
     1.3356    -0.4093    -0.6539    -1.5380
     1.3534    -0.3453    -0.6092    -1.5286
     1.3089    -0.2539    -0.4754    -1.4816
     1.3623    -0.0893    -0.3237    -1.5192
     1.3267     0.0113    -0.2434    -1.4816
     1.3623     0.0844    -0.1363    -1.4065
     1.3445     0.1668     0.0154    -1.4159
     1.3800     0.2582     0.1047    -1.3689
     1.3623     0.3955     0.3011    -1.2468
     1.3445     0.5236     0.4082    -1.1152
     1.3267     0.5877     0.5154    -1.0494
     1.2912     0.7067     0.6314    -0.9085
     1.2645     0.7433     0.8011    -0.7957
     1.2734     0.8715     0.8636    -0.6923
     1.1579     0.9722     1.0154    -0.5137
     1.0335     1.0912     1.1315    -0.4009
     0.8291     1.2195     1.1493    -0.2316
     0.7224     1.2103     1.2833    -0.0624
     0.6158     1.3294     1.3994     0.1163
     0.5358     1.3294     1.4084     0.2762
     0.4202     1.3569     1.4441     0.4831
     0.2513     1.3111     1.4620     0.6901
     0.1180     1.3386     1.4620     0.8501
     0.0024     1.3111     1.4620     1.0195
    -0.0510     1.2974     1.4530     1.2265
    -0.1843     1.2836     1.4798     1.3489
    -0.2554     1.3019     1.4441     1.5466
    -0.3888     1.2745     1.4530     1.6690
    -0.5044     1.2836     1.3816     1.7160
    -0.5489     1.1920     1.4173     1.7537
    -0.6467     1.1370     1.3012     1.7537
    -0.7623     1.0455     1.2476     1.7537
    -0.8691     0.9172     1.1226     1.8479
    -0.9135     0.7616     1.0154     1.8008
    -0.9758     0.7158     0.8636     1.8573
    -1.0291     0.6151     0.7475     1.8573
    -1.0736     0.4138     0.5600     1.8196
    -1.1092     0.3406     0.4618     1.8102
    -1.1359     0.2216     0.3011     1.8102
    -1.1448     0.0570     0.1583     1.7725
    -1.1181    -0.1625     0.0154     1.7443
    -1.0380    -0.2448    -0.1095     1.6972
    -0.9758    -0.2996    -0.2255     1.5183
    -0.9936    -0.4185    -0.2702     1.3300
    -0.9224    -0.5464    -0.4129     1.2547
    -0.8513    -0.6195    -0.4843     1.0289
    -0.8246    -0.7383    -0.6539     0.8595
    -0.6823    -0.8205    -0.7342     0.6619
    -0.5934    -0.8479    -0.7877     0.4079
    -0.5133    -0.9941    -0.8055     0.2197
    -0.3533    -1.0215    -0.9037     0.0316
    -0.2377    -1.0489    -0.9126    -0.1000
    -0.1399    -1.0306    -1.0197    -0.2881
    -0.0510    -1.0398    -1.0286    -0.4291
     0.0557    -1.0854    -1.0643    -0.5419
     0.2246    -1.1037    -1.0999    -0.7487
     0.3935    -1.0580    -1.0999    -0.8427
     0.5180    -1.0398    -1.1089    -1.0024
     0.6513    -0.9393    -1.0464    -1.0588
     0.7224    -0.9576    -1.0375    -1.2280
     0.9179    -0.8571    -0.9750    -1.2937
     1.0424    -0.7292    -0.9572    -1.3313
     1.1845    -0.7292    -0.8501    -1.4628
     1.2912    -0.5738    -0.7699    -1.5286
     1.3356    -0.5190    -0.6896    -1.5380
     1.3178    -0.4550    -0.5825    -1.5474
     1.3267    -0.3453    -0.5022    -1.5568
     1.3178    -0.2265    -0.4040    -1.5474
     1.3356    -0.1168    -0.2969    -1.5098
     1.3089    -0.0162    -0.1809    -1.5286
     1.3089     0.0113    -0.0381    -1.4910
     1.3356     0.1668     0.0779    -1.3783
     1.3711     0.3040     0.2207    -1.3877
     1.3356     0.4046     0.3100    -1.2937
     1.3001     0.5144     0.4261    -1.1716
     1.3623     0.6060     0.5957    -1.0870
     1.3178     0.5968     0.6671    -0.9649
     1.2823     0.7982     0.8100    -0.8145
     1.2023     0.8257     0.9439    -0.7393
     1.1490     0.9630     0.9975    -0.5701
     1.0157     1.1004     1.1136    -0.3633
     0.9268     1.1279     1.2476    -0.2693
     0.7935     1.2195     1.2922    -0.1000
     0.6158     1.2470     1.4084     0.1069
     0.4647     1.3203     1.4620     0.2197
     0.3402     1.2928     1.4352     0.4925
     0.2602     1.3019     1.4798     0.6525
     0.1180     1.3294     1.4932     0.8218
    -0.0154     1.3294     1.5066     0.9348
    -0.1132     1.3294     1.4441     1.1983
    -0.1488     1.3111     1.4620     1.3206
    -0.2821     1.2928     1.4620     1.4524
    -0.3622     1.3294     1.4888     1.6219
    -0.4866     1.2745     1.4709     1.6878
    -0.6200     1.1920     1.4352     1.7160
    -0.6912     1.1004     1.3280     1.7819
    -0.7801     1.0729     1.2297     1.8384
    -0.8957     0.9081     1.0690     1.8290
    -0.9491     0.7799     0.9618     1.8573
    -1.0825     0.6700     0.8189     1.8479
    -1.0647     0.6151     0.6939     1.8196
    -1.0825     0.4412     0.5332     1.8102
    -1.1270     0.3406     0.4618     1.8667
    -1.1626     0.2033     0.3011     1.7349
    -1.1804     0.0661     0.1226     1.8008
    -1.1626    -0.0711    -0.0203     1.7631
    -1.0914    -0.2356    -0.1006     1.6690
    -1.0291    -0.2631    -0.2345     1.5936
    -0.9847    -0.4276    -0.3415     1.4148
    -0.9847    -0.5281    -0.4576     1.2453
    -0.9135    -0.5921    -0.5557     1.1042
    -0.8335    -0.7200    -0.6003     0.8595
    -0.7001    -0.8023    -0.7163     0.6807
    -0.6645    -0.8845    -0.7877     0.4455
    -0.4955    -0.9758    -0.8234     0.2574
    -0.4422    -1.0398    -0.9394     0.0411
    -0.3266    -1.0215    -0.9394    -0.0812
    -0.2110    -1.0124    -1.0018    -0.2222
    -0.0510    -1.0946    -1.0643    -0.3821
     0.0735    -1.0946    -1.0375    -0.4949
     0.2602    -1.0398    -1.0553    -0.6829
     0.3847    -1.0032    -1.0643    -0.8145
     0.5713    -1.0306    -1.0999    -0.9555
     0.7135    -0.9941    -1.0910    -1.0212
     0.8202    -0.8571    -1.0464    -1.1716
     0.8646    -0.8388    -1.0464    -1.2562
     0.9890    -0.7931    -0.9750    -1.3031
     1.1579    -0.6744    -0.8234    -1.4253
     1.2645    -0.5921    -0.7788    -1.4910
     1.3001    -0.4733    -0.6628    -1.5474
     1.3623    -0.3819    -0.5646    -1.5944
     1.3445    -0.3362    -0.5200    -1.5568
     1.3534    -0.2265    -0.3772    -1.5662
     1.3089    -0.0893    -0.2612    -1.5474
     1.3534    -0.0711    -0.1809    -1.5098
     1.3267     0.0295    -0.0024    -1.4722
     1.3089     0.1942     0.0690    -1.4065
     1.3089     0.2491     0.2118    -1.4253
     1.3445     0.3314     0.3279    -1.2937
     1.3623     0.4687     0.4529    -1.1340
     1.3534     0.5694     0.6136    -1.0964
     1.3534     0.6243     0.7296    -0.9273
     1.2467     0.6792     0.8189    -0.8145
     1.2467     0.8440     0.9439    -0.7111
     1.1934     0.9813     1.0511    -0.5701
     1.0157     1.0912     1.1940    -0.4573
     0.8646     1.1737     1.2922    -0.2505
     0.7402     1.1828     1.3101    -0.1376
     0.6513     1.2745     1.4084     0.0693
     0.5447     1.2745     1.4620     0.2386
     0.4291     1.3019     1.4441     0.4455
     0.2602     1.2836     1.4620     0.6148
     0.1091     1.2928     1.4977     0.8030
    -0.0332     1.2882     1.5022     0.9912
    -0.0421     1.2836     1.5066     1.1983
    -0.1310     1.2928     1.4530     1.3583
    -0.2554     1.3111     1.4530     1.4336
    -0.3355     1.2745     1.4262     1.5654
    -0.5044     1.2653     1.4262     1.6878
    -0.6111     1.1370     1.3905     1.7443
    -0.7001     1.1645     1.3369     1.8008
    -0.7445     1.0729     1.2387     1.8384
    -0.8513     0.8898     1.0600     1.8102
    -0.9758     0.7982     0.9886     1.8008
    -1.0469     0.6334     0.8725     1.7819
    -1.0914     0.5785     0.7296     1.8008
    -1.1003     0.4595     0.6136     1.8102
    -1.1181     0.3406     0.4350     1.8102
    -1.1314     0.2125     0.3189     1.7819
    -1.1448     0.0295     0.1940     1.8102
    -1.0914    -0.0985     0.0422     1.7914
    -1.0647    -0.1442    -0.0738     1.6690
    -1.0469    -0.2722    -0.1898     1.6219
    -1.0025    -0.3910    -0.3683     1.4054
    -0.9580    -0.4733    -0.4129     1.2359
    -0.9135    -0.5830    -0.5468     1.1230
    -0.8513    -0.6561    -0.6360     0.8877
    -0.7445    -0.7840    -0.6628     0.7183
    -0.6734    -0.8205    -0.7788     0.5019
    -0.6200    -0.9210    -0.8591     0.3138
    -0.4777    -0.9576    -0.9126     0.0975
    -0.3799    -0.9941    -1.0018    -0.0718
    -0.2110    -1.0489    -0.9750    -0.2034
    -0.1399    -1.0398    -1.0107    -0.3539
    -0.0065    -1.0032    -1.0375    -0.5043
     0.1269    -1.0672    -1.0732    -0.6923
     0.3313    -1.0398    -1.0732    -0.7957
     0.4202    -0.9484    -1.0821    -0.8897
     0.5713    -0.9758    -1.0197    -1.0682
     0.7046    -0.8662    -0.9929    -1.1058
     0.8557    -0.7840    -0.9840    -1.2280
     0.9890    -0.7475    -0.8948    -1.3971
     1.1223    -0.6195    -0.8680    -1.3971
     1.2467    -0.5830    -0.7877    -1.4816
     1.3178    -0.4368    -0.7074    -1.4628
     1.3089    -0.3728    -0.5646    -1.5286
     1.3534    -0.2539    -0.4665    -1.4910
     1.2912    -0.1899    -0.4219    -1.4816
     1.3089    -0.1168    -0.2702    -1.4675
     1.3178    -0.0436    -0.1541    -1.4534
     1.3445     0.0661    -0.0649    -1.4441
     1.3711     0.2125     0.1047    -1.4253
     1.3534     0.2674     0.2565    -1.3125
     1.3623     0.3863     0.3814    -1.2655
     1.3001     0.4961     0.5154    -1.1810
     1.2645     0.6060     0.6136    -1.0306
     1.3178     0.6884     0.7118    -0.9367
     1.2912     0.7616     0.8368    -0.8521
     1.2645     0.9264     0.9707    -0.6547
     1.1668     0.9447     1.0332    -0.5419
     1.0157     1.0912     1.1851    -0.3915
     0.9091     1.1187     1.2476    -0.2128
     0.8024     1.2286     1.3101    -0.0718
     0.6691     1.3019     1.4262     0.0693
     0.5358     1.3386     1.4620     0.2762
     0.3758     1.2928     1.4798     0.5114
     0.2602     1.2928     1.4888     0.6619
     0.1980     1.2836     1.4530     0.8124
     0.0202     1.2561     1.4798     1.0195
    -0.0243     1.2653     1.4798     1.1606
    -0.1043     1.3661     1.4798     1.3489
    -0.2466     1.3477     1.4798     1.4995
    -0.3710     1.2836     1.4709     1.5842
    -0.4066     1.3019     1.4441     1.6972
    -0.5400     1.2653     1.3994     1.7725
    -0.6556     1.1187     1.3190     1.7819
    -0.7712     1.0455     1.2565     1.7914
    -0.8513     0.9172     1.1226     1.8479
    -0.9491     0.8348     0.9886     1.8008
    -0.9758     0.6792     0.8546     1.8196
    -1.0291     0.5968     0.7028     1.8479
    -1.1092     0.4870     0.5511     1.8196
    -1.1448     0.3314     0.3814     1.8384
    -1.1626     0.2399     0.2654     1.8479
    -1.1092     0.0753     0.1583     1.8102
    -1.1003    -0.0436     0.0333     1.8102
    -1.0558    -0.2265    -0.1095     1.6501
    -1.0825    -0.3179    -0.1898     1.6031
    -0.9758    -0.4276    -0.3683     1.4148
    -0.9491    -0.4916    -0.4576     1.2830
    -0.8602    -0.6104    -0.4843     1.0853
    -0.7979    -0.6378    -0.6092     0.8783
    -0.7801    -0.7200    -0.6717     0.7277
    -0.6912    -0.8023    -0.8055     0.5208
    -0.5578    -0.9484    -0.8501     0.2574
    -0.4955    -1.0032    -0.9126     0.0599
    -0.3355    -0.9850    -0.9750    -0.1000
    -0.2377    -0.9850    -0.9929    -0.2034
    -0.0954    -1.0489    -1.0732    -0.4103
     0.0380    -1.0854    -1.0464    -0.5419
     0.1180    -1.0672    -1.0999    -0.6829
     0.2958    -0.9850    -1.1089    -0.8427
     0.4469    -1.0124    -1.0553    -0.9367
     0.6513    -0.9667    -1.0732    -1.0682
     0.7846    -0.9028    -1.0107    -1.1622
     0.8735    -0.7749    -0.9929    -1.2937
     0.9535    -0.7292    -0.9126    -1.3595
     1.0601    -0.6744    -0.8501    -1.4065
     1.2112    -0.5373    -0.8055    -1.5098
     1.2912    -0.5647    -0.7163    -1.5004
     1.3445    -0.4276    -0.5825    -1.5380
     1.3445    -0.3088    -0.5289    -1.5239
     1.3267    -0.2722    -0.3862    -1.5098
     1.3623    -0.1625    -0.3058    -1.5192
          3          3          3          3
