    4   2048 0.020000  2016   1  22  14  33
         16         10         11         42
    -0.6104    -2.6772     0.1670    -1.0106
    -0.8061    -2.6316     0.1492    -1.2549
    -1.1085    -2.6316     0.0242    -1.4897
    -1.3575    -2.6316    -0.0294    -1.7622
    -1.5354    -2.6316    -0.1543    -2.0439
    -1.7756    -2.5496    -0.2346    -2.2692
    -1.8913    -2.4311    -0.3060    -2.4758
    -2.0515    -2.3034    -0.3685    -2.6729
    -2.2027    -2.1848    -0.4667    -2.7761
    -2.3184    -1.9112    -0.5648    -2.8888
    -2.3540    -1.7195    -0.5737    -2.9826
    -2.4430    -1.4366    -0.7165    -3.0483
    -2.4697    -1.1991    -0.6987    -3.0389
    -2.4964    -0.9251    -0.7790    -3.0014
    -2.4697    -0.6144    -0.8325    -2.9169
    -2.3985    -0.3036    -0.8325    -2.8137
    -2.3006     0.0989    -0.8860    -2.7198
    -2.2383     0.4832    -0.9039    -2.5603
    -2.0693     0.7945    -0.9039    -2.4195
    -1.8557     1.0968    -0.8414    -2.1753
    -1.7490     1.5367    -0.7968    -1.9406
    -1.4554     1.8209    -0.7254    -1.6682
    -1.2953     2.2062    -0.7611    -1.3019
    -1.0640     2.4172    -0.6362    -0.9636
    -0.7616     2.3621    -0.5470    -0.6346
    -0.5304     2.6191    -0.5202    -0.3338
    -0.2192     2.8028    -0.3685    -0.0517
     0.0475     2.9864    -0.3239     0.3997
     0.3498     3.0783    -0.2079     0.8419
     0.6520     3.1885    -0.1097     1.3125
     0.9364     3.1885    -0.0115     1.7267
     1.1585     3.1885     0.1135     2.1222
     1.5317     3.1748     0.2027     2.4802
     1.7626     3.1610     0.3188     2.9419
     2.0203     3.1793     0.4170     3.1398
     2.2334     2.9589     0.5956     3.1869
     2.4643     2.6650     0.7384     3.4791
     2.6242     2.2520     0.8456     3.6394
     2.8550     1.9585     0.9081     3.8468
     2.9349     1.6375     0.9527     3.8657
     3.0149     1.2342     0.9885     3.9506
     3.0859     0.9594     0.9349     3.9506
     3.0770     0.6022     0.9438     3.9317
     3.0237     0.2178     1.0063     3.8751
     3.0060    -0.2579     1.0242     3.7148
     2.8373    -0.5778     1.0778     3.3943
     2.7218    -0.9799     1.1760     3.0738
     2.4821    -1.2265     1.1403     2.6874
     2.2778    -1.5826     1.1492     2.3294
     2.0558    -1.8291     1.1939     1.9056
     1.7360    -2.1848     1.1671     1.4160
     1.5050    -2.3672     1.1760     0.9925
     1.1852    -2.5222     1.1581     0.5314
     0.8830    -2.7228     1.1671     0.0705
     0.6164    -2.7957     1.1403    -0.3056
     0.3142    -2.9688     1.1403    -0.6346
    -0.0680    -3.0508     1.1046    -0.9730
    -0.3348    -3.0690     0.9795    -1.3488
    -0.6104    -3.0599     0.8724    -1.7809
    -0.9395    -3.0235     0.7206    -2.0533
    -1.2508    -2.9870     0.5956    -2.3068
    -1.4376    -2.8412     0.4348    -2.5509
    -1.6867    -2.7592     0.2741    -2.7949
    -1.9002    -2.5861     0.1402    -3.0108
    -2.0871    -2.4767    -0.0204    -3.1421
    -2.2650    -2.2761    -0.1186    -3.2453
    -2.3718    -1.9842    -0.2614    -3.3673
    -2.4697    -1.7104    -0.3863    -3.4705
    -2.5498    -1.3727    -0.5381    -3.4470
    -2.5498    -1.0439    -0.6005    -3.4236
    -2.5231    -0.6235    -0.7254    -3.4517
    -2.5587    -0.3127    -0.8503    -3.2266
    -2.5231     0.0806    -0.8771    -3.1046
    -2.4074     0.3917    -0.9842    -2.9732
    -2.3273     0.7945    -1.0466    -2.8137
    -2.2027     1.2251    -1.1091    -2.6260
    -1.9981     1.5733    -1.1537    -2.3631
    -1.8112     1.9676    -1.1447    -2.0157
    -1.5977     2.3163    -1.1581    -1.6400
    -1.4020     2.6191    -1.1715    -1.2267
    -1.1440     2.9681    -1.1804    -0.8602
    -0.8861     3.1426    -1.1804    -0.4842
    -0.5749     3.1518    -1.1180    -0.0799
    -0.2903     3.2161    -1.0466     0.3715
    -0.0680     3.2804    -1.0020     0.8607
     0.1987     3.2804    -0.8950     1.3031
     0.5098     3.2712    -0.7611     1.7361
     0.7764     3.2620    -0.6362     2.1882
     1.0608     3.2712    -0.5470     2.5838
     1.3451     3.2712    -0.4042     3.0267
     1.6827     3.1426    -0.2882     3.4037
     1.8959     2.9313    -0.0918     3.7148
     2.1624     2.5824     0.0599     3.8468
     2.3489     2.1878     0.2206     3.8751
     2.5531     1.8943     0.4170     4.0637
     2.6686     1.5183     0.5331     4.1203
     2.8018     1.2067     0.7295     4.0920
     2.8373     0.9319     0.9170     4.0779
     2.8994     0.5931     1.0867     4.0637
     2.9039     0.1812     1.1135     4.0826
     2.9083    -0.1664     1.1313     3.8940
     2.8373    -0.5139     1.1581     3.5545
     2.7485    -0.8612     1.3010     3.1869
     2.6863    -1.1900     1.3993     2.8288
     2.4821    -1.4274     1.5422     2.4331
     2.2956    -1.7287     1.6137     1.9433
     2.1446    -1.9112     1.6852     1.5384
     1.8692    -2.1210     1.7209     1.1242
     1.6472    -2.3034     1.7566     0.6820
     1.3273    -2.4675     1.7656     0.2116
     1.0874    -2.5405     1.7656    -0.2398
     0.7408    -2.6225     1.7924    -0.4654
     0.4387    -2.7137     1.7477    -0.8414
     0.1720    -2.7410     1.7745    -1.2173
    -0.1570    -2.7683     1.7120    -1.5179
    -0.4770    -2.6863     1.7030    -1.8185
    -0.7349    -2.6681     1.5780    -2.0908
    -1.0017    -2.5952     1.4261    -2.2692
    -1.3486    -2.4493     1.1581    -2.5133
    -1.4999    -2.3581     1.0152    -2.7104
    -1.7045    -2.2213     0.8366    -2.8137
    -1.9714    -2.0480     0.6491    -2.9075
    -2.1227    -1.7834     0.4081    -3.0389
    -2.2294    -1.5552     0.2474    -3.0764
    -2.3807    -1.2722     0.0331    -3.1234
    -2.5053    -0.9160    -0.1543    -3.0764
    -2.5587    -0.6875    -0.3060    -3.0389
    -2.5676    -0.4042    -0.5648    -2.9638
    -2.5854    -0.0841    -0.7076    -2.8981
    -2.5587     0.2361    -0.8593    -2.7386
    -2.4697     0.4558    -1.0288    -2.5133
    -2.3896     0.8312    -1.1091    -2.2598
    -2.3006     1.1793    -1.2875    -2.0721
    -2.1405     1.5275    -1.3677    -1.7715
    -1.9714     1.7750    -1.4480    -1.5179
    -1.7845     2.0502    -1.5461    -1.2549
    -1.4999     2.3163    -1.5996    -0.8978
    -1.2775     2.4447    -1.6442    -0.6534
    -1.0284     2.6191    -1.7067    -0.2680
    -0.7616     2.7844    -1.6888     0.0987
    -0.5126     2.8854    -1.6888     0.5785
    -0.2192     3.0048    -1.6264     0.9360
     0.0386     3.0875    -1.5550     1.3219
     0.3587     3.0507    -1.4659     1.7173
     0.6431     3.0140    -1.3499     2.0657
     0.9986     2.9130    -1.2340     2.3577
     1.2296     2.7569    -1.0823     2.6592
     1.5139     2.5916    -0.9663     2.8853
     1.8248     2.4264    -0.7522     3.1398
     1.9936     2.2704    -0.6541     3.3660
     2.2157     2.0685    -0.4220     3.5168
     2.3933     1.8392    -0.2079     3.6677
     2.5620     1.6283     0.0242     3.7431
     2.6330     1.2984     0.2563     3.7525
     2.7307     0.9777     0.5063     3.7242
     2.8106     0.7030     0.7384     3.6017
     2.8994     0.4283     0.9438     3.5263
     2.9349     0.1355     1.1403     3.3283
     2.9172    -0.1481     1.3725     3.1303
     2.8462    -0.3950     1.6048     2.9701
     2.7485    -0.6327     1.7298     2.6969
     2.6419    -0.9160     1.7477     2.3860
     2.4199    -1.0987     1.7924     2.1882
     2.1979    -1.3179     1.9711     1.7738
     2.0380    -1.5279     2.1498     1.4254
     1.7271    -1.7561     2.1587     0.9925
     1.4784    -1.8747     2.2749     0.5502
     1.2029    -2.0663     2.2838     0.2210
     0.8297    -2.1301     2.3106    -0.0517
     0.5453    -2.2852     2.3196    -0.3150
     0.2075    -2.3672     2.3285    -0.5876
    -0.0592    -2.4767     2.2928    -0.8790
    -0.4326    -2.4402     2.2749    -1.0857
    -0.7349    -2.5040     2.2302    -1.3770
    -1.0462    -2.3946     2.1408    -1.6776
    -1.3308    -2.3581     1.8907    -1.9406
    -1.5532    -2.2396     1.6762    -2.0533
    -1.7667    -2.1210     1.4618    -2.2505
    -1.9625    -2.0207     1.1849    -2.4007
    -2.1494    -1.8656     0.9527    -2.5603
    -2.2739    -1.7287     0.6670    -2.5696
    -2.4341    -1.5096     0.3188    -2.6729
    -2.5142    -1.3909     0.1135    -2.7668
    -2.6210    -1.0530    -0.1900    -2.7949
    -2.5943    -0.8794    -0.4220    -2.7949
    -2.6032    -0.5961    -0.7076    -2.7104
    -2.5587    -0.3127    -0.9752    -2.5603
    -2.5676    -0.1024    -1.1893    -2.5321
    -2.4341     0.3459    -1.3588    -2.3725
    -2.3184     0.6114    -1.5640    -2.1941
    -2.2205     0.8403    -1.7691    -2.0439
    -2.0337     1.1060    -1.9385    -1.8936
    -1.8023     1.4267    -2.0455    -1.7152
    -1.6155     1.7200    -2.1971    -1.3958
    -1.3575     1.9585    -2.2149    -1.0576
    -1.0462     2.1603    -2.3219    -0.7192
    -0.7883     2.4264    -2.3397    -0.4654
    -0.5304     2.6375    -2.3932    -0.1552
    -0.2636     2.8671    -2.3932     0.1646
    -0.0414     3.0783    -2.3397     0.5220
     0.2253     3.2161    -2.2417     0.8796
     0.5809     3.1885    -2.1258     1.2560
     0.8119     3.2069    -2.0277     1.6890
     1.1052     3.2437    -1.9028     2.0845
     1.3540     3.1793    -1.7423     2.3671
     1.6027     3.0691    -1.5194     2.6215
     1.7804     2.9313    -1.3142     2.9324
     2.0291     2.6926    -1.1180     3.1869
     2.1624     2.5090    -0.8593     3.4320
     2.3578     2.1878    -0.5648     3.6488
     2.5087     1.9034    -0.2971     3.7620
     2.6508     1.6008    -0.0115     3.8657
     2.7218     1.3075     0.3099     3.9411
     2.8106     0.9869     0.5956     3.9600
     2.8106     0.7304     0.9259     3.9034
     2.9261     0.3185     1.2385     3.7431
     2.8994    -0.0018     1.5601     3.5545
     2.7840    -0.3036     1.8460     3.3566
     2.7485    -0.6510     2.1230     3.1492
     2.6153    -0.9251     2.2838     2.8288
     2.3844    -1.2722     2.2838     2.5555
     2.1979    -1.4640     2.5162     2.1599
     1.9225    -1.7195     2.6771     1.6890
     1.6560    -2.0480     2.7486     1.2748
     1.3984    -2.1392     2.8916     0.8984
     0.9986    -2.3490     2.9184     0.5879
     0.6964    -2.4584     2.9095     0.2022
     0.4209    -2.6772     2.8558    -0.1269
     0.0564    -2.7501     2.8469    -0.4654
    -0.2548    -2.7775     2.8648    -0.8132
    -0.5749    -2.8048     2.7307    -1.1421
    -0.8594    -2.7866     2.4536    -1.4616
    -1.1351    -2.7501     2.1587    -1.7528
    -1.3842    -2.7137     1.8370    -2.0063
    -1.6422    -2.5769     1.5154    -2.2880
    -1.8557    -2.4311     1.2832    -2.4852
    -1.9892    -2.3125     1.0242    -2.6447
    -2.1583    -2.1392     0.6759    -2.8231
    -2.3273    -1.9568     0.2741    -2.9357
    -2.4341    -1.6191    -0.0918    -3.0108
    -2.5320    -1.4274    -0.4131    -3.1515
    -2.5142    -1.1078    -0.7968    -3.1797
    -2.5409    -0.7881    -1.0823    -3.1609
    -2.5142    -0.3584    -1.3945    -3.0858
    -2.4608    -0.0292    -1.6799    -2.9357
    -2.4519     0.2544    -1.9296    -2.9075
    -2.3362     0.6022    -2.1258    -2.7668
    -2.1760     0.9777    -2.3843    -2.5884
    -2.0693     1.3167    -2.5626    -2.3537
    -1.9091     1.6834    -2.6606    -2.0814
    -1.7134     1.9952    -2.8389    -1.7528
    -1.4643     2.3254    -2.9102    -1.3864
    -1.2152     2.5641    -2.9548    -1.0388
    -0.9928     2.8211    -3.0439    -0.7286
    -0.7438     3.0599    -3.0261    -0.3996
    -0.4148     3.1885    -2.9993    -0.0329
    -0.1392     3.2528    -2.8567     0.3245
     0.1098     3.2896    -2.7943     0.8043
     0.3853     3.2712    -2.6874     1.2372
     0.6520     3.2161    -2.5091     1.6326
     0.9275     3.2437    -2.3397     2.0940
     1.1763     3.2712    -2.0990     2.4802
     1.4339     3.1334    -1.9474     2.8665
     1.6916     2.9313    -1.5640     3.1398
     1.9492     2.6650    -1.3142     3.4414
     2.1890     2.3346    -0.9217     3.6677
     2.3489     2.0227    -0.6005     3.9128
     2.5265     1.8209    -0.2703     3.9883
     2.7041     1.4817     0.0956     4.0543
     2.8195     1.1701     0.3723     4.0732
     2.8817     0.8495     0.7741     4.0637
     3.0326     0.4741     1.1581     3.9977
     3.0060     0.1355     1.6048     3.8468
     2.9705    -0.1481     1.9979     3.6017
     2.9349    -0.4590     2.3821     3.3471
     2.8106    -0.6967     2.6949     2.9230
     2.6508    -1.0347     2.8201     2.6121
     2.4821    -1.3087     2.9184     2.2541
     2.2423    -1.5644     3.0168     1.9150
     2.0114    -1.7195     3.1240     1.4725
     1.7804    -1.9842     3.2850     0.9831
     1.4517    -2.1119     3.3297     0.5314
     1.1674    -2.2669     3.3655     0.1176
     0.8475    -2.3125     3.2760    -0.2022
     0.6164    -2.4402     3.3029    -0.5218
     0.2964    -2.5678     3.2760    -0.7662
    -0.0325    -2.6681     3.1062    -1.1139
    -0.2903    -2.6407     2.7843    -1.4146
    -0.6460    -2.6134     2.3374    -1.7715
    -0.9217    -2.5861     2.0425    -2.0157
    -1.1707    -2.5769     1.6494    -2.2974
    -1.4821    -2.4128     1.2475    -2.4758
    -1.6600    -2.3946     0.8813    -2.6166
    -1.7934    -2.2122     0.5241    -2.7668
    -1.9536    -2.0663     0.2117    -2.9169
    -2.1849    -1.8382    -0.1543    -3.0389
    -2.2828    -1.6648    -0.5648    -3.1421
    -2.4074    -1.4366    -0.9663    -3.1890
    -2.4341    -1.1169    -1.2518    -3.1421
    -2.4697    -0.8886    -1.6086    -3.1140
    -2.5142    -0.5870    -1.9028    -3.0952
    -2.4608    -0.3676    -2.0990    -3.0014
    -2.4608    -0.0475    -2.4110    -2.8606
    -2.3985     0.2270    -2.5626    -2.6729
    -2.2561     0.6206    -2.6874    -2.4852
    -2.1583     0.8403    -2.9102    -2.2692
    -2.0159     1.1151    -2.9815    -2.0439
    -1.8557     1.4633    -3.0617    -1.7903
    -1.5710     1.6650    -3.1152    -1.4897
    -1.3753     1.9585    -3.1419    -1.2079
    -1.1351     2.1695    -3.0528    -0.9354
    -0.8416     2.3805    -3.0795    -0.5876
    -0.6193     2.6100    -2.9548    -0.2398
    -0.3081     2.7660    -2.8032     0.1270
    -0.0236     2.8211    -2.6517     0.5032
     0.2431     2.8946    -2.5180     0.8607
     0.5364     3.0324    -2.2862     1.2748
     0.8564     2.9773    -2.0009     1.6702
     1.0874     2.8854    -1.7869     1.9810
     1.3718     2.8120    -1.4391     2.3294
     1.6827     2.6650    -1.1447     2.6309
     1.9048     2.5549    -0.7076     2.9136
     2.1180     2.3530    -0.3596     3.1492
     2.3133     2.1786    -0.0918     3.3754
     2.4732     1.9493     0.2117     3.5168
     2.6774     1.7567     0.5688     3.6111
     2.7307     1.4633     1.0420     3.6582
     2.8018     1.1243     1.3725     3.6394
     2.9172     0.8678     1.8460     3.5640
     2.9527     0.5656     2.1945     3.4697
     2.8994     0.2270     2.5341     3.3754
     2.9172    -0.1481     2.8648     3.2057
     2.8462    -0.4499     3.0972     2.9324
     2.7130    -0.6967     3.2403     2.6969
     2.6242    -1.0530     3.3297     2.4048
     2.4466    -1.2722     3.2850     2.1034
     2.2245    -1.5735     3.3476     1.6796
     1.9936    -1.8473     3.3476     1.3313
     1.7360    -2.0663     3.3207     0.8513
     1.4784    -2.2396     3.3565     0.4185
     1.1940    -2.3855     3.3386     0.0611
     0.9008    -2.5769     3.3207    -0.3150
     0.5898    -2.6863     3.0883    -0.5406
     0.2253    -2.7775     2.7575    -0.8978
    -0.1125    -2.8504     2.4536    -1.2267
    -0.4504    -2.9324     2.1230    -1.6025
    -0.7616    -2.9324     1.7745    -1.8561
    -1.0907    -2.8595     1.3993    -2.1002
    -1.3753    -2.7957     1.1135    -2.3819
    -1.5621    -2.7775     0.8724    -2.5884
    -1.7845    -2.5952     0.4795    -2.8700
    -1.9981    -2.5040     0.1045    -2.9451
    -2.1316    -2.2852    -0.2436    -3.0952
    -2.2650    -2.0936    -0.6184    -3.2453
    -2.4341    -1.9021    -0.8503    -3.3110
    -2.5053    -1.6557    -1.1893    -3.3298
    -2.5498    -1.2905    -1.4034    -3.3204
    -2.5587    -0.9708    -1.6353    -3.2922
    -2.5854    -0.6875    -1.9028    -3.1890
    -2.4252    -0.3219    -2.0544    -3.0671
    -2.4074    -0.0475    -2.1703    -2.9357
    -2.3006     0.3185    -2.3219    -2.7949
    -2.2205     0.7396    -2.4200    -2.5509
    -2.0604     1.0968    -2.5448    -2.3443
    -1.8468     1.4633    -2.5358    -2.0533
    -1.6244     1.7017    -2.6250    -1.7434
    -1.4465     2.0043    -2.5804    -1.4522
    -1.2419     2.2887    -2.5091    -1.0764
    -0.9484     2.4356    -2.4734    -0.7286
    -0.7171     2.7660    -2.3397    -0.2492
    -0.4504     2.8671    -2.2773     0.0705
    -0.1836     3.0140    -2.1079     0.5126
     0.0031     3.1334    -1.9474     0.8984
     0.3053     3.1885    -1.7156     1.3125
     0.6342     3.0875    -1.4480     1.7361
     0.8386     3.0599    -1.2429     2.1693
     1.2118     2.9497    -0.9574     2.5367
     1.4695     2.7477    -0.6541     2.8853
     1.6738     2.5365    -0.4399     3.1869
     1.9758     2.3989    -0.1900     3.4414
     2.1624     2.0961     0.1581     3.7337
     2.3311     1.7659     0.4438     3.9034
     2.5709     1.5275     0.7473     4.0166
     2.6508     1.1151     1.0778     4.0354
     2.7662     0.8586     1.3814     4.0166
     2.8994     0.5931     1.6852     3.9506
     2.9971     0.2361     1.9889     3.8091
     2.9793    -0.0566     2.2391     3.5640
     3.0060    -0.4133     2.5341     3.3000
     2.9083    -0.7332     2.7486     3.0078
     2.7840    -1.0073     2.9005     2.6497
     2.6863    -1.2631     3.0883     2.4048
     2.4643    -1.5552     3.2134     2.0280
     2.2867    -1.7561     3.2045     1.6326
     1.9670    -2.0024     3.2134     1.2278
     1.7182    -2.2122     3.2403     0.7760
     1.4251    -2.3308     3.1866     0.3057
     1.1318    -2.4311     3.0704    -0.0047
     0.8475    -2.5678     2.9542    -0.2962
     0.6253    -2.5861     2.8112    -0.5876
     0.2964    -2.7137     2.6503    -0.9260
    -0.0947    -2.7045     2.4447    -1.2361
    -0.3614    -2.6863     2.2481    -1.4710
    -0.6905    -2.6681     2.0425    -1.7528
    -1.0195    -2.6499     1.7924    -1.9875
    -1.2597    -2.6134     1.5869    -2.2317
    -1.5265    -2.6043     1.3457    -2.4852
    -1.7490    -2.4584     1.0331    -2.6541
    -1.9269    -2.2213     0.7206    -2.7574
    -2.1316    -2.1301     0.4616    -2.9357
    -2.3184    -1.9112     0.1402    -3.0577
    -2.4608    -1.6283    -0.1811    -3.1234
    -2.5676    -1.4366    -0.4042    -3.1421
    -2.6477    -1.2174    -0.6184    -3.1421
    -2.6477    -0.8429    -0.8860    -3.0671
    -2.6344    -0.5504    -1.0645    -2.9920
    -2.6210    -0.3127    -1.2607    -2.8606
    -2.5676    -0.0018    -1.4123    -2.7949
    -2.5320     0.3002    -1.5996    -2.6072
    -2.3540     0.6755    -1.7780    -2.4570
    -2.2828     0.8953    -1.8761    -2.2786
    -2.0693     1.2617    -2.0188    -2.0157
    -1.8735     1.5458    -2.0544    -1.7434
    -1.6956     1.7567    -2.1792    -1.4146
    -1.4554     2.1144    -2.1614    -1.0764
    -1.1618     2.2429    -2.1703    -0.8038
    -0.9573     2.4998    -2.2238    -0.4748
    -0.6816     2.7201    -2.1347    -0.1175
    -0.3703     2.7752    -2.0366     0.2680
    -0.1570     2.9497    -1.9920     0.6914
     0.1098     3.0691    -1.8672     1.0960
     0.4031     3.0416    -1.7602     1.4254
     0.6253     3.0278    -1.5907     1.8115
     0.8741     3.0140    -1.4480     2.1599
     1.2207     2.9589    -1.2250     2.5084
     1.4873     2.8487    -1.0555     2.7817
     1.7182     2.6926    -0.8503     3.1492
     1.9314     2.4998    -0.5737     3.4320
     2.0824     2.1970    -0.2703     3.6017
     2.3133     1.9493    -0.0383     3.7903
     2.4821     1.7292     0.2741     3.8940
     2.6064     1.3534     0.5152     3.9694
     2.6774     1.0601     0.7384     3.9506
     2.8195     0.6755     1.0867     3.9411
     2.8284     0.3825     1.3010     3.7808
     2.8817     0.0440     1.5780     3.6771
     2.8906    -0.3493     1.9175     3.4508
     2.7662    -0.6144     2.1319     3.1680
     2.6863    -0.8429     2.3732     2.8759
     2.4998    -1.2083     2.5877     2.5838
     2.3045    -1.5005     2.7218     2.1505
     2.0913    -1.7561     2.8737     1.7738
     1.7982    -1.9294     3.0168     1.3031
     1.4339    -2.0936     3.0615     0.8796
     1.1318    -2.3125     3.0972     0.3903
     0.8119    -2.3764     3.1151     0.0893
     0.5364    -2.5587     2.9363    -0.1740
     0.2787    -2.6134     2.9184    -0.4654
    -0.0680    -2.6590     2.8201    -0.8508
    -0.3881    -2.6726     2.6145    -1.1797
    -0.6371    -2.6863     2.4626    -1.5555
    -0.9484    -2.6726     2.1766    -1.8091
    -1.2330    -2.6590     1.8996    -2.0439
    -1.4999    -2.5678     1.6226    -2.3068
    -1.7579    -2.4037     1.3189    -2.5415
    -1.8824    -2.3308     0.9974    -2.7104
    -2.0604    -2.0571     0.7384    -2.8888
    -2.3006    -1.9112     0.3366    -2.9263
    -2.3985    -1.6557    -0.0115    -3.0952
    -2.5142    -1.4183    -0.3150    -3.2078
    -2.6477    -1.1626    -0.5916    -3.2453
    -2.7278    -0.8886    -0.8771    -3.1703
    -2.7812    -0.5047    -1.2161    -3.0201
    -2.7278    -0.2487    -1.4213    -2.9169
    -2.7145     0.1355    -1.6710    -2.8231
    -2.7011     0.4375    -1.9474    -2.6354
    -2.5854     0.7396    -2.1347    -2.4758
    -2.5142     1.0601    -2.2862    -2.2505
    -2.3540     1.4175    -2.4289    -2.0533
    -2.1671     1.7109    -2.6339    -1.7622
    -1.9803     1.9585    -2.6785    -1.3488
    -1.7579     2.1511    -2.7587    -1.0294
    -1.4999     2.3989    -2.7409    -0.6252
    -1.2330     2.5916    -2.7319    -0.2586
    -0.9573     2.7936    -2.7230    -0.0329
    -0.7082     2.9956    -2.7052     0.3997
    -0.3792     3.1059    -2.6161     0.8043
    -0.1036     3.1059    -2.4378     1.1901
     0.1453     3.1977    -2.3219     1.6137
     0.4920     3.2345    -2.1792     2.0280
     0.7764     3.2161    -1.9207     2.3954
     0.9808     3.0875    -1.7156     2.7911
     1.2474     3.0232    -1.4926     3.0832
     1.5494     2.9222    -1.2072     3.3754
     1.7804     2.6375    -0.9217     3.5734
     1.9225     2.4631    -0.6094     3.8563
     2.0913     2.2062    -0.2703     3.9789
     2.2601     1.9952     0.0956     3.9411
     2.4288     1.6742     0.4348     3.9883
     2.5265     1.3442     0.8188     3.9977
     2.5975     1.0052     1.2028     3.9883
     2.6952     0.6846     1.4886     4.0071
     2.7041     0.4283     1.8907     3.8940
     2.7130     0.0257     2.1766     3.6300
     2.7218    -0.2213     2.4089     3.3848
     2.6508    -0.5504     2.6592     3.1115
     2.5265    -0.7789     2.9184     2.7817
     2.4110    -1.1078     3.1240     2.4519
     2.1890    -1.3087     3.2492     2.0751
     1.8959    -1.6100     3.2582     1.6796
     1.6205    -1.8291     3.2582     1.1995
     1.3007    -2.0115     3.2850     0.9078
     0.9630    -2.1210     3.3118     0.4844
     0.6609    -2.3308     3.2492     0.2116
     0.3053    -2.3764     3.2313    -0.1081
    -0.0236    -2.4858     3.0257    -0.4372
    -0.3437    -2.6499     2.8201    -0.8508
    -0.6460    -2.6043     2.5341    -1.1985
    -0.8861    -2.6225     2.2391    -1.3958
    -1.2686    -2.5952     1.8192    -1.6682
    -1.4554    -2.4949     1.4976    -1.9688
    -1.6689    -2.4128     1.1492    -2.1847
    -1.9091    -2.2852     0.8545    -2.4007
    -2.0604    -2.1028     0.5331    -2.5603
    -2.2027    -2.0115     0.1581    -2.7668
    -2.3896    -1.7743    -0.2168    -2.8981
    -2.5053    -1.5370    -0.5113    -3.0483
    -2.6032    -1.3270    -0.7968    -3.1234
    -2.6833    -0.9799    -1.0823    -3.1140
    -2.7367    -0.7515    -1.3410    -3.1140
    -2.6833    -0.3767    -1.5283    -2.9920
    -2.7278    -0.1573    -1.7780    -2.9545
    -2.6833     0.2361    -2.0188    -2.8512
    -2.5409     0.5198    -2.1792    -2.6635
    -2.5053     0.8953    -2.3219    -2.4946
    -2.3718     1.1976    -2.4645    -2.2786
    -2.1760     1.5275    -2.5448    -2.0533
    -2.0070     1.7384    -2.6072    -1.7715
    -1.7934     2.0043    -2.5893    -1.4240
    -1.5532     2.3163    -2.5715    -1.0576
    -1.2953     2.5824    -2.5537    -0.7192
    -1.0106     2.7844    -2.4734    -0.4278
    -0.6994     2.9038    -2.3576    -0.1269
    -0.4237     3.0691    -2.2506     0.3621
    -0.1392     3.1334    -2.1614     0.6914
     0.1809     3.1702    -1.9653     1.1807
     0.4831     3.1702    -1.8404     1.5384
     0.7408     3.1518    -1.5550     1.9339
     0.9719     3.0232    -1.3499     2.2918
     1.2918     2.9222    -1.0555     2.6497
     1.5317     2.7293    -0.7700     2.9795
     1.7005     2.6283    -0.5470     3.2434
     1.9581     2.3621    -0.2614     3.4603
     2.1002     2.1052     0.1224     3.6205
     2.2423     1.8943     0.4973     3.8185
     2.4377     1.5733     0.7473     3.8751
     2.5265     1.3075     1.0510     3.8940
     2.6774     1.0052     1.4172     3.8280
     2.7396     0.7030     1.6405     3.7431
     2.8373     0.3917     1.9085     3.5451
     2.8639     0.0806     2.2213     3.3283
     2.9083    -0.2121     2.4179     3.1115
     2.8728    -0.5413     2.6771     2.8570
     2.7396    -0.8429     2.8380     2.6121
     2.5886    -1.0439     3.0257     2.2729
     2.3489    -1.3909     3.1062     1.8397
     2.1091    -1.6283     3.1777     1.5102
     1.8248    -1.8291     3.2224     1.0584
     1.4961    -2.0298     3.1777     0.6255
     1.2296    -2.1666     3.1687     0.3057
     0.8653    -2.3399     3.0704    -0.1175
     0.6520    -2.5587     2.9363    -0.3432
     0.2964    -2.6863     2.7933    -0.6440
    -0.0325    -2.7137     2.6860    -0.9636
    -0.2903    -2.8595     2.4179    -1.3488
    -0.6371    -2.9050     2.1319    -1.6776
    -0.9395    -2.8412     1.9353    -1.9312
    -1.1796    -2.8595     1.6137    -2.1472
    -1.4465    -2.8048     1.3814    -2.3913
    -1.5977    -2.6772     1.0420    -2.6260
    -1.8023    -2.5952     0.7473    -2.7761
    -1.9714    -2.3946     0.4527    -2.9826
    -2.1849    -2.2213     0.1492    -3.0952
    -2.3006    -2.0389    -0.1186    -3.2266
    -2.4430    -1.8473    -0.4399    -3.3392
    -2.4608    -1.5370    -0.7165    -3.3861
    -2.5142    -1.3087    -0.9306    -3.3767
    -2.5498    -1.0073    -1.1269    -3.2641
    -2.5498    -0.6692    -1.3321    -3.1890
    -2.5498    -0.3402    -1.5550    -3.0389
    -2.5320     0.0074    -1.7245    -2.9263
    -2.3985     0.4283    -1.9385    -2.8043
    -2.2917     0.6480    -2.1079    -2.6072
    -2.1494     1.0143    -2.2773    -2.3631
    -2.0070     1.4175    -2.3576    -2.0908
    -1.8290     1.6834    -2.3754    -1.7622
    -1.5977     1.9493    -2.5180    -1.4146
    -1.2953     2.2887    -2.5002    -1.0576
    -1.0729     2.4447    -2.4645    -0.7756
    -0.7616     2.6926    -2.4110    -0.4278
    -0.4681     2.8395    -2.3843    -0.0893
    -0.2192     2.8762    -2.2773     0.2963
     0.1186     3.0232    -2.1703     0.8043
     0.4387     3.0599    -2.0098     1.2654
     0.6609     2.9864    -1.9118     1.6420
     0.9808     2.9681    -1.7245     2.0186
     1.2296     2.8303    -1.5194     2.4990
     1.5228     2.6559    -1.2429     2.8665
     1.7715     2.4998    -1.0199     3.1492
     1.9936     2.2704    -0.7700     3.4603
     2.2068     2.0777    -0.5113     3.7525
     2.3844     1.8484    -0.1811     3.8846
     2.5354     1.5550     0.1135     3.9789
     2.6508     1.3167     0.4527     4.0071
     2.7662     1.0235     0.8277     4.0071
     2.8462     0.7213     1.0956     3.9317
     2.9083     0.4192     1.3457     3.9034
     3.0060     0.0348     1.6494     3.6865
     2.9793    -0.2030     1.8996     3.3848
     2.9616    -0.4956     2.1945     3.0926
     2.8994    -0.7698     2.4268     2.7722
     2.8639    -0.9891     2.7128     2.4142
     2.6774    -1.2905     2.8648     1.9904
     2.4110    -1.5187     3.0436     1.6137
     2.1979    -1.7561     3.1866     1.1995
     1.8870    -1.8747     3.1330     0.7760
     1.6205    -2.1028     3.1598     0.3715
     1.3184    -2.3125     3.2224     0.0799
     0.9897    -2.3581     3.0704    -0.1834
     0.6520    -2.5496     3.0168    -0.5124
     0.3498    -2.5678     2.8558    -0.8696
     0.0297    -2.6225     2.6324    -1.1609
    -0.3259    -2.7410     2.4268    -1.4334
    -0.6193    -2.7410     2.1587    -1.7152
    -0.9039    -2.7228     1.8102    -1.9218
    -1.1707    -2.6772     1.4440    -2.1941
    -1.3931    -2.5314     1.0956    -2.4007
    -1.5888    -2.4128     0.7295    -2.5039
    -1.7401    -2.3034     0.4527    -2.7480
    -1.9091    -2.1848     0.0599    -2.9357
    -2.1138    -1.9568    -0.2971    -3.0858
    -2.2116    -1.7378    -0.6273    -3.1703
    -2.3273    -1.5279    -0.9485    -3.1984
    -2.4074    -1.2083    -1.1893    -3.2641
    -2.4608    -0.9617    -1.4926    -3.0952
    -2.4697    -0.6784    -1.7156    -2.9920
    -2.4519    -0.3493    -2.0098    -2.9357
    -2.3540    -0.0383    -2.2060    -2.8231
    -2.3184     0.3917    -2.3486    -2.7104
    -2.2116     0.6663    -2.5448    -2.5978
    -2.0515     1.0052    -2.6874    -2.3725
    -1.9447     1.3809    -2.7765    -2.1753
    -1.7934     1.6283    -2.7943    -1.8561
    -1.5354     2.0135    -2.8656    -1.5179
    -1.3575     2.1878    -2.8924    -1.1797
    -1.1351     2.5273    -2.8835    -0.7944
    -0.8416     2.6559    -2.8122    -0.4654
    -0.6104     2.8395    -2.6606    -0.1646
    -0.3348     3.0507    -2.5715     0.1646
    -0.0236     3.0967    -2.4467     0.5879
     0.2609     3.0783    -2.2238     1.0395
     0.5275     3.0783    -2.0812     1.4254
     0.8386     3.0507    -1.8583     1.9245
     1.0785     2.9681    -1.6710     2.3106
     1.3984     2.9130    -1.4213     2.7628
     1.6383     2.7477    -1.0466     3.0926
     1.9137     2.5641    -0.6719     3.4414
     2.0558     2.2887    -0.3596     3.6960
     2.2334     1.9860    -0.1097     3.8751
     2.4199     1.7750     0.1670     3.9411
     2.5176     1.4450     0.6045     3.9694
     2.6330     1.2251     0.8992     3.9977
     2.7218     0.8953     1.2564     3.9694
     2.8195     0.5931     1.5601     3.9694
     2.8728     0.3002     1.8460     3.8563
     2.8861    -0.0109     2.0694     3.6205
     2.8994    -0.2487     2.3553     3.3000
     2.8373    -0.5413     2.5787     3.0267
     2.8284    -0.7241     2.7307     2.7722
     2.5975    -1.0347     2.9721     2.3765
     2.4466    -1.2448     3.1509     1.9527
     2.2601    -1.4457     3.1419     1.5196
     1.9758    -1.6922     3.2224     1.0960
     1.6649    -1.8656     3.2313     0.6537
     1.3718    -1.9842     3.1598     0.3621
     1.0608    -2.1392     3.1240    -0.0611
     0.6786    -2.3034     2.9810    -0.2774
     0.3498    -2.4220     2.8380    -0.5970
     0.0475    -2.5496     2.6949    -0.9072
    -0.3170    -2.7045     2.4536    -1.2267
    -0.6371    -2.7137     2.1945    -1.5179
    -0.9039    -2.6863     2.0068    -1.7997
    -1.2152    -2.6863     1.7388    -1.9500
    -1.4109    -2.6043     1.4708    -2.2317
    -1.7223    -2.5131     1.1313    -2.4195
    -1.8735    -2.4584     0.8366    -2.6447
    -2.1138    -2.2669     0.4795    -2.8231
    -2.2294    -2.1484     0.1849    -2.9451
    -2.3896    -1.8747    -0.1186    -3.0952
    -2.5231    -1.6830    -0.4042    -3.1984
    -2.5943    -1.4183    -0.6808    -3.2172
    -2.5943    -1.1261    -0.8950    -3.1890
    -2.6299    -0.8703    -1.0912    -3.0858
    -2.7278    -0.5230    -1.3767    -3.0671
    -2.6744    -0.2761    -1.5729    -2.9732
    -2.5765     0.1538    -1.7512    -2.9169
    -2.5409     0.4649    -1.9474    -2.7104
    -2.4430     0.8403    -2.0544    -2.5321
    -2.2561     1.1334    -2.2238    -2.3350
    -2.1405     1.5458    -2.3576    -2.0908
    -1.9625     1.7934    -2.3665    -1.8185
    -1.7312     2.1052    -2.4110    -1.4240
    -1.5888     2.3438    -2.5358    -1.1139
    -1.2864     2.6375    -2.5537    -0.7662
    -1.0195     2.8395    -2.5537    -0.4748
    -0.7883     2.9405    -2.4824    -0.0611
    -0.4770     3.0324    -2.4467     0.2869
    -0.1836     3.0416    -2.2684     0.7102
     0.1720     3.0967    -2.1258     1.1054
     0.4742     3.0599    -2.0188     1.5949
     0.7053     2.9222    -1.7958     2.0186
     1.0608     2.7660    -1.5372     2.4236
     1.3096     2.6834    -1.3321     2.7722
     1.5139     2.3989    -1.0823     3.1303
     1.7804     2.1603    -0.8503     3.4320
     1.9403     1.9768    -0.5470     3.7620
     2.1268     1.7200    -0.2971     3.8468
     2.2689     1.4725    -0.0383     3.9223
     2.3933     1.1426     0.3456     3.9411
     2.4998     0.8678     0.6848     3.8846
     2.6330     0.5931     0.9527     3.9128
     2.6330     0.3551     1.2475     3.8940
     2.6863     0.0531     1.5780     3.6582
     2.7041    -0.2121     1.8817     3.3471
     2.6597    -0.5321     2.1319     3.0267
     2.6330    -0.6875     2.3821     2.6497
     2.5265    -0.9982     2.6056     2.2541
     2.3578    -1.2448     2.8022     1.8585
     2.1446    -1.4548     2.9095     1.4819
     1.8337    -1.6739     2.9989     1.0678
     1.6027    -1.9112     3.0793     0.6537
     1.3096    -2.1484     3.0883     0.2304
     0.9541    -2.2669     3.0257    -0.1175
     0.7142    -2.4128     2.9542    -0.4372
     0.3142    -2.5222     2.7933    -0.6910
     0.0386    -2.6407     2.6592    -0.9542
    -0.2192    -2.7501     2.4626    -1.2455
    -0.5837    -2.7775     2.2570    -1.5367
    -0.9217    -2.8595     1.9085    -1.8279
    -1.1263    -2.8777     1.6226    -2.0533
    -1.4287    -2.7683     1.3100    -2.2129
    -1.6066    -2.6772     0.9974    -2.3913
    -1.8824    -2.5861     0.7116    -2.6166
    -2.0159    -2.4949     0.3545    -2.8043
    -2.2027    -2.3672     0.0510    -2.9451
    -2.2917    -2.2305    -0.3596    -3.1046
    -2.4519    -2.0115    -0.6541    -3.2266
    -2.5053    -1.7013    -1.0020    -3.3579
    -2.5587    -1.4913    -1.1893    -3.3392
    -2.6210    -1.2083    -1.4123    -3.2641
    -2.5854    -0.8337    -1.6888    -3.1421
    -2.5676    -0.5321    -1.8672    -3.0671
    -2.5142    -0.2761    -2.1436    -2.9357
    -2.4430     0.1355    -2.2684    -2.8418
    -2.3807     0.5565    -2.4021    -2.6447
    -2.2027     0.8953    -2.4913    -2.4852
    -2.1138     1.2251    -2.5715    -2.2786
    -1.9358     1.5825    -2.6963    -2.0251
    -1.6600     1.9034    -2.6874    -1.6494
    -1.4910     2.2062    -2.6963    -1.2643
    -1.2508     2.4815    -2.6339    -0.9354
    -0.9662     2.6375    -2.5715    -0.6064
    -0.7082     2.8762    -2.5269    -0.2586
    -0.4593     2.9681    -2.3397     0.1364
    -0.1481     2.9405    -2.1614     0.5691
     0.1275     2.9956    -2.0009     1.0113
     0.3675     2.9681    -1.8583     1.5102
     0.7408     2.8303    -1.6264     1.9621
     1.0252     2.7660    -1.3767     2.4519
     1.2562     2.6559    -1.2250     2.8759
     1.5761     2.4080    -0.8325     3.2623
     1.7449     2.2062    -0.5113     3.6017
     1.8870     2.0410    -0.2168     3.8657
     2.1446     1.7567     0.0510     3.8563
     2.2956     1.5275     0.3009     3.9128
     2.3311     1.2526     0.6045     4.0260
     2.4288     1.0052     0.8545     4.0166
     2.5620     0.6938     1.2564     4.0449
     2.7307     0.5015     1.5512     3.9977
     2.8106     0.2178     1.8817     3.9789
     2.7840    -0.0201     2.1408     3.7620
     2.7751    -0.3402     2.2838     3.4414
     2.7485    -0.5413     2.5251     3.1398
     2.6774    -0.7332     2.7218     2.7722
     2.5620    -0.9891     2.9363     2.3954
     2.2601    -1.1626     3.0168     2.0186
     2.0203    -1.4092     3.1062     1.5855
     1.8426    -1.5918     3.2045     1.2184
     1.4606    -1.7743     3.1866     0.7855
     1.2296    -2.0024     3.1687     0.3903
     0.9186    -2.1119     3.1866     0.0705
     0.5809    -2.2213     3.0793    -0.1740
     0.2964    -2.4220     2.9721    -0.4372
    -0.0680    -2.5040     2.7486    -0.7192
    -0.3881    -2.5861     2.5877    -1.0388
    -0.6193    -2.7501     2.3821    -1.3676
    -0.9573    -2.7137     2.1587    -1.4991
    -1.2330    -2.6134     1.8638    -1.7528
    -1.4732    -2.5405     1.5601    -2.0063
    -1.6600    -2.5222     1.2653    -2.1941
    -1.8557    -2.3399     0.8456    -2.4101
    -1.9714    -2.2487     0.5866    -2.5978
    -2.2294    -2.0754     0.2117    -2.7574
    -2.3540    -1.8017    -0.1186    -2.9263
    -2.4074    -1.6465    -0.4042    -3.0764
    -2.5053    -1.2905    -0.6184    -3.0952
    -2.5765    -1.0347    -0.9039    -3.0671
    -2.6655    -0.8063    -1.1358    -3.0295
    -2.6833    -0.4681    -1.4034    -2.9732
    -2.6922    -0.1024    -1.6353    -2.8418
    -2.6388     0.3368    -1.8672    -2.7668
    -2.5142     0.7030    -2.1079    -2.7668
    -2.4519     1.0143    -2.2506    -2.6072
    -2.3184     1.4083    -2.4378    -2.4195
    -2.1049     1.6650    -2.4913    -2.1660
    -1.9714     2.0227    -2.6072    -1.8749
    -1.8023     2.2337    -2.6428    -1.5179
    -1.4821     2.5457    -2.6161    -1.2173
    -1.2953     2.7201    -2.6696    -0.8320
    -1.0551     2.9038    -2.6428    -0.5218
    -0.7171     3.0507    -2.6250    -0.1928
    -0.4948     3.0507    -2.5002     0.1928
    -0.2192     3.0599    -2.3130     0.6443
     0.1453     3.0967    -2.1703     1.0866
     0.4298     3.0232    -2.0366     1.5384
     0.7231     2.9497    -1.7602     2.0375
     0.9452     2.7752    -1.6086     2.5367
     1.2474     2.6467    -1.2875     2.8665
     1.4606     2.3897    -1.0912     3.2246
     1.7005     2.2062    -0.7611     3.5451
     1.9403     1.9860    -0.4220     3.8091
     1.9936     1.7109    -0.1632     3.9506
     2.2245     1.4267     0.2384     3.9128
     2.3489     1.1334     0.5688     3.9977
     2.4377     0.8220     0.9527     3.9600
     2.5354     0.5473     1.3010     3.8185
     2.5531     0.3185     1.5958     3.6771
     2.6597     0.0623     1.8907     3.4037
     2.6064    -0.3036     2.1587     3.0926
     2.5886    -0.5230     2.3911     2.8382
     2.5620    -0.8246     2.7039     2.5178
     2.4377    -1.0439     2.8558     2.1693
     2.3222    -1.3818     3.0525     1.8115
     2.1801    -1.5461     3.1509     1.4349
     1.9581    -1.8382     3.1956     1.0584
     1.6738    -2.0480     3.1956     0.6067
     1.3451    -2.2213     3.2224     0.2116
     0.9808    -2.3581     3.1598    -0.1081
     0.7408    -2.4858     3.1687    -0.3902
     0.3942    -2.6499     3.0346    -0.5406
     0.0920    -2.7592     2.8380    -0.8320
    -0.2548    -2.8230     2.6145    -1.1703
    -0.5926    -2.8959     2.3732    -1.5273
    -0.8861    -2.9233     2.0425    -1.8373
    -1.1263    -2.8686     1.7924    -2.0345
    -1.4109    -2.8139     1.6048    -2.2505
    -1.6066    -2.7228     1.2743    -2.4664
    -1.8379    -2.6590     0.9795    -2.6260
    -1.9803    -2.4675     0.5956    -2.7386
    -2.2205    -2.2578     0.2474    -2.9451
    -2.3807    -2.0480    -0.0294    -3.0764
    -2.4608    -1.8108    -0.2971    -3.1797
    -2.5676    -1.5187    -0.5916    -3.2453
    -2.6922    -1.3179    -0.8057    -3.2359
    -2.7100    -0.9799    -1.0645    -3.1797
    -2.7367    -0.6327    -1.2964    -3.1515
    -2.7901    -0.3493    -1.5550    -3.0577
    -2.6922     0.0897    -1.7423    -2.8231
    -2.6299     0.3825    -1.8761    -2.6635
    -2.5676     0.7671    -2.0366    -2.5696
    -2.4697     1.1243    -2.1614    -2.4101
    -2.3540     1.3992    -2.2238    -2.1096
    -2.1494     1.7475    -2.3665    -1.8467
    -1.9803     2.0594    -2.4289    -1.5179
    -1.8112     2.3254    -2.4734    -1.1327
    -1.6244     2.6283    -2.4467    -0.7474
    -1.3664     2.8395    -2.4289    -0.4372
    -1.1351     2.9956    -2.3665    -0.0799
    -0.8061     3.0783    -2.3219     0.3621
    -0.5215     3.0599    -2.1792     0.8043
    -0.2370     3.1242    -2.0633     1.3031
     0.0653     3.0783    -1.8939     1.7267
     0.3498     3.0691    -1.6799     2.1693
     0.6786     3.0140    -1.4837     2.6121
     0.9097     2.9038    -1.2429     3.0078
     1.2296     2.7201    -1.0466     3.3283
     1.4695     2.4264    -0.8236     3.5922
     1.6916     2.2062    -0.5202     3.8468
     1.8870     2.0135    -0.2525     4.0354
     2.0558     1.7567     0.0153     4.0071
     2.1712     1.5183     0.3813     4.0119
     2.2867     1.2526     0.7116     4.0166
     2.4110     0.9227     0.9706     4.0732
     2.4643     0.6114     1.3189     3.9789
     2.5531     0.3917     1.5512     3.8751
     2.5975     0.0440     1.8907     3.6582
     2.6419    -0.2670     2.1676     3.3377
     2.6153    -0.5139     2.4715     3.0267
     2.5265    -0.7058     2.6413     2.7157
     2.4466    -1.0347     2.9095     2.3483
     2.3222    -1.2905     3.0346     2.0092
     2.2068    -1.4548     3.1598     1.6137
     2.0025    -1.6100     3.2224     1.2278
     1.6738    -1.8838     3.2045     0.7572
     1.3895    -2.0207     3.2313     0.3715
     1.1496    -2.1210     3.1956     0.0517
     0.8031    -2.2578     3.0883    -0.2774
     0.5009    -2.4311     2.9274    -0.5688
     0.1898    -2.4584     2.7575    -0.9354
    -0.1658    -2.6225     2.5430    -1.2925
    -0.4593    -2.5952     2.2481    -1.5649
    -0.7349    -2.6316     1.9085    -1.8091
    -1.0373    -2.6043     1.6494    -2.0533
    -1.2330    -2.5405     1.3546    -2.2223
    -1.4821    -2.5405     1.1046    -2.4570
    -1.6333    -2.4128     0.7563    -2.6541
    -1.8112    -2.2396     0.3723    -2.8418
    -1.9981    -2.1575    -0.0115    -3.0295
    -2.0960    -1.9659    -0.2971    -3.0858
    -2.2205    -1.7195    -0.5827    -3.2266
    -2.3184    -1.5461    -0.8860    -3.2078
    -2.3718    -1.2539    -1.1804    -3.1890
    -2.4163    -0.9251    -1.3588    -3.1515
    -2.3985    -0.6327    -1.6086    -3.1046
    -2.3896    -0.3859    -1.8048    -3.0671
    -2.3807    -0.0018    -2.0098    -3.0201
    -2.3540     0.3368    -2.1436    -2.9357
    -2.2205     0.6755    -2.2862    -2.7198
    -2.1583     0.9685    -2.3576    -2.4946
    -2.0070     1.3809    -2.4556    -2.1847
    -1.8379     1.6834    -2.4734    -1.7997
    -1.6956     2.0318    -2.5091    -1.4710
    -1.4287     2.2796    -2.5269    -1.1797
    -1.2330     2.5824    -2.5269    -0.8790
    -0.9928     2.8028    -2.4200    -0.5594
    -0.7171     2.9405    -2.3219    -0.1834
    -0.4415     3.0140    -2.2060     0.1928
    -0.1214     3.1059    -2.0455     0.6067
     0.1898     3.0875    -1.9296     1.0584
     0.4564     2.9773    -1.7067     1.5196
     0.7853     2.9405    -1.5372     1.9433
     1.1052     2.8028    -1.2696     2.3954
     1.3540     2.5916    -1.0734     2.8099
     1.5939     2.3989    -0.8236     3.1963
     1.7982     2.0777    -0.5737     3.4980
     2.0025     1.9034    -0.3417     3.7620
     2.1624     1.6008    -0.0204     3.9506
     2.3133     1.3534     0.2920     4.0071
     2.4732     1.0052     0.6402     4.1015
     2.5798     0.8586     0.8634     4.1015
     2.6863     0.5107     1.1849     4.0166
     2.7662     0.2910     1.4350     3.9694
     2.8106     0.0348     1.7745     3.6960
     2.8728    -0.2579     2.0962     3.4980
     2.8284    -0.4681     2.3106     3.2152
     2.8106    -0.7332     2.5787     2.8099
     2.7130    -0.9982     2.7128     2.5084
     2.5975    -1.1991     2.9005     2.1693
     2.4466    -1.3909     3.0257     1.7550
     2.2157    -1.6374     3.2045     1.3595
     2.0291    -1.8291     3.2224     0.9078
     1.7093    -1.9385     3.2313     0.5502
     1.3718    -2.1848     3.2045     0.1740
     1.0519    -2.2578     3.1866    -0.1364
     0.7053    -2.3946     3.1330    -0.4372
     0.4387    -2.5496     3.0078    -0.7286
     0.0386    -2.5861     2.8290    -1.0670
    -0.2992    -2.6954     2.5072    -1.3582
    -0.5482    -2.6863     2.2481    -1.5273
    -0.8416    -2.6772     2.0247    -1.7715
    -1.1440    -2.6863     1.6673    -1.9969
    -1.3130    -2.6134     1.3546    -2.2505
    -1.5621    -2.5131     0.9706    -2.4007
    -1.7045    -2.3490     0.6848    -2.5790
    -1.9180    -2.2122     0.3456    -2.7198
    -2.0159    -2.0389     0.0421    -2.8606
    -2.2116    -1.8291    -0.2614    -2.9826
    -2.3006    -1.6100    -0.5559    -3.0577
    -2.3362    -1.3087    -0.8593    -3.2266
    -2.3896    -1.0987    -1.1358    -3.1890
    -2.4786    -0.6967    -1.3588    -3.1140
    -2.4697    -0.4407    -1.6175    -2.9826
    -2.4519    -0.1024    -1.8137    -2.9638
    -2.4252     0.3185    -2.0633    -2.8794
    -2.2917     0.5931    -2.1882    -2.7011
    -2.2650     0.9502    -2.3576    -2.5978
    -2.0693     1.3167    -2.4110    -2.4007
    -1.9358     1.6650    -2.4824    -2.1096
    -1.7845     1.8943    -2.5269    -1.7809
    -1.5621     2.2153    -2.5269    -1.4897
    -1.3486     2.3897    -2.5626    -1.2455
    -1.0996     2.6834    -2.5269    -0.8696
    -0.7972     2.7660    -2.4824    -0.5030
    -0.5126     2.8854    -2.3665    -0.0799
    -0.2103     2.9864    -2.2595     0.3433
     0.0920     2.9956    -2.0633     0.7196
     0.3587     2.9497    -1.8850     1.3031
     0.6609     2.8854    -1.7423     1.7455
     1.0341     2.7660    -1.5105     2.1882
     1.3096     2.7201    -1.2518     2.6026
     1.5050     2.4998    -1.0288     2.9795
     1.7804     2.3254    -0.8503     3.3283
     1.9403     2.1511    -0.5470     3.6394
     2.1180     1.9218    -0.3507     3.9034
     2.3133     1.6742    -0.1008     3.9977
     2.5176     1.4450     0.2831     4.0826
     2.6597     1.1518     0.6848     4.0920
     2.7840     0.8861     0.9349     4.0354
     2.7929     0.6206     1.1939     4.0071
     2.9349     0.3093     1.5065     3.8280
     2.9527     0.0074     1.7656     3.5828
     3.0060    -0.2396     2.0425     3.3566
     2.9793    -0.6053     2.2391     3.0078
     2.8728    -0.7881     2.4179     2.7628
     2.7574    -1.0895     2.6413     2.3765
     2.5886    -1.2813     2.7575     2.0845
     2.3844    -1.5826     2.8737     1.7361
     2.2068    -1.7378     2.8827     1.3219
     1.9758    -1.9933     2.9631     0.9078
     1.6916    -2.1392     2.9363     0.5597
     1.3540    -2.3216     2.8290     0.2116
     1.0608    -2.4402     2.7575    -0.0987
     0.6786    -2.5314     2.6145    -0.3526
     0.3498    -2.6043     2.5430    -0.7098
     0.0386    -2.6407     2.3911    -1.0294
    -0.2814    -2.7137     2.1408    -1.3019
    -0.5837    -2.7228     1.9175    -1.5555
    -0.8950    -2.6954     1.5869    -1.7997
    -1.0373    -2.6043     1.3457    -2.0251
    -1.2686    -2.4949     1.0867    -2.2035
    -1.4554    -2.4037     0.7295    -2.4007
    -1.6333    -2.3034     0.4170    -2.5415
    -1.8112    -2.1484     0.0688    -2.7574
    -1.9447    -1.9842    -0.1811    -2.8794
    -2.1049    -1.7287    -0.4756    -3.0389
    -2.1671    -1.4913    -0.7433    -3.1046
    -2.2650    -1.2174    -1.0645    -3.1093
    -2.2828    -0.8703    -1.2875    -3.1140
    -2.2650    -0.5321    -1.5461    -3.0483
    -2.3095    -0.3036    -1.7156    -2.8888
    -2.2294     0.0440    -1.9207    -2.8043
    -2.2116     0.4100    -2.0723    -2.7480
    -2.0693     0.7121    -2.2060    -2.5696
    -1.9714     1.0601    -2.4021    -2.3819
    -1.8646     1.4083    -2.4913    -2.1378
    -1.6778     1.7934    -2.5804    -1.9030
    -1.5087     1.9768    -2.5893    -1.6025
    -1.3486     2.3530    -2.6072    -1.2267
    -1.1440     2.5916    -2.5626    -0.8884
    -0.8505     2.8579    -2.5091    -0.5688
    -0.6015     2.9956    -2.4110    -0.1740
    -0.3259     3.1150    -2.3130     0.2492
    -0.0680     3.1518    -2.1614     0.6631
     0.2609     3.1610    -2.0277     1.1148
     0.6253     3.1518    -1.8137     1.5196
     0.8653     3.1150    -1.5461     1.9810
     1.1407     3.0048    -1.3321     2.3860
     1.4606     2.8854    -1.0912     2.7063
     1.5939     2.6559    -0.8771     3.1115
     1.8692     2.4539    -0.5559     3.4697
     2.0114     2.1786    -0.3596     3.7337
     2.1979     1.9952    -0.0829     3.9411
     2.3755     1.6742     0.2741     4.0260
     2.4377     1.4908     0.6045     4.1109
     2.5442     1.1243     0.8724     4.1392
     2.6863     0.9411     1.1403     4.1392
     2.7041     0.6022     1.4618     4.0826
     2.7929     0.3917     1.7209     3.9223
     2.7662     0.0348     2.0068     3.7054
     2.6774    -0.2213     2.1855     3.3660
     2.6242    -0.4681     2.4447     3.0549
     2.4554    -0.7606     2.5787     2.7157
     2.3045    -0.9799     2.7754     2.4048
     2.1091    -1.2265     2.8290     1.9904
     1.8604    -1.4183     2.9274     1.5949
     1.5850    -1.6374     2.9899     1.2184
     1.3362    -1.8929     3.0078     0.7666
     1.0341    -2.0298     2.9810     0.3903
     0.6964    -2.1940     2.8558     0.0517
     0.4209    -2.3581     2.7396    -0.2022
     0.0742    -2.4402     2.6413    -0.4372
    -0.2192    -2.5131     2.4983    -0.7756
    -0.5571    -2.5769     2.2838    -1.0764
    -0.8327    -2.5906     2.0783    -1.3864
    -1.1085    -2.6043     1.8638    -1.6119
    -1.3753    -2.5952     1.5690    -1.8185
    -1.6689    -2.5587     1.2296    -2.0908
    -1.7756    -2.4767     1.0152    -2.2505
    -1.9981    -2.4311     0.7295    -2.4007
    -2.1760    -2.1940     0.3545    -2.5884
    -2.2561    -2.0115    -0.0115    -2.7761
    -2.4074    -1.8929    -0.2882    -2.9075
    -2.4786    -1.6100    -0.5916    -2.9638
    -2.5231    -1.2905    -0.8414    -3.0577
    -2.6121    -1.0530    -1.1269    -3.0436
    -2.6388    -0.7241    -1.4034    -3.0295
    -2.6210    -0.4133    -1.6175    -2.8794
    -2.5854    -0.0109    -1.8672    -2.8325
    -2.5231     0.3917    -2.0098    -2.7292
    -2.4252     0.6572    -2.2595    -2.6166
    -2.2917     0.9869    -2.3308    -2.4664
    -2.1405     1.3625    -2.4289    -2.2598
    -1.9803     1.6925    -2.4913    -2.0251
    -1.7401     1.9585    -2.5358    -1.6307
    -1.5265     2.2429    -2.6161    -1.3113
    -1.3219     2.5182    -2.6250    -1.0200
    -1.0551     2.7936    -2.5804    -0.7004
    -0.7794     2.9864    -2.5002    -0.3902
    -0.5749     3.1059    -2.4734    -0.0423
    -0.2725     3.1150    -2.2684     0.4091
     0.0031     3.1334    -2.0990     0.8419
     0.3142     3.1610    -1.8672     1.3125
     0.6520     3.1793    -1.7245     1.7550
     0.9808     3.0507    -1.4569     2.1882
     1.2385     2.9405    -1.2161     2.5555
     1.5228     2.8028    -0.8860     2.9513
     1.7982     2.5916    -0.6184     3.3377
     1.9936     2.3989    -0.3863     3.6394
     2.1535     2.2062    -0.0829     3.9128
     2.3045     1.9218     0.2117     4.0166
     2.4466     1.6375     0.5063     4.0732
     2.6064     1.2984     0.8813     4.1015
     2.6686     0.9869     1.2117     4.0920
     2.7485     0.7030     1.5154     4.0826
     2.8462     0.3825     1.8013     3.8751
     2.8639     0.1355     2.0157     3.6865
     2.8373    -0.2121     2.2928     3.3660
     2.7929    -0.4499     2.4804     3.1680
     2.7041    -0.7332     2.6860     2.8476
     2.5709    -0.9251     2.8290     2.3954
     2.4554    -1.1718     2.9363     2.0092
     2.2068    -1.4457     3.0704     1.6608
     1.9581    -1.5735     3.1419     1.2937
     1.6827    -1.8108     3.1598     0.9266
     1.3895    -2.0207     3.0883     0.5785
     1.1141    -2.1301     3.1240     0.1740
     0.8564    -2.2943     3.0615    -0.1928
     0.5542    -2.3672     2.9184    -0.3808
     0.2342    -2.4858     2.8112    -0.6910
    -0.1036    -2.5405     2.5787    -0.9824
    -0.4326    -2.6407     2.4179    -1.2925
    -0.7616    -2.6225     2.1140    -1.5179
    -1.0195    -2.6225     1.9353    -1.7715
    -1.2775    -2.5952     1.6584    -1.9312
    -1.4821    -2.5314     1.4261    -2.1096
    -1.7134    -2.4767     1.0599    -2.3256
    -1.9091    -2.3764     0.7473    -2.4758
    -2.0782    -2.1301     0.4170    -2.6166
    -2.2027    -2.0389     0.0242    -2.7761
    -2.3540    -1.8108    -0.2882    -2.9451
    -2.4341    -1.5187    -0.5559    -2.9310
    -2.4875    -1.2357    -0.9039    -2.9169
    -2.5142    -0.9342    -1.1537    -2.8700
    -2.5142    -0.5504    -1.3945    -2.8137
    -2.4430    -0.2761    -1.6799    -2.7198
    -2.4074     0.1446    -1.8850    -2.5978
    -2.3184     0.6022    -2.1079    -2.4476
    -2.2294     0.9594    -2.2952    -2.2974
    -2.1049     1.3442    -2.4467    -2.0721
    -1.9892     1.6650    -2.5002    -1.9500
    -1.8290     1.9860    -2.6161    -1.6964
    -1.6511     2.3071    -2.6339    -1.3958
    -1.4198     2.5457    -2.6517    -0.9824
    -1.2330     2.8211    -2.6339    -0.6816
    -0.9839     2.9773    -2.6250    -0.3620
    -0.6816     3.1426    -2.4556    -0.0141
    -0.3970     3.1885    -2.3665     0.4562
    -0.0592     3.1610    -2.2595     0.8607
     0.2342     3.1977    -2.1079     1.2372
     0.5186     3.1426    -1.9207     1.7079
     0.8830     3.0875    -1.6710     2.1882
     1.1585     2.9864    -1.4837     2.5932
     1.5228     2.9222    -1.2875     3.0172
     1.8159     2.7569    -0.8860     3.3377
     1.9847     2.5182    -0.5916     3.7054
     2.1446     2.2887    -0.3150     3.9694
     2.2956     2.0685    -0.0561     4.0920
     2.4110     1.8484     0.3099     4.1486
     2.6064     1.5642     0.6581     4.1109
     2.6863     1.3259     0.9885     4.1109
     2.7130     0.9777     1.2207     4.0732
     2.8373     0.6022     1.5422     3.9128
     2.9438     0.4009     1.8638     3.7431
     2.9349     0.0257     2.0515     3.4885
     2.9261    -0.2487     2.3285     3.1492
     2.7840    -0.4864     2.5341     2.8476
     2.6952    -0.7515     2.7575     2.5367
     2.6064    -1.0165     2.9005     2.1505
     2.3755    -1.2448     3.0078     1.7926
     2.1712    -1.5005     3.1062     1.4443
     1.9847    -1.7013     3.1240     1.0489
     1.6738    -1.9112     3.1151     0.5973
     1.3718    -2.0207     3.0525     0.2398
     1.0519    -2.2578     3.0168    -0.1364
     0.7408    -2.3672     2.9363    -0.3808
     0.4120    -2.4767     2.8469    -0.7380
     0.0120    -2.5040     2.7843    -1.0951
    -0.3081    -2.6407     2.5698    -1.4428
    -0.5837    -2.6590     2.4089    -1.7058
    -0.9573    -2.6453     2.0962    -1.9406
    -1.1529    -2.6316     1.8817    -2.1753
    -1.3753    -2.6316     1.6673    -2.3725
    -1.5888    -2.4858     1.3457    -2.5321
    -1.7756    -2.4675     1.0867    -2.7761
    -1.9625    -2.2943     0.6670    -2.8794
    -2.0871    -2.1484     0.3991    -3.0014
    -2.2116    -2.0024     0.0242    -3.1703
    -2.3184    -1.7834    -0.2525    -3.2735
    -2.3718    -1.5826    -0.6005    -3.3485
    -2.4875    -1.2905    -0.9485    -3.2078
    -2.5053    -0.9617    -1.1715    -3.0952
    -2.5320    -0.6144    -1.5015    -2.9545
    -2.4519    -0.2670    -1.6977    -2.8700
    -2.4519     0.0806    -1.9742    -2.7011
    -2.3006     0.4924    -2.1258    -2.5696
    -2.2294     0.7945    -2.2595    -2.3913
    -2.1583     1.1518    -2.3843    -2.2411
    -1.9447     1.5367    -2.5091    -1.9312
    -1.8379     1.7475    -2.5715    -1.6307
    -1.5977     2.0502    -2.6072    -1.3676
    -1.3931     2.2979    -2.5715    -1.0388
    -1.1440     2.5090    -2.5448    -0.6440
    -0.9662     2.7293    -2.4645    -0.2304
    -0.6371     2.8579    -2.3843     0.0517
    -0.3259     3.0232    -2.1882     0.5220
    -0.0680     2.9864    -2.0277     0.8984
     0.2787     3.0140    -1.8315     1.3690
     0.5275     2.9130    -1.6442     1.7361
     0.8297     2.7752    -1.4213     2.2541
     1.1141     2.6559    -1.0912     2.6874
     1.4251     2.5182    -0.8147     3.0361
     1.6649     2.3621    -0.4667     3.3943
     1.8159     2.2612    -0.2346     3.7714
     2.0558     1.9585     0.1224     4.0354
     2.1535     1.8209     0.4795     4.0920
     2.2778     1.6375     0.7831     4.1109
     2.4288     1.4083     1.1313     4.1015
     2.4998     1.1426     1.4618     4.1298
     2.5975     0.8312     1.7656     4.1203
     2.6064     0.6022     2.0694     4.0260
     2.6952     0.3459     2.3106     3.7903
     2.6863     0.0257     2.4894     3.5074
     2.5886    -0.2121     2.6324     3.2057
     2.4998    -0.4499     2.8290     2.8665
     2.4199    -0.7241     2.9184     2.4802
     2.2512    -0.9799     3.0078     2.1787
     2.1091    -1.2357     3.1598     1.8209
     1.8870    -1.3909     3.1553     1.4443
     1.6116    -1.6100     3.1509     0.9925
     1.3806    -1.8291     3.1956     0.6349
     1.0519    -1.9842     3.1866     0.3057
     0.7497    -2.1301     3.1777    -0.0235
     0.4564    -2.2305     3.0615    -0.3244
     0.1809    -2.3764     2.9363    -0.5876
    -0.1214    -2.5222     2.8737    -0.9072
    -0.4326    -2.4584     2.6860    -1.2173
    -0.7794    -2.4949     2.4894    -1.5461
    -1.0462    -2.4994     2.2749    -1.7622
    -1.3130    -2.5040     1.9532    -2.0251
    -1.4643    -2.4858     1.6673    -2.2598
    -1.6956    -2.3490     1.3100    -2.4382
    -1.8646    -2.1301     0.9974    -2.5978
    -1.9625    -1.9750     0.6759    -2.7949
    -2.1583    -1.8382     0.3277    -2.8981
    -2.2650    -1.6922    -0.0561    -3.0295
    -2.3451    -1.4000    -0.3685    -3.1609
    -2.3451    -1.2083    -0.6630    -3.1515
    -2.4163    -0.9160    -1.0109    -3.1515
    -2.4074    -0.5504    -1.2786    -3.0483
    -2.3896    -0.3219    -1.5907    -2.9263
    -2.3718    -0.0109    -1.7780    -2.7574
    -2.3718     0.3459    -1.9742    -2.5884
    -2.2650     0.6389    -2.2238    -2.5133
    -2.1405     1.0143    -2.3397    -2.3443
    -1.9981     1.3259    -2.4378    -2.0908
    -1.8913     1.6558    -2.4824    -1.7903
    -1.6689     1.9768    -2.5180    -1.3958
    -1.4554     2.2245    -2.5448    -1.0294
    -1.2508     2.5365    -2.5626    -0.7004
    -0.9662     2.7110    -2.4824    -0.3432
    -0.7527     2.9589    -2.3843    -0.0141
    -0.4326     3.0232    -2.1971     0.3903
    -0.1036     3.0967    -2.0455     0.7666
     0.1809     3.1334    -1.8761     1.2937
     0.4920     3.1426    -1.6621     1.6608
     0.8119     3.0599    -1.4748     2.1411
     1.1052     2.9038    -1.1983     2.5367
     1.3895     2.7660    -0.9574     3.0172
     1.6827     2.5549    -0.6719     3.4131
     1.9048     2.3713    -0.3953     3.7337
     2.1002     2.0869    -0.1097     4.0637
     2.1979     1.9126     0.2295     4.1863
     2.4377     1.6283     0.5866     4.2335
     2.5531     1.4358     0.8992     4.2618
     2.6064     1.1609     1.1224     4.2335
     2.7840     0.9319     1.3904     4.2146
     2.8195     0.6572     1.6941     4.2429
     2.8728     0.3551     1.9353     4.1392
     2.9261     0.0806     2.1766     3.7903
     2.8817    -0.1573     2.3732     3.4414
     2.8550    -0.4956     2.5698     3.0644
     2.7662    -0.6784     2.6681     2.7722
     2.5975    -0.9251     2.8022     2.4519
     2.4288    -1.1169     2.9542     2.0751
     2.2512    -1.3727     3.0346     1.6608
     2.0380    -1.6557     3.0883     1.1901
     1.8692    -1.7652     3.1062     0.8890
     1.5761    -1.8929     3.0436     0.5220
     1.2562    -2.1119     2.9274     0.2586
     0.9452    -2.2122     2.9274    -0.0235
     0.6253    -2.3672     2.7843    -0.3620
     0.2964    -2.4037     2.7396    -0.7192
    -0.0592    -2.4675     2.5430    -1.0200
    -0.3614    -2.4812     2.4268    -1.3488
    -0.6638    -2.4949     2.1498    -1.5931
    -0.9395    -2.4037     1.7924    -1.8091
    -1.1440    -2.3581     1.5869    -2.0533
    -1.3486    -2.2305     1.2475    -2.2880
    -1.5087    -2.0936     0.9259    -2.4570
    -1.7312    -1.9568     0.5509    -2.6260
    -1.8735    -1.7195     0.2027    -2.8043
    -1.9180    -1.5187    -0.0918    -2.8981
    -2.0337    -1.2905    -0.4577    -3.0577
    -2.0248    -1.0621    -0.7968    -3.1703
    -2.1227    -0.7241    -1.1358    -3.2172
    -2.1227    -0.4681    -1.4213    -3.0483
    -2.1316    -0.2396    -1.6353    -2.9451
    -2.1227     0.0074    -1.9474    -2.8231
    -2.0782     0.4100    -2.1703    -2.6823
    -1.9803     0.6663    -2.3041    -2.5884
    -1.9269     0.9685    -2.4289    -2.3913
    -1.8023     1.2892    -2.5448    -2.1660
    -1.6511     1.6375    -2.6250    -1.9406
    -1.5799     1.9585    -2.7319    -1.5649
    -1.3486     2.2245    -2.7676    -1.2831
    -1.1440     2.4723    -2.7854    -0.8508
    -0.9217     2.7844    -2.7052    -0.5312
    -0.5926     2.9773    -2.5537    -0.2116
    -0.3614     3.1059    -2.4556     0.0517
    -0.0858     3.1518    -2.3130     0.5408
     0.1987     3.1610    -2.1079     0.9360
     0.5009     3.1334    -1.9653     1.3972
     0.8297     3.1059    -1.7067     1.7644
     1.1318     2.9681    -1.5283     2.2258
     1.3629     2.8028    -1.2518     2.6592
     1.6738     2.5182    -1.0199     2.9701
     1.8604     2.4172    -0.7433     3.3848
     2.1002     2.0869    -0.4310     3.7431
     2.2512     1.8943    -0.1543     3.9977
     2.3844     1.7109     0.0867     4.1392
     2.5442     1.3900     0.4706     4.2524
     2.6419     1.1701     0.7920     4.2712
     2.6863     0.8586     1.0688     4.2618
     2.7396     0.6755     1.3636     4.1581
     2.7485     0.2910     1.6316     3.9506
     2.7529     0.0623     1.8728     3.7242
     2.7574    -0.1573     2.1408     3.4414
     2.6863    -0.5047     2.3911     3.0549
     2.6508    -0.6784     2.5966     2.7063
     2.4732    -0.9434     2.7396     2.4048
     2.2956    -1.2357     2.8558     2.0092
     2.1357    -1.4092     2.9721     1.6608
     1.8515    -1.6465     3.0168     1.2466
     1.6205    -1.8929     3.1419     0.8043
     1.4251    -2.0115     3.1777     0.4750
     1.1318    -2.1575     3.1062     0.1928
     0.8119    -2.3216     3.0525    -0.0047
     0.5542    -2.5405     2.9452    -0.3150
     0.1453    -2.5861     2.8469    -0.6534
    -0.1570    -2.6134     2.7128    -0.9542
    -0.4504    -2.6681     2.5787    -1.2925
    -0.7794    -2.7045     2.3821    -1.5085
    -1.0462    -2.6043     2.1140    -1.7809
    -1.3397    -2.5587     1.8638    -2.0157
    -1.5977    -2.4675     1.5065    -2.2692
    -1.7134    -2.3216     1.2475    -2.4852
    -1.9269    -2.1666     0.9527    -2.6447
    -2.0782    -1.9750     0.5241    -2.8043
    -2.1227    -1.8108     0.1938    -3.0201
    -2.2917    -1.5279    -0.1543    -3.1327
    -2.2739    -1.2722    -0.4577    -3.1984
    -2.3362    -1.0439    -0.7433    -3.1890
    -2.3407    -0.7606    -1.0377    -3.2078
    -2.3451    -0.5139    -1.3142    -3.1421
    -2.3896    -0.1573    -1.5818    -3.0201
    -2.3451     0.0897    -1.8315    -2.8794
    -2.2650     0.4649    -2.0455    -2.7855
    -2.1671     0.7579    -2.1792    -2.5509
    -2.0426     1.0235    -2.2773    -2.4195
    -1.8913     1.4817    -2.4110    -2.1847
    -1.8023     1.7200    -2.5002    -1.8561
    -1.6155     2.1052    -2.5537    -1.4522
    -1.3664     2.3989    -2.5982    -1.1421
    -1.2063     2.7385    -2.5982    -0.8226
    -0.9128     2.9313    -2.5358    -0.4278
    -0.6371     3.1334    -2.4110    -0.0987
    -0.3792     3.1885    -2.2773     0.2869
    -0.0947     3.3080    -2.0812     0.7196
     0.2075     3.2620    -1.9028     1.2089
     0.5098     3.2253    -1.6710     1.6420
     0.8031     3.1977    -1.4659     2.0280
     1.1496     2.9864    -1.2607     2.3860
     1.4251     2.7844    -1.0377     2.7722
     1.7182     2.5549    -0.7254     3.1586
     1.8959     2.3071    -0.4399     3.4603
     2.1446     2.0869    -0.1454     3.8280
     2.3222     1.8209     0.1224     4.0732
     2.4910     1.5550     0.5509     4.1958
     2.5975     1.2251     0.8277     4.2335
     2.6419     0.9960     1.2028     4.2995
     2.6863     0.8037     1.4529     4.2712
     2.6597     0.5290     1.7209     4.1392
     2.6774     0.3551     2.0425     3.9034
     2.7218    -0.0201     2.3285     3.6488
     2.6242    -0.2579     2.5251     3.3660
     2.5709    -0.5321     2.7575     3.0267
     2.5087    -0.8337     2.9095     2.6309
     2.3311    -1.0987     3.0793     2.3106
     2.1535    -1.2813     3.1062     1.9245
     2.0114    -1.5918     3.1956     1.5384
     1.6827    -1.7743     3.2224     1.1336
     1.4695    -1.9750     3.2582     0.7666
     1.1940    -2.0663     3.2582     0.4091
     0.9186    -2.2031     3.2492     0.1458
     0.6253    -2.3216     3.1151    -0.1646
     0.3320    -2.4858     3.0704    -0.4560
    -0.0058    -2.4858     2.9095    -0.7662
    -0.2814    -2.5131     2.7754    -1.0482
    -0.6015    -2.5496     2.5966    -1.3300
    -0.9039    -2.5496     2.3017    -1.6119
    -1.1885    -2.4584     1.9889    -1.8467
    -1.4198    -2.4128     1.7388    -2.0533
    -1.6244    -2.2761     1.4350    -2.2505
    -1.8468    -2.0663     1.1760    -2.3631
    -2.0159    -1.9477     0.8366    -2.6354
    -2.1049    -1.7469     0.5331    -2.7668
    -2.2650    -1.5735     0.1402    -2.9169
    -2.2917    -1.3270    -0.1811    -3.0671
    -2.3807    -1.0347    -0.5291    -3.0577
    -2.3629    -0.7332    -0.9128    -3.0483
    -2.3451    -0.4956    -1.1893    -3.0108
    -2.3451    -0.2304    -1.4748    -2.8794
    -2.2294     0.1721    -1.7423    -2.7574
    -2.1405     0.4283    -1.9474    -2.5696
    -2.0871     0.8220    -2.1525    -2.4852
    -1.9892     1.0968    -2.3041    -2.3537
    -1.7845     1.4725    -2.4110    -2.1378
    -1.7045     1.8209    -2.5537    -1.8185
    -1.4732     2.1328    -2.6428    -1.5179
    -1.3397     2.3989    -2.6785    -1.1421
    -1.0818     2.7018    -2.6696    -0.8414
    -0.8505     2.9864    -2.5893    -0.4654
    -0.6015     3.1610    -2.5982    -0.1834
    -0.3170     3.1610    -2.4645     0.1834
    -0.0769     3.3080    -2.3665     0.6067
     0.2875     3.2437    -2.2060     1.0395
     0.5986     3.2161    -1.9831     1.4819
     0.8919     3.1885    -1.7869     1.9150
     1.1852     3.0875    -1.5640     2.3765
     1.5494     2.9222    -1.2786     2.7345
     1.7538     2.6467    -1.0109     3.0738
     2.0025     2.4264    -0.7522     3.4508
     2.2512     2.1970    -0.4131     3.8468
     2.3755     1.9493    -0.0829     4.0543
     2.5620     1.6742     0.2474     4.1769
     2.6686     1.3900     0.6313     4.2335
     2.7396     1.0693     0.9259     4.2712
     2.8373     0.8953     1.2564     4.2524
     2.8284     0.6114     1.5333     4.1581
     2.8195     0.3368     1.8728     3.9600
     2.8106     0.0714     2.1230     3.7337
     2.8018    -0.2670     2.3285     3.4980
     2.7041    -0.4224     2.5251     3.1398
     2.6419    -0.6967     2.6503     2.7157
     2.5620    -0.9525     2.8290     2.4236
     2.3933    -1.2813     2.9005     2.0751
     2.1624    -1.5005     3.0525     1.6231
     1.9492    -1.6557     3.0704     1.1901
     1.6827    -1.8929     3.1509     0.7855
     1.4073    -2.0480     3.1151     0.5314
     1.1496    -2.2305     3.1330     0.2022
     0.8919    -2.3125     3.1151    -0.0611
     0.5453    -2.4220     2.9452    -0.3150
     0.2520    -2.5040     2.9452    -0.6722
    -0.0947    -2.6316     2.7754    -0.9824
    -0.5037    -2.6407     2.6145    -1.2643
    -0.7794    -2.5952     2.4179    -1.4897
    -1.1529    -2.6043     2.1766    -1.7809
    -1.4109    -2.4858     1.9532    -2.0533
    -1.6333    -2.3672     1.6048    -2.2223
    -1.8913    -2.2761     1.2921    -2.4382
    -2.0515    -2.1210     0.9795    -2.6166
    -2.2116    -1.9750     0.5688    -2.7761
    -2.3807    -1.6739     0.2474    -2.9357
    -2.5053    -1.5187    -0.1722    -3.0577
    -2.4964    -1.2813    -0.4845    -3.2266
    -2.5409    -1.0256    -0.7790    -3.2359
    -2.5587    -0.6967    -1.1537    -3.1609
    -2.5498    -0.4316    -1.3945    -3.0108
    -2.5676    -0.1573    -1.7334    -2.8981
    -2.4608     0.2636    -1.9653    -2.7198
    -2.3985     0.4832    -2.1168    -2.5978
    -2.3006     0.8403    -2.2952    -2.4946
    -2.1671     1.1884    -2.5091    -2.3443
    -2.0426     1.4908    -2.5893    -2.2317
    -1.8824     1.7934    -2.6696    -1.9312
    -1.7223     2.1144    -2.7319    -1.4897
    -1.4910     2.4264    -2.7052    -1.1233
    -1.2953     2.5916    -2.7052    -0.8132
    -0.9750     2.8946    -2.6339    -0.5406
    -0.7438     2.9681    -2.6072    -0.2398
    -0.3970     3.1518    -2.4556     0.1740
    -0.1303     3.1793    -2.3397     0.5408
     0.2164     3.1610    -2.1614     1.0489
     0.5275     3.1885    -1.9385     1.4537
     0.7675     3.0507    -1.6710     1.8585
     1.1674     2.9405    -1.4748     2.3483
     1.4606     2.6834    -1.1893     2.7251
     1.8071     2.4998    -0.9128     3.0549
     2.0025     2.2520    -0.5648     3.4414
     2.2867     1.9676    -0.2703     3.7148
     2.4377     1.7750     0.0510     3.9317
     2.6597     1.4450     0.4170     4.1298
     2.7751     1.1793     0.7384     4.1581
     2.7929     0.9594     1.0331     4.1863
     2.9172     0.6480     1.3278     4.1015
     2.9527     0.4192     1.6852     3.9883
     2.9705     0.0897     1.9175     3.8280
     2.9882    -0.1573     2.2391     3.5640
     2.9083    -0.3859     2.4715     3.2246
     2.7929    -0.7149     2.6681     2.8759
     2.7662    -0.9891     2.8558     2.5744
     2.6330    -1.1900     3.0168     2.1976
     2.5265    -1.3635     3.1509     1.7550
     2.2512    -1.5644     3.2671     1.4725
     2.0291    -1.7834     3.2313     1.0584
     1.8071    -1.9933     3.2671     0.6349
     1.4784    -2.0936     3.2671     0.3057
     1.2385    -2.2396     3.2760     0.1270
     0.9186    -2.4584     3.2671    -0.1740
     0.5453    -2.5496     3.2045    -0.4842
     0.2253    -2.5861     3.0704    -0.7662
    -0.0769    -2.6134     2.9274    -0.9636
    -0.4681    -2.6225     2.6771    -1.2455
    -0.8150    -2.6134     2.3821    -1.4991
    -1.1085    -2.5040     2.1498    -1.7058
    -1.3308    -2.4311     1.8817    -1.9782
    -1.5621    -2.3672     1.5601    -2.1847
    -1.8468    -2.1940     1.1581    -2.3631
    -1.9625    -2.0480     0.8634    -2.6354
    -2.1049    -1.8291     0.4795    -2.7292
    -2.2472    -1.5552     0.1402    -2.8888
    -2.3362    -1.3361    -0.2346    -3.0108
    -2.3896    -1.0530    -0.5559    -3.0671
    -2.4074    -0.7972    -0.9217    -3.0577
    -2.4252    -0.5230    -1.1893    -3.0014
    -2.4074    -0.1847    -1.5283    -2.9169
    -2.3540     0.1172    -1.7780    -2.7949
    -2.2917     0.4466    -1.9296    -2.6635
    -2.2739     0.7487    -2.1347    -2.4758
    -2.1049     1.0693    -2.3397    -2.3913
    -1.9714     1.4083    -2.4734    -2.1847
    -1.8468     1.8026    -2.5982    -1.9218
    -1.7223     2.0318    -2.7052    -1.6025
    -1.5443     2.4080    -2.7587    -1.2361
    -1.3041     2.6375    -2.7230    -0.9542
    -1.1351     2.9497    -2.7587    -0.5876
    -0.7883     3.0507    -2.6339    -0.2022
    -0.5304     3.2528    -2.5448     0.1552
    -0.2814     3.2253    -2.4289     0.5597
     0.0653     3.2620    -2.3041     0.9737
     0.3409     3.2253    -2.1703     1.4349
     0.6964     3.2528    -1.8761     1.7550
     0.9986     3.1518    -1.6799     2.1787
     1.3007     2.9405    -1.3142     2.5555
     1.5761     2.7110    -1.0377     2.9607
     1.8426     2.4815    -0.7254     3.3377
     2.0380     2.2979    -0.3953     3.5734
     2.2157     1.9952    -0.0472     3.8563
     2.4022     1.7109     0.2206     4.0826
     2.4910     1.5550     0.5598     4.1863
     2.6242     1.2800     0.9349     4.2335
     2.6774     0.9411     1.2564     4.2146
     2.7574     0.7213     1.5780     4.1581
     2.7662     0.4375     1.8996     3.9977
     2.7396     0.0897     2.1230     3.7620
     2.7485    -0.1481     2.4268     3.4791
     2.6686    -0.5321     2.6860     3.1021
     2.6597    -0.7515     2.8827     2.7440
     2.5620    -0.9982     3.0346     2.3860
     2.3755    -1.2813     3.1330     2.0845
     2.2689    -1.5461     3.2134     1.7173
     2.0203    -1.7378     3.2403     1.3125
     1.7449    -1.8838     3.2045     0.9078
     1.5050    -2.0754     3.1956     0.5973
     1.2740    -2.2761     3.1866     0.2774
     0.9986    -2.3764     3.1240     0.0141
     0.7497    -2.5222     3.0793    -0.2680
     0.4298    -2.6134     2.9274    -0.5406
     0.0564    -2.6499     2.8558    -0.8320
    -0.2725    -2.6590     2.6592    -1.0951
    -0.6104    -2.6681     2.4715    -1.4334
    -0.9395    -2.5496     2.1676    -1.6776
    -1.2241    -2.5040     1.9532    -1.9030
    -1.4554    -2.3946     1.6405    -2.0814
    -1.6689    -2.2122     1.3278    -2.3068
    -1.8646    -2.0480     0.9885    -2.5039
    -2.0070    -1.8747     0.6313    -2.6354
    -2.1405    -1.7104     0.2474    -2.8231
    -2.2383    -1.4092    -0.0829    -2.9451
    -2.3362    -1.1626    -0.4756    -3.0671
    -2.3629    -1.0347    -0.8057    -3.0764
    -2.3629    -0.7058    -1.1180    -3.0764
    -2.3540    -0.4499    -1.4659    -2.9545
    -2.3807    -0.0658    -1.6977    -2.7761
    -2.3718     0.2910    -1.9920    -2.7198
    -2.2472     0.6206    -2.1614    -2.6541
    -2.1760     0.9227    -2.3219    -2.4852
    -2.0782     1.3534    -2.4645    -2.3350
    -1.9536     1.6558    -2.6517    -2.1002
    -1.7934     1.9585    -2.6963    -1.7246
    -1.6422     2.2796    -2.7765    -1.4428
    -1.4821     2.5641    -2.8389    -1.1139
    -1.2330     2.8120    -2.8300    -0.7944
    -1.0284     3.0048    -2.7943    -0.5030
    -0.7527     3.1793    -2.6696    -0.2022
    -0.4593     3.2620    -2.5893     0.1646
    -0.1481     3.2896    -2.3843     0.5597
     0.1809     3.2161    -2.2327     0.9548
     0.4831     3.2069    -2.0633     1.3784
     0.7853     3.2253    -1.7691     1.8115
     1.1230     3.0691    -1.4748     2.2447
     1.3984     2.8671    -1.1804     2.5932
     1.6472     2.6008    -0.8950     2.9984
     1.9314     2.2887    -0.6005     3.3566
     2.1446     2.0135    -0.2614     3.6394
     2.3400     1.8576     0.0331     3.8563
     2.5442     1.6467     0.3902     4.0354
     2.6153     1.2892     0.7473     4.1015
     2.7485     1.0968     1.0510     4.1203
     2.7574     0.7854     1.4172     3.9789
     2.8373     0.4558     1.7120     3.8563
     2.8284     0.2087     1.9711     3.6488
     2.8018    -0.1847     2.2391     3.4414
     2.8018    -0.4042     2.4894     3.1303
     2.7130    -0.5870     2.6503     2.8005
     2.6419    -0.8977     2.8827     2.4707
     2.4998    -1.1718     2.9721     2.1222
     2.3222    -1.3727     3.1151     1.7267
     2.0735    -1.5735     3.2403     1.2937
     1.8604    -1.8291     3.2492     0.9172
     1.6560    -2.0480     3.2760     0.5220
     1.3540    -2.2031     3.3386     0.1270
     1.1318    -2.3581     3.3386    -0.0799
     0.7853    -2.4311     3.3029    -0.2680
     0.5098    -2.6043     3.1866    -0.5406
     0.1631    -2.6407     3.0704    -0.8414
    -0.1125    -2.6590     2.9005    -1.0576
    -0.4504    -2.6590     2.6413    -1.2925
    -0.7972    -2.6590     2.4447    -1.5179
    -1.0729    -2.6499     2.1587    -1.7528
    -1.3664    -2.4767     1.7924    -1.9875
    -1.6244    -2.3034     1.5154    -2.2411
    -1.7756    -2.1392     1.2028    -2.3725
    -2.0159    -1.9477     0.8813    -2.6166
    -2.1671    -1.8017     0.4706    -2.7480
    -2.2650    -1.5461     0.1313    -2.8512
    -2.3362    -1.2357    -0.2346    -2.9357
    -2.3629    -1.0439    -0.5559    -3.0108
    -2.3896    -0.7424    -0.8860    -3.0483
    -2.3896    -0.4407    -1.1626    -2.9545
    -2.3985    -0.1115    -1.4837    -2.8043
    -2.3451     0.1904    -1.7067    -2.7480
    -2.3807     0.5565    -1.9474    -2.5696
    -2.2828     0.8495    -2.1614    -2.4101
    -2.1760     1.2251    -2.3219    -2.2505
    -2.0248     1.5550    -2.4824    -2.0627
    -1.8824     1.8759    -2.5804    -1.7715
    -1.7134     2.1603    -2.6785    -1.4334
    -1.5799     2.5457    -2.7587    -1.1421
    -1.3308     2.7385    -2.7854    -0.8414
    -1.0996     3.0783    -2.7319    -0.4842
    -0.8950     3.1793    -2.6606    -0.1646
    -0.5926     3.2253    -2.5715     0.2210
    -0.2992     3.2896    -2.3754     0.6161
    -0.0769     3.2437    -2.1971     1.0678
     0.3142     3.2069    -2.0812     1.3972
     0.5809     3.2528    -1.8137     1.8020
     0.8653     3.1885    -1.5015     2.1882
     1.2029     2.9864    -1.3231     2.5367
     1.4873     2.6834    -0.9842     2.9324
     1.8248     2.4723    -0.6719     3.2152
     2.0203     2.1786    -0.3863     3.5168
     2.2334     1.9860    -0.0204     3.7525
     2.4821     1.6925     0.3456     3.9317
     2.5265     1.4725     0.6491     4.1298
     2.7218     1.1793     1.0242     4.0920
     2.7218     0.8586     1.3546     4.0354
     2.7307     0.6022     1.7209     3.8751
     2.7929     0.3093     1.9800     3.7242
     2.7662    -0.0658     2.2481     3.4697
     2.7751    -0.3950     2.4626     3.2152
     2.7485    -0.5870     2.6949     2.8947
     2.6064    -0.9342     2.8737     2.5555
     2.5087    -1.1718     2.9631     2.2070
     2.4288    -1.4822     3.1330     1.8397
     2.2245    -1.7378     3.2045     1.4160
     1.9936    -1.9021     3.2403     1.0678
     1.7538    -2.1028     3.3118     0.6631
     1.5672    -2.2761     3.3297     0.3433
     1.2918    -2.3764     3.2582    -0.0047
     1.0163    -2.5678     3.2760    -0.2022
     0.6875    -2.6499     3.1598    -0.5124
     0.3587    -2.7501     3.0972    -0.8320
     0.0209    -2.8412     2.9005    -1.0951
    -0.2636    -2.8412     2.7128    -1.3206
    -0.6015    -2.8139     2.4626    -1.5367
    -0.8683    -2.7957     2.2302    -1.7715
    -1.1885    -2.6954     1.9175    -2.0157
    -1.3664    -2.5587     1.5958    -2.2317
    -1.6066    -2.3581     1.2296    -2.4382
    -1.8557    -2.2305     0.8813    -2.6260
    -2.0248    -2.0571     0.5063    -2.7574
    -2.1405    -1.8656     0.1313    -2.9263
    -2.2917    -1.6191    -0.2257    -3.0108
    -2.3718    -1.3544    -0.5381    -3.0483
    -2.3807    -1.0165    -0.8950    -2.9545
    -2.4252    -0.7332    -1.1537    -2.9075
    -2.4608    -0.3859    -1.4569    -2.8606
    -2.4163    -0.0841    -1.7334    -2.7949
    -2.3985     0.3185    -1.9742    -2.6541
    -2.3896     0.6480    -2.2060    -2.5790
    -2.2294     0.9777    -2.4021    -2.4664
    -2.1316     1.3992    -2.5626    -2.3256
    -2.0070     1.7200    -2.7498    -2.0063
    -1.8735     1.9493    -2.8656    -1.7528
    -1.6778     2.2612    -2.9102    -1.4052
    -1.5265     2.5182    -2.9369    -1.0106
    -1.2686     2.7385    -2.9637    -0.7662
    -1.0729     3.0691    -2.8924    -0.4466
    -0.7972     3.1518    -2.8300    -0.0799
    -0.5215     3.1610    -2.6517     0.3339
    -0.2459     3.1977    -2.5180     0.7384
     0.0564     3.2528    -2.2952     1.2184
     0.3764     3.2528    -2.1525     1.5855
     0.6253     3.1885    -1.9563     1.9810
     0.9808     3.0691    -1.5996     2.3860
     1.2562     2.8854    -1.3321     2.7911
     1.5228     2.6650    -1.1091     3.0832
     1.8426     2.3254    -0.7433     3.3377
     2.0025     2.1328    -0.4220     3.5640
     2.1890     1.8209    -0.0918     3.8374
     2.3578     1.5183     0.3366     3.9411
     2.4998     1.3167     0.6759     4.0637
     2.5620     0.9502     0.9885     4.0496
     2.5620     0.6480     1.3814     4.0354
     2.6330     0.4558     1.7030     3.8751
     2.6686     0.0897     1.9621     3.6300
     2.6597    -0.1938     2.2570     3.4225
     2.5975    -0.4956     2.5341     3.0172
     2.6153    -0.7332     2.6860     2.7251
     2.5176    -0.9708     2.8827     2.3954
     2.3933    -1.2905     3.0436     2.0469
     2.1801    -1.5187     3.1598     1.6608
     1.9670    -1.8382     3.2313     1.2937
     1.7449    -1.9385     3.2582     0.8701
     1.5494    -2.2031     3.2582     0.4468
     1.3096    -2.2487     3.2582     0.1552
     1.0163    -2.4493     3.2582    -0.0517
     0.7942    -2.5496     3.2224    -0.2774
     0.5009    -2.6590     3.1419    -0.5688
     0.1987    -2.7228     3.0615    -0.8226
    -0.1658    -2.7319     2.8916    -1.1233
    -0.4948    -2.7775     2.6413    -1.3582
    -0.7705    -2.6772     2.4268    -1.5931
    -1.0640    -2.6863     2.1319    -1.8091
    -1.3041    -2.4949     1.8728    -2.1378
    -1.5176    -2.3946     1.4886    -2.3068
    -1.7045    -2.1848     1.1760    -2.4664
    -1.9358    -2.0298     0.8099    -2.6260
    -2.0871    -1.8199     0.4706    -2.7949
    -2.1938    -1.5096     0.0867    -2.9451
    -2.3362    -1.2905    -0.2703    -2.9638
    -2.3718    -1.0256    -0.6094    -3.0108
    -2.3629    -0.7972    -0.9485    -3.0201
    -2.4252    -0.5778    -1.3142    -2.8981
    -2.3985    -0.1755    -1.5996    -2.7949
    -2.3807     0.2270    -1.8315    -2.7011
    -2.3273     0.6022    -2.1168    -2.6072
    -2.3184     0.8770    -2.3843    -2.4946
    -2.1938     1.2251    -2.5269    -2.3162
    -2.0871     1.5550    -2.6250    -2.1378
    -1.9358     1.8117    -2.7854    -1.8561
    -1.7490     2.1695    -2.8924    -1.5367
    -1.5621     2.4815    -2.9102    -1.1609
    -1.3753     2.7293    -2.8745    -0.8978
    -1.1351     2.9864    -2.8032    -0.6064
    -0.8861     3.1242    -2.7230    -0.2304
    -0.6549     3.1977    -2.5982     0.1458
    -0.3703     3.2069    -2.4556     0.5502
    -0.0769     3.2528    -2.3130     1.0113
     0.1809     3.2345    -2.1614     1.3878
     0.5364     3.2437    -1.9653     1.7173
     0.7586     3.1610    -1.7245     2.1316
     1.1052     3.0507    -1.4391     2.4896
     1.4428     2.8120    -1.1180     2.8193
     1.7449     2.4539    -0.8147     3.0738
     1.9225     2.1970    -0.5559     3.3377
     2.1180     1.9401    -0.2525     3.6111
     2.3045     1.6467     0.1224     3.7242
     2.4022     1.3167     0.4706     3.9883
     2.4910     1.0510     0.8545     4.0260
     2.5087     0.8037     1.2028     3.9977
     2.5886     0.5565     1.5065     3.8185
     2.5620     0.3185     1.8013     3.6394
     2.6064    -0.0841     2.0962     3.4320
     2.6153    -0.3219     2.4089     3.1680
     2.5354    -0.5778     2.5698     2.7628
     2.5176    -0.8794     2.7754     2.4425
     2.3933    -1.1352     2.9005     2.1316
     2.2778    -1.4457     3.0525     1.7455
     2.0291    -1.6739     3.1330     1.4349
     1.8248    -1.8838     3.2224     1.0301
     1.6294    -2.1028     3.2045     0.6349
     1.3984    -2.2487     3.1687     0.2586
     1.1407    -2.3581     3.1687    -0.0423
     0.8919    -2.5496     3.0436    -0.2586
     0.5898    -2.6499     2.9721    -0.5030
     0.3320    -2.7410     2.8827    -0.7756
     0.0031    -2.7866     2.7665    -1.0388
    -0.3703    -2.7957     2.5877    -1.3582
    -0.6282    -2.7319     2.3553    -1.5461
    -0.9306    -2.7410     2.1587    -1.7809
    -1.2508    -2.6134     1.8192    -2.0627
    -1.4999    -2.4402     1.4440    -2.1753
    -1.6244    -2.2669     1.1403    -2.3631
    -1.8468    -2.1210     0.7831    -2.5133
    -1.9358    -1.8382     0.4081    -2.6541
    -2.1138    -1.6283     0.1135    -2.7574
    -2.2383    -1.3361    -0.2257    -2.8888
    -2.2917    -1.1261    -0.6094    -2.9826
    -2.3540    -0.8246    -0.9306    -2.9638
    -2.3362    -0.6053    -1.2696    -2.9826
    -2.3718    -0.3676    -1.5996    -2.8981
    -2.3896     0.0440    -1.8672    -2.7386
    -2.3006     0.3734    -2.0990    -2.5696
    -2.2828     0.7579    -2.3308    -2.4664
    -2.1849     1.1334    -2.5448    -2.2786
    -2.0337     1.5275    -2.6963    -2.0533
    -1.9625     1.7934    -2.8567    -1.8936
    -1.7312     2.1419    -2.9280    -1.5555
    -1.5354     2.3989    -3.0082    -1.3113
    -1.3842     2.7477    -3.0439    -0.9448
    -1.1440     2.9956    -3.0171    -0.5970
    -0.9306     3.1242    -2.8924    -0.2962
    -0.7171     3.2253    -2.7943     0.0329
    -0.4593     3.2069    -2.7230     0.4844
    -0.2281     3.1885    -2.5626     0.8984
     0.0742     3.1610    -2.3397     1.2937
     0.3853     3.2253    -2.1079     1.6608
     0.6609     3.2069    -1.7958     2.0280
     0.9630     3.0967    -1.5194     2.4142
     1.2562     2.8303    -1.2072     2.8099
     1.5583     2.4998    -0.9485     3.0644
     1.7804     2.2245    -0.6184     3.3000
     2.0291     1.8667    -0.2971     3.5168
     2.1624     1.6742     0.0421     3.8091
     2.2867     1.3167     0.4259     3.9600
     2.4199     1.0601     0.7831     3.9977
     2.4466     0.7854     1.1046     4.0260
     2.5265     0.5198     1.4529     3.9128
     2.5265     0.1721     1.8192     3.6960
     2.5309    -0.1024     2.1051     3.4414
     2.5354    -0.4133     2.3017     3.2152
     2.4554    -0.7149     2.5162     2.8570
     2.4022    -0.9160     2.7665     2.4236
     2.3311    -1.2813     2.9452     2.0940
     2.2157    -1.4731     3.0883     1.7738
     2.0469    -1.8199     3.2671     1.4254
     1.8692    -2.0480     3.2671     1.0019
     1.6649    -2.2943     3.2671     0.6067
     1.4606    -2.4493     3.2671     0.2210
     1.1763    -2.5587     3.2671    -0.0893
     0.9808    -2.7045     3.2850    -0.3244
     0.6431    -2.7775     3.2134    -0.5876
     0.3587    -2.9050     3.1866    -0.8884
     0.1009    -2.9506     3.0436    -1.1609
    -0.2281    -2.9779     2.8469    -1.4428
    -0.6015    -2.9141     2.5966    -1.7434
    -0.8594    -2.8868     2.2749    -1.9406
    -1.1085    -2.6954     2.0336    -2.1284
    -1.3931    -2.5678     1.7656    -2.3162
    -1.5977    -2.3946     1.3725    -2.5039
    -1.7756    -2.2487     1.0510    -2.6447
    -1.9091    -2.0207     0.6759    -2.8606
    -2.0604    -1.7195     0.3723    -2.9638
    -2.2205    -1.5370    -0.0561    -3.0014
    -2.2561    -1.2631    -0.3953    -3.1046
    -2.3184    -1.0804    -0.7076    -3.1515
    -2.3807    -0.7881    -1.0912    -3.1421
    -2.3362    -0.5321    -1.4034    -3.0952
    -2.3362    -0.1755    -1.6621    -2.9169
    -2.2828     0.2544    -1.9653    -2.7292
    -2.2205     0.5565    -2.2149    -2.5321
    -2.2027     0.9136    -2.4021    -2.3725
    -2.0515     1.3350    -2.5893    -2.1847
    -1.9536     1.6834    -2.7498    -2.0439
    -1.8023     1.9493    -2.8478    -1.8091
    -1.5799     2.2796    -2.9369    -1.4991
    -1.4554     2.5273    -3.0439    -1.2079
    -1.2152     2.8395    -3.0439    -0.8508
    -0.9839     2.9773    -2.9191    -0.5500
    -0.7883     3.0691    -2.8745    -0.2492
    -0.5749     3.0691    -2.7587     0.1552
    -0.2814     3.1977    -2.5982     0.5879
    -0.0769     3.1518    -2.4200     1.0301
     0.2787     3.1702    -2.2327     1.3878
     0.5453     3.1334    -2.0009     1.7455
     0.7764     3.0875    -1.7334     2.1787
     1.0341     2.9589    -1.4123     2.5367
     1.3806     2.6191    -1.0734     2.8005
     1.6649     2.3897    -0.7522     3.0926
     1.8426     2.0227    -0.4399     3.3377
     2.0913     1.7659    -0.1365     3.5545
     2.1712     1.4633     0.1760     3.7525
     2.3666     1.1426     0.5956     3.9034
     2.4466     0.8678     0.9259     3.9034
     2.4110     0.6022     1.2564     3.8751
     2.4466     0.3276     1.6226     3.6771
     2.4554    -0.0201     1.8996     3.4697
     2.4288    -0.2487     2.2034     3.2340
     2.4377    -0.5047     2.4894     2.9513
     2.3578    -0.7789     2.7396     2.6309
     2.2778    -1.0530     2.8827     2.2729
     2.1624    -1.3453     3.1062     1.9998
     2.0291    -1.6557     3.2224     1.5572
     1.9048    -1.9021     3.2760     1.2089
     1.7093    -2.1575     3.2894     0.7666
     1.4961    -2.4311     3.3029     0.3527
     1.2740    -2.5496     3.2850    -0.0235
     0.9541    -2.6499     3.2403    -0.2492
     0.7586    -2.8139     3.2760    -0.5124
     0.4209    -2.8777     3.2224    -0.7286
     0.1186    -2.9415     3.0525    -1.0294
    -0.1658    -2.9415     2.8201    -1.2925
    -0.4948    -2.9415     2.5787    -1.6025
    -0.7438    -2.9506     2.3553    -1.8373
    -1.0373    -2.8777     2.0604    -2.0345
    -1.3397    -2.8048     1.8192    -2.1753
    -1.5087    -2.6043     1.5065    -2.3537
    -1.7134    -2.3672     1.1849    -2.4852
    -1.9091    -2.1392     0.8188    -2.6447
    -2.0159    -1.9294     0.4973    -2.7949
    -2.1938    -1.7013     0.1224    -2.9169
    -2.3807    -1.4640    -0.2793    -3.0483
    -2.3629    -1.1809    -0.5916    -3.1421
    -2.4697    -0.9160    -0.9752    -3.1140
    -2.4964    -0.6510    -1.2875    -3.0295
    -2.4252    -0.3859    -1.5640    -2.9920
    -2.3985     0.0623    -1.8493    -2.8606
    -2.3540     0.4375    -2.0990    -2.6635
    -2.3095     0.7945    -2.3219    -2.4852
    -2.2294     1.0876    -2.5269    -2.2974
    -2.0604     1.5183    -2.7052    -2.1378
    -1.9714     1.8576    -2.8122    -1.9406
    -1.8112     2.1052    -2.8924    -1.6307
    -1.5799     2.4539    -2.9637    -1.2361
    -1.3931     2.6834    -2.9815    -0.8978
    -1.1618     2.9222    -2.9637    -0.5500
    -0.9395     3.0599    -2.8300    -0.2586
    -0.7082     3.1610    -2.7319     0.0235
    -0.5037     3.1242    -2.6517     0.4091
    -0.2725     3.0967    -2.5091     0.8043
     0.0031     3.0967    -2.2773     1.2278
     0.3053     3.1150    -2.0277     1.6231
     0.5453     3.1426    -1.7602     1.9810
     0.8653     3.0232    -1.4926     2.3577
     1.1141     2.8120    -1.1715     2.7063
     1.4073     2.4723    -0.8236     3.0455
     1.6649     2.1786    -0.5024     3.2717
     1.9403     1.8667    -0.1811     3.5263
     2.0913     1.5917     0.1849     3.7808
     2.2778     1.3442     0.5509     3.9317
     2.3578     1.0693     0.8902     3.9270
     2.3666     0.7762     1.2207     3.9223
     2.3755     0.4649     1.5512     3.8374
     2.3844     0.0897     1.8728     3.6582
     2.4288    -0.1938     2.1230     3.3754
     2.3933    -0.5321     2.3911     3.1115
     2.3489    -0.8155     2.6056     2.8382
     2.3133    -1.0165     2.8290     2.4613
     2.2334    -1.2813     2.9810     2.0845
     2.0735    -1.5918     3.1687     1.7079
     1.9314    -1.9294     3.2582     1.3407
     1.6916    -2.1575     3.2224     0.8137
     1.5139    -2.3581     3.2224     0.4844
     1.2562    -2.4858     3.2582     0.0799
     1.0696    -2.6590     3.2492    -0.2492
     0.8208    -2.7501     3.2313    -0.4560
     0.5453    -2.8686     3.1866    -0.6440
     0.2964    -2.8777     3.0525    -0.9542
    -0.0680    -3.0144     2.8916    -1.1985
    -0.3792    -2.9506     2.6681    -1.4616
    -0.6905    -2.9961     2.3643    -1.7246
    -0.9750    -2.9141     2.1587    -1.9500
    -1.2419    -2.8412     1.8728    -2.1378
    -1.4287    -2.7045     1.5601    -2.3913
    -1.6600    -2.4949     1.2385    -2.5415
    -1.8646    -2.2578     0.8992    -2.6635
    -1.9892    -2.0115     0.5688    -2.7949
    -2.1494    -1.7561     0.1760    -2.8418
    -2.2828    -1.5552    -0.1365    -2.9545
    -2.3451    -1.2722    -0.4756    -3.0483
    -2.4608    -0.9342    -0.8236    -3.1234
    -2.4341    -0.6784    -1.1804    -3.0858
    -2.4608    -0.3859    -1.4302    -2.9920
    -2.4875    -0.0109    -1.7156    -2.9263
    -2.4697     0.3093    -2.0633    -2.7011
    -2.4163     0.7030    -2.2684    -2.5227
    -2.3273     0.9777    -2.4734    -2.3443
    -2.2294     1.3809    -2.6072    -2.1190
    -2.0960     1.7292    -2.7765    -1.9312
    -1.9625     1.9309    -2.8656    -1.7246
    -1.7134     2.2887    -2.9191    -1.3394
    -1.5532     2.6191    -2.9993    -1.0012
    -1.2864     2.8854    -3.0082    -0.6534
    -1.1351     3.0232    -2.9548    -0.3150
    -0.8861     3.1242    -2.8745    -0.0235
    -0.6371     3.1426    -2.7765     0.2963
    -0.3881     3.1242    -2.5626     0.7290
    -0.1747     3.1518    -2.3754     1.1336
     0.1186     3.1242    -2.1347     1.5102
     0.3675     3.1242    -1.9653     1.8774
     0.5631     3.0691    -1.6442     2.2635
     0.8564     2.9130    -1.3856     2.6026
     1.1763     2.5824    -1.0020     2.8476
     1.4162     2.3346    -0.6719     3.2717
     1.7449     1.9585    -0.2971     3.5168
          3          3          3          3
