    4   2048 0.020000  2016   1  22  14  38
         16         10         11         42
    -1.0898     2.2801     0.9402     1.8955
    -1.2677     2.2709     0.9759     2.0368
    -1.4278     2.3076     0.9223     2.1027
    -1.5791     2.3352     0.9581     2.2440
    -1.6502     2.2893     0.9313     2.4041
    -1.7837     2.2801     0.8509     2.6397
    -1.8371     2.2893     0.7884     2.7904
    -1.9705     2.2342     0.6812     2.8941
    -2.0328     2.0416     0.5384     2.9978
    -2.0239     1.9499     0.4491     2.9883
    -2.0373     1.6931     0.3330     3.0355
    -2.0506     1.4273     0.2259     3.0260
    -2.0328     1.1982     0.1813     2.9883
    -2.0417     0.9509     0.0474     2.9695
    -1.9972     0.6578    -0.0508     2.9695
    -1.9261     0.4473    -0.1668     2.8564
    -1.8015     0.1545    -0.2204     2.6774
    -1.7125    -0.0468    -0.3543     2.3853
    -1.6058    -0.3120    -0.4435     2.1216
    -1.4990    -0.5680    -0.5060     1.8296
    -1.3122    -0.7873    -0.5506     1.5001
    -1.1343    -0.9426    -0.6220     1.1518
    -0.9564    -1.1892    -0.7380     0.8506
    -0.7874    -1.3353    -0.8183     0.5495
    -0.5118    -1.5727    -0.8807     0.2391
    -0.3606    -1.6640    -0.9521    -0.0336
    -0.0939    -1.8556    -0.9699    -0.3345
     0.1462    -2.0016    -0.9788    -0.6166
     0.3862    -2.1202    -1.0056    -0.8704
     0.6173    -2.1840    -1.0681    -1.1335
     0.8217    -2.2570    -1.0770    -1.4341
     0.9816    -2.2570    -1.0324    -1.6314
     1.2304    -2.2934    -1.0770    -1.8568
     1.4881    -2.3299    -1.0502    -2.0634
     1.6836    -2.3026    -0.9610    -2.2606
     1.8079    -2.2387    -0.9610    -2.4672
     2.0122    -2.1840    -0.8896    -2.5986
     2.0833    -2.0654    -0.8183    -2.6643
     2.2432    -2.0198    -0.7469    -2.8051
     2.3053    -1.9012    -0.6933    -2.8614
     2.3142    -1.7552    -0.5773    -2.8896
     2.2698    -1.5362    -0.5417    -2.9365
     2.2654    -1.4266    -0.4346    -2.8989
     2.2609    -1.1618    -0.3543    -2.8614
     2.2964    -1.0157    -0.2561    -2.8426
     2.2076    -0.7416    -0.1222    -2.6925
     2.1366    -0.5223     0.0563    -2.5986
     2.1099    -0.2754     0.1902    -2.4296
     1.9501    -0.1017     0.2973    -2.3170
     1.8612     0.2277     0.4580    -2.1010
     1.6836     0.4839     0.5384    -1.8944
     1.5503     0.7494     0.7437    -1.6972
     1.3993     1.0150     0.8062    -1.4248
     1.1949     1.2440     0.8866    -1.1805
     0.9816     1.4548     0.9313    -0.9173
     0.7950     1.7298     0.9223    -0.6166
     0.6528     1.9499     0.9402    -0.3439
     0.4662     2.1333     1.0474    -0.0336
     0.2351     2.1975     1.1188     0.3144
     0.0217     2.2893     1.2349     0.5966
    -0.1116     2.2985     1.2796     0.9918
    -0.2984     2.2526     1.3332     1.3589
    -0.5384     2.2709     1.3868     1.6884
    -0.6985     2.2985     1.4761     2.0085
    -0.8764     2.3352     1.4493     2.2911
    -1.0098     2.3443     1.4136     2.6114
    -1.2055     2.2893     1.4582     2.8658
    -1.2944     2.2801     1.4404     2.9318
    -1.4189     2.2709     1.5029     2.9789
    -1.5613     2.2709     1.4672     3.0826
    -1.6502     2.1608     1.4850     3.2522
    -1.7303     1.9682     1.4046     3.3465
    -1.8104     1.8215     1.4493     3.3748
    -1.9083     1.6106     1.3689     3.3842
    -1.9794     1.3631     1.2796     3.3842
    -1.9883     1.1341     1.1367     3.3559
    -2.0150     0.9417     0.9938     3.3088
    -2.0061     0.6670     0.8598     3.2899
    -1.9261     0.4473     0.7348     3.1391
    -1.8905     0.1453     0.5473     2.9129
    -1.8282    -0.1474     0.4134     2.6585
    -1.7481    -0.3851     0.2616     2.3382
    -1.6680    -0.5680     0.0742     2.0180
    -1.5346    -0.7964    -0.0240     1.6601
    -1.4100    -0.9974    -0.2115     1.3400
    -1.2766    -1.1801    -0.3364     0.9730
    -1.1076    -1.3445    -0.5238     0.6907
    -0.9742    -1.5544    -0.6398     0.3896
    -0.7430    -1.6457    -0.7915     0.0134
    -0.5295    -1.8465    -0.9164    -0.2969
    -0.3695    -1.9104    -1.0235    -0.5508
    -0.1205    -2.0016    -1.1305    -0.8798
     0.0751    -2.1475    -1.1929    -1.1899
     0.3151    -2.1566    -1.3178    -1.3872
     0.4840    -2.1658    -1.3892    -1.6690
     0.7595    -2.2114    -1.4427    -1.8944
     0.9283    -2.2023    -1.4873    -2.0916
     1.1594    -2.2296    -1.5319    -2.2982
     1.4259    -2.1840    -1.5676    -2.5611
     1.6303    -2.0654    -1.5319    -2.6549
     1.8079    -1.9925    -1.5497    -2.7488
     1.9856    -1.9377    -1.4962    -2.8239
     2.1188    -1.8009    -1.4516    -2.9271
     2.1543    -1.6457    -1.4249    -2.9928
     2.2520    -1.5362    -1.3000    -2.9834
     2.2165    -1.2897    -1.2197    -2.9740
     2.2343    -1.1162    -1.1751    -2.9646
     2.2165    -0.9426    -1.0413    -2.9365
     2.2254    -0.8421    -0.9699    -2.8239
     2.2076    -0.6228    -0.8004    -2.7019
     2.1810    -0.4583    -0.6309    -2.5704
     2.1632    -0.1840    -0.5060    -2.4109
     1.9767     0.0538    -0.3275    -2.2700
     1.9323     0.2551    -0.1668    -2.0541
     1.7990     0.5022    -0.0508    -1.8381
     1.6214     0.7128     0.1456    -1.6314
     1.4703     0.9326     0.3420    -1.3496
     1.2482     1.0699     0.5116    -1.0865
     1.0794     1.2990     0.7348    -0.8422
     0.9283     1.4823     0.9313    -0.5414
     0.6973     1.6473     1.0920    -0.3533
     0.5462     1.7848     1.2796    -0.0619
     0.4128     1.9774     1.3778     0.2297
     0.2173     2.0232     1.3734     0.5872
    -0.0138     2.1425     1.3689     0.9259
    -0.1650     2.1700     1.4761     1.1706
    -0.3428     2.1884     1.6011     1.4624
    -0.5295     2.2526     1.7530     1.7731
    -0.7074     2.2618     1.7977     2.0462
    -0.8319     2.2434     1.8334     2.2911
    -1.0631     2.2067     1.8781     2.5549
    -1.1343     2.1517     1.8960     2.7433
    -1.3033     2.1150     1.9138     2.9035
    -1.4189     2.0141     1.9049     3.0260
    -1.5346     1.9407     1.9496     3.1014
    -1.7125     1.7940     1.9228     3.2051
    -1.8104     1.6840     1.8960     3.2051
    -1.8549     1.5006     1.8602     3.2240
    -1.8994     1.3173     1.8156     3.2145
    -2.0061     1.1066     1.6548     3.1863
    -1.9972     0.9967     1.4850     3.0355
    -1.9972     0.7402     1.3242     2.9412
    -2.0417     0.6212     1.1813     2.7339
    -2.0417     0.4473     0.9402     2.5643
    -1.9794     0.2094     0.7884     2.3853
    -1.8905    -0.0011     0.5562     2.1310
    -1.8193    -0.2388     0.3063     1.8955
    -1.7214    -0.4491     0.1366     1.6413
    -1.6058    -0.6502    -0.0865     1.3777
    -1.5168    -0.7416    -0.2561     1.0765
    -1.3300    -0.9609    -0.4703     0.8224
    -1.1966    -1.0522    -0.6487     0.5872
    -1.0276    -1.2714    -0.8539     0.2673
    -0.8141    -1.4084    -0.9967    -0.0242
    -0.6185    -1.5362    -1.2108    -0.2875
    -0.4139    -1.6731    -1.3267    -0.5320
    -0.2094    -1.7005    -1.4427    -0.7482
     0.0039    -1.7826    -1.6211    -0.9549
     0.3240    -1.8556    -1.7013    -1.2087
     0.5462    -1.9286    -1.7727    -1.4060
     0.7506    -1.9468    -1.8351    -1.6032
     0.9461    -1.9651    -1.9064    -1.8287
     1.2127    -1.9697    -1.9599    -1.9695
     1.3726    -1.9742    -2.0402    -2.1198
     1.5858    -1.9286    -2.0224    -2.2794
     1.7369    -1.8921    -2.0759    -2.3827
     1.9412    -1.8374    -1.9421    -2.4484
     2.0211    -1.7370    -1.9421    -2.5704
     2.1721    -1.6914    -1.8708    -2.5704
     2.1899    -1.5636    -1.7638    -2.5986
     2.2609    -1.4723    -1.6389    -2.6831
     2.2520    -1.3353    -1.5408    -2.6643
     2.2343    -1.1710    -1.3892    -2.6643
     2.1988    -0.9883    -1.2019    -2.5892
     2.1455    -0.8056    -1.1127    -2.5235
     2.1011    -0.6319    -0.8718    -2.4296
     2.0300    -0.5131    -0.6933    -2.3264
     1.9412    -0.2846    -0.4881    -2.1949
     1.8879    -0.0925    -0.2472    -2.0447
     1.7724     0.1819    -0.0151    -1.8475
     1.6391     0.4473     0.1991    -1.6126
     1.4703     0.6487     0.4759    -1.3778
     1.3104     0.8959     0.7348    -1.2087
     1.1060     1.0425     0.9402    -0.9455
     0.9461     1.3082     1.2260    -0.7106
     0.8039     1.4823     1.4493    -0.5038
     0.6084     1.6931     1.6458    -0.2123
     0.4217     1.8673     1.8870     0.0040
     0.2528     1.9774     1.8781     0.3332
     0.0573     2.0783     2.0032     0.6154
    -0.0939     2.2159     2.1551     0.9259
    -0.3250     2.3168     2.2891     1.2647
    -0.4584     2.2893     2.4232     1.5001
    -0.6629     2.2801     2.4679     1.7449
    -0.8764     2.2434     2.5573     2.0745
    -1.0542     2.3260     2.5930     2.3005
    -1.2143     2.2985     2.5751     2.5455
    -1.3033     2.2985     2.5841     2.7056
    -1.4634     2.2159     2.6019     2.9883
    -1.5791     2.2067     2.5394     3.1580
    -1.6858     2.0783     2.5304     3.2711
    -1.7837     2.0141     2.5304     3.2711
    -1.8816     1.8398     2.3874     3.3182
    -1.9349     1.6656     2.1998     3.3088
    -1.9705     1.4181     1.9675     3.3182
    -1.9883     1.2074     1.8066     3.3182
    -1.9839     0.9326     1.5386     3.2240
    -1.9794     0.7769     1.2706     3.1674
    -1.9527     0.5205     1.0116     2.9601
    -1.9261     0.2368     0.7527     2.8093
    -1.8816    -0.0376     0.4669     2.5549
    -1.8193    -0.2206     0.2170     2.2911
    -1.6502    -0.4766    -0.0419     2.0180
    -1.5880    -0.6868    -0.3275     1.6884
    -1.4634    -0.9335    -0.5684     1.4153
    -1.2499    -1.0796    -0.8272     1.0671
    -1.0898    -1.2806    -1.0502     0.7377
    -0.8853    -1.4997    -1.2375     0.4837
    -0.6629    -1.6183    -1.4605     0.1451
    -0.4762    -1.7279    -1.6389    -0.1559
    -0.2717    -1.8465    -1.8173    -0.4568
    -0.0494    -1.9468    -1.9599    -0.7576
     0.1817    -2.0563    -2.0224    -1.0489
     0.3595    -2.2023    -2.1650    -1.2838
     0.5995    -2.2478    -2.2809    -1.5563
     0.7861    -2.2752    -2.3255    -1.7629
     0.9905    -2.2843    -2.3522    -1.9601
     1.2393    -2.1931    -2.3701    -2.1855
     1.4259    -2.2296    -2.3879    -2.3357
     1.5681    -2.1475    -2.3522    -2.4578
     1.7813    -2.0837    -2.3522    -2.6549
     1.8435    -1.9377    -2.2898    -2.7582
     2.0300    -1.8921    -2.2453    -2.8051
     2.0744    -1.7096    -2.1026    -2.8802
     2.1455    -1.5362    -1.9332    -2.9365
     2.1721    -1.3993    -1.7994    -2.9271
     2.1988    -1.2075    -1.6122    -2.8708
     2.2520    -1.0705    -1.4605    -2.8708
     2.1988    -0.8147    -1.2643    -2.7769
     2.2165    -0.6776    -0.9878    -2.6925
     2.1632    -0.4034    -0.7469    -2.5892
     2.0744    -0.2571    -0.5238    -2.4296
     1.9945    -0.0102    -0.2382    -2.2231
     1.8968     0.2460    -0.0151    -2.0071
     1.7990     0.5571     0.3152    -1.8287
     1.7191     0.6945     0.6009    -1.5751
     1.5681     0.9600     0.8509    -1.3214
     1.3726     1.1341     1.1367    -1.0583
     1.2304     1.4181     1.4493    -0.7858
     1.0350     1.6014     1.6816    -0.5226
     0.7772     1.7848     1.9138    -0.2029
     0.6173     1.9224     2.2445     0.0604
     0.4128     2.0324     2.4411     0.3520
     0.2440     2.2251     2.5483     0.7095
     0.0306     2.2434     2.6198     1.0294
    -0.1561     2.2618     2.5930     1.3400
    -0.3339     2.2801     2.7003     1.6790
    -0.5295     2.3168     2.8165     1.9426
    -0.6985     2.3535     2.7897     2.2157
    -0.9208     2.3443     2.8612     2.4607
    -1.1165     2.3443     2.8790     2.6962
    -1.2677     2.3168     2.8433     2.8847
    -1.3567     2.2985     2.8165     3.0920
    -1.5435     2.1700     2.8433     3.2711
    -1.6591     2.0783     2.6824     3.3559
    -1.7570     1.9590     2.5483     3.3465
    -1.8193     1.8031     2.2802     3.3465
    -1.9349     1.6106     2.0657     3.3276
    -1.9172     1.4181     1.8960     3.3276
    -1.9794     1.2532     1.6369     3.3276
    -1.9616     1.0241     1.3600     3.2334
    -1.9527     0.8501     1.0831     3.1486
    -1.9438     0.6853     0.7437     2.9695
    -1.9616     0.4381     0.4402     2.7151
    -1.8994     0.3100     0.1723     2.5172
    -1.8549     0.0447    -0.1311     2.2440
    -1.7303    -0.1657    -0.3989     1.9991
    -1.6858    -0.3394    -0.6130     1.7072
    -1.5613    -0.5405    -0.8896     1.3683
    -1.3745    -0.6776    -1.1394     1.1330
    -1.2232    -0.8330    -1.3089     0.8600
    -1.0809    -1.0431    -1.5676     0.5589
    -0.9208    -1.1892    -1.7370     0.2579
    -0.7341    -1.3445    -1.8886    -0.0524
    -0.4940    -1.4266    -2.0669    -0.2781
    -0.2984    -1.5636    -2.1561    -0.5038
    -0.1116    -1.6640    -2.2898    -0.7952
     0.1106    -1.7644    -2.3879    -1.0019
     0.3062    -1.8739    -2.4503    -1.2087
     0.5728    -1.8647    -2.4949    -1.4248
     0.7506    -1.8921    -2.5038    -1.6032
     1.0083    -1.9104    -2.4503    -1.7723
     1.2482    -1.9286    -2.4681    -1.9132
     1.4348    -1.9286    -2.3968    -2.1104
     1.5770    -1.8739    -2.3701    -2.2231
     1.7990    -1.8647    -2.2898    -2.3076
     1.9412    -1.7644    -2.1293    -2.4390
     2.0833    -1.6822    -2.0045    -2.4953
     2.1188    -1.5818    -1.8619    -2.5047
     2.2609    -1.5088    -1.7013    -2.5611
     2.2964    -1.3901    -1.5141    -2.5704
     2.3142    -1.2532    -1.3535    -2.5235
     2.2698    -1.1070    -1.1662    -2.4860
     2.2609    -0.9426    -0.8986    -2.4015
     2.2165    -0.7690    -0.6755    -2.3170
     2.1810    -0.6137    -0.4256    -2.2137
     2.1011    -0.3943    -0.1044    -2.1104
     1.9945    -0.1931     0.1099    -2.0165
     1.8968     0.0447     0.3866    -1.8475
     1.8079     0.3192     0.6098    -1.6032
     1.6836     0.5388     0.8866    -1.4717
     1.4881     0.7128     1.0563    -1.1993
     1.3371     0.9967     1.3064    -0.9549
     1.1238     1.1249     1.6190    -0.7670
     0.9994     1.4273     1.8156    -0.5226
     0.7950     1.5556     2.0121    -0.2781
     0.6173     1.8031     2.2087    -0.0524
     0.4662     1.9224     2.3874     0.2485
     0.2884     2.0966     2.5751     0.5401
     0.1017     2.1884     2.7092     0.8130
    -0.0850     2.3168     2.7360     1.1518
    -0.2806     2.2985     2.8075     1.4436
    -0.4228     2.3260     2.8522     1.6884
    -0.5918     2.2985     2.7986     1.9709
    -0.7874     2.3352     2.8165     2.2346
    -0.9742     2.3443     2.7360     2.4701
    -1.1343     2.3719     2.5930     2.7056
    -1.3033     2.3535     2.4858     2.8658
    -1.4278     2.3443     2.3696     3.0826
    -1.5969     2.2526     2.1551     3.2240
    -1.6591     2.1242     2.0389     3.2805
    -1.7659     2.0141     1.7888     3.3088
    -1.8549     1.9040     1.6190     3.3465
    -1.9172     1.7115     1.3868     3.3748
    -1.9705     1.4548     1.1992     3.3088
    -1.9438     1.2715     0.9491     3.3276
    -1.9527     1.0058     0.6991     3.1957
    -1.9483     0.7860     0.4759     3.0920
    -1.9438     0.5205     0.2259     2.8375
    -1.9083     0.3009    -0.0597     2.6868
    -1.8371     0.0538    -0.2829     2.4889
    -1.8104    -0.2023    -0.4613     2.2157
    -1.7125    -0.3943    -0.7112     1.9144
    -1.3211    -0.8330    -1.1751     1.1518
    -1.2677    -0.9152    -1.1573     1.1330
    -1.2677    -1.0066    -1.2732     0.9824
    -1.0720    -1.1892    -1.4695     0.7001
    -0.8853    -1.3536    -1.5676     0.3896
    -0.6363    -1.4540    -1.7370     0.0604
    -0.4139    -1.5910    -1.8173    -0.2029
    -0.2094    -1.7279    -1.9778    -0.4944
    -0.0227    -1.9286    -2.0491    -0.8234
     0.2262    -1.9742    -2.0759    -1.0865
     0.5106    -1.9742    -2.1650    -1.3966
     0.6706    -2.0746    -2.2185    -1.5938
     0.8306    -2.0746    -2.2096    -1.8193
     1.1060    -2.1202    -2.2185    -2.0728
     1.3015    -2.0290    -2.1918    -2.2794
     1.5236    -2.0107    -2.1739    -2.3921
     1.6924    -1.9560    -2.0402    -2.5329
     1.8168    -1.8647    -2.0313    -2.6080
     1.9678    -1.7826    -1.8797    -2.7112
     2.0833    -1.6549    -1.8173    -2.8239
     2.2165    -1.5910    -1.6657    -2.8614
     2.2876    -1.4358    -1.5676    -2.9271
     2.2876    -1.2714    -1.4249    -2.9177
     2.2876    -1.1070    -1.2286    -2.8802
     2.2876    -0.9974    -1.0948    -2.8239
     2.2876    -0.7599    -0.9075    -2.7488
     2.2787    -0.6228    -0.7023    -2.6737
     2.2698    -0.3760    -0.4524    -2.5141
     2.2254    -0.1840    -0.3007    -2.3733
     2.1810     0.0355    -0.0062    -2.2137
     2.0922     0.2734     0.2170    -2.0259
     1.9323     0.4473     0.4402    -1.8381
     1.8257     0.6853     0.6455    -1.5469
     1.6569     0.8410     0.8241    -1.3214
     1.4082     1.0333     1.0474    -1.0677
     1.2660     1.2349     1.2438    -0.8140
     1.0794     1.3540     1.4940    -0.5790
     0.8661     1.4823     1.6726    -0.3251
     0.6706     1.6564     1.8692    -0.0619
     0.5017     1.7848     2.0568     0.2391
     0.2795     1.9224     2.1730     0.5684
     0.1106     2.0324     2.2802     0.8789
    -0.0583     2.0966     2.4589     1.1894
    -0.2272     2.1608     2.4947     1.4624
    -0.4051     2.2709     2.6019     1.7919
    -0.6274     2.2709     2.6109     1.9897
    -0.7341     2.2434     2.5751     2.2817
    -0.9475     2.2526     2.5841     2.4607
    -1.0454     2.1700     2.5126     2.6491
    -1.1877     2.1333     2.4947     2.7810
    -1.3122     2.0508     2.3517     2.9695
    -1.4456     1.9407     2.2802     3.1297
    -1.5791     1.8765     2.1372     3.1580
    -1.6769     1.7115     1.9764     3.2240
    -1.7659     1.5739     1.7709     3.2240
    -1.8371     1.3906     1.6726     3.2334
    -1.8816     1.2074     1.4493     3.1674
    -1.8549     1.0608     1.2706     3.0543
    -1.8727     0.8684     1.0206     2.9506
    -1.8905     0.6670     0.8330     2.7810
    -1.8727     0.5022     0.6009     2.5831
    -1.8460     0.2460     0.3598     2.4230
    -1.7926    -0.0011     0.1545     2.1216
    -1.7926    -0.2023    -0.1044     1.9049
    -1.6147    -0.3760    -0.3364     1.6601
    -1.5613    -0.5588    -0.5149     1.3400
    -1.4278    -0.7325    -0.8093     1.0294
    -1.2677    -0.8878    -0.9253     0.8036
    -1.0898    -1.0888    -1.1751     0.5401
    -0.8942    -1.2349    -1.3357     0.2297
    -0.6718    -1.3810    -1.4427    -0.1183
    -0.4317    -1.5910    -1.6122    -0.3721
    -0.2450    -1.7005    -1.7192    -0.6448
     0.0039    -1.7917    -1.8797    -0.8422
     0.2351    -1.9104    -1.9154    -1.1335
     0.4751    -2.0290    -2.0045    -1.3496
     0.6706    -2.0198    -2.1204    -1.6220
     0.9283    -2.0928    -2.1115    -1.8287
     1.1505    -2.1293    -2.1828    -1.9789
     1.3460    -2.0928    -2.2007    -2.1573
     1.5947    -2.1293    -2.2274    -2.3357
     1.7902    -2.0746    -2.1115    -2.5047
     1.9501    -2.0016    -2.0848    -2.5986
     2.0744    -1.9195    -2.0313    -2.6831
     2.1455    -1.8282    -1.9154    -2.7863
     2.2165    -1.7370    -1.7816    -2.8333
     2.2609    -1.6183    -1.6746    -2.8614
     2.2964    -1.4997    -1.5230    -2.8989
     2.3053    -1.3901    -1.3089    -2.8896
     2.3142    -1.1253    -1.1394    -2.8520
     2.3497    -1.0066    -0.9878    -2.7676
     2.3409    -0.7690    -0.7469    -2.6643
     2.2876    -0.5680    -0.5238    -2.5704
     2.1810    -0.3577    -0.2472    -2.4202
     2.1721    -0.1291    -0.0062    -2.3170
     2.0122     0.1087     0.2438    -2.1104
     1.8790     0.3741     0.4759    -1.9038
     1.8079     0.5846     0.7348    -1.6878
     1.6480     0.7952     1.0027    -1.4060
     1.5236     0.9967     1.2885    -1.1617
     1.3815     1.2074     1.5118    -0.9267
     1.1416     1.3356     1.8066    -0.6542
     1.0083     1.5464     2.0389    -0.3909
     0.7950     1.7390     2.2266    -0.1089
     0.5817     1.9040     2.3517     0.2485
     0.3684     2.0232     2.6288     0.6060
     0.1373     2.1242     2.8075     0.8977
    -0.0050     2.2434     2.8880     1.3024
    -0.2006     2.2985     2.8701     1.6036
    -0.4495     2.2709     2.8790     1.8108
    -0.6096     2.2893     2.9237     2.1781
    -0.7874     2.2709     2.9282     2.4512
    -0.9742     2.2434     2.9327     2.6679
    -1.1521     2.1975     2.9059     2.8564
    -1.2944     2.0966     2.8790     3.0355
    -1.4189     2.0416     2.8433     3.2145
    -1.4901     1.8948     2.6556     3.3182
    -1.5880     1.7848     2.4768     3.3559
    -1.6858     1.6656     2.2534     3.3465
    -1.7748     1.4456     2.0925     3.3276
    -1.8104     1.3173     1.8870     3.3559
    -1.8371     1.1249     1.6369     3.3371
    -1.8549     0.8959     1.4225     3.3182
    -1.8504     0.6670     1.1545     3.1486
    -1.8460     0.4473     0.8955     2.9224
    -1.8727     0.3192     0.6009     2.7716
    -1.8104    -0.0011     0.3063     2.4983
    -1.8015    -0.2206     0.0385     2.2440
    -1.6858    -0.3577    -0.2204     1.9709
    -1.5880    -0.5223    -0.4256     1.6319
    -1.4812    -0.6959    -0.6220     1.3683
    -1.3745    -0.8695    -0.8807     1.0106
    -1.2321    -1.0431    -1.0056     0.7377
    -1.0898    -1.2166    -1.1751     0.4743
    -0.9475    -1.4632    -1.3357     0.1827
    -0.7341    -1.5271    -1.4962    -0.1653
    -0.5651    -1.6731    -1.6122    -0.4662
    -0.3339    -1.7735    -1.7103    -0.7012
    -0.1383    -1.8465    -1.8529    -0.9267
     0.1462    -1.9286    -1.9243    -1.1617
     0.4040    -1.9925    -1.9421    -1.4060
     0.5728    -1.9651    -2.0045    -1.6314
     0.7861    -2.0107    -1.9956    -1.7817
     1.0705    -2.0472    -1.9956    -1.9789
     1.2571    -2.0426    -1.9510    -2.1292
     1.4792    -2.0381    -1.9243    -2.2231
     1.6924    -1.9286    -1.8619    -2.3827
     1.8612    -1.8739    -1.7281    -2.4766
     2.0033    -1.8191    -1.6300    -2.5798
     2.0655    -1.7644    -1.5497    -2.6549
     2.1810    -1.5818    -1.3535    -2.7300
     2.2520    -1.4632    -1.2019    -2.7394
     2.2520    -1.3353    -1.0145    -2.7394
     2.2609    -1.2166    -0.8807    -2.7300
     2.2609    -0.9974    -0.6309    -2.6831
     2.2432    -0.8147    -0.4346    -2.6455
     2.2520    -0.6594    -0.2561    -2.5141
     2.1988    -0.4674    -0.0240    -2.4109
     2.1277    -0.2846     0.2438    -2.3170
     1.9856    -0.1200     0.5027    -2.1292
     1.8879     0.1362     0.6812    -1.9601
     1.8168     0.4473     0.9581    -1.8193
     1.6569     0.6487     1.1903    -1.5751
     1.5059     0.8227     1.3957    -1.3026
     1.3637     1.0241     1.5922    -1.1335
     1.2482     1.2074     1.8245    -0.8234
     1.0794     1.4365     1.9943    -0.6072
     0.8839     1.5923     2.1462    -0.2969
     0.7150     1.7573     2.3428    -0.0524
     0.4928     1.9866     2.4947     0.2485
     0.2795     2.0416     2.6466     0.5684
     0.1106     2.2342     2.7807     0.8600
    -0.1383     2.2985     2.8343     1.1988
    -0.3428     2.3719     2.8433     1.5283
    -0.5562     2.3811     2.8254     1.7919
    -0.6896     2.3994     2.8612     2.1216
    -0.8497     2.3811     2.8433     2.3947
    -1.0542     2.3168     2.7271     2.5926
    -1.2055     2.2801     2.7003     2.8470
    -1.3389     2.2342     2.5662     3.0260
    -1.4634     2.1975     2.4232     3.2522
    -1.5969     2.0966     2.3160     3.3748
    -1.7659     1.8857     2.1283     3.3559
    -1.8015     1.8123     1.9049     3.4313
    -1.8727     1.6289     1.7888     3.4313
    -1.9705     1.4273     1.5922     3.4125
    -2.0150     1.2349     1.3868     3.4219
    -2.0328     0.9600     1.1724     3.3654
    -1.9972     0.8135     0.9313     3.3654
    -1.9972     0.5846     0.7080     3.2051
    -1.9527     0.4015     0.4491     2.9506
    -1.9083     0.1179     0.2438     2.6679
    -1.8905    -0.0651     0.0206     2.4607
    -1.7926    -0.2297    -0.1758     2.1498
    -1.7125    -0.4583    -0.3989     1.8014
    -1.6058    -0.5862    -0.6487     1.5189
    -1.4367    -0.7782    -0.8004     1.1706
    -1.3211    -0.9243    -0.9788     0.8224
    -1.1343    -1.0979    -1.1840     0.5401
    -0.9475    -1.2440    -1.3000     0.2391
    -0.7430    -1.3993    -1.4338    -0.0713
    -0.5029    -1.4814    -1.5765    -0.4003
    -0.3250    -1.6366    -1.7103    -0.5978
    -0.1561    -1.6640    -1.8083    -0.8798
     0.0484    -1.7644    -1.8886    -1.1241
     0.3595    -1.7644    -1.9778    -1.3026
     0.5817    -1.8009    -1.9599    -1.5281
     0.8039    -1.8191    -2.0134    -1.7723
     1.0083    -1.8739    -2.0402    -1.8756
     1.2216    -1.8647    -2.0580    -2.0353
     1.4259    -1.8374    -1.9778    -2.1386
     1.6125    -1.7644    -1.9332    -2.2512
     1.7280    -1.6822    -1.8886    -2.3545
     1.9056    -1.5910    -1.8173    -2.4860
     2.0211    -1.4814    -1.6924    -2.5704
     2.0922    -1.3993    -1.5765    -2.5798
     2.1899    -1.3262    -1.4516    -2.5704
     2.1810    -1.1710    -1.3357    -2.6080
     2.1988    -0.9974    -1.2019    -2.5329
     2.1810    -0.8969    -1.0324    -2.4953
     2.1543    -0.7142    -0.8272    -2.4015
     2.1099    -0.4583    -0.6309    -2.2606
     2.0300    -0.2846    -0.3900    -2.1480
     1.9678    -0.0651    -0.1490    -2.0447
     1.8701     0.0996     0.0385    -1.8287
     1.7457     0.3924     0.2705    -1.7066
     1.6747     0.6029     0.5294    -1.4717
     1.5414     0.8227     0.8152    -1.2368
     1.4437     1.0333     1.0295    -0.9643
     1.2393     1.2349     1.2885    -0.7670
     1.1238     1.4823     1.5297    -0.5508
     0.9194     1.6564     1.7084    -0.3063
     0.7595     1.8765     1.9317    -0.0619
     0.5817     1.9957     2.1998     0.2391
     0.3506     2.1884     2.3696     0.5589
     0.1373     2.2893     2.4589     0.8600
    -0.0583     2.3076     2.6019     1.2271
    -0.2361     2.3260     2.7628     1.4907
    -0.3873     2.3260     2.8790     1.7825
    -0.5740     2.3260     2.8522     2.0462
    -0.8141     2.3352     2.9059     2.3194
    -0.9386     2.3443     2.9237     2.5360
    -1.1343     2.3994     2.8522     2.8470
    -1.3122     2.3535     2.7986     3.0355
    -1.4011     2.3994     2.7181     3.2994
    -1.5613     2.3902     2.6198     3.3936
    -1.6413     2.2709     2.5215     3.4313
    -1.7481     2.1975     2.2981     3.3936
    -1.8727     2.0049     2.1462     3.4879
    -1.9438     1.8123     1.8960     3.5445
    -1.9972     1.6381     1.7441     3.5162
    -1.9883     1.4731     1.4582     3.4973
    -1.9616     1.1890     1.2438     3.4785
    -1.9972     1.0058     1.0027     3.4502
    -1.9527     0.7219     0.7348     3.4125
    -1.9261     0.5388     0.4937     3.1863
    -1.8638     0.3100     0.1723     2.9035
    -1.8282     0.0721    -0.0687     2.6585
    -1.7570    -0.1383    -0.2561     2.3853
    -1.6591    -0.3303    -0.5417     2.1027
    -1.4990    -0.4583    -0.7290     1.7449
    -1.4278    -0.7051    -0.9521     1.4248
    -1.2410    -0.8056    -1.1394     1.1047
    -1.1521    -1.0157    -1.3624     0.8224
    -0.9119    -1.0796    -1.5408     0.4555
    -0.7074    -1.2166    -1.6478     0.1168
    -0.5118    -1.3445    -1.7370    -0.1841
    -0.3339    -1.4997    -1.8262    -0.4850
    -0.1561    -1.5453    -1.9421    -0.7576
     0.0928    -1.6366    -1.9956    -1.0113
     0.2973    -1.6457    -2.1204    -1.2838
     0.5551    -1.7005    -2.0937    -1.5281
     0.7684    -1.7005    -2.1472    -1.6972
     1.0083    -1.6914    -2.1293    -1.8850
     1.2838    -1.7370    -2.1115    -2.0728
     1.5059    -1.7096    -2.0224    -2.2043
     1.7102    -1.6366    -1.9243    -2.3076
     1.8790    -1.5727    -1.8440    -2.4484
     2.0300    -1.5271    -1.7727    -2.5517
     2.1455    -1.4632    -1.5943    -2.5986
     2.1721    -1.4358    -1.4070    -2.6549
     2.2165    -1.3262    -1.2732    -2.6643
     2.2343    -1.2166    -1.1662    -2.6361
     2.2076    -1.0431    -0.9610    -2.6174
     2.1810    -0.8787    -0.7112    -2.5611
     2.1277    -0.7142    -0.5327    -2.4860
     2.0833    -0.5497    -0.2918    -2.4015
     2.1011    -0.3851    -0.0954    -2.3264
     2.0122    -0.1748     0.1902    -2.1573
     1.8968     0.0264     0.4045    -1.9977
     1.8079     0.2002     0.6812    -1.8568
     1.7191     0.4198     0.8688    -1.6690
     1.6036     0.6304     1.1456    -1.4435
     1.5148     0.8135     1.3957    -1.2650
     1.3993     1.0608     1.6101    -1.0019
     1.2304     1.2165     1.7798    -0.7858
     1.0616     1.4456     1.9675    -0.5320
     0.9017     1.6473     2.1908    -0.2875
     0.7328     1.8398     2.3160    -0.0148
     0.5195     2.0324     2.5394     0.3050
     0.2884     2.1517     2.6556     0.5778
     0.0217     2.2434     2.7450     0.8318
    -0.1205     2.3902     2.8254     1.1706
    -0.3606     2.3994     2.8701     1.4718
    -0.5562     2.3811     2.8433     1.7449
    -0.7519     2.3627     2.8612     1.9991
    -0.9030     2.3994     2.8165     2.2346
    -1.1254     2.3168     2.7897     2.5078
    -1.2766     2.3260     2.6824     2.7245
    -1.3923     2.3168     2.6466     2.9224
    -1.4456     2.1975     2.5304     3.1486
    -1.5880     2.1242     2.3338     3.2805
    -1.6680     1.9682     2.2534     3.3654
    -1.7303     1.7665     2.0389     3.4596
    -1.7837     1.6198     1.8960     3.4596
    -1.8193     1.4365     1.6369     3.4596
    -1.8816     1.2074     1.4582     3.4408
    -1.8905     1.0058     1.2796     3.3748
    -1.8816     0.7311     1.0384     3.2617
    -1.8460     0.5388     0.8241     3.1391
    -1.8015     0.2826     0.5384     2.8658
    -1.8015     0.0538     0.3420     2.6302
    -1.7036    -0.1383     0.0920     2.3759
    -1.6324    -0.3394    -0.1936     2.0933
    -1.5257    -0.5314    -0.3543     1.7825
    -1.4100    -0.7416    -0.5417     1.4907
    -1.3033    -0.8695    -0.7915     1.1424
    -1.2055    -1.0979    -0.9878     0.7753
    -1.0276    -1.2440    -1.1394     0.4743
    -0.8675    -1.3719    -1.2554     0.1921
    -0.6629    -1.4632    -1.4605    -0.0807
    -0.4495    -1.5727    -1.5765    -0.3815
    -0.2361    -1.6457    -1.6389    -0.6730
    -0.0138    -1.7461    -1.7727    -0.9549
     0.2351    -1.8282    -1.8886    -1.2181
     0.4751    -1.9104    -1.9332    -1.4811
     0.6884    -1.9833    -1.9599    -1.6972
     0.9194    -2.0198    -2.0224    -1.8944
     1.1682    -1.9925    -2.0759    -2.0822
     1.4082    -2.0107    -2.0402    -2.1761
     1.6391    -1.9468    -1.9778    -2.3264
     1.8435    -1.9286    -1.9510    -2.4672
     1.9767    -1.8282    -1.8975    -2.5141
     2.1099    -1.7917    -1.7727    -2.5704
     2.2076    -1.7096    -1.7103    -2.6174
     2.3409    -1.5727    -1.5497    -2.7112
     2.3764    -1.4540    -1.4427    -2.7394
     2.3808    -1.4084    -1.3000    -2.7112
     2.3853    -1.2075    -1.1127    -2.6737
     2.3719    -1.0796    -0.9342    -2.6080
     2.3586    -0.8604    -0.7201    -2.4860
     2.3231    -0.7507    -0.5060    -2.3545
     2.2787    -0.4857    -0.3364    -2.2982
     2.2343    -0.3486    -0.1311    -2.1104
     2.1810    -0.1291     0.1723    -1.9789
     2.0833     0.0721     0.4134    -1.8287
     1.9678     0.3649     0.6277    -1.6220
     1.8523     0.6212     0.8955    -1.4060
     1.7102     0.8227     1.1367    -1.2087
     1.5414     1.0241     1.3689    -0.9455
     1.3726     1.2532     1.5475    -0.7200
     1.2216     1.5006     1.8066    -0.4756
     1.0438     1.6931     2.0121    -0.2499
     0.8483     1.8765     2.1551    -0.0430
     0.6706     2.0049     2.3070     0.2861
     0.5195     2.1517     2.4679     0.6530
     0.2973     2.2709     2.6198     0.9259
     0.0573     2.3811     2.6556     1.2177
    -0.0939     2.3811     2.7718     1.4812
    -0.2895     2.3811     2.8075     1.8014
    -0.5206     2.3627     2.8433     2.0839
    -0.6363     2.3443     2.8165     2.3194
    -0.8764     2.4086     2.7092     2.5455
    -0.9920     2.3994     2.6377     2.8093
    -1.1610     2.3168     2.5036     2.9883
    -1.2232     2.2893     2.3874     3.2051
    -1.3478     2.1792     2.2177     3.3842
    -1.4278     1.9590     2.1015     3.4408
    -1.5079     1.7848     1.8870     3.4691
    -1.5613     1.6106     1.6279     3.4691
    -1.6147     1.4181     1.4493     3.4973
    -1.6680     1.2623     1.1903     3.5162
    -1.6858     1.0058     0.9670     3.4691
    -1.6769     0.8043     0.7080     3.3748
    -1.6680     0.6395     0.4848     3.1957
    -1.6680     0.3924     0.1991     2.9695
    -1.6236     0.2002    -0.0865     2.7433
    -1.5613    -0.0011    -0.2829     2.4701
    -1.4278    -0.1748    -0.5327     2.1310
    -1.3478    -0.4491    -0.6844     1.8673
    -1.3033    -0.5223    -0.9521     1.4907
    -1.1877    -0.7142    -1.0859     1.1518
    -1.0542    -0.8878    -1.2732     0.8224
    -0.8497    -1.0705    -1.4338     0.5589
    -0.6629    -1.1527    -1.5765     0.2767
    -0.5295    -1.3536    -1.6924    -0.0619
    -0.2806    -1.3993    -1.7994    -0.3533
    -0.0939    -1.4997    -1.8975    -0.6260
     0.0839    -1.5818    -2.0224    -0.8891
     0.3506    -1.7187    -2.0848    -1.1523
     0.5906    -1.7917    -2.0937    -1.3684
     0.8128    -1.8374    -2.1293    -1.5187
     0.9728    -1.8282    -2.1383    -1.7441
     1.2926    -1.8465    -2.1561    -1.8944
     1.5236    -1.8647    -2.1026    -2.0259
     1.7102    -1.9012    -2.0580    -2.1667
     1.9056    -1.8830    -1.9243    -2.2888
     2.0566    -1.8465    -1.8619    -2.3827
     2.2165    -1.7187    -1.7192    -2.4860
     2.2876    -1.6549    -1.6300    -2.5517
     2.3053    -1.5088    -1.4338    -2.5517
     2.3764    -1.4632    -1.3089    -2.5986
     2.3941    -1.2897    -1.1127    -2.5892
     2.3941    -1.1436    -0.9788    -2.5611
     2.3320    -0.9792    -0.7290    -2.4672
     2.3586    -0.7507    -0.4970    -2.4109
     2.3231    -0.5588    -0.3096    -2.2982
     2.2254    -0.4217    -0.0776    -2.1855
     2.1810    -0.2206     0.1188    -2.0353
     2.1366     0.0721     0.3509    -1.8381
     1.9945     0.2734     0.6366    -1.7347
     1.9234     0.5114     0.8688    -1.5375
     1.7635     0.7219     1.0295    -1.3496
     1.6303     1.0150     1.2885    -1.0959
     1.5059     1.2165     1.5118    -0.8610
     1.3904     1.3723     1.7798    -0.6918
     1.2304     1.5923     1.9675    -0.4756
     1.0350     1.7848     2.2177    -0.2123
     0.7772     1.9866     2.3785     0.0698
     0.6084     2.1242     2.5036     0.3332
     0.4040     2.2801     2.6824     0.6624
     0.1373     2.3076     2.7718     0.9730
    -0.0939     2.3811     2.8969     1.2647
    -0.2984     2.4178     2.8880     1.5754
    -0.4762     2.3535     2.8969     1.8202
    -0.7341     2.3994     2.9237     2.1121
    -0.8675     2.4269     2.9416     2.3759
    -1.0276     2.4086     2.9059     2.6114
    -1.1699     2.4086     2.8880     2.8470
    -1.3033     2.3443     2.8880     3.0826
    -1.4189     2.2801     2.7450     3.3182
    -1.5791     2.2342     2.6019     3.4219
    -1.6680     2.0691     2.4143     3.4691
    -1.7481     1.8948     2.2713     3.4785
    -1.7481     1.7665     2.0389     3.4408
    -1.8015     1.5923     1.8692     3.4785
    -1.8727     1.3265     1.6279     3.4973
    -1.8994     1.0883     1.3600     3.4785
    -1.8994     0.8776     1.1099     3.3842
    -1.8994     0.7128     0.8241     3.1486
    -1.8816     0.4656     0.5473     2.9506
    -1.8193     0.2185     0.2973     2.6208
    -1.7570     0.0355     0.0295     2.4136
    -1.6947    -0.2206    -0.2561     2.0933
    -1.6502    -0.3760    -0.4792     1.7543
    -1.5168    -0.5497    -0.7112     1.4718
    -1.4100    -0.7325    -0.9521     1.1047
    -1.2855    -0.9518    -1.1216     0.8130
    -1.1254    -1.1162    -1.3178     0.5401
    -0.9653    -1.2258    -1.5051     0.2203
    -0.7341    -1.3810    -1.6924    -0.0713
    -0.5118    -1.4906    -1.8440    -0.3721
    -0.2984    -1.5818    -1.9510    -0.5790
    -0.1383    -1.7187    -2.0402    -0.9173
     0.1195    -1.8100    -2.0937    -1.1241
     0.3951    -1.9104    -2.2007    -1.3496
     0.6617    -1.9651    -2.1918    -1.5938
     0.8839    -1.9468    -2.2185    -1.7254
     1.0616    -2.0016    -2.2542    -1.9320
     1.3193    -2.0198    -2.2631    -2.0447
     1.5325    -1.9651    -2.2809    -2.2325
     1.7546    -1.9651    -2.1293    -2.3733
     1.9323    -1.9012    -2.0402    -2.5047
     2.0566    -1.8100    -1.8975    -2.5798
     2.1632    -1.6822    -1.8173    -2.6925
     2.2343    -1.6366    -1.6835    -2.6925
     2.3320    -1.4449    -1.4962    -2.7488
     2.3409    -1.3171    -1.3267    -2.7676
     2.3409    -1.1436    -1.1037    -2.6925
     2.3231    -1.0340    -0.9164    -2.6737
     2.2787    -0.9061    -0.7380    -2.5986
     2.2254    -0.6868    -0.5060    -2.4766
     2.1543    -0.4491    -0.3096    -2.3357
     2.0478    -0.2571    -0.0419    -2.2419
     1.9767    -0.0651     0.1902    -2.0916
     1.8879     0.1545     0.4402    -1.9132
     1.7813     0.3741     0.7348    -1.7066
     1.6747     0.5938     0.9848    -1.4999
     1.5503     0.7860     1.1367    -1.2462
     1.4437     1.0699     1.3868    -1.0489
     1.2304     1.2257     1.6458    -0.7952
     1.1327     1.4548     1.8781    -0.5602
     0.9106     1.6198     2.0121    -0.2687
     0.7061     1.7848     2.2266    -0.0430
     0.5551     1.9590     2.3874     0.3050
     0.3773     2.0875     2.4321     0.6060
     0.1195     2.2893     2.6377     0.8600
    -0.0761     2.3719     2.6824     1.2271
    -0.2717     2.3260     2.7897     1.5283
    -0.4673     2.3443     2.8343     1.8296
    -0.6896     2.3260     2.8254     2.1404
    -0.8764     2.3398     2.7807     2.3947
    -1.0365     2.3535     2.8075     2.7056
    -1.1521     2.3811     2.7092     2.8847
    -1.2944     2.2985     2.6466     3.0920
    -1.4634     2.2434     2.5304     3.3371
    -1.5524     2.1242     2.3964     3.4219
    -1.6147     1.9315     2.3160     3.5068
    -1.7392     1.8307     2.0836     3.4973
    -1.7659     1.5739     1.9228     3.5256
    -1.8015     1.3815     1.7441     3.5445
    -1.8193     1.1890     1.5833     3.5068
    -1.8371     0.9875     1.3242     3.4785
    -1.8549     0.7677     1.0831     3.3936
    -1.8193     0.5846     0.8777     3.2240
    -1.8460     0.3100     0.6812     3.0166
    -1.7926     0.1087     0.4045     2.7433
    -1.6947    -0.1291     0.1723     2.4512
    -1.6147    -0.3303    -0.0865     2.1969
    -1.5435    -0.4766    -0.3096     1.8861
    -1.4011    -0.6685    -0.4703     1.5660
    -1.3300    -0.8330    -0.7380     1.2647
    -1.1788    -0.9792    -0.9164     0.9824
    -0.9920    -1.0796    -1.0859     0.7189
    -0.8853    -1.2623    -1.2554     0.4084
    -0.6451    -1.3627    -1.3981     0.0792
    -0.5473    -1.4449    -1.5230    -0.1371
    -0.2361    -1.6183    -1.6478    -0.4286
    -0.0761    -1.6183    -1.7727    -0.6636
     0.1551    -1.7461    -1.8619    -0.8704
     0.3595    -1.7826    -1.8708    -1.1429
     0.5995    -1.8374    -1.9599    -1.3402
     0.8128    -1.8191    -2.0134    -1.5563
     1.0616    -1.8009    -2.0313    -1.7160
     1.3015    -1.7644    -1.9778    -1.8756
     1.5858    -1.7735    -1.9867    -2.0353
     1.7546    -1.7552    -1.8886    -2.1573
     1.9323    -1.7187    -1.8351    -2.2700
     2.0744    -1.6092    -1.7192    -2.3545
     2.2165    -1.4723    -1.6122    -2.3545
     2.2876    -1.3810    -1.4338    -2.3921
     2.3320    -1.2623    -1.2554    -2.4296
     2.3142    -1.0979    -1.1127    -2.4109
     2.2964    -0.9061    -0.9342    -2.4015
     2.3320    -0.8238    -0.7558    -2.3733
     2.2876    -0.5862    -0.5506    -2.2794
     2.2520    -0.4491    -0.3900    -2.1949
     2.2076    -0.2663    -0.1044    -2.0634
     2.1543    -0.0285     0.1456    -1.9038
     2.0478     0.2368     0.4223    -1.7441
     1.9856     0.3924     0.6187    -1.5938
     1.8257     0.6670     0.8866    -1.4341
     1.7013     0.8684     1.1188    -1.2462
     1.5770     1.0791     1.3957    -1.0207
     1.4437     1.2532     1.5654    -0.8140
     1.2838     1.5373     1.7888    -0.5884
     1.1149     1.7298     2.0032    -0.3815
     0.9194     1.9315     2.2623    -0.1653
     0.7417     2.0783     2.3696     0.0886
     0.5551     2.2618     2.4768     0.3426
     0.3684     2.3352     2.6377     0.6342
     0.1462     2.3260     2.7718     0.9165
    -0.0227     2.3811     2.8433     1.2177
    -0.2094     2.3535     2.8522     1.5001
    -0.4495     2.4361     2.8790     1.8296
    -0.6451     2.4453     2.8612     2.1216
    -0.7963     2.3627     2.8969     2.3382
    -0.9831     2.3535     2.7986     2.5549
    -1.1788     2.4178     2.7271     2.8093
    -1.2944     2.3994     2.5930     3.0072
    -1.4456     2.3076     2.5304     3.1014
    -1.5791     2.1975     2.3160     3.2617
    -1.6769     1.9682     2.1908     3.3842
    -1.7926     1.8765     2.0389     3.4313
    -1.8638     1.6381     1.8602     3.4313
    -1.8727     1.3906     1.6726     3.4219
    -1.9261     1.1799     1.4582     3.3842
    -1.9172     0.9600     1.2081     3.2334
    -1.9438     0.7586     0.9670     3.1203
    -1.9172     0.5388     0.7705     2.8847
    -1.8549     0.3466     0.5116     2.7433
    -1.8104     0.1270     0.2616     2.4889
    -1.8015    -0.1291     0.0117     2.1498
    -1.7303    -0.3486    -0.1758     1.8579
    -1.5969    -0.5040    -0.4078     1.5942
    -1.5702    -0.6959    -0.5863     1.2271
    -1.4367    -0.9061    -0.8004     0.9071
    -1.3300    -1.0157    -0.9699     0.5589
    -1.1966    -1.2075    -1.1127     0.2861
    -1.0542    -1.3627    -1.3000     0.0228
    -0.8764    -1.5271    -1.4427    -0.2311
    -0.6896    -1.6640    -1.5943    -0.5226
    -0.4406    -1.7187    -1.6924    -0.8328
    -0.2450    -1.8191    -1.7638    -1.0489
    -0.0405    -1.9377    -1.8529    -1.2838
     0.1639    -2.0016    -1.9064    -1.4717
     0.4484    -2.0746    -2.0134    -1.6596
     0.7417    -2.0746    -2.0224    -1.8756
     0.9283    -2.0563    -2.0045    -1.9883
     1.2127    -2.0746    -1.9956    -2.1573
     1.4170    -2.0746    -1.9154    -2.2606
     1.5325    -1.9742    -1.8886    -2.3357
     1.6924    -1.9377    -1.7905    -2.4672
     1.8968    -1.7917    -1.7459    -2.5517
     1.9856    -1.7187    -1.6032    -2.5892
     2.1011    -1.6275    -1.4159    -2.6549
     2.1721    -1.5088    -1.3089    -2.6361
     2.1988    -1.3080    -1.1751    -2.6080
     2.2076    -1.1436    -0.9610    -2.5329
     2.1721    -0.9152    -0.7647    -2.4578
     2.1899    -0.7782    -0.5506    -2.3827
     2.1810    -0.5588    -0.3096    -2.2325
     2.1366    -0.3669    -0.0687    -2.1104
     2.0566    -0.1474     0.1366    -2.0071
     2.0033     0.1270     0.4045    -1.8099
     1.8435     0.3192     0.6902    -1.6408
     1.7902     0.5938     0.9491    -1.4435
     1.6747     0.7677     1.1635    -1.2462
     1.4970     1.0516     1.4225    -0.9831
     1.3371     1.1982     1.6369    -0.7388
     1.2571     1.4731     1.9228    -0.5602
     1.0261     1.6840     2.1283    -0.2593
     0.9017     1.9132     2.2355    -0.0901
     0.7417     2.0783     2.4947     0.1733
     0.5017     2.2526     2.6198     0.5684
     0.3684     2.3076     2.7360     0.8694
     0.1195     2.3535     2.8790     1.2083
    -0.0405     2.3535     2.9327     1.4907
    -0.2361     2.3902     2.9059     1.8108
    -0.4851     2.4178     2.9506     2.1027
    -0.6274     2.4545     2.9595     2.4041
    -0.8141     2.4453     2.9416     2.6114
    -0.9920     2.4453     2.8612     2.8847
    -1.1699     2.4178     2.7897     3.0732
    -1.3834     2.4178     2.6198     3.2805
    -1.4545     2.3535     2.4589     3.4219
    -1.5791     2.2801     2.3249     3.4785
    -1.7125     2.1425     2.1551     3.5351
    -1.7926     1.9682     2.0121     3.4785
    -1.9083     1.8031     1.7888     3.5351
    -1.9261     1.6106     1.5654     3.4785
    -1.9794     1.3540     1.3421     3.4879
    -1.9972     1.1432     1.1188     3.4879
    -1.9972     0.8959     0.9223     3.3654
    -1.9794     0.6670     0.6098     3.1863
    -1.9261     0.4839     0.4312     2.9035
    -1.8638     0.2643     0.1813     2.6679
    -1.7570     0.0538    -0.0776     2.3665
    -1.7036    -0.1565    -0.2918     2.0556
    -1.5880    -0.3486    -0.4524     1.7543
    -1.4812    -0.5131    -0.6487     1.3871
    -1.3656    -0.6959    -0.8718     1.1235
    -1.2499    -0.8878    -1.0859     0.8130
    -1.1521    -0.9974    -1.1751     0.5119
    -0.9742    -1.2075    -1.3535     0.1827
    -0.8141    -1.3262    -1.4605    -0.1277
    -0.6274    -1.4358    -1.6211    -0.4192
    -0.4406    -1.5636    -1.7459    -0.6824
    -0.2272    -1.6640    -1.8440    -0.9361
    -0.0316    -1.7826    -1.8975    -1.1899
     0.2084    -1.8465    -1.9510    -1.3872
     0.4751    -1.8830    -1.9689    -1.6408
     0.7417    -1.9104    -2.0402    -1.8662
     1.0172    -2.0107    -2.0224    -2.0447
     1.2304    -2.0107    -2.0402    -2.2137
     1.4526    -2.0198    -1.9689    -2.3545
     1.6747    -1.9560    -1.9332    -2.4860
     1.8879    -1.9104    -1.8619    -2.5611
     2.0655    -1.8739    -1.7013    -2.6174
     2.1899    -1.7187    -1.5854    -2.7019
     2.3231    -1.6822    -1.5230    -2.7300
     2.3675    -1.4906    -1.3981    -2.7394
     2.3675    -1.3627    -1.2465    -2.7394
     2.3231    -1.2258    -1.1037    -2.7019
     2.3320    -1.0522    -0.8629    -2.6455
     2.3231    -0.8695    -0.6577    -2.5517
     2.3231    -0.6868    -0.5060    -2.4390
     2.2964    -0.5223    -0.2472    -2.3264
     2.3231    -0.3303     0.0563    -2.1855
     2.2520    -0.1383     0.2616    -2.0447
     2.1011     0.0172     0.5741    -1.8568
     2.0122     0.2734     0.8062    -1.6408
     1.8879     0.5114     1.0742    -1.4060
     1.7724     0.6853     1.3421    -1.2274
     1.6303     0.9417     1.6011    -0.9925
     1.4437     1.1432     1.7977    -0.7576
     1.3371     1.3906     2.0121    -0.5414
     1.1505     1.6014     2.2355    -0.2781
     0.9550     1.7756     2.4500    -0.0242
     0.7861     2.0141     2.6019     0.2579
     0.6084     2.1058     2.6913     0.5589
     0.4306     2.2801     2.7718     0.8224
     0.2262     2.3260     2.8880     1.1518
    -0.0405     2.3994     2.8880     1.4812
    -0.1739     2.3627     2.8969     1.8108
    -0.3784     2.3811     2.9059     2.1027
    -0.6007     2.3352     2.8880     2.3288
    -0.8230     2.3994     2.8433     2.6302
    -0.9742     2.3535     2.7807     2.8847
    -1.1254     2.2893     2.6198     3.1297
    -1.3122     2.2159     2.4858     3.3182
    -1.4634     2.0783     2.2981     3.4125
    -1.5791     2.0141     2.1908     3.5162
    -1.6680     1.7848     2.0121     3.4691
    -1.7837     1.6289     1.7620     3.4973
    -1.8282     1.4640     1.5654     3.5162
    -1.8460     1.2165     1.3510     3.4879
    -1.8727     1.0333     1.1635     3.4785
    -1.8816     0.8410     0.9402     3.4125
    -1.8638     0.6670     0.6991     3.1768
    -1.8193     0.4473     0.3955     3.0072
    -1.8015     0.2460     0.1813     2.7527
    -1.7214     0.0172    -0.0062     2.4512
    -1.6324    -0.2206    -0.2204     2.1498
    -1.5613    -0.3394    -0.3900     1.8014
    -1.4189    -0.5771    -0.6309     1.4907
    -1.3745    -0.6776    -0.8272     1.1706
    -1.1877    -0.9061    -0.9521     0.8883
    -1.1254    -1.0796    -1.1483     0.5401
    -0.9297    -1.1710    -1.3178     0.2391
    -0.8230    -1.3810    -1.4338    -0.0242
    -0.6451    -1.4997    -1.5676    -0.2781
    -0.4584    -1.6183    -1.6835    -0.5602
    -0.2450    -1.7461    -1.7727    -0.8328
    -0.0227    -1.8465    -1.7994    -1.0677
     0.1995    -1.9195    -1.8440    -1.2932
     0.5017    -1.9560    -1.9243    -1.5281
     0.7417    -1.9195    -1.9599    -1.7629
     0.9905    -1.9651    -2.0491    -1.9695
     1.2749    -1.9651    -2.0134    -2.1573
     1.4970    -1.9104    -1.9064    -2.2982
     1.7191    -1.8282    -1.8529    -2.4202
     1.9056    -1.8009    -1.7816    -2.5423
     2.0655    -1.7552    -1.7192    -2.6361
     2.1988    -1.7005    -1.6567    -2.6831
     2.2520    -1.5818    -1.5051    -2.7206
     2.3320    -1.4723    -1.3446    -2.7676
     2.3586    -1.3353    -1.2554    -2.7582
     2.3586    -1.1710    -1.1305    -2.7300
     2.3764    -1.0614    -0.9521    -2.6925
     2.3853    -0.9335    -0.7201    -2.5986
     2.3320    -0.8147    -0.4881    -2.5329
     2.3231    -0.6319    -0.2829    -2.3827
     2.2432    -0.3943    -0.0240    -2.3170
     2.1455    -0.2754     0.2081    -2.1292
     2.0744    -0.0559     0.4312    -1.9226
     1.9678     0.1911     0.7080    -1.7441
     1.8701     0.4381     1.0116    -1.5281
     1.7990     0.6670     1.1903    -1.3120
     1.5947     0.8684     1.4404    -1.1147
     1.4437     1.0791     1.6816    -0.8798
     1.2926     1.2807     1.8870    -0.6072
     1.1505     1.5648     2.0747    -0.3251
     0.9283     1.7390     2.2802    -0.1089
     0.7417     1.9407     2.4053     0.1827
     0.6173     2.1150     2.5394     0.5401
     0.3862     2.2434     2.6913     0.7942
     0.2262     2.3168     2.7628     1.1612
     0.0217     2.3535     2.8075     1.4812
    -0.1472     2.3443     2.7897     1.7825
    -0.4139     2.3443     2.7807     2.0368
    -0.5118     2.3443     2.6913     2.2911
    -0.6985     2.3443     2.6288     2.5926
    -0.8586     2.3627     2.4768     2.8281
    -1.0542     2.2709     2.3517     3.0543
    -1.1699     2.2159     2.1908     3.2899
    -1.3478     2.0416     2.0479     3.4408
    -1.3923     2.0049     1.9138     3.4785
    -1.4812     1.8031     1.7084     3.4691
    -1.5524     1.6564     1.5475     3.5256
    -1.6502     1.4731     1.2974     3.5162
    -1.6502     1.3265     1.1099     3.4691
    -1.7036     1.0699     0.9045     3.5162
    -1.6947     0.8868     0.7170     3.4502
    -1.6680     0.6945     0.4312     3.2899
    -1.5702     0.5114     0.2259     3.1203
    -1.5079     0.3375    -0.0330     2.8847
    -1.5257     0.0721    -0.2025     2.5737
    -1.3656    -0.0742    -0.4167     2.3476
    -1.2499    -0.2663    -0.5684     2.0368
    -1.1432    -0.4583    -0.7915     1.6884
    -1.0187    -0.5954    -0.9967     1.3589
    -0.8853    -0.7507    -1.1483     0.9918
    -0.7874    -0.9792    -1.3000     0.7095
    -0.5918    -1.0705    -1.3892     0.3520
    -0.4495    -1.2714    -1.5230     0.0604
    -0.3161    -1.3262    -1.6211    -0.2217
    -0.0850    -1.5179    -1.7727    -0.4850
     0.0306    -1.6183    -1.8619    -0.7106
     0.2706    -1.7279    -1.9510    -0.9455
     0.5106    -1.8009    -1.9510    -1.1805
     0.7684    -1.8556    -2.0402    -1.4717
     0.9728    -1.9195    -2.0491    -1.6784
     1.1860    -1.9012    -2.0580    -1.8287
     1.4170    -1.9195    -2.0313    -2.0165
     1.6747    -1.8830    -2.0045    -2.1761
     1.8612    -1.8739    -1.9332    -2.2888
     2.0478    -1.7735    -1.8619    -2.3733
     2.1988    -1.7096    -1.8173    -2.4953
     2.2609    -1.6457    -1.7013    -2.5517
     2.3142    -1.5727    -1.5854    -2.6080
     2.3231    -1.4632    -1.4338    -2.6361
     2.3764    -1.3445    -1.2821    -2.6737
     2.3497    -1.1436    -1.0948    -2.6080
     2.3764    -1.0614    -0.9432    -2.6080
     2.2964    -0.8513    -0.7290    -2.4766
     2.2343    -0.6959    -0.5417    -2.4015
     2.1632    -0.5223    -0.2739    -2.3170
     2.0744    -0.3669    -0.0240    -2.2137
     1.9945    -0.1840     0.1991    -2.1104
     1.8879     0.0264     0.4223    -1.9038
     1.8257     0.3466     0.7080    -1.7535
     1.6836     0.5571     0.9223    -1.5281
     1.5414     0.7402     1.1992    -1.3214
     1.3371     0.8776     1.4314    -1.1335
     1.2127     1.1616     1.7262    -0.9361
     1.0172     1.3723     1.9138    -0.6730
     0.8395     1.5648     2.1015    -0.3909
     0.5728     1.7206     2.2623    -0.1277
     0.4128     1.9590     2.4411     0.1921
     0.1906     2.0599     2.5930     0.4837
     0.0306     2.2709     2.6466     0.7942
    -0.1383     2.3627     2.7003     1.1612
    -0.4051     2.3627     2.7271     1.4718
    -0.6185     2.3535     2.7450     1.7919
    -0.8141     2.3627     2.7628     2.0933
    -1.0009     2.3902     2.6824     2.3665
    -1.1788     2.3902     2.5841     2.6302
    -1.3300     2.4178     2.4589     2.8470
    -1.4634     2.4178     2.3874     3.0732
    -1.5969     2.3719     2.2266     3.2711
    -1.7214     2.2434     2.1015     3.4313
    -1.8371     2.0966     1.8781     3.4596
    -1.8994     1.9315     1.7352     3.4691
    -1.8994     1.7481     1.5208     3.4785
    -2.0061     1.5648     1.4046     3.4691
    -1.9883     1.3173     1.1724     3.5162
    -1.9972     1.1249     1.0027     3.4973
    -2.0417     0.9967     0.7437     3.4502
    -1.9616     0.7402     0.4937     3.3276
    -1.9083     0.5297     0.2795     3.1391
    -1.8460     0.3375     0.1009     2.8847
    -1.7837     0.1179    -0.1133     2.6774
    -1.6947    -0.0834    -0.3186     2.3853
    -1.6058    -0.2388    -0.5060     2.1310
    -1.4456    -0.4400    -0.7380     1.7543
    -1.3122    -0.5954    -0.8718     1.4153
    -1.2232    -0.6776    -1.0770     1.1235
    -1.0187    -0.9061    -1.2375     0.7848
    -0.8942    -1.0066    -1.3713     0.4649
    -0.7608    -1.1344    -1.4873     0.1827
    -0.5562    -1.2714    -1.5943    -0.1089
    -0.3695    -1.4266    -1.7370    -0.4380
    -0.1561    -1.5727    -1.8262    -0.6354
     0.0217    -1.6822    -1.8975    -0.9173
     0.2884    -1.7279    -1.9064    -1.1993
     0.5462    -1.8100    -1.9867    -1.4529
     0.7684    -1.8009    -1.9956    -1.6220
     1.0261    -1.8647    -2.0045    -1.8193
     1.2749    -1.8282    -1.9956    -2.0822
     1.5236    -1.8921    -1.9689    -2.1761
     1.7457    -1.7735    -1.8797    -2.2888
     1.8968    -1.7461    -1.8083    -2.3827
     2.1099    -1.7370    -1.6924    -2.4953
     2.2343    -1.5727    -1.5943    -2.6080
     2.2964    -1.5088    -1.4873    -2.6455
     2.3320    -1.3536    -1.3892    -2.6737
     2.3586    -1.2714    -1.2286    -2.7394
     2.3586    -1.1436    -1.0502    -2.6925
     2.3231    -0.9335    -0.8629    -2.6643
     2.3586    -0.8421    -0.6487    -2.5611
     2.3231    -0.6685    -0.4256    -2.4578
     2.2609    -0.4857    -0.2293    -2.3545
     2.1721    -0.2663     0.0117    -2.2419
     2.1099    -0.1017     0.2705    -2.1010
     2.0211     0.1087     0.5830    -1.9132
     1.8790     0.3741     0.8152    -1.6784
     1.7457     0.5846     1.0920    -1.4999
     1.6125     0.7311     1.2974    -1.3778
     1.4526     0.9509     1.5565    -1.1429
     1.2571     1.2165     1.7798    -0.8798
     1.0616     1.3631     2.0211    -0.6730
     0.8395     1.6381     2.2445    -0.4003
     0.7061     1.8307     2.3964    -0.1183
     0.5017     1.9590     2.5126     0.1451
     0.3328     2.0966     2.6824     0.4649
     0.1373     2.2985     2.7628     0.8224
    -0.0583     2.3902     2.8612     1.1800
    -0.2361     2.4086     2.8701     1.5095
    -0.4317     2.3811     2.8165     1.7825
    -0.5829     2.3535     2.8522     2.1027
    -0.7785     2.3902     2.7628     2.4230
    -0.9831     2.4178     2.7092     2.7716
    -1.1343     2.3902     2.6019     3.0166
    -1.3122     2.3443     2.4768     3.2428
    -1.4812     2.1884     2.2891     3.4408
    -1.5613     2.0875     2.1640     3.5162
    -1.6769     1.9132     2.0211     3.5162
    -1.7659     1.7390     1.8334     3.4879
    -1.8193     1.5831     1.6279     3.4832
    -1.9349     1.4090     1.4314     3.4785
    -1.9349     1.2532     1.1635     3.4738
    -1.9261     0.9967     1.0563     3.4691
    -1.8994     0.8318     0.8420     3.4785
    -1.9527     0.6121     0.5116     3.3936
    -1.8460     0.3832     0.2527     3.1297
    -1.7837     0.2185     0.0295     2.8941
    -1.6947    -0.0011    -0.1579     2.6208
    -1.6680    -0.1931    -0.3900     2.3570
    -1.4990    -0.3211    -0.5506     2.0839
    -1.4011    -0.4583    -0.8272     1.7449
    -1.2855    -0.6045    -0.9967     1.4248
    -1.1966    -0.8238    -1.1751     1.1988
    -1.0187    -0.9426    -1.3000     0.8130
    -0.9030    -1.0888    -1.4695     0.5025
    -0.7163    -1.2349    -1.6300     0.1545
    -0.5384    -1.2897    -1.7013    -0.1183
    -0.3339    -1.4906    -1.7727    -0.3533
    -0.1028    -1.5362    -1.9154    -0.6542
     0.1462    -1.5910    -1.9332    -0.9173
     0.3773    -1.6914    -2.0669    -1.1899
     0.6262    -1.7735    -2.0669    -1.4623
     0.7772    -1.8009    -2.1650    -1.6502
     1.0438    -1.8009    -2.1204    -1.8662
     1.2571    -1.7735    -2.0669    -2.0541
     1.4615    -1.7461    -2.0759    -2.2231
     1.6924    -1.7096    -2.0045    -2.3639
     1.9589    -1.7279    -1.8708    -2.5141
     2.1277    -1.6092    -1.8351    -2.6361
     2.2520    -1.5544    -1.6835    -2.6831
     2.2964    -1.4540    -1.5765    -2.7676
     2.3231    -1.3262    -1.4695    -2.7722
     2.3142    -1.1253    -1.3357    -2.7769
     2.3320    -1.0248    -1.1394    -2.7863
     2.3231    -0.8513    -0.9164    -2.7394
     2.2787    -0.7873    -0.7023    -2.6455
     2.2964    -0.6137    -0.5417    -2.5517
     2.2876    -0.4491    -0.3007    -2.4484
     2.2432    -0.2846    -0.0954    -2.3733
     2.1543    -0.0285     0.1813    -2.2043
     2.0833     0.1453     0.4848    -2.0165
     1.9501     0.3466     0.7170    -1.8381
     1.7902     0.5846     1.0027    -1.7066
     1.6036     0.7769     1.2706    -1.4999
     1.4881     0.8959     1.5208    -1.3026
     1.3104     1.0699     1.7441    -1.1053
     1.0972     1.2715     1.9138    -0.8704
     0.8395     1.4823     2.1283    -0.6072
     0.6884     1.6564     2.3338    -0.3721
     0.5106     1.8123     2.4500    -0.0995
     0.3062     1.9499     2.5930     0.2391
     0.0928     2.0875     2.7271     0.5495
    -0.1116     2.1700     2.7450     0.8318
    -0.2984     2.2526     2.8075     1.1800
    -0.5029     2.2985     2.7897     1.4812
    -0.7074     2.2985     2.7897     1.8014
    -0.8764     2.2434     2.7450     2.1216
    -1.1076     2.2801     2.7271     2.4418
    -1.2321     2.1608     2.6377     2.6868
    -1.4812     2.1058     2.4143     2.9412
    -1.5969     1.9682     2.3338     3.1674
    -1.7036     1.7756     2.2087     3.3276
    -1.7926     1.6473     2.0121     3.3276
    -1.9438     1.4640     1.8424     3.4313
    -1.9972     1.2990     1.6548     3.4031
    -2.0417     1.0883     1.3868     3.3936
    -2.0951     0.8959     1.2349     3.4125
    -2.1218     0.7036     1.0563     3.3654
    -2.1396     0.4839     0.7973     3.2051
    -2.1752     0.3375     0.5384     3.1109
    -2.0684     0.0538     0.3687     2.8752
    -2.0506    -0.0834     0.1099     2.6868
    -1.9349    -0.3211    -0.1579     2.4607
    -1.8638    -0.4857    -0.3007     2.2063
    -1.7570    -0.6319    -0.5149     1.9144
    -1.6413    -0.7233    -0.7201     1.5471
    -1.4812    -0.8513    -0.8718     1.2930
    -1.3211    -0.9974    -1.0770     1.0294
    -1.2321    -1.1253    -1.2108     0.7189
    -1.0098    -1.2988    -1.3981     0.3896
    -0.8853    -1.3262    -1.5230     0.0698
    -0.6629    -1.4358    -1.6032    -0.2123
    -0.4940    -1.6092    -1.7103    -0.4568
    -0.2895    -1.6731    -1.7548    -0.7200
    -0.0850    -1.7461    -1.8262    -1.0019
     0.1373    -1.7461    -1.8797    -1.2087
     0.3862    -1.8100    -1.9243    -1.4435
     0.6350    -1.8647    -1.9778    -1.6878
     0.8395    -1.8556    -1.9421    -1.8568
     1.0705    -1.8009    -1.8975    -2.0541
     1.3548    -1.8009    -1.8529    -2.2606
     1.5236    -1.8009    -1.7459    -2.3545
     1.7546    -1.7461    -1.6924    -2.5423
     1.9234    -1.5818    -1.6389    -2.5611
     2.0566    -1.4906    -1.5051    -2.6455
     2.1543    -1.3810    -1.3535    -2.6737
     2.2343    -1.2806    -1.2108    -2.6831
     2.2698    -1.1984    -1.0859    -2.7019
     2.2964    -0.9883    -0.9075    -2.7300
     2.2787    -0.8056    -0.6844    -2.6831
     2.2343    -0.6502    -0.5327    -2.6080
     2.2254    -0.4674    -0.2918    -2.5141
     2.1632    -0.3851    -0.0954    -2.4390
     2.1011    -0.2114     0.1902    -2.3357
     2.0389     0.0538     0.4312    -2.2137
     1.9234     0.2094     0.7527    -2.0071
     1.7990     0.4290     0.9491    -1.8662
     1.7191     0.6762     1.2349    -1.6596
     1.5947     0.8959     1.4314    -1.4717
     1.4170     1.0333     1.6994    -1.3308
     1.2393     1.1432     1.9585    -1.1241
     1.1060     1.3998     2.1462    -0.8798
     0.9283     1.5831     2.3517    -0.6072
     0.6884     1.7573     2.4768    -0.4192
     0.5017     1.8582     2.6466    -0.1089
     0.3506     1.9499     2.7271     0.2203
     0.1373     2.1058     2.8075     0.5119
    -0.0761     2.1792     2.8433     0.8694
    -0.3606     2.3168     2.7807     1.1612
    -0.5206     2.3260     2.8254     1.5001
    -0.6807     2.2709     2.8075     1.8861
    -0.8408     2.3076     2.7628     2.2252
    -1.0187     2.3260     2.7003     2.5172
    -1.2143     2.2526     2.5841     2.7622
    -1.3923     2.1425     2.4500     2.9883
    -1.5168     2.0599     2.2891     3.2334
    -1.6591     1.8857     2.1104     3.3371
    -1.7837     1.7481     1.9138     3.3748
    -1.8549     1.5281     1.7084     3.3842
    -1.9261     1.3173     1.5475     3.4031
    -2.0061     1.0974     1.3242     3.3842
    -2.0595     0.8959     1.1635     3.4031
    -2.0595     0.6762     0.8955     3.4408
    -2.1129     0.4931     0.6812     3.3936
    -2.0951     0.3466     0.4045     3.2617
    -2.0595     0.1270     0.1991     3.0543
    -2.0150    -0.0834    -0.0062     2.8375
    -1.9349    -0.3029    -0.2204     2.5737
    -1.8549    -0.3943    -0.4346     2.3194
    -1.7303    -0.5405    -0.6844     2.0180
    -1.5524    -0.7416    -0.8629     1.6884
    -1.4011    -0.8787    -1.0324     1.3683
    -1.2588    -0.9883    -1.2197     1.1141
    -1.1521    -1.0888    -1.3624     0.8412
    -0.9475    -1.2166    -1.4605     0.5589
    -0.7608    -1.3080    -1.6122     0.2203
    -0.5562    -1.4632    -1.7103    -0.1089
    -0.3161    -1.4723    -1.8083    -0.3345
    -0.1383    -1.5818    -1.8975    -0.6354
     0.0484    -1.6183    -2.0045    -0.8798
     0.2617    -1.6549    -2.0045    -1.0771
     0.5195    -1.7461    -2.0268    -1.3402
     0.7239    -1.7826    -2.0491    -1.5845
     1.0172    -1.7552    -2.1115    -1.7441
     1.2838    -1.8009    -2.0848    -1.9601
     1.4703    -1.7644    -2.0045    -2.1667
     1.7191    -1.7279    -1.9778    -2.2137
     1.9767    -1.6275    -1.8975    -2.3264
     2.1543    -1.5727    -1.8262    -2.4202
     2.2698    -1.4997    -1.7192    -2.5235
     2.3142    -1.3810    -1.5765    -2.5798
     2.3231    -1.2349    -1.4516    -2.6268
     2.3320    -1.0340    -1.2911    -2.6361
     2.3320    -0.8695    -1.1305    -2.6268
     2.3053    -0.7507    -0.9521    -2.6174
     2.3231    -0.5588    -0.7736    -2.4953
     2.3231    -0.4309    -0.5863    -2.4484
     2.3231    -0.2571    -0.3364    -2.3451
     2.2787     0.0081    -0.0865    -2.2606
     2.2254     0.2185     0.1723    -2.1010
     2.1899     0.4015     0.4312    -1.9132
     2.1632     0.6487     0.7616    -1.8005
     2.0300     0.7769     0.9491    -1.5751
     1.8612     0.9875     1.2260    -1.4154
     1.6924     1.1432     1.4046    -1.2650
     1.4615     1.2990     1.6369    -1.0301
     1.3282     1.5281     1.8781    -0.8328
     1.0794     1.6381     2.0479    -0.5696
     0.8750     1.7206     2.2266    -0.3533
     0.7417     1.8857     2.2981    -0.1465
     0.5551     1.9774     2.4411     0.1545
     0.3062     2.0783     2.5126     0.4366
     0.1195     2.1884     2.5930     0.7471
    -0.1383     2.2342     2.5573     1.0671
    -0.3072     2.2251     2.5483     1.4530
    -0.5029     2.2297     2.5394     1.6695
    -0.7341     2.2342     2.4589     2.0650
    -0.9386     2.2709     2.3874     2.3382
    -1.0987     2.1242     2.3160     2.6114
    -1.3122     2.0141     2.1551     2.7904
    -1.4100     1.8948     2.0032     3.0166
    -1.5435     1.7481     1.8334     3.1863
    -1.7036     1.6014     1.6816     3.2428
    -1.7926     1.3723     1.5475     3.2899
    -1.8994     1.1432     1.3153     3.3088
    -1.9527     0.8684     1.1724     3.2994
    -2.0773     0.7311     0.9759     3.2522
    -2.1129     0.5388     0.7705     3.2145
    -2.0862     0.2826     0.5116     3.0449
    -2.1485     0.1362     0.2616     2.9035
    -2.1218    -0.0742     0.0385     2.7527
    -2.0684    -0.2937    -0.1579     2.5266
    -1.9616    -0.5223    -0.4167     2.2346
    -1.8994    -0.6137    -0.5863     2.0368
    -1.7748    -0.7782    -0.8629     1.7543
    -1.6236    -0.9335    -1.0056     1.4718
    -1.5257    -1.0614    -1.2019     1.1706
    -1.3478    -1.1618    -1.3089     0.9071
    -1.1521    -1.2988    -1.4338     0.6436
    -1.0187    -1.4723    -1.6122     0.3144
    -0.8408    -1.5544    -1.7013     0.0134
    -0.6718    -1.6183    -1.8083    -0.2499
    -0.5118    -1.6822    -1.9332    -0.5320
    -0.2272    -1.8465    -1.9599    -0.7952
    -0.0494    -1.8191    -2.0224    -1.0301
     0.1551    -1.9012    -2.1115    -1.2838
     0.4217    -1.9104    -2.1204    -1.4999
     0.6173    -1.8921    -2.1650    -1.7441
     0.8661    -1.9012    -2.1561    -1.9226
     1.1771    -1.9104    -2.1115    -2.0822
     1.3904    -1.8556    -2.0669    -2.2137
     1.5947    -1.8100    -1.9599    -2.2982
     1.7902    -1.7735    -1.8886    -2.4202
     1.9412    -1.6640    -1.8351    -2.5704
     2.0744    -1.5271    -1.7013    -2.6268
     2.2254    -1.4266    -1.5408    -2.7112
     2.2343    -1.2623    -1.4695    -2.6831
     2.2343    -1.1527    -1.3446    -2.6831
     2.2343    -0.9883    -1.1662    -2.6643
     2.2343    -0.7507    -1.0235    -2.6925
     2.2787    -0.5954    -0.7558    -2.6268
     2.1988    -0.4217    -0.5060    -2.4766
     2.2254    -0.3029    -0.2650    -2.4484
     2.1632    -0.1200     0.0027    -2.3357
     2.0033     0.1087     0.1634    -2.2137
     1.9678     0.3100     0.4669    -2.0353
     1.8079     0.4839     0.7080    -1.9132
     1.7013     0.6670     1.0027    -1.7817
     1.5503     0.8501     1.2706    -1.5657
     1.3371     1.0333     1.4314    -1.3872
     1.2216     1.2074     1.6816    -1.1711
     1.0350     1.3540     1.9317    -0.9643
     0.8483     1.5739     2.1283    -0.7388
     0.6973     1.7390     2.2713    -0.4850
     0.5106     1.8123     2.4232    -0.2593
     0.3240     1.9499     2.5751     0.0698
     0.1106     2.0599     2.6913     0.3614
    -0.1472     2.1333     2.7181     0.6154
    -0.3428     2.2251     2.7360     0.9636
    -0.5206     2.2251     2.7718     1.1800
    -0.7163     2.2159     2.7092     1.5566
    -0.8942     2.2434     2.6645     1.8955
    -1.1076     2.1792     2.5304     2.1969
    -1.2321     2.1058     2.4411     2.4701
    -1.3923     1.9682     2.3428     2.7339
    -1.5435     1.8857     2.2087     2.8752
    -1.6858     1.7115     2.0747     3.1014
    -1.8549     1.5281     1.8424     3.2145
    -1.9172     1.3265     1.6994     3.2805
    -2.0595     1.1249     1.4850     3.2664
    -2.1218     0.9234     1.2974     3.2522
    -2.1396     0.6395     1.0742     3.2145
    -2.2375     0.4931     0.9313     3.1863
    -2.2820     0.3100     0.6902     3.0920
    -2.2464     0.0264     0.4580     2.9601
    -2.2464    -0.1657     0.1634     2.7904
    -2.2019    -0.3394    -0.0597     2.6114
    -2.0773    -0.4948    -0.2829     2.3853
    -1.9794    -0.6137    -0.4792     2.0745
    -1.9083    -0.8056    -0.6487     1.7825
    -1.7214    -0.9426    -0.8272     1.5189
    -1.5880    -1.0705    -0.9788     1.2177
    -1.4812    -1.1984    -1.1662     0.9636
    -1.2677    -1.2714    -1.3000     0.6907
    -1.1521    -1.4175    -1.4873     0.4461
    -0.9742    -1.5088    -1.6032     0.1168
    -0.7785    -1.6275    -1.7548    -0.2311
    -0.5918    -1.7005    -1.8173    -0.4850
    -0.4051    -1.7279    -1.9064    -0.6730
    -0.1917    -1.7917    -1.9510    -0.9831
     0.0039    -1.8374    -1.9867    -1.2181
     0.2795    -1.9104    -2.0402    -1.4435
     0.5284    -1.9195    -2.0848    -1.6408
     0.7595    -1.8830    -2.1383    -1.8381
     1.0527    -1.9195    -2.0937    -1.9508
     1.2749    -1.9012    -2.1293    -2.1104
     1.4970    -1.8465    -2.0491    -2.2419
     1.6836    -1.7005    -1.9689    -2.3451
     1.9145    -1.6092    -1.9064    -2.4202
     2.0389    -1.4540    -1.7727    -2.5798
     2.1188    -1.3353    -1.5943    -2.6174
     2.2432    -1.1527    -1.4784    -2.6643
     2.2609    -1.0340    -1.3357    -2.7019
     2.2343    -0.9243    -1.1662    -2.6925
     2.2343    -0.6776    -1.0413    -2.6174
     2.2343    -0.5497    -0.7736    -2.5704
     2.2343    -0.4309    -0.6041    -2.4672
     2.1899    -0.2297    -0.3275    -2.3921
     2.1988    -0.0011    -0.1490    -2.3170
     2.1366     0.1819     0.1902    -2.1667
     2.0566     0.4564     0.4223    -2.0165
     1.8879     0.5480     0.6544    -1.8287
     1.7369     0.7860     0.8509    -1.7441
     1.7013     0.9234     1.1277    -1.5751
     1.5503     1.0516     1.3600    -1.3214
     1.4082     1.2257     1.5743    -1.1241
     1.2482     1.4181     1.8156    -0.8985
     1.0616     1.5373     2.0032    -0.6542
     0.8839     1.6931     2.1998    -0.4098
     0.6884     1.8123     2.3160    -0.1653
     0.4840     1.9040     2.4053     0.0980
     0.3062     2.0599     2.5215     0.4272
     0.0573     2.1975     2.5751     0.6718
    -0.1472     2.1700     2.6735     1.0577
    -0.3428     2.2618     2.6466     1.3118
    -0.5384     2.2434     2.6288     1.6130
    -0.7874     2.1975     2.5126     1.9332
    -0.9564     2.2342     2.4858     2.1781
    -1.1966     2.1700     2.4053     2.4795
    -1.3834     1.9957     2.3070     2.7622
    -1.5435     1.9224     2.1194     2.9412
    -1.6947     1.7481     1.9496     3.0920
    -1.8104     1.5464     1.8156     3.1391
    -1.9172     1.3265     1.6369     3.2522
    -2.0506     1.0516     1.4672     3.2994
    -2.1129     0.8593     1.2260     3.2617
    -2.2108     0.6578     0.9848     3.2617
    -2.3176     0.4107     0.7973     3.2428
    -2.2998     0.2368     0.6187     3.0920
    -2.2998     0.0264     0.4134     2.9129
    -2.3176    -0.2206     0.1723     2.7339
    -2.2820    -0.4126    -0.0597     2.5078
    -2.2553    -0.5131    -0.3186     2.3005
    -2.1574    -0.6959    -0.5327     2.0180
    -2.0417    -0.8421    -0.7023     1.7260
    -1.9349    -0.9792    -0.8539     1.4812
    -1.8282    -1.0979    -1.0948     1.1800
    -1.6591    -1.1984    -1.2019     0.8694
    -1.5435    -1.3445    -1.4159     0.6060
    -1.3656    -1.4906    -1.5230     0.3050
    -1.1966    -1.6001    -1.6567    -0.0242
    -1.0365    -1.7279    -1.7459    -0.3251
    -0.8408    -1.7096    -1.8173    -0.5414
    -0.6363    -1.7917    -1.9599    -0.7576
    -0.4406    -1.9651    -1.9956    -1.0771
    -0.2006    -1.9697    -2.0580    -1.2838
     0.0217    -1.9742    -2.1383    -1.5657
     0.3417    -1.9925    -2.1650    -1.6972
     0.5462    -2.0290    -2.1739    -1.8568
     0.7684    -1.9833    -2.1516    -2.0165
     1.0527    -1.9742    -2.1293    -2.2137
     1.2749    -1.8647    -2.0669    -2.3733
     1.4615    -1.8374    -2.0491    -2.4672
     1.7191    -1.6914    -1.9689    -2.5892
     1.8968    -1.5544    -1.8619    -2.6643
     1.9856    -1.4449    -1.7370    -2.7300
     2.1366    -1.2897    -1.5854    -2.7863
     2.1632    -1.1344    -1.4338    -2.8333
     2.1810    -0.9609    -1.2465    -2.8520
     2.1721    -0.8056    -1.0591    -2.8051
     2.1810    -0.6868    -0.8629    -2.7582
     2.1632    -0.5314    -0.6755    -2.6455
     2.1188    -0.3577    -0.4613    -2.5517
     2.1366    -0.1200    -0.1668    -2.4202
     2.1011     0.0813     0.0563    -2.3357
     2.0033     0.2826     0.3330    -2.1386
     1.9056     0.4473     0.6098    -2.0165
     1.7635     0.6121     0.8866    -1.8381
     1.6480     0.7311     1.1188    -1.6972
     1.5236     0.8868     1.3778    -1.4905
     1.3726     1.0791     1.5922    -1.2744
     1.2038     1.2257     1.7620    -1.0583
     1.0350     1.4181     1.9764    -0.8140
     0.9017     1.6198     2.1372    -0.6072
     0.6795     1.7023     2.3517    -0.3345
     0.4928     1.8307     2.4500    -0.0619
     0.3240     1.9407     2.5304     0.3144
     0.1728     2.0966     2.6645     0.5119
    -0.0583     2.1425     2.6645     0.8977
    -0.2450     2.1242     2.6735     1.2083
    -0.4584     2.1700     2.6288     1.5189
    -0.7163     2.1517     2.6377     1.8296
    -0.8764     2.0691     2.5841     2.1310
    -1.0631     2.0324     2.4858     2.4512
    -1.2143     1.9224     2.3517     2.6302
    -1.3923     1.7848     2.1730     2.8658
    -1.4723     1.6656     2.0568     3.0732
    -1.6591     1.4548     1.8692     3.1957
    -1.7926     1.2440     1.7262     3.2522
    -1.8549     1.0241     1.4761     3.3088
    -1.9172     0.8410     1.3332     3.3088
    -2.0061     0.6304     1.1545     3.2994
    -2.1396     0.4381     0.8777     3.2428
    -2.1396     0.2643     0.6723     3.1391
    -2.1129    -0.0011     0.4491     3.0355
    -2.1129    -0.1565     0.2527     2.7904
    -2.1307    -0.3851     0.0206     2.6585
    -2.0773    -0.5405    -0.2382     2.4136
    -1.9794    -0.6228    -0.4524     2.1686
    -1.9349    -0.8147    -0.6666     1.9332
    -1.7926    -0.9426    -0.8361     1.6319
    -1.6769    -1.0431    -1.0145     1.3400
    -1.5168    -1.2440    -1.1840     1.0577
    -1.4011    -1.3080    -1.2821     0.7659
    -1.2232    -1.4358    -1.4159     0.4649
    -1.0276    -1.5362    -1.5497     0.1545
    -0.9030    -1.5636    -1.6657    -0.1371
    -0.7430    -1.6549    -1.7638    -0.3815
    -0.4762    -1.7005    -1.9064    -0.6542
    -0.3517    -1.7552    -1.9243    -0.9173
    -0.1028    -1.8465    -2.0402    -1.1241
     0.1017    -1.8374    -2.1026    -1.3778
     0.3062    -1.9104    -2.1561    -1.6032
     0.5462    -1.9012    -2.1828    -1.8193
     0.7239    -1.8191    -2.2185    -1.9414
     0.9816    -1.8191    -2.1383    -2.1198
     1.2216    -1.7552    -2.0580    -2.2512
     1.3904    -1.6457    -1.9867    -2.3451
     1.5858    -1.5636    -1.8440    -2.4578
     1.8168    -1.3993    -1.7459    -2.5704
     1.8968    -1.3171    -1.5765    -2.5892
     2.0033    -1.2075    -1.4784    -2.6361
     2.0566    -1.0340    -1.3178    -2.6549
     2.1455    -0.9243    -1.2019    -2.6643
     2.1543    -0.7507    -0.9967    -2.6268
     2.1277    -0.5497    -0.8004    -2.5329
     2.1011    -0.4400    -0.5773    -2.4860
     2.1188    -0.2297    -0.3275    -2.3451
     2.0389    -0.0376    -0.0776    -2.2606
     1.9145     0.2002     0.1545    -2.1855
     1.8968     0.3100     0.4312    -1.9977
     1.7990     0.4839     0.6902    -1.8568
     1.6391     0.6762     0.9670    -1.6596
     1.5325     0.9326     1.1813    -1.5375
     1.4348     1.0516     1.4225    -1.3402
     1.2482     1.2440     1.6101    -1.1053
     1.1327     1.4090     1.8513    -0.8891
     0.9550     1.5189     2.0568    -0.6166
     0.8217     1.7206     2.2891    -0.3909
     0.6795     1.8215     2.4321    -0.2029
     0.5284     1.9315     2.5215     0.1639
     0.3328     2.0508     2.5751     0.4461
     0.0751     2.1333     2.6645     0.7189
    -0.0939     2.1700     2.6913     1.0577
    -0.2628     2.1884     2.7092     1.3589
    -0.4762     2.1975     2.6556     1.6225
    -0.6540     2.1425     2.6645     1.9803
    -0.8319     2.0966     2.5304     2.2723
    -1.0009     2.0508     2.4679     2.5266
    -1.1610     1.9407     2.2623     2.7716
    -1.2944     1.8031     2.1283     2.9978
    -1.4990     1.7298     2.0032     3.1768
    -1.6236     1.5189     1.8156     3.2617
    -1.7214     1.3082     1.6190     3.2805
    -1.8282     1.0058     1.4404     3.3088
    -1.9527     0.8593     1.2706     3.3182
    -1.9883     0.6395     1.1099     3.2899
    -2.0239     0.4198     0.8509     3.2617
    -2.0773     0.2368     0.6634     3.1014
    -2.0862    -0.0376     0.3866     3.0260
    -2.0951    -0.1748     0.1813     2.7904
    -2.0729    -0.3577    -0.0776     2.6302
    -2.0506    -0.5497    -0.2472     2.3476
    -1.9705    -0.6868    -0.4346     2.1027
    -1.8905    -0.7507    -0.6130     1.8579
    -1.7837    -0.8969    -0.7915     1.5754
    -1.6413    -1.0431    -1.0502     1.2365
    -1.4990    -1.1984    -1.2108     0.9824
    -1.3656    -1.3445    -1.3981     0.7001
    -1.2410    -1.4084    -1.4784     0.3802
    -1.0365    -1.4997    -1.6567     0.0792
    -0.8764    -1.5910    -1.7638    -0.2311
    -0.7341    -1.7005    -1.9243    -0.4756
    -0.5829    -1.7370    -1.9332    -0.7482
    -0.3072    -1.7735    -1.9956    -0.9831
    -0.1561    -1.8100    -2.0580    -1.2368
     0.1373    -1.9468    -2.1115    -1.4999
     0.3151    -1.9377    -2.1739    -1.6690
     0.5817    -1.8739    -2.1828    -1.9132
     0.7239    -1.8739    -2.2274    -2.0353
     0.9994    -1.8830    -2.1739    -2.2419
     1.1949    -1.7735    -2.1293    -2.4015
     1.4437    -1.6822    -2.0313    -2.5423
     1.6303    -1.5818    -1.9599    -2.6549
     1.8168    -1.5271    -1.8351    -2.7676
     1.9501    -1.4084    -1.6657    -2.7769
     2.0122    -1.2623    -1.5051    -2.8145
     2.0833    -1.0979    -1.3535    -2.8051
     2.1099    -0.8969    -1.1840    -2.7957
     2.1188    -0.8056    -1.0324    -2.7769
     2.1277    -0.5954    -0.8183    -2.6925
     2.1455    -0.4126    -0.6487    -2.6361
     2.1455    -0.2754    -0.3989    -2.5141
     2.1011    -0.0742    -0.1490    -2.4015
     2.0566     0.1179     0.1545    -2.3076
     1.9767     0.3009     0.4223    -2.1573
     1.8435     0.5205     0.6455    -2.0165
     1.7546     0.6212     0.8866    -1.8099
     1.5858     0.8135     1.1188    -1.6126
     1.4881     0.9783     1.4136    -1.4248
     1.3282     1.1341     1.6816    -1.2556
     1.1949     1.3815     1.8424    -1.0019
     1.0083     1.5189     2.0479    -0.7200
     0.8839     1.7023     2.2445    -0.4286
     0.7150     1.8582     2.4053    -0.1653
     0.4751     1.9774     2.5036     0.1733
     0.3417     2.0966     2.6645     0.5025
     0.1551     2.2159     2.7181     0.7848
    -0.0138     2.2159     2.7360     1.0765
    -0.2539     2.1884     2.7539     1.4624
    -0.4406     2.2434     2.7450     1.6978
    -0.6363     2.2251     2.6824     2.0556
    -0.7874     2.2251     2.6377     2.3099
    -0.9653     2.1150     2.5841     2.6114
    -1.1343     2.0691     2.4143     2.8375
    -1.3122     1.8857     2.3160     3.0732
    -1.4723     1.7940     2.1730     3.2334
    -1.5435     1.5556     1.9764     3.3559
    -1.6858     1.3631     1.8156     3.3654
    -1.7926     1.1341     1.6279     3.3936
    -1.8905     0.9051     1.4582     3.3936
    -1.9705     0.6670     1.2438     3.3465
    -2.0684     0.5388     1.0206     3.3182
    -2.0951     0.3558     0.8420     3.2899
    -2.0951     0.1636     0.6098     3.2145
    -2.0862    -0.0559     0.3420     3.0355
    -2.0818    -0.2297     0.1277     2.7622
    -2.0773    -0.4309    -0.1311     2.4983
    -1.9616    -0.5862    -0.3721     2.2723
    -1.8905    -0.7233    -0.5506     2.0085
    -1.8460    -0.8421    -0.7558     1.6790
    -1.6858    -0.9609    -0.9164     1.3494
    -1.5791    -1.0888    -1.1037     1.0765
    -1.4100    -1.2714    -1.2465     0.7848
    -1.2321    -1.3262    -1.3803     0.4837
    -1.0809    -1.4084    -1.5319     0.1451
    -0.9564    -1.5544    -1.6657    -0.1653
    -0.6985    -1.6092    -1.7727    -0.4192
    -0.5206    -1.7187    -1.8708    -0.6918
    -0.2895    -1.7096    -1.9689    -0.8891
    -0.1205    -1.7917    -1.9956    -1.1523
     0.1462    -1.8647    -2.0759    -1.3872
     0.3062    -1.8465    -2.0402    -1.6220
     0.5106    -1.9468    -2.0491    -1.8193
     0.7772    -1.9195    -2.0446    -2.0447
     0.9550    -1.8647    -2.0402    -2.1855
     1.2127    -1.7735    -2.0402    -2.3639
     1.3904    -1.7917    -1.9243    -2.4953
     1.6303    -1.6822    -1.8708    -2.6174
     1.8346    -1.5544    -1.7638    -2.6925
     1.9678    -1.4540    -1.5765    -2.7863
     2.1099    -1.2806    -1.4159    -2.8145
     2.1099    -1.1070    -1.3446    -2.8333
     2.1366    -0.9518    -1.1840    -2.8333
     2.1632    -0.8604    -0.9610    -2.7582
     2.2165    -0.6411    -0.7469    -2.7488
     2.1721    -0.5131    -0.5238    -2.6268
     2.1543    -0.3669    -0.2382    -2.5423
     2.0922    -0.1383    -0.0240    -2.4202
     2.0478     0.0538     0.2527    -2.2888
     1.9501     0.2826     0.5473    -2.1667
     1.8346     0.4381     0.7973    -2.0165
     1.7280     0.5846     1.0206    -1.8381
     1.5947     0.7586     1.2617    -1.6408
     1.4703     0.8776     1.5118    -1.4529
     1.3726     1.0883     1.6994    -1.2368
     1.2038     1.2165     1.8781    -1.0395
     1.0883     1.4181     2.1104    -0.7576
     0.9017     1.6381     2.2623    -0.4756
     0.7861     1.7023     2.4053    -0.2405
     0.5639     1.8307     2.5394     0.0886
     0.3773     2.0232     2.6198     0.4555
     0.2528     2.0324     2.6556     0.7189
    -0.0227     2.1792     2.6824     1.0953
    -0.2006     2.2159     2.6735     1.4153
    -0.3606     2.2342     2.6645     1.6978
    -0.5918     2.1700     2.5573     1.9803
    -0.7074     2.1242     2.5573     2.3476
    -0.8764     2.1150     2.4500     2.6585
    -1.1343     1.9866     2.3160     2.8470
    -1.2944     1.8673     2.1640     3.0826
    -1.4278     1.7573     2.0121     3.2617
    -1.5524     1.5923     1.8334     3.3465
    -1.7303     1.3448     1.6637     3.3748
    -1.8460     1.1616     1.4940     3.3559
    -1.9261     0.9142     1.2260     3.3276
    -2.0328     0.7586     1.0563     3.3936
    -2.0773     0.4931     0.8420     3.3559
    -2.1129     0.3558     0.6455     3.3465
    -2.1841     0.1911     0.3687     3.3182
    -2.1930    -0.0285     0.1545     3.1297
    -2.1574    -0.2297    -0.0508     2.8752
    -2.1218    -0.4034    -0.2739     2.6679
    -2.0328    -0.5223    -0.5149     2.3853
    -1.9083    -0.6502    -0.7290     2.0745
    -1.8015    -0.8604    -0.9253     1.7919
    -1.7392    -0.9243    -1.0681     1.5189
    -1.5346    -1.0431    -1.2643     1.2365
    -1.4278    -1.1984    -1.4338     0.9071
    -1.3033    -1.3810    -1.5497     0.5495
    -1.0809    -1.4449    -1.6389     0.2579
    -0.9920    -1.5179    -1.7905    -0.0713
    -0.7519    -1.5818    -1.8708    -0.3345
    -0.5473    -1.6914    -1.9421    -0.5978
    -0.3339    -1.8009    -1.9689    -0.8516
    -0.1828    -1.7735    -2.0937    -1.1241
     0.0662    -1.8465    -2.1115    -1.3402
     0.3328    -1.8739    -2.1026    -1.5751
     0.5195    -1.8921    -2.1561    -1.8568
     0.7684    -1.8191    -2.1204    -1.9601
     1.0083    -1.8282    -2.0759    -2.1573
     1.2304    -1.7917    -2.0313    -2.2982
     1.4526    -1.6914    -1.9332    -2.4390
     1.6924    -1.5453    -1.8619    -2.5798
     1.8346    -1.4632    -1.7727    -2.6737
     2.0211    -1.3901    -1.6211    -2.7394
     2.1099    -1.2623    -1.4962    -2.7957
     2.1543    -1.1344    -1.3357    -2.7863
     2.2165    -0.8787    -1.1840    -2.8333
     2.1721    -0.7507    -0.9521    -2.7394
     2.2165    -0.6411    -0.7469    -2.7206
     2.2165    -0.4583    -0.4881    -2.6268
     2.2165    -0.3120    -0.2650    -2.4953
     2.1810    -0.0834    -0.0240    -2.4484
     2.1011     0.1270     0.2348    -2.2794
     2.0655     0.2917     0.4759    -2.1198
     1.9056     0.4656     0.7795    -1.9414
     1.7280     0.6853     0.9848    -1.7535
     1.6303     0.8593     1.2706    -1.5375
     1.4970     1.0058     1.5208    -1.3308
     1.4082     1.1707     1.7173    -1.1429
     1.2393     1.3998     1.9675    -0.8798
     1.1238     1.5831     2.1194    -0.6918
     0.8928     1.7481     2.3070    -0.4380
     0.7595     1.8765     2.4947    -0.1841
     0.5551     2.0141     2.6109     0.1545
     0.4040     2.1058     2.6913     0.4649
     0.2173     2.1792     2.7181     0.7753
     0.0039     2.2526     2.7539     1.1518
    -0.1650     2.2434     2.7628     1.4907
    -0.3873     2.2618     2.7181     1.7825
    -0.5918     2.2618     2.6645     2.1404
    -0.7519     2.1608     2.5751     2.3947
    -0.9386     2.1150     2.4589     2.6679
    -1.0898     2.0049     2.2713     2.9224
    -1.3211     1.9682     2.2177     3.1957
    -1.4545     1.8031     2.0300     3.3276
    -1.6413     1.5831     1.8334     3.3748
    -1.7303     1.3631     1.6905     3.3748
    -1.8549     1.1249     1.4672     3.3936
    -1.9438     0.9692     1.2528     3.3842
    -1.9794     0.8043     1.0920     3.3371
    -2.0862     0.5022     0.8509     3.3371
    -2.1129     0.3558     0.6366     3.3182
    -2.1129     0.1636     0.4134     3.2051
    -2.0996     0.0081     0.1366     2.9506
    -2.0862    -0.2206    -0.0776     2.7527
    -2.0328    -0.4217    -0.3007     2.5172
    -2.0239    -0.5497    -0.4524     2.2252
    -1.8905    -0.6319    -0.7201     1.9238
    -1.7837    -0.7690    -0.9075     1.6225
    -1.6858    -0.9243    -1.0681     1.3589
    -1.5435    -1.0248    -1.2643     1.0859
    -1.3834    -1.1253    -1.4070     0.7377
    -1.2944    -1.2988    -1.5408     0.5119
    -1.0631    -1.4449    -1.6924     0.1921
    -0.8853    -1.5179    -1.7816    -0.0995
    -0.7430    -1.5727    -1.8529    -0.3627
    -0.5118    -1.7096    -1.9956    -0.6354
    -0.3072    -1.7279    -2.0759    -0.9455
    -0.0761    -1.7644    -2.0848    -1.1711
     0.1639    -1.7826    -2.1561    -1.4717
     0.3862    -1.8465    -2.1739    -1.6690
     0.5462    -1.8647    -2.2096    -1.8568
     0.7861    -1.7826    -2.1739    -2.0541
     0.9728    -1.7187    -2.1561    -2.2231
     1.2304    -1.6640    -2.1293    -2.4015
     1.4526    -1.6092    -2.0848    -2.5047
     1.6658    -1.5362    -2.0491    -2.5986
     1.8790    -1.4084    -1.8975    -2.6737
     2.0922    -1.3080    -1.7013    -2.7019
     2.1543    -1.0979    -1.5854    -2.7582
     2.2343    -0.9792    -1.4070    -2.7582
     2.2432    -0.8421    -1.2197    -2.7206
     2.2520    -0.7051    -1.0145    -2.6455
     2.2787    -0.5405    -0.8272    -2.5611
     2.2698    -0.3669    -0.5952    -2.4766
     2.2787    -0.1474    -0.3810    -2.3451
     2.2698    -0.0285    -0.1668    -2.2512
     2.1988     0.2185     0.1099    -2.1010
     2.0744     0.4473     0.3955    -1.9508
     2.0389     0.5388     0.6455    -1.8287
     1.9145     0.7219     0.9223    -1.6596
     1.7813     0.9051     1.1724    -1.4623
     1.5770     1.1066     1.4672    -1.2181
     1.4792     1.3815     1.6011    -1.0207
     1.3104     1.5281     1.8692    -0.8140
     1.1771     1.6840     2.0389    -0.5132
     1.0616     1.8490     2.2623    -0.2781
     0.8572     2.0141     2.4053    -0.0619
     0.7417     2.0599     2.5751     0.3144
     0.5373     2.1608     2.6735     0.6154
     0.2973     2.2251     2.6556     0.9541
     0.1106     2.2709     2.7628     1.2365
    -0.1116     2.2526     2.7360     1.6413
    -0.3072     2.2618     2.7450     1.9520
    -0.5295     2.2526     2.7181     2.2534
    -0.6896     2.1425     2.6109     2.4795
    -0.9475     2.1425     2.5394     2.7716
    -1.1521     2.0416     2.3517     2.9978
    -1.3122     1.8765     2.2534     3.1957
    -1.4634     1.7206     2.0300     3.3465
    -1.5791     1.5373     1.8781     3.3936
    -1.6769     1.3082     1.7262     3.4219
    -1.8282     1.0608     1.5208     3.4031
    -1.8727     0.8501     1.3689     3.4313
    -1.9794     0.6487     1.1635     3.4031
    -2.0417     0.5022     0.9223     3.3748
    -2.0328     0.2368     0.7080     3.3559
    -2.1307     0.0264     0.5116     3.1580
    -2.0951    -0.1291     0.2705     2.9224
    -2.1218    -0.3669     0.0563     2.7151
    -2.0773    -0.5131    -0.1847     2.4418
    -2.0417    -0.6137    -0.3721     2.1969
    -1.9527    -0.7416    -0.5863     1.8767
    -1.8371    -0.9243    -0.7915     1.5283
    -1.7125    -1.0157    -0.9878     1.2647
    -1.5880    -1.1984    -1.1394     1.0294
    -1.4278    -1.3445    -1.2821     0.7283
    -1.2588    -1.4540    -1.3892     0.4084
    -1.0631    -1.5088    -1.5497     0.1074
    -0.8675    -1.6183    -1.6300    -0.1935
    -0.6896    -1.7552    -1.7192    -0.5038
    -0.4673    -1.8009    -1.8083    -0.7576
    -0.2895    -1.8556    -1.8975    -1.0207
    -0.0939    -1.8100    -1.9599    -1.2932
     0.1373    -1.8556    -2.0491    -1.5469
     0.3773    -1.8510    -2.0848    -1.7817
     0.5284    -1.8465    -2.1204    -1.9789
     0.8128    -1.8647    -2.0937    -2.1198
     1.0527    -1.7735    -2.0491    -2.2888
     1.2838    -1.7279    -1.9867    -2.4109
     1.5503    -1.6731    -1.9154    -2.5704
     1.7191    -1.5544    -1.8619    -2.6831
     1.9323    -1.4723    -1.7459    -2.7488
     2.1366    -1.2806    -1.5676    -2.8239
     2.2343    -1.2166    -1.4516    -2.8426
     2.2520    -1.0705    -1.2821    -2.8520
     2.2964    -0.8421    -1.0859    -2.7957
     2.2876    -0.7051    -0.9253    -2.7582
     2.2876    -0.6228    -0.7112    -2.6549
     2.2432    -0.3760    -0.5149    -2.5892
     2.2609    -0.2480    -0.2829    -2.4296
     2.2876     0.0172    -0.0508    -2.3264
     2.2609     0.2460     0.2616    -2.1949
     2.1277     0.3741     0.5116    -2.0165
     2.0922     0.6121     0.7795    -1.8944
     1.9412     0.7402     1.0563    -1.6878
     1.7635     0.9692     1.2706    -1.4999
     1.6303     1.1158     1.4850    -1.2932
     1.4526     1.3082     1.6816    -1.0865
     1.3104     1.4823     1.9406    -0.8704
     1.2304     1.7115     2.0657    -0.5884
     1.0083     1.7848     2.2891    -0.3345
     0.8661     1.9774     2.4589    -0.0336
     0.6973     2.0141     2.5215     0.2579
     0.5017     2.1975     2.6466     0.6154
     0.2884     2.2434     2.6824     0.9353
     0.0928     2.2801     2.7092     1.2271
    -0.0761     2.2526     2.7003     1.5848
    -0.3161     2.2709     2.6913     1.8579
    -0.5295     2.2893     2.6913     2.1969
    -0.7252     2.2342     2.6019     2.4701
    -0.9742     2.1517     2.4858     2.6962
    -1.1521     2.0599     2.4053     2.9318
    -1.2855     1.8765     2.1908     3.1863
    -1.4812     1.7390     2.0925     3.2994
    -1.5969     1.5373     1.8870     3.3748
    -1.7481     1.3356     1.6548     3.3842
    -1.8371     1.0791     1.5029     3.4031
    -1.9349     0.8776     1.3064     3.4125
    -2.0061     0.6670     1.1456     3.3936
    -2.0773     0.4473     0.9313     3.3748
    -2.1129     0.2460     0.7527     3.2617
    -2.1841     0.0081     0.5116     3.1297
    -2.1797    -0.1931     0.2170     2.9129
    -2.1752    -0.3029     0.0474     2.7245
    -2.1841    -0.4857    -0.2382     2.4324
    -2.0862    -0.6228    -0.3900     2.1969
    -2.0328    -0.7599    -0.5863     1.9049
    -1.8994    -0.9518    -0.7469     1.6319
    -1.7926    -1.0614    -0.9432     1.3306
    -1.6502    -1.1253    -1.1216     1.0859
    -1.4634    -1.3080    -1.2554     0.7659
    -1.3211    -1.4449    -1.3981     0.4366
    -1.1432    -1.5453    -1.5051     0.0792
    -0.9119    -1.6275    -1.6032    -0.2029
    -0.6629    -1.6914    -1.6835    -0.4756
    -0.4317    -1.7279    -1.7994    -0.7482
    -0.2183    -1.8374    -1.8708    -0.9925
    -0.0405    -1.8830    -2.0045    -1.2556
     0.1373    -1.9012    -2.0402    -1.5375
     0.3862    -1.9104    -2.0491    -1.7441
     0.5906    -1.8921    -2.1026    -1.9320
     0.7506    -1.9104    -2.1115    -2.0916
          3          3          3          3
