    4   2048 0.020000  2016   1  22  15   5
         16         10         11         42
    -1.9336     0.7839     1.2645     2.9378
    -1.8980     0.6099     1.0859     2.7965
    -1.9158     0.3994     0.8805     2.6174
    -1.8891     0.1981     0.6483     2.3725
    -1.8624    -0.0489     0.4697     2.1653
    -1.8090    -0.2044     0.2197     1.9204
    -1.7112    -0.4147    -0.0034     1.6474
    -1.6578    -0.5701    -0.2266     1.3650
    -1.5421    -0.7711    -0.4051     1.1673
    -1.3464    -0.9721    -0.6282     0.9132
    -1.2219    -1.1274    -0.7620     0.6403
    -1.0885    -1.2735    -0.9583     0.3205
    -0.9017    -1.4014    -1.1100     0.0383
    -0.6882    -1.5657    -1.2795    -0.1497
    -0.4926    -1.6843    -1.4668    -0.4318
    -0.3148    -1.7208    -1.5560    -0.6292
    -0.1192    -1.8486    -1.6987    -0.8736
     0.1475    -1.9033    -1.8146    -1.1085
     0.3875    -2.0037    -1.8681    -1.2870
     0.6098    -2.0037    -1.9127    -1.5219
     0.8675    -2.0128    -1.9751    -1.6534
     1.1163    -2.0128    -2.0197    -1.8788
     1.3562    -2.0219    -2.0643    -1.9915
     1.5339    -1.9763    -2.0197    -2.1042
     1.7294    -1.9033    -2.0019    -2.1887
     1.9514    -1.8395    -1.9840    -2.2638
     2.0314    -1.7482    -1.8949    -2.4140
     2.2357    -1.6569    -1.7611    -2.4609
     2.3422    -1.5748    -1.6987    -2.5079
     2.3689    -1.4105    -1.5827    -2.4609
     2.4133    -1.2644    -1.4489    -2.4891
     2.4399    -1.1000    -1.2973    -2.4234
     2.3955    -0.8899    -1.1278    -2.3389
     2.3778    -0.6889    -0.9405    -2.2638
     2.3245    -0.5061    -0.7263    -2.1793
     2.3245    -0.3507    -0.4854    -2.0854
     2.2357    -0.1678    -0.3337    -1.9351
     2.0758     0.0517    -0.0391    -1.7285
     2.0314     0.3811     0.1572    -1.5970
     1.8182     0.5459     0.4251    -1.3528
     1.7116     0.7656     0.6929    -1.1085
     1.5694     0.9854     0.9608    -0.9018
     1.3296     1.2785     1.1573    -0.7044
     1.2229     1.4527     1.4432    -0.4694
     0.9919     1.6910     1.7201    -0.2250
     0.8142     1.8652     1.8899     0.0101
     0.6453     2.0395     1.9971     0.3393
     0.4853     2.1862     2.0060     0.6497
     0.2898     2.3881     2.1669     0.9414
     0.0231     2.5625     2.2920     1.1955
    -0.1369     2.6084     2.4439     1.5344
    -0.2792     2.6543     2.5959     1.7698
    -0.4837     2.6267     2.5959     2.1088
    -0.6794     2.6451     2.6763     2.4008
    -0.7861     2.5900     2.6674     2.6363
    -1.0262     2.6267     2.7031     2.8059
    -1.1063     2.6451     2.6495     3.0415
    -1.2664     2.5992     2.6674     3.2206
    -1.4265     2.5074     2.6763     3.3525
    -1.5332     2.3606     2.6316     3.4562
    -1.6400     2.1312     2.5244     3.4468
    -1.7734     1.9661     2.3099     3.4374
    -1.7823     1.8010     2.1043     3.4185
    -1.8713     1.5901     1.8452     3.4185
    -1.9069     1.3060     1.6218     3.3808
    -1.9069     1.0770     1.4074     3.3525
    -1.9069     0.8297     1.0859     3.2583
    -1.9247     0.5825     0.7912     3.0038
    -1.9069     0.3079     0.5501     2.8342
    -1.8357    -0.0123     0.2912     2.5703
    -1.7734    -0.2867     0.0233     2.3160
    -1.6756    -0.5061    -0.2980     1.9864
    -1.6400    -0.6706    -0.5032     1.6474
    -1.5065    -0.8990    -0.7531     1.3650
    -1.3197    -1.1548    -1.0297     0.9791
    -1.2219    -1.3009    -1.2438     0.7721
    -0.9817    -1.5565    -1.4043     0.4334
    -0.7861    -1.7208    -1.6095     0.1324
    -0.5993    -1.8395    -1.8235    -0.1685
    -0.4481    -2.0037    -1.9662    -0.4412
    -0.2259    -2.1131    -2.1356    -0.7420
     0.0231    -2.1405    -2.1535    -0.9769
     0.2098    -2.2499    -2.2961    -1.2494
     0.4142    -2.3320    -2.3318    -1.4279
     0.6542    -2.3594    -2.3942    -1.7379
     0.9030    -2.3776    -2.4120    -1.9164
     1.1430    -2.3685    -2.4298    -2.1229
     1.3740    -2.3229    -2.4387    -2.2732
     1.5161    -2.2043    -2.3942    -2.4422
     1.7294    -2.1679    -2.3407    -2.5736
     1.8804    -2.0675    -2.2872    -2.6487
     2.0491    -1.8851    -2.1356    -2.7331
     2.1735    -1.8212    -1.9930    -2.7331
     2.2801    -1.6478    -1.8324    -2.7519
     2.3511    -1.3922    -1.6898    -2.7707
     2.3600    -1.2644    -1.4757    -2.7894
     2.3511    -1.0543    -1.2616    -2.6674
     2.3955    -0.8259    -1.0564    -2.5923
     2.3422    -0.6432    -0.8780    -2.4703
     2.3289    -0.3598    -0.5836    -2.3671
     2.3156    -0.1952    -0.2891    -2.1605
     2.2001     0.1341    -0.0124    -2.0197
     2.1468     0.3720     0.2465    -1.7567
     2.0314     0.6374     0.5501    -1.5501
     1.8360     0.8663     0.8537    -1.2588
     1.7116     1.1319     1.1305    -1.0239
     1.5783     1.3793     1.4432    -0.7608
     1.3651     1.5810     1.7112    -0.5352
     1.2318     1.7552     1.9792    -0.2155
     0.9741     2.0211     2.2652     0.0477
     0.8231     2.1771     2.4976     0.3863
     0.5920     2.3606     2.6495     0.7250
     0.4675     2.4890     2.6584     1.0167
     0.1831     2.5349     2.6763     1.3838
     0.0409     2.6084     2.8104     1.7039
    -0.1458     2.5808     2.9087     2.0146
    -0.3681     2.5716     2.9087     2.3254
    -0.5815     2.6543     2.9534     2.5138
    -0.7505     2.6267     2.9534     2.7965
    -0.9373     2.6175     2.9624     2.9849
    -1.0351     2.5349     2.9177     3.2017
    -1.2219     2.4615     2.9087     3.3431
    -1.3553     2.3514     2.7747     3.3714
    -1.4710     2.1771     2.5601     3.4091
    -1.5599     2.0395     2.3724     3.3996
    -1.7112     1.9477     2.1669     3.4562
    -1.7912     1.7643     1.9614     3.4185
    -1.8179     1.5718     1.6754     3.4468
    -1.8980     1.3518     1.4432     3.4091
    -1.9425     1.1411     1.1127     3.3337
    -1.9558     0.8755     0.8180     3.1169
    -1.9692     0.7381     0.4608     2.9095
    -1.9425     0.5276     0.1662     2.6551
    -1.8980     0.2988    -0.0927     2.4385
    -1.8535     0.0334    -0.3426     2.1935
    -1.8001    -0.2318    -0.6103     1.9487
    -1.6667    -0.3781    -0.9315     1.6380
    -1.5688    -0.5335    -1.1189     1.3367
    -1.4888    -0.7894    -1.3776     1.0826
    -1.3820    -0.9173    -1.5916     0.7909
    -1.1685    -1.1091    -1.7789     0.5368
    -1.0173    -1.2918    -1.9395     0.2170
    -0.8839    -1.4196    -2.0732    -0.0181
    -0.6616    -1.5748    -2.2159    -0.2438
    -0.4748    -1.6478    -2.3496    -0.5258
    -0.2614    -1.7391    -2.4209    -0.7044
    -0.0392    -1.8303    -2.4744    -0.9487
     0.1653    -1.9124    -2.4744    -1.1273
     0.3698    -2.0219    -2.5279    -1.3246
     0.6009    -1.9945    -2.5101    -1.5407
     0.8586    -2.0219    -2.4922    -1.7285
     1.0630    -2.0219    -2.4655    -1.8412
     1.2585    -1.9854    -2.4031    -2.0290
     1.4717    -1.9763    -2.3407    -2.1136
     1.6761    -1.9033    -2.2248    -2.2732
     1.8448    -1.8030    -2.1089    -2.3013
     2.0314    -1.7665    -1.9662    -2.3952
     2.1380    -1.6478    -1.7700    -2.3952
     2.2801    -1.5018    -1.5203    -2.4328
     2.3422    -1.4196    -1.3419    -2.3858
     2.4044    -1.2644    -1.1546    -2.3671
     2.3955    -1.0543    -1.0208    -2.3013
     2.4222    -0.9264    -0.7799    -2.2544
     2.4044    -0.6980    -0.5032    -2.1417
     2.3511    -0.5518    -0.2534    -2.0197
     2.2801    -0.2958     0.0501    -1.8976
     2.2179    -0.0763     0.3358    -1.7755
     2.0936     0.1615     0.5947    -1.6064
     2.0225     0.3354     0.8269    -1.3622
     1.8715     0.6649     1.0948    -1.2025
     1.6938     0.8114     1.3628    -0.9487
     1.5694     1.0953     1.5236    -0.7890
     1.4095     1.3335     1.8095    -0.5540
     1.2052     1.5810     2.0328    -0.3378
     1.0275     1.7093     2.2384    -0.0369
     0.8408     1.9202     2.4261     0.1888
     0.6275     2.1128     2.5512     0.5368
     0.4409     2.2688     2.7300     0.8191
     0.2631     2.4064     2.8104     1.1202
     0.0675     2.5900     2.8551     1.3838
    -0.1369     2.6359     2.8551     1.6944
    -0.2970     2.6267     2.8730     1.9487
    -0.4926     2.5808     2.7747     2.2501
    -0.6616     2.5900     2.7121     2.4856
    -0.8216     2.5900     2.6406     2.7305
    -1.0084     2.6451     2.5154     2.9378
    -1.1418     2.6451     2.3546     3.1263
    -1.2397     2.6175     2.1848     3.2960
    -1.4087     2.4707     2.0060     3.3431
    -1.5243     2.3422     1.8809     3.4374
    -1.6311     2.1862     1.6486     3.4091
    -1.7290     2.0211     1.4610     3.4374
    -1.7823     1.8285     1.1841     3.4091
    -1.8802     1.5718     1.0055     3.3996
    -1.9158     1.3885     0.7197     3.4091
    -1.9158     1.0587     0.4608     3.2488
    -1.9336     0.8205     0.2019     3.0980
    -1.9069     0.5642    -0.0034     2.8907
    -1.8891     0.3079    -0.2266     2.6834
    -1.8802     0.0243    -0.5032     2.4290
    -1.7823    -0.1678    -0.6817     2.0994
    -1.7023    -0.3872    -0.9226     1.8169
    -1.6044    -0.6066    -1.1189     1.4967
    -1.5243    -0.9082    -1.3151     1.2238
    -1.3998    -1.1091    -1.4846     0.8850
    -1.2397    -1.2918    -1.6273     0.6027
    -1.0529    -1.4653    -1.7700     0.3017
    -0.8483    -1.6296    -1.9127     0.0007
    -0.6527    -1.8030    -1.9840    -0.2720
    -0.3859    -1.8942    -2.0375    -0.5822
    -0.1992    -2.0402    -2.1535    -0.8830
     0.0142    -2.0493    -2.1445    -1.0991
     0.2987    -2.1770    -2.2426    -1.3246
     0.5298    -2.2226    -2.2604    -1.6064
     0.7075    -2.2043    -2.2694    -1.8131
     0.9564    -2.1861    -2.1980    -2.0197
     1.1785    -2.1679    -2.2337    -2.1605
     1.4184    -2.1952    -2.1802    -2.3201
     1.6316    -2.1223    -2.1000    -2.4609
     1.7915    -1.9945    -1.9662    -2.5830
     1.9337    -1.9307    -1.8681    -2.6674
     2.1024    -1.7938    -1.6898    -2.7707
     2.2090    -1.6934    -1.5649    -2.7707
     2.2890    -1.5292    -1.4133    -2.7988
     2.3600    -1.3192    -1.3508    -2.7707
     2.4133    -1.1365    -1.1367    -2.7238
     2.4311    -0.9447    -0.9672    -2.6487
     2.3778    -0.8077    -0.7977    -2.5923
     2.3866    -0.6158    -0.5836    -2.4515
     2.3689    -0.4238    -0.3515    -2.3671
     2.3689    -0.1587    -0.1195    -2.1793
     2.3156     0.0700     0.0948    -2.0103
     2.2001     0.2804     0.3269    -1.7379
     2.1024     0.5367     0.5679    -1.5407
     1.9070     0.7931     0.7465    -1.3246
     1.8093     0.9304     0.9519    -1.1179
     1.6316     1.1136     1.1663    -0.8642
     1.4273     1.4068     1.3717    -0.5916
     1.2940     1.6176     1.5772    -0.3660
     1.0630     1.7460     1.7469    -0.0275
     0.8586     1.9202     1.9614     0.1888
     0.7253     2.0028     2.1669     0.5557
     0.4764     2.1679     2.3099     0.8003
     0.3253     2.2229     2.3724     1.1767
     0.1209     2.3789     2.4350     1.4308
    -0.0836     2.4156     2.5244     1.7698
    -0.2259     2.4799     2.6048     2.0052
    -0.4037     2.4432     2.6584     2.3066
    -0.6438     2.4799     2.5691     2.4573
    -0.7772     2.4248     2.5601     2.6457
    -0.9106     2.3514     2.4707     2.8153
    -1.1329     2.2413     2.3903     3.0132
    -1.2397     2.1587     2.2741     3.1452
    -1.3197     2.0395     2.1579     3.2394
    -1.4532     1.9202     2.0418     3.2865
    -1.5866     1.7918     1.8363     3.2771
    -1.6578     1.6543     1.6665     3.2960
    -1.7468     1.4802     1.5057     3.2488
    -1.7912     1.2694     1.3449     3.1640
    -1.8535     1.1319     1.1305     2.9567
    -1.8802     0.9487     0.8805     2.8719
    -1.8446     0.7290     0.6126     2.6928
    -1.8268     0.5093     0.4251     2.5232
    -1.8624     0.2896     0.1394     2.3631
    -1.8268     0.0243    -0.0838     2.1088
    -1.7290    -0.1952    -0.3069     1.8734
    -1.7023    -0.3690    -0.4854     1.5438
    -1.6044    -0.5609    -0.7174     1.2897
    -1.4354    -0.8168    -0.9137     0.9697
    -1.3642    -0.9904    -1.1546     0.7721
    -1.2041    -1.1731    -1.3419     0.4334
    -1.0173    -1.4014    -1.4846     0.1982
    -0.8839    -1.4926    -1.6006    -0.1027
    -0.6349    -1.6387    -1.7522    -0.3096
    -0.4659    -1.8395    -1.9127    -0.6292
    -0.2259    -1.9124    -2.0197    -0.8360
    -0.0303    -2.0219    -2.0643    -1.0897
     0.2275    -2.0766    -2.1802    -1.3434
     0.4409    -2.2043    -2.2159    -1.5970
     0.6809    -2.1952    -2.2872    -1.8037
     0.9030    -2.2135    -2.2694    -2.0290
     1.1874    -2.2089    -2.3050    -2.2168
     1.3651    -2.2043    -2.2337    -2.3483
     1.6139    -2.1861    -2.1891    -2.4797
     1.7827    -2.1952    -2.1624    -2.5736
     1.9870    -2.0493    -2.0375    -2.6768
     2.0936    -1.9581    -1.9216    -2.7988
     2.2445    -1.8395    -1.8235    -2.7894
     2.2801    -1.7756    -1.6541    -2.8270
     2.3866    -1.5474    -1.4668    -2.8364
     2.4133    -1.3922    -1.2973    -2.8458
     2.4311    -1.2279    -1.1992    -2.7988
     2.4399    -1.0178    -0.9494    -2.6862
     2.3778    -0.8625    -0.6728    -2.5736
     2.4044    -0.6340    -0.3961    -2.4422
     2.3422    -0.3690    -0.1819    -2.3389
     2.2357    -0.2135     0.0591    -2.1417
     2.1913     0.1066     0.3179    -1.9351
     2.0136     0.3079     0.6483    -1.7003
     1.9426     0.6191     0.8894    -1.5125
     1.7738     0.8480     1.1752    -1.2212
     1.6849     1.0037     1.4521    -0.9018
     1.4540     1.2877     1.6576    -0.6950
     1.2940     1.5443     1.9345    -0.4318
     1.1430     1.7368     2.1669    -0.1591
     0.9297     1.8469     2.3814     0.1418
     0.7697     2.0761     2.5959     0.4804
     0.5387     2.2138     2.8283     0.8097
     0.3253     2.3514     2.8730     1.1861
     0.1742     2.4156     2.8864     1.5250
    -0.0925     2.5349     2.8998     1.8357
    -0.2614     2.5808     2.9624     2.0994
    -0.4659     2.5166     2.9624     2.4196
    -0.6349     2.5258     2.9445     2.6834
    -0.7950     2.4982     2.9445     2.8436
    -0.9995     2.4248     2.8998     3.0415
    -1.1685     2.2963     2.8551     3.2394
    -1.2664     2.2413     2.7300     3.3996
    -1.4176     2.0486     2.5601     3.4185
    -1.5510     1.9477     2.3367     3.4185
    -1.6222     1.7368     2.1043     3.4374
    -1.7556     1.5077     1.9614     3.3902
    -1.8090     1.2969     1.6844     3.3902
    -1.8090     1.1319     1.4521     3.3431
    -1.8535     0.9396     1.1573     3.2206
    -1.9069     0.7290     0.8448     3.0415
    -1.9069     0.4909     0.6304     2.8342
    -1.9158     0.2713     0.3537     2.6363
    -1.8268    -0.0580     0.0501     2.3725
    -1.7912    -0.1952    -0.2177     2.1182
    -1.7379    -0.4147    -0.4051     1.8074
    -1.6578    -0.5884    -0.6549     1.5626
    -1.6400    -0.8351    -0.8602     1.2332
    -1.4621    -0.9813    -1.1100     0.9697
    -1.3820    -1.2187    -1.2884     0.7062
    -1.2397    -1.3740    -1.4668     0.3957
    -1.0974    -1.5474    -1.6095     0.0948
    -0.9017    -1.6204    -1.6898    -0.1497
    -0.6882    -1.8212    -1.8503    -0.4412
    -0.5193    -1.8577    -1.8949    -0.6574
    -0.2881    -1.9945    -1.9305    -0.8642
    -0.1103    -2.0128    -2.0108    -1.1649
     0.0764    -2.0584    -2.0554    -1.3434
     0.3520    -2.0949    -2.0732    -1.5313
     0.5653    -2.1679    -2.0910    -1.7473
     0.8319    -2.1861    -2.0821    -1.9351
     1.0452    -2.1770    -1.9930    -2.1042
     1.2407    -2.1496    -1.9305    -2.2544
     1.4895    -2.0402    -1.9127    -2.3483
     1.6938    -1.9854    -1.7700    -2.5173
     1.8715    -1.8851    -1.6541    -2.5923
     2.0225    -1.7756    -1.4311    -2.6393
     2.1735    -1.6752    -1.2705    -2.6299
     2.2268    -1.5748    -1.0921    -2.6674
     2.3156    -1.4379    -0.9226    -2.6674
     2.3778    -1.2918    -0.7888    -2.6205
     2.3778    -1.1183    -0.5836    -2.6111
     2.3778    -0.9630    -0.3605    -2.4985
     2.3245    -0.7163    -0.1462    -2.3952
     2.2801    -0.5152     0.0948    -2.3295
     2.2534    -0.3781     0.3447    -2.1229
     2.1468    -0.1404     0.5858    -1.9821
     2.0491     0.1066     0.8537    -1.7849
     1.9070     0.3537     1.0680    -1.5782
     1.8004     0.6466     1.2913    -1.3810
     1.6494     0.8297     1.5414    -1.1555
     1.4540     1.0953     1.7469    -0.9018
     1.2940     1.3060     1.9345    -0.6386
     1.1074     1.5351     2.0954    -0.3848
     0.9475     1.7277     2.3188    -0.1591
     0.8053     1.9386     2.4797     0.1418
     0.6186     2.0853     2.5691     0.4804
     0.4409     2.2596     2.7210     0.7438
     0.1920     2.4248     2.7925     1.1202
     0.0231     2.5625     2.8193     1.4026
    -0.1636     2.5900     2.8015     1.7604
    -0.3503     2.5625     2.8283     2.0334
    -0.5104     2.6359     2.7836     2.3254
    -0.6971     2.6359     2.7031     2.6080
    -0.8661     2.5808     2.6227     2.8436
    -1.0885     2.5992     2.5780     3.1169
    -1.2219     2.5258     2.4261     3.3148
    -1.3642     2.3514     2.3277     3.3714
    -1.4799     2.2505     2.1758     3.4468
    -1.6400     2.0761     1.9614     3.4562
    -1.7023     1.8744     1.7916     3.4562
    -1.7912     1.6727     1.5682     3.4562
    -1.8980     1.4802     1.4074     3.4091
    -1.9514     1.2144     1.1931     3.4185
    -1.9870     0.9762     0.9341     3.3808
    -1.9781     0.8297     0.7644     3.2865
    -1.9692     0.5184     0.5411     3.1075
    -1.9870     0.3262     0.3001     2.8624
    -1.9247     0.0426     0.0144     2.6363
    -1.9603    -0.1404    -0.1641     2.3066
    -1.8891    -0.3415    -0.4051     2.0052
    -1.7468    -0.5061    -0.6282     1.6568
    -1.6756    -0.7072    -0.8156     1.3744
    -1.5599    -0.8899    -1.0297     0.9697
    -1.4443    -1.0909    -1.1724     0.7438
    -1.3286    -1.2644    -1.3241     0.4240
    -1.1596    -1.4379    -1.4579     0.1512
    -0.9728    -1.5109    -1.6362    -0.1309
    -0.7327    -1.6569    -1.7522    -0.4224
    -0.5282    -1.7756    -1.8770    -0.6762
    -0.3326    -1.7847    -1.9305    -0.8642
    -0.1369    -1.8942    -1.9840    -1.1273
     0.0942    -1.9672    -2.0554    -1.3340
     0.2987    -1.9489    -2.1000    -1.5688
     0.5031    -1.9854    -2.1535    -1.6910
     0.7431    -1.9672    -2.1445    -1.8694
     0.9919    -1.9672    -2.1445    -2.0572
     1.1785    -1.9398    -2.1713    -2.1887
     1.3207    -1.9398    -2.0554    -2.2919
     1.5961    -1.7756    -2.0286    -2.3671
     1.7382    -1.7391    -1.8770    -2.4422
     1.8893    -1.5839    -1.7879    -2.4468
     1.9958    -1.5292    -1.6719    -2.4515
     2.1557    -1.3831    -1.5292    -2.4985
     2.2268    -1.2370    -1.4043    -2.4515
     2.2623    -1.1365    -1.1724    -2.4328
     2.2534    -0.9721    -0.9940    -2.3389
     2.2090    -0.7346    -0.8156    -2.2544
     2.2179    -0.5884    -0.6014    -2.1136
     2.1557    -0.3415    -0.3515    -2.0384
     2.0580    -0.1678    -0.1373    -1.8694
     1.9781     0.0334     0.1305    -1.7379
     1.9159     0.3537     0.3894    -1.4937
     1.7205     0.5093     0.5947    -1.3058
     1.6405     0.7839     0.8358    -1.0521
     1.5073     0.9854     1.1305    -0.8924
     1.3562     1.2236     1.3270    -0.6386
     1.1874     1.4802     1.6218    -0.4036
     1.0186     1.7277     1.8005    -0.1121
     0.8942     1.9019     2.0418     0.1418
     0.7075     2.0578     2.2384     0.4522
     0.5387     2.3055     2.3814     0.7626
     0.3075     2.4432     2.5780     1.0732
     0.1475     2.5349     2.6763     1.3650
    -0.0836     2.5533     2.8104     1.7039
    -0.2792     2.5716     2.8640     1.9581
    -0.4126     2.6175     2.9177     2.2783
    -0.6171     2.6634     2.8730     2.5515
    -0.8305     2.6726     2.8998     2.8153
    -0.9639     2.6451     2.8462     3.0132
    -1.1596     2.6359     2.7925     3.3054
    -1.3019     2.6267     2.7210     3.3619
    -1.3998     2.5808     2.5691     3.4374
    -1.5866     2.5349     2.3635     3.4185
    -1.6489     2.4064     2.1937     3.4939
    -1.7468     2.2046     1.9435     3.5411
    -1.8357     2.0211     1.7559     3.5505
    -1.8891     1.7643     1.5146     3.5788
    -1.9959     1.5810     1.2467     3.5222
    -1.9692     1.2877     1.0412     3.5411
    -2.0137     1.0770     0.7465     3.5033
    -1.9692     0.7931     0.4608     3.3619
    -1.9959     0.5184     0.2108     3.0603
    -1.9781     0.2804    -0.0748     2.8247
    -1.9158     0.0334    -0.3248     2.5703
    -1.8535    -0.2044    -0.5925     2.2501
    -1.7290    -0.4238    -0.7620     1.8922
    -1.6044    -0.6158    -1.0297     1.5344
    -1.5065    -0.7803    -1.2081     1.3179
    -1.3998    -0.9447    -1.3508     0.9414
    -1.2130    -1.1548    -1.5292     0.6497
    -1.1151    -1.2370    -1.7343     0.2923
    -0.9373    -1.4014    -1.8414     0.0007
    -0.6971    -1.5657    -1.9751    -0.2814
    -0.5282    -1.6022    -2.0375    -0.5540
    -0.3326    -1.6934    -2.1445    -0.8172
    -0.1725    -1.8303    -2.1624    -1.0521
     0.0586    -1.8577    -2.1891    -1.2776
     0.3431    -1.8759    -2.2069    -1.4467
     0.5653    -1.8486    -2.2248    -1.7003
     0.7608    -1.9307    -2.2337    -1.8224
     0.9919    -1.9124    -2.1535    -2.0478
     1.2763    -1.8577    -2.1267    -2.1511
     1.4717    -1.8486    -1.9751    -2.2919
     1.6761    -1.7391    -1.8681    -2.4140
     1.8804    -1.6843    -1.7522    -2.5173
     2.0403    -1.6113    -1.6273    -2.5173
     2.1202    -1.5018    -1.4222    -2.5454
     2.2357    -1.4105    -1.2973    -2.5454
     2.2890    -1.2553    -1.1457    -2.5079
     2.3067    -1.1000    -0.9048    -2.5173
     2.3334    -0.8990    -0.6817    -2.4422
     2.3245    -0.7620    -0.4229    -2.3671
     2.2801    -0.6615    -0.2355    -2.3389
     2.1913    -0.4147     0.0055    -2.1605
     2.1557    -0.3050     0.2644    -2.0666
     2.0136    -0.0215     0.5501    -1.8506
     1.9514     0.1524     0.7287    -1.7191
     1.8093     0.3811     1.0144    -1.5407
     1.6583     0.6283     1.2020    -1.3622
     1.5250     0.8205     1.4253    -1.1179
     1.4362     1.1045     1.6486    -0.8830
     1.2940     1.3152     1.8541    -0.7044
     1.0985     1.5535     2.0954    -0.4318
     0.9208     1.7643     2.3009    -0.1779
     0.7964     1.8835     2.4082     0.1230
     0.5742     2.0853     2.5244     0.3769
     0.4231     2.3055     2.6853     0.6780
     0.1920     2.3697     2.7210     1.0073
     0.0053     2.5258     2.7925     1.3273
    -0.1281     2.5533     2.7836     1.6191
    -0.3592     2.5992     2.7925     1.9016
    -0.5637     2.6359     2.7657     2.1465
    -0.7060     2.6451     2.7836     2.4385
    -0.8839     2.5716     2.7300     2.6551
    -1.0974     2.5441     2.6406     2.9095
    -1.1863     2.5166     2.4976     3.0980
    -1.3464     2.4156     2.4261     3.2583
    -1.4621     2.3422     2.2562     3.4656
    -1.6133     2.1128     2.0596     3.5033
    -1.6934     1.9111     1.9345     3.4939
    -1.7201     1.7185     1.7022     3.5128
    -1.8090     1.5260     1.5236     3.5033
    -1.8179     1.2419     1.3092     3.5033
    -1.8891     1.0587     1.0323     3.3714
    -1.9158     0.7656     0.8090     3.2488
    -1.8980     0.5550     0.6215     3.0226
    -1.8446     0.2896     0.3626     2.8530
    -1.8090     0.0792     0.1215     2.5421
    -1.8001    -0.1861    -0.1641     2.2783
    -1.6667    -0.4238    -0.3426     1.9864
    -1.5955    -0.6158    -0.5925     1.6474
    -1.4976    -0.8168    -0.7620     1.2708
    -1.4087    -0.9995    -0.9583     0.9508
    -1.2930    -1.1731    -1.1367     0.5651
    -1.0974    -1.4014    -1.3151     0.3675
    -0.9462    -1.5200    -1.5114     0.0666
    -0.8039    -1.6204    -1.6630    -0.2155
    -0.5993    -1.8030    -1.7789    -0.5540
    -0.4570    -1.9033    -1.9127    -0.7890
    -0.2259    -1.9672    -1.9573    -1.0145
     0.0053    -1.9763    -2.0108    -1.2682
     0.2275    -2.0493    -2.0821    -1.4937
     0.4587    -2.0493    -2.1624    -1.6722
     0.6720    -2.0949    -2.1891    -1.8882
     0.8942    -2.1040    -2.2069    -2.0103
     1.1341    -2.0858    -2.1445    -2.1605
     1.3651    -2.0584    -2.1089    -2.2262
     1.6139    -2.0858    -2.0465    -2.3671
     1.7827    -1.9945    -2.0108    -2.4422
     1.9781    -1.9307    -1.8592    -2.5266
     2.1824    -1.8486    -1.7879    -2.5548
     2.2534    -1.7391    -1.6184    -2.6393
     2.3511    -1.6022    -1.5025    -2.5923
     2.4311    -1.4196    -1.3419    -2.6017
     2.3866    -1.3100    -1.1367    -2.5079
     2.4311    -1.1091    -0.9494    -2.4891
     2.3955    -0.9813    -0.7085    -2.3952
     2.3600    -0.7803    -0.5300    -2.2919
     2.3866    -0.5609    -0.2980    -2.1229
     2.3334    -0.3781    -0.0838    -2.0290
     2.2179    -0.1861     0.1840    -1.8882
     2.1024     0.0060     0.4340    -1.6628
     2.0403     0.3628     0.7108    -1.5219
     1.8981     0.5459     0.9698    -1.3058
     1.7560     0.8022     1.2199    -1.1179
     1.6672     1.0037     1.4432    -0.8642
     1.4895     1.2877     1.6933    -0.6480
     1.3918     1.4618     1.9077    -0.3660
     1.1607     1.7460     2.0775    -0.1121
     1.0097     1.9477     2.3099     0.1512
     0.8497     2.1220     2.4261     0.4240
     0.6631     2.2780     2.5422     0.8191
     0.4231     2.4248     2.6316     1.0544
     0.2098     2.5716     2.7389     1.4120
     0.0409     2.6175     2.7836     1.6756
    -0.1725     2.5900     2.7925     2.0052
    -0.3237     2.5992     2.8015     2.2595
    -0.5282     2.5625     2.7389     2.4950
    -0.6794     2.6175     2.6763     2.7399
    -0.8127     2.5900     2.5691     2.9849
    -1.0351     2.5625     2.3992     3.1734
    -1.1063     2.5441     2.2652     3.3525
    -1.2486     2.3973     2.0596     3.4656
    -1.3553     2.1679     1.8899     3.5599
    -1.4176     1.9569     1.6754     3.5693
    -1.5065     1.7827     1.4789     3.5599
    -1.5777     1.6268     1.2377     3.4939
    -1.6400     1.3702     0.9608     3.4562
    -1.6934     1.0678     0.7644     3.4468
    -1.6934     0.8846     0.4786     3.2677
    -1.7379     0.6649     0.2287     3.0415
    -1.7023     0.3903    -0.0748     2.7776
    -1.6845     0.1524    -0.3337     2.5892
    -1.6133    -0.1221    -0.5746     2.2783
    -1.5777    -0.3050    -0.7352     1.9958
    -1.4799    -0.5426    -0.9583     1.6474
    -1.3642    -0.7072    -1.1546     1.3838
    -1.3286    -0.9082    -1.3954     0.9885
    -1.2041    -1.0817    -1.5114     0.7532
    -0.9906    -1.2096    -1.6987     0.4240
    -0.8839    -1.3374    -1.8503     0.1700
    -0.6438    -1.4561    -1.9038    -0.1027
    -0.4393    -1.6113    -2.0375    -0.3754
    -0.3148    -1.6478    -2.0821    -0.6856
    -0.0658    -1.8121    -2.1891    -0.8736
     0.0586    -1.8668    -2.2159    -1.1555
     0.3164    -1.9398    -2.2159    -1.3246
     0.5831    -1.9763    -2.2292    -1.5501
     0.8053    -1.9581    -2.2426    -1.7097
     0.9741    -2.0493    -2.2426    -1.8788
     1.2763    -2.0128    -2.1980    -1.9821
     1.5073    -2.0128    -2.1267    -2.0948
     1.6761    -1.9581    -2.0108    -2.2356
     1.9159    -1.9489    -1.8324    -2.3295
     2.0580    -1.9033    -1.7611    -2.4046
     2.1557    -1.7482    -1.5738    -2.4422
     2.3334    -1.6934    -1.4757    -2.4891
     2.3334    -1.4926    -1.3330    -2.5360
     2.4044    -1.3831    -1.1813    -2.5173
     2.4044    -1.2735    -0.9761    -2.4703
     2.3866    -1.0269    -0.7620    -2.3577
     2.3689    -0.8899    -0.5300    -2.2826
     2.3511    -0.6706    -0.2980    -2.2262
     2.3334    -0.5152    -0.0927    -2.0760
     2.2712    -0.2592     0.1305    -1.9633
     2.2268    -0.1129     0.3715    -1.7567
     2.0936     0.1981     0.6126    -1.6534
     1.9603     0.4818     0.8715    -1.4185
     1.8537     0.6374     1.0859    -1.2964
     1.6938     0.9762     1.3449    -1.0333
     1.5428     1.1136     1.5325    -0.8454
     1.3740     1.4160     1.7648    -0.5446
     1.1963     1.6085     1.9792    -0.3378
     1.0541     1.8835     2.2026    -0.0369
     0.8853     2.0303     2.4082     0.2076
     0.6453     2.2413     2.5512     0.5180
     0.4498     2.4432     2.6942     0.8191
     0.2720     2.5716     2.7747     1.1579
     0.0231     2.5349     2.8730     1.4214
    -0.1369     2.5808     2.8819     1.7604
    -0.3059     2.5716     2.9356     2.0711
    -0.5371     2.6267     2.8909     2.3725
    -0.6794     2.5900     2.8819     2.5892
    -0.9195     2.5716     2.8998     2.9001
    -1.0885     2.5533     2.8462     3.0886
    -1.1774     2.5900     2.8193     3.3148
    -1.3553     2.5349     2.6316     3.4562
    -1.4265     2.3789     2.4707     3.5033
    -1.5955     2.1954     2.3099     3.5411
    -1.6578     2.0486     2.1043     3.5033
    -1.7823     1.8377     1.8541     3.4939
    -1.8446     1.6635     1.6129     3.4939
    -1.8268     1.3793     1.3896     3.5128
    -1.8980     1.1594     1.1305     3.4185
    -1.9336     0.9304     0.8983     3.2300
    -1.8802     0.7107     0.5947     2.9849
    -1.9247     0.4543     0.2733     2.7305
    -1.8891     0.1889     0.0233     2.4761
    -1.8001    -0.0123    -0.2891     2.2501
    -1.7823    -0.2775    -0.4943     1.9581
    -1.6578    -0.4787    -0.7799     1.6003
    -1.5955    -0.6706    -1.0029     1.2802
    -1.5243    -0.8990    -1.2170     0.9885
    -1.3642    -1.0361    -1.4579     0.7344
    -1.2753    -1.2735    -1.6184     0.4334
    -1.0529    -1.4014    -1.7700     0.1042
    -0.8661    -1.5200    -1.9395    -0.1779
    -0.6882    -1.6661    -2.0821    -0.4412
    -0.5104    -1.8395    -2.1535    -0.6856
    -0.2525    -1.8668    -2.2248    -0.8924
    -0.1103    -1.9581    -2.3407    -1.1837
     0.1564    -2.0584    -2.4566    -1.3434
     0.4053    -2.1040    -2.4477    -1.6252
     0.6275    -2.1040    -2.4298    -1.7661
     0.8408    -2.1496    -2.4298    -2.0103
     1.0186    -2.1496    -2.3407    -2.0854
     1.2585    -2.1496    -2.3050    -2.2826
     1.4717    -2.1314    -2.2694    -2.4515
     1.6761    -2.0766    -2.1356    -2.5642
     1.9070    -1.9307    -2.0286    -2.5736
     2.0580    -1.8759    -1.8324    -2.6487
     2.1291    -1.8121    -1.7076    -2.6768
     2.2534    -1.6387    -1.5292    -2.7613
     2.2712    -1.4653    -1.3330    -2.7331
     2.3067    -1.3192    -1.1903    -2.6768
     2.3600    -1.2005    -0.9583    -2.6017
     2.3689    -1.0635    -0.7085    -2.5173
     2.3067    -0.8442    -0.4675    -2.4797
     2.2712    -0.6249    -0.2444    -2.3201
     2.1735    -0.4147     0.0412    -2.1981
     2.1202    -0.2501     0.2822    -2.0103
     1.9870    -0.0215     0.4608    -1.8412
     1.8360     0.3262     0.7197    -1.6064
     1.7205     0.5733     0.9430    -1.4467
     1.6228     0.7656     1.2109    -1.1837
     1.4540     1.0312     1.4074    -0.9863
     1.2940     1.2236     1.5861    -0.6762
     1.1430     1.5260     1.7916    -0.4694
     0.9297     1.6543     2.0239    -0.1497
     0.7431     1.8744     2.1669     0.0854
     0.6364     2.0028     2.3635     0.4522
     0.3787     2.2596     2.4261     0.7062
     0.2009     2.3881     2.5422     1.0826
     0.0498     2.4799     2.6048     1.4120
    -0.1547     2.5258     2.6406     1.7133
    -0.3237     2.5212     2.7389     1.9864
    -0.4659     2.5166     2.7568     2.3254
    -0.6882     2.5212     2.7389     2.5515
    -0.8572     2.5258     2.6584     2.8059
    -1.0084     2.5441     2.5512     2.9472
    -1.2130     2.4523     2.4797     3.1923
    -1.3642     2.4156     2.3635     3.3525
    -1.4621     2.2596     2.2920     3.4845
    -1.5421     2.0119     2.0954     3.5316
    -1.6400     1.9111     1.9077     3.4939
    -1.7290     1.7460     1.7648     3.4845
    -1.8357     1.4710     1.5504     3.5128
    -1.8624     1.3060     1.3270     3.4091
    -1.9336     1.0861     1.1573     3.3714
    -1.9514     0.8480     0.9341     3.2394
    -1.9603     0.6191     0.6662     3.0603
    -1.9069     0.3811     0.4072     2.8530
    -1.8713     0.0426     0.1394     2.6551
    -1.8090    -0.1404    -0.1195     2.4196
    -1.7112    -0.3690    -0.3426     2.1841
    -1.7023    -0.6158    -0.5300     1.8169
    -1.5688    -0.7894    -0.7799     1.5438
    -1.4087    -0.9539    -0.9405     1.1861
    -1.3375    -1.2005    -1.1457     0.9603
    -1.1596    -1.3100    -1.3241     0.6121
    -1.0262    -1.4653    -1.5560     0.3487
    -0.8039    -1.5748    -1.6362     0.0289
    -0.6705    -1.7026    -1.7522    -0.3002
    -0.4481    -1.8303    -1.9305    -0.5446
    -0.2614    -1.9033    -1.9662    -0.7514
    -0.0836    -1.9489    -2.0465    -1.0239
     0.1475    -2.0128    -2.1356    -1.2212
     0.3609    -1.9672    -2.1624    -1.4467
     0.5653    -2.0493    -2.2337    -1.5876
     0.7786    -2.0402    -2.2337    -1.7755
     1.0186    -2.0219    -2.1713    -1.8976
     1.2940    -1.9307    -2.1445    -2.0666
     1.4628    -1.9307    -2.0910    -2.1511
     1.7382    -1.8668    -1.9930    -2.2638
     1.8626    -1.7026    -1.8681    -2.3577
     2.0314    -1.6478    -1.6987    -2.4422
     2.1824    -1.5292    -1.5560    -2.4140
     2.2534    -1.3557    -1.3865    -2.3764
     2.3067    -1.2005    -1.2259    -2.3483
     2.3245    -1.0361    -1.0118    -2.2732
     2.3067    -0.8990    -0.8602    -2.2168
     2.2978    -0.7254    -0.6282    -2.1323
     2.2978    -0.5244    -0.3961    -2.0948
     2.2268    -0.3507    -0.1195    -1.9351
     2.2179    -0.2318     0.1394    -1.8412
     2.0847     0.0609     0.3715    -1.6628
     2.0047     0.3262     0.6662    -1.5031
     1.8715     0.5550     0.9162    -1.3058
     1.7738     0.7656     1.0948    -1.1555
     1.6494     0.9945     1.3717    -0.9581
     1.4540     1.1594     1.5861    -0.7326
     1.3473     1.4985     1.8095    -0.5164
     1.1785     1.7002     2.0060    -0.2626
     0.9652     1.8377     2.1758    -0.0745
     0.7520     2.0761     2.3367     0.2076
     0.6453     2.2505     2.5154     0.4334
     0.3964     2.4615     2.5601     0.7721
     0.2720     2.5533     2.7031     1.0167
     0.0231     2.6084     2.7389     1.3932
    -0.1458     2.5992     2.8283     1.6380
    -0.3326     2.6038     2.8283     1.9393
    -0.5371     2.6084     2.7478     2.1747
    -0.6882     2.6084     2.7031     2.4761
    -0.8750     2.6084     2.6316     2.6457
    -1.0618     2.5992     2.5333     2.8813
    -1.2219     2.5900     2.4350     3.0226
    -1.3019     2.4432     2.3277     3.2300
    -1.4888     2.3606     2.1848     3.3148
    -1.5599     2.1679     1.9524     3.3902
    -1.6489     1.9294     1.8095     3.4185
    -1.7823     1.7277     1.6040     3.4562
    -1.8090     1.5443     1.3717     3.3996
    -1.8802     1.2511     1.1663     3.3242
    -1.9425     1.0312     0.9430     3.1640
    -1.9425     0.7473     0.7376     3.0038
    -1.9336     0.5001     0.5233     2.8247
    -1.9247     0.2804     0.2733     2.6363
    -1.9158     0.0334     0.0055     2.3819
    -1.8802    -0.2501    -0.1730     2.0711
    -1.8357    -0.4878    -0.4497     1.7133
    -1.7912    -0.6706    -0.6817     1.4403
    -1.6934    -0.8990    -0.8156     1.0826
    -1.5599    -1.0635    -1.0297     0.7344
    -1.3998    -1.2187    -1.1903     0.4240
    -1.3375    -1.4470    -1.3776     0.1700
    -1.1952    -1.5748    -1.4846    -0.1215
    -0.9728    -1.7300    -1.6362    -0.3566
    -0.8394    -1.8395    -1.7700    -0.6386
    -0.6171    -1.9945    -1.8949    -0.8642
    -0.3948    -2.0493    -1.9930    -1.1367
    -0.2347    -2.0493    -2.0108    -1.3152
    -0.0303    -2.1040    -2.0821    -1.5313
     0.1564    -2.2317    -2.1000    -1.6816
     0.4231    -2.1861    -2.1802    -1.8131
     0.6275    -2.2043    -2.1802    -1.9727
     0.7875    -2.2043    -2.1713    -2.0948
     1.0719    -2.2043    -2.0910    -2.2732
     1.2318    -2.1314    -1.9930    -2.3389
     1.4273    -2.0402    -1.9840    -2.4515
     1.6672    -1.9945    -1.8235    -2.5266
     1.8004    -1.8851    -1.6808    -2.5360
     1.9603    -1.7756    -1.6006    -2.5173
     2.0136    -1.6022    -1.4222    -2.5360
     2.1024    -1.5109    -1.2616    -2.5454
     2.2001    -1.2735    -1.0564    -2.5079
     2.1913    -1.1365    -0.8334    -2.3389
     2.2623    -0.8990    -0.6460    -2.2826
     2.2534    -0.6889    -0.3872    -2.1981
     2.1380    -0.5426    -0.1641    -2.0854
     2.1291    -0.2958     0.0948    -1.8882
     2.0580    -0.0306     0.3804    -1.7097
     1.9426     0.2072     0.6751    -1.5219
     1.7649     0.4360     0.8805    -1.3622
     1.6672     0.7381     1.1216    -1.1837
     1.5073     0.9854     1.4432    -0.9300
     1.3651     1.2419     1.6397    -0.6668
     1.2229     1.4435     1.8809    -0.4600
     1.0897     1.7185     2.1579    -0.1967
     0.8675     1.9111     2.3367     0.0007
     0.7608     2.1312     2.4797     0.3581
     0.5920     2.3055     2.5959     0.6968
     0.4498     2.4523     2.7568     0.9979
     0.2720     2.5258     2.8193     1.2897
     0.0853     2.5166     2.8462     1.6662
    -0.1458     2.5992     2.8462     1.9299
    -0.3148     2.5716     2.8417     2.2501
    -0.5015     2.6175     2.8372     2.5232
    -0.7238     2.6084     2.8104     2.7870
    -0.9195     2.6267     2.7836     2.9849
    -1.1063     2.5716     2.6674     3.1263
    -1.2397     2.5808     2.4707     3.3054
    -1.3820     2.5258     2.3367     3.4091
    -1.4799     2.4432     2.1401     3.4751
    -1.7023     2.3697     1.9792     3.5222
    -1.7734     2.1128     1.8005     3.5222
    -1.8001     1.9661     1.5950     3.5411
    -1.9247     1.6818     1.3181     3.4751
    -1.9514     1.5260     1.0948     3.4939
    -1.9603     1.1869     0.8448     3.3525
    -1.9959     0.9487     0.6126     3.2394
    -1.9514     0.6740     0.4340     3.0226
    -1.9603     0.4360     0.1394     2.8247
    -1.9692     0.2072    -0.0570     2.5798
    -1.8535    -0.0215    -0.3158     2.3348
    -1.8001    -0.2684    -0.4854     2.0052
    -1.8001    -0.5152    -0.7352     1.7227
    -1.6489    -0.6797    -0.9494     1.3179
    -1.5154    -0.8625    -1.1278     1.0167
    -1.4443    -1.0543    -1.3062     0.7250
    -1.2664    -1.2644    -1.4043     0.4240
    -1.1418    -1.4105    -1.5292     0.0289
    -0.9906    -1.5657    -1.6630    -0.2155
    -0.7683    -1.6569    -1.8235    -0.5070
    -0.5371    -1.8395    -1.9038    -0.7796
    -0.3414    -1.9398    -2.0286    -0.9957
    -0.1369    -2.0402    -2.0821    -1.2306
     0.0231    -2.0037    -2.1356    -1.4655
     0.3253    -2.0858    -2.1802    -1.6440
     0.4675    -2.1587    -2.1802    -1.8882
     0.7520    -2.1223    -2.1713    -2.0478
     0.9652    -2.1679    -2.2069    -2.2262
     1.2229    -2.0858    -2.1624    -2.3577
     1.4095    -2.0766    -2.0643    -2.4609
     1.6316    -2.0037    -2.0465    -2.5548
     1.8804    -1.9945    -1.9127    -2.6017
     1.9958    -1.8486    -1.7968    -2.6862
     2.1646    -1.8212    -1.7076    -2.7425
     2.2534    -1.7026    -1.5560    -2.7238
     2.3334    -1.5018    -1.4043    -2.6393
     2.3067    -1.4014    -1.1546    -2.5923
     2.4044    -1.2187    -0.9672    -2.5454
     2.3955    -1.0452    -0.7352    -2.4891
     2.3600    -0.9173    -0.4854    -2.3671
     2.3689    -0.7072    -0.2980    -2.2450
     2.3067    -0.5518     0.0055    -2.1042
     2.3245    -0.2684     0.3001    -1.9351
     2.2268    -0.0489     0.5858    -1.7661
     2.0669     0.2530     0.8269    -1.5782
     1.9870     0.4452     1.0680    -1.3716
     1.8271     0.6832     1.3806    -1.1367
     1.6849     0.9030     1.6397    -0.9206
     1.5161     1.1594     1.8541    -0.6856
     1.3473     1.4527     2.0507    -0.4600
     1.1519     1.6176     2.2920    -0.1497
     0.9386     1.8102     2.4350     0.0854
     0.7697     2.0119     2.5780     0.4146
     0.6720     2.2596     2.6942     0.7344
     0.4764     2.4248     2.7300     1.0449
     0.2720     2.4890     2.8104     1.3367
     0.0764     2.5258     2.8640     1.7039
    -0.0747     2.5625     2.8819     1.9393
    -0.3326     2.5258     2.8730     2.2877
    -0.5015     2.5349     2.8372     2.4950
    -0.6171     2.5166     2.7478     2.7588
    -0.8394     2.5258     2.6316     2.9661
    -1.0262     2.4799     2.4618     3.1452
    -1.1418     2.4156     2.2920     3.3525
    -1.3197     2.2321     2.1133     3.4656
    -1.4443     2.1495     1.9524     3.5033
    -1.5332     1.8927     1.7827     3.5411
    -1.6756     1.7827     1.5861     3.4939
    -1.8001     1.6085     1.3717     3.5033
    -1.7912     1.3977     1.1037     3.4751
    -1.8802     1.1045     0.8715     3.4656
    -1.8980     0.9213     0.6751     3.3148
    -1.8535     0.7290     0.3894     3.0980
    -1.8802     0.4543     0.1483     2.8530
    -1.8446     0.2438    -0.0302     2.6457
    -1.8446    -0.0398    -0.2534     2.3443
    -1.7734    -0.2592    -0.4586     2.0523
    -1.6934    -0.4695    -0.6460     1.6850
    -1.5866    -0.6980    -0.8602     1.4026
    -1.4710    -0.9173    -1.0475     1.0638
    -1.3820    -1.0817    -1.2259     0.7721
    -1.2308    -1.2644    -1.3776     0.4146
    -1.0707    -1.4379    -1.4489     0.1418
    -0.9106    -1.5565    -1.6184    -0.1685
    -0.7149    -1.6752    -1.7433    -0.4412
    -0.5726    -1.7391    -1.7789    -0.7044
    -0.3859    -1.8759    -1.9127    -0.9394
    -0.1903    -1.9672    -1.9305    -1.1649
     0.0231    -2.0219    -1.9930    -1.3340
     0.2631    -2.0128    -2.0554    -1.5970
     0.4942    -2.0675    -2.0732    -1.7849
     0.6897    -2.0766    -2.1000    -1.9257
     0.9652    -2.0675    -2.1178    -2.1229
     1.1519    -2.0584    -2.1624    -2.3013
     1.3918    -2.0310    -2.0732    -2.4515
     1.6672    -2.0128    -2.0108    -2.4985
     1.7915    -1.9763    -1.9395    -2.6299
     2.0136    -1.8303    -1.7254    -2.6768
     2.1380    -1.7300    -1.6452    -2.7144
     2.2623    -1.6204    -1.5292    -2.7050
     2.3156    -1.4835    -1.3954    -2.6487
     2.3511    -1.3374    -1.1992    -2.6111
     2.3334    -1.2279    -0.9583    -2.6299
     2.3334    -1.0726    -0.7620    -2.5548
     2.3334    -0.9356    -0.5211    -2.4422
     2.3334    -0.6889    -0.3069    -2.3483
     2.3067    -0.5152    -0.0748    -2.1605
     2.3156    -0.3690     0.1572    -2.0572
     2.1468    -0.0763     0.3983    -1.8037
     2.0669     0.1066     0.6662    -1.6722
     1.9692     0.3811     0.9430    -1.4467
     1.7827     0.6466     1.1752    -1.2212
     1.6938     0.8755     1.4968    -0.9394
     1.4806     1.0587     1.6665    -0.7044
     1.3740     1.3060     1.8988    -0.4788
     1.1874     1.4985     2.0954    -0.2250
     1.0186     1.6727     2.3009     0.0571
     0.7697     1.9386     2.4261     0.3863
     0.6809     2.0395     2.5601     0.7250
     0.5031     2.1862     2.6495     1.0167
     0.3253     2.4523     2.6763     1.2897
     0.1031     2.4799     2.7031     1.6380
    -0.0303     2.5808     2.6853     1.8451
    -0.2347     2.5992     2.6316     2.1465
    -0.3770     2.5349     2.5333     2.4196
    -0.5993     2.5716     2.4261     2.6080
    -0.7416     2.5166     2.3099     2.8530
    -0.8661     2.5441     2.1937     3.0415
    -1.0618     2.4982     2.0239     3.2865
    -1.1685     2.3147     1.8184     3.4185
    -1.2930     2.1771     1.6754     3.5128
    -1.4176     1.9844     1.5146     3.5222
    -1.5243     1.8010     1.2824     3.5128
    -1.5243     1.6176     1.1037     3.5411
    -1.5866     1.3518     0.9073     3.4845
    -1.6756     1.1503     0.6215     3.4562
    -1.6400     0.8572     0.3715     3.4091
    -1.6444     0.7107     0.1840     3.1923
    -1.6489     0.4360    -0.0034     3.0321
    -1.6311     0.2164    -0.2712     2.7965
    -1.5955     0.0426    -0.4408     2.4761
    -1.5421    -0.2318    -0.6014     2.1935
    -1.4087    -0.4055    -0.7977     1.8357
    -1.3197    -0.5518    -0.9940     1.5344
    -1.2219    -0.7894    -1.1903     1.1579
    -1.1063    -1.0178    -1.3151     0.8567
    -0.9550    -1.1822    -1.4668     0.5933
    -0.8216    -1.3192    -1.5916     0.2829
    -0.6171    -1.4379    -1.7433    -0.0463
    -0.4748    -1.5657    -1.8681    -0.3284
    -0.2436    -1.7208    -1.9395    -0.5634
    -0.1192    -1.7573    -1.9930    -0.7984
     0.0586    -1.8395    -2.0821    -1.0521
     0.3164    -1.9216    -2.1535    -1.2400
     0.5031    -2.0219    -2.1624    -1.4749
     0.6809    -2.0766    -2.2159    -1.6534
     0.9564    -2.0402    -2.2159    -1.8882
     1.1430    -2.0310    -2.1802    -1.9633
     1.4095    -2.0219    -2.2069    -2.1323
     1.6050    -1.9854    -2.1089    -2.2638
     1.8093    -1.9581    -2.0019    -2.3858
     1.9603    -1.9033    -1.9573    -2.4703
     2.1380    -1.8577    -1.8057    -2.5548
     2.2090    -1.7300    -1.6898    -2.6299
     2.3067    -1.5839    -1.5738    -2.6111
     2.3689    -1.4653    -1.4311    -2.6299
     2.3866    -1.3100    -1.2349    -2.5736
     2.3245    -1.2279    -1.0386    -2.5736
     2.3245    -1.0543    -0.7620    -2.5266
     2.3334    -0.8351    -0.5746    -2.4328
     2.2712    -0.7163    -0.3337    -2.2919
     2.2090    -0.5061    -0.1016    -2.1699
     2.1557    -0.2227     0.1930    -2.0760
     1.9781    -0.0032     0.5054    -1.8788
     1.8093     0.2347     0.7108    -1.6910
     1.6316     0.4909     0.9519    -1.4937
     1.5250     0.6923     1.2109    -1.2494
     1.3296     0.9304     1.4521    -1.0239
     1.1341     1.1961     1.7022    -0.7608
     1.0008     1.3793     1.9345    -0.4506
     0.7697     1.6360     2.1401    -0.1497
     0.6453     1.8377     2.2562     0.1136
     0.4675     1.9844     2.4350     0.4051
     0.2542     2.1220     2.5154     0.7062
     0.0409     2.2596     2.5959     1.0544
    -0.0747     2.4523     2.6316     1.4120
    -0.3414     2.5258     2.6495     1.6756
    -0.5015     2.5212     2.6227     1.9864
    -0.6438     2.5166     2.5601     2.2312
    -0.8661     2.5258     2.5512     2.5138
    -0.9817     2.5992     2.4439     2.7117
    -1.1507     2.5992     2.3367     2.9284
    -1.3464     2.5808     2.2026     3.0886
    -1.4621     2.5533     2.0775     3.2771
    -1.5866     2.3789     1.9077     3.4374
    -1.6400     2.2963     1.7290     3.4845
    -1.7468     2.0853     1.5057     3.5316
    -1.8268     1.8560     1.2913     3.5505
    -1.8713     1.6176     1.1127     3.5128
    -1.9247     1.4252     0.9430     3.5505
    -1.9603     1.1686     0.7019     3.4751
    -1.9781     1.0129     0.4786     3.4656
    -1.9647     0.7107     0.2733     3.2960
    -1.9514     0.5550     0.0501     3.1169
    -1.9158     0.2988    -0.1909     2.8813
    -1.9069     0.0151    -0.3605     2.6269
    -1.8268    -0.1769    -0.5389     2.2972
    -1.7290    -0.4055    -0.7352     1.9958
    -1.6934    -0.5975    -0.9494     1.6474
    -1.5332    -0.7528    -1.0832     1.2802
    -1.3464    -0.9447    -1.2795     0.9885
    -1.2486    -1.1183    -1.4400     0.6403
    -1.0796    -1.2644    -1.5560     0.3581
    -0.8483    -1.3648    -1.6987    -0.0181
    -0.6971    -1.5292    -1.8057    -0.2532
    -0.4748    -1.6569    -1.9216    -0.5728
    -0.2525    -1.6661    -2.0019    -0.7796
    -0.1103    -1.7482    -2.0643    -1.0803
     0.1298    -1.8486    -2.0732    -1.3152
     0.3520    -1.8942    -2.1624    -1.5407
     0.5387    -1.9307    -2.1891    -1.7191
     0.7964    -1.9489    -2.1535    -1.8976
     0.9830    -1.9307    -2.1445    -2.0384
     1.2407    -1.9216    -2.0821    -2.1793
     1.4362    -1.9398    -2.0732    -2.2919
     1.6938    -1.8395    -1.9840    -2.3483
     1.8626    -1.8395    -1.8146    -2.4797
     2.0136    -1.7665    -1.7254    -2.5266
     2.1557    -1.6204    -1.5738    -2.6205
     2.1913    -1.5657    -1.4043    -2.5830
     2.2890    -1.4835    -1.2527    -2.5923
     2.3422    -1.3374    -1.1100    -2.5923
     2.3156    -1.1183    -0.8602    -2.5173
     2.3778    -1.0269    -0.6639    -2.4422
     2.3689    -0.8808    -0.4051    -2.3671
     2.2890    -0.6249    -0.2087    -2.3013
     2.2623    -0.4512     0.0680    -2.1605
     2.2090    -0.2684     0.3626    -2.0478
     2.0491    -0.0215     0.5858    -1.8600
     1.9248     0.2438     0.8180    -1.7191
     1.8093     0.5459     1.0502    -1.4937
     1.5783     0.7290     1.3181    -1.2776
     1.4540     0.9671     1.6218    -1.0051
     1.2940     1.2419     1.8095    -0.7326
     1.1163     1.4527     2.0150    -0.5164
     0.9297     1.6176     2.1758    -0.2344
     0.7431     1.8652     2.3456     0.0666
     0.6275     1.9753     2.4886     0.3769
     0.4142     2.1771     2.6227     0.7250
     0.2275     2.3422     2.6763     1.0920
     0.0498     2.4707     2.7478     1.4308
    -0.1369     2.4707     2.7389     1.7604
    -0.3326     2.5074     2.7568     2.0334
    -0.4570     2.5258     2.6942     2.3066
    -0.6438     2.5441     2.6316     2.5798
    -0.8305     2.5716     2.5959     2.8624
    -1.0173     2.5533     2.4886     3.0509
    -1.1596     2.5166     2.3903     3.2583
    -1.3197     2.3697     2.1758     3.3996
    -1.4532     2.2963     2.0507     3.4939
    -1.5866     2.1312     1.8541     3.5316
    -1.6845     1.9753     1.6218     3.5693
    -1.7912     1.7460     1.4342     3.5505
    -1.8535     1.5351     1.2377     3.5222
    -1.8446     1.3610     0.9966     3.5505
    -1.9069     1.1411     0.8269     3.5693
    -1.9069     0.8663     0.5679     3.4845
    -1.9069     0.6557     0.3001     3.3808
    -1.8624     0.3994     0.0680     3.2206
    -1.8179     0.1615    -0.1195     2.9755
    -1.7823    -0.0946    -0.3694     2.7117
    -1.7201    -0.3050    -0.6014     2.3537
    -1.6578    -0.4969    -0.7531     2.0523
    -1.4976    -0.6432    -0.9494     1.6756
    -1.4354    -0.7803    -1.1367     1.3932
    -1.3108    -0.9630    -1.2973     1.0449
    -1.0885    -1.1091    -1.4579     0.7909
    -0.9462    -1.2827    -1.6273     0.4616
    -0.8039    -1.3466    -1.7165     0.0948
    -0.5460    -1.5292    -1.8324    -0.2155
    -0.4393    -1.5474    -1.9930    -0.4506
    -0.2081    -1.6296    -2.0197    -0.7514
     0.0231    -1.7573    -2.1089    -0.9675
     0.1920    -1.8212    -2.1445    -1.2212
     0.4142    -1.8121    -2.1891    -1.4561
     0.6098    -1.8759    -2.2159    -1.6722
     0.8142    -1.8577    -2.2248    -1.8318
     1.1074    -1.8577    -2.2069    -1.9539
     1.3384    -1.7756    -2.1624    -2.1229
     1.5428    -1.7573    -2.1000    -2.2168
     1.7560    -1.6934    -1.9662    -2.3483
     1.9870    -1.6478    -1.8681    -2.4140
     2.1024    -1.5565    -1.7165    -2.5548
     2.2623    -1.5109    -1.5471    -2.6017
     2.3778    -1.4105    -1.4579    -2.6017
     2.3422    -1.2827    -1.2884    -2.6393
     2.3778    -1.1913    -1.0832    -2.6205
     2.3778    -0.9904    -0.8959    -2.5830
     2.3600    -0.9082    -0.6549    -2.4985
     2.3778    -0.6889    -0.4229    -2.4985
     2.4044    -0.5335    -0.1641    -2.3389
     2.3245    -0.3415     0.0948    -2.2919
     2.3067    -0.1038     0.3447    -2.1042
     2.1468     0.1706     0.5590    -1.9633
     2.0758     0.3354     0.8358    -1.8224
     1.8537     0.6283     1.0859    -1.5970
     1.7382     0.7839     1.2824    -1.3810
     1.5428     0.9762     1.5414    -1.1649
     1.3473     1.2602     1.7916    -0.8548
     1.1252     1.4435     1.9882    -0.6574
     0.9652     1.6268     2.2026    -0.3378
     0.8053     1.8469     2.3456    -0.0745
     0.6275     1.9019     2.4797     0.1982
     0.3964     2.0761     2.6406     0.6027
     0.2098     2.1587     2.6853     0.9132
     0.0231     2.3055     2.7836     1.2332
    -0.0925     2.3239     2.7836     1.5344
    -0.2881     2.4156     2.8015     1.8734
    -0.4659     2.4799     2.8104     2.1276
    -0.6438     2.4707     2.7836     2.3631
    -0.8483     2.4523     2.6495     2.6457
    -1.0084     2.3055     2.5959     2.8342
    -1.1863     2.2413     2.4886     3.0509
    -1.3998     2.1679     2.2920     3.2017
    -1.5332     1.9844     2.1311     3.3242
    -1.6756     1.8285     1.8720     3.4185
    -1.7112     1.7185     1.7112     3.4562
    -1.8535     1.4985     1.4789     3.5411
    -1.8891     1.2144     1.2556     3.5128
    -1.9870     1.0678     1.0680     3.4751
    -2.0226     0.8297     0.8269     3.4185
    -2.0582     0.6283     0.6215     3.3525
    -1.9870     0.3537     0.3358     3.2017
    -1.9870     0.1249     0.1305     2.9849
    -1.9425    -0.1221    -0.1105     2.7682
    -1.9336    -0.3324    -0.3069     2.5138
    -1.9069    -0.5335    -0.5300     2.2030
    -1.7645    -0.6523    -0.6906     1.9393
    -1.6934    -0.8168    -0.9048     1.5815
    -1.5955    -0.9904    -1.0654     1.2708
    -1.4354    -1.1091    -1.1724     0.9320
    -1.2842    -1.2461    -1.3241     0.6497
    -1.1151    -1.4014    -1.4935     0.3393
    -0.9817    -1.4744    -1.6006    -0.0181
    -0.7238    -1.5931    -1.6541    -0.2626
    -0.5637    -1.6569    -1.7433    -0.5728
    -0.2970    -1.7665    -1.8057    -0.8078
    -0.1458    -1.8030    -1.9216    -1.0051
     0.1031    -1.8942    -1.9573    -1.2870
     0.2987    -1.9033    -1.9662    -1.4749
     0.5387    -1.8486    -1.9662    -1.6910
     0.7164    -1.9033    -1.9840    -1.8694
     0.9030    -1.8851    -1.9127    -2.0197
     1.1696    -1.8121    -1.8681    -2.1042
     1.3207    -1.7391    -1.7968    -2.2544
     1.5606    -1.7117    -1.6808    -2.3201
     1.7827    -1.6387    -1.5916    -2.4234
     1.9337    -1.5200    -1.4579    -2.4515
     2.1380    -1.4379    -1.2795    -2.5360
     2.2712    -1.3374    -1.1457    -2.5642
     2.3334    -1.2644    -1.0118    -2.5266
     2.3866    -1.0726    -0.8869    -2.4985
     2.4044    -0.9173    -0.6371    -2.4703
     2.3778    -0.7711    -0.4408    -2.4140
     2.3644    -0.6523    -0.1462    -2.3764
     2.3511    -0.4787     0.0412    -2.3389
     2.2801    -0.2501     0.3358    -2.1981
     2.2090    -0.0398     0.5679    -2.0760
     2.1024     0.1524     0.8001    -1.8976
     1.9337     0.4726     1.0680    -1.8037
     1.8004     0.7015     1.2913    -1.6064
     1.6405     0.9304     1.5772    -1.3810
     1.5428     1.0861     1.8005    -1.1743
     1.3651     1.3335     2.0775    -0.9112
     1.1252     1.5901     2.2652    -0.5916
     0.9386     1.7185     2.4261    -0.3472
     0.8319     1.9202     2.5691    -0.0745
     0.6098     1.9936     2.6763     0.2452
     0.4231     2.0945     2.8015     0.5651
     0.2631     2.2505     2.8998     0.9226
     0.1120     2.3055     2.8640     1.2614
    -0.1014     2.4523     2.8730     1.6285
    -0.2259     2.4982     2.8909     1.8922
    -0.4748     2.4615     2.8730     2.2501
    -0.6705     2.4707     2.7657     2.4950
    -0.7772     2.4707     2.6942     2.7588
    -1.0084     2.4707     2.5601     2.9472
    -1.1240     2.3881     2.3456     3.1546
    -1.3375     2.3147     2.1669     3.3525
    -1.4087     2.2229     1.9971     3.4185
    -1.5688     2.0395     1.7827     3.4845
    -1.6845     1.8652     1.6040     3.4939
    -1.7290     1.5993     1.3717     3.5788
    -1.8268     1.3518     1.2109     3.5316
    -1.8713     1.0770     0.9251     3.5411
    -1.8891     0.8297     0.7555     3.5222
    -1.9069     0.5642     0.5233     3.4656
    -1.9425     0.3811     0.2912     3.3337
    -1.9069     0.1524     0.0323     3.0980
    -1.9069    -0.1495    -0.1730     2.9378
    -1.8001    -0.2775    -0.3515     2.6646
    -1.7468    -0.4604    -0.5657     2.3819
    -1.7112    -0.6980    -0.7352     2.0711
    -1.5599    -0.7985    -0.9137     1.7509
    -1.4443    -0.9447    -1.1367     1.4403
    -1.3464    -1.1365    -1.2438     1.1014
    -1.1685    -1.2644    -1.4222     0.8285
    -1.0262    -1.4014    -1.5827     0.4804
    -0.8039    -1.4926    -1.6808     0.1418
    -0.5904    -1.5200    -1.7611    -0.1779
    -0.4215    -1.5931    -1.8770    -0.4224
    -0.1814    -1.6752    -1.9930    -0.6480
    -0.0036    -1.7117    -2.0554    -0.9300
     0.2364    -1.7665    -2.0465    -1.1555
     0.4587    -1.7573    -2.1178    -1.3528
     0.7253    -1.7482    -2.1445    -1.5219
     0.9208    -1.7208    -2.1624    -1.7191
     1.1074    -1.7163    -2.1713    -1.8131
     1.3207    -1.7117    -2.1178    -1.9351
     1.5961    -1.6387    -2.0286    -2.0666
     1.7738    -1.6022    -1.9305    -2.2074
     2.0314    -1.6204    -1.7700    -2.2450
     2.1646    -1.4653    -1.6095    -2.3483
     2.3866    -1.4196    -1.4846    -2.3671
     2.4488    -1.2918    -1.3151    -2.3764
     2.4222    -1.1000    -1.2349    -2.3671
     2.4666    -0.9995    -1.0832    -2.3483
     2.4311    -0.8442    -0.8066    -2.2919
     2.4222    -0.6249    -0.5836    -2.3201
     2.4577    -0.5244    -0.3515    -2.2168
     2.4666    -0.3324    -0.0659    -2.1605
     2.4133    -0.0763     0.1215    -2.0854
     2.4222     0.1524     0.3983    -1.9915
     2.3511     0.4452     0.6751    -1.8224
     2.2712     0.6923     0.8715    -1.6816
     2.2001     0.8388     1.1216    -1.5595
     2.0047     1.1228     1.3628    -1.2964
     1.8360     1.3518     1.5772    -1.0897
     1.6672     1.5351     1.7916    -0.8454
     1.4273     1.6635     2.0150    -0.6386
     1.2407     1.8194     2.1401    -0.3660
     1.0897     2.0119     2.3367    -0.0557
     0.8497     2.0670     2.4529     0.2452
     0.6897     2.1862     2.5065     0.6027
     0.5031     2.2963     2.5959     0.8850
     0.3431     2.3422     2.6048     1.2426
     0.1386     2.4064     2.5691     1.6285
    -0.0658     2.4432     2.5691     1.9204
    -0.2347     2.4799     2.5691     2.1653
    -0.4926     2.4982     2.4707     2.4385
    -0.6349     2.4432     2.3992     2.6457
    -0.8394     2.4340     2.2831     2.8342
    -1.0351     2.2688     2.1490     2.9755
    -1.2308     2.1587     2.0686     3.1075
    -1.3464     2.0211     1.8541     3.2677
    -1.5243     1.9019     1.6576     3.3337
    -1.6222     1.6910     1.4432     3.3525
    -1.6845     1.3793     1.2377     3.3714
    -1.8090     1.1961     1.0234     3.3761
    -1.8357     0.8663     0.8358     3.3808
    -1.8624     0.6649     0.5947     3.3525
    -1.9425     0.4269     0.3626     3.1829
    -1.9158     0.1432     0.1305     3.0603
    -1.8891    -0.0489    -0.1105     2.8624
    -1.9336    -0.3232    -0.3069     2.7022
    -1.8357    -0.4512    -0.5122     2.4290
    -1.7912    -0.6797    -0.7174     2.1935
    -1.7379    -0.8351    -0.9405     1.8545
    -1.6667    -1.0178    -1.1457     1.4873
    -1.5243    -1.1000    -1.2527     1.1485
    -1.3642    -1.2370    -1.4489     0.8379
    -1.2753    -1.3922    -1.5649     0.5557
    -1.0618    -1.5109    -1.6719     0.2076
    -0.8928    -1.5200    -1.7433    -0.0369
    -0.6705    -1.6569    -1.8324    -0.3378
    -0.4304    -1.7482    -1.9127    -0.5728
    -0.2525    -1.7482    -1.9662    -0.8642
    -0.0214    -1.8212    -2.0197    -1.0333
     0.2187    -1.8942    -2.0910    -1.2964
     0.4320    -1.8577    -2.1178    -1.4843
     0.5920    -1.8668    -2.1535    -1.6252
     0.8231    -1.8759    -2.1267    -1.7943
     0.9830    -1.9124    -2.0732    -1.9633
     1.2052    -1.8577    -2.0732    -2.0948
     1.4895    -1.7938    -1.9751    -2.1229
     1.6672    -1.6752    -1.8681    -2.2826
     1.8893    -1.5839    -1.7700    -2.3013
     2.1468    -1.5657    -1.6095    -2.4140
     2.2445    -1.3922    -1.4400    -2.4140
     2.3511    -1.3009    -1.3687    -2.4234
     2.4222    -1.1274    -1.2170    -2.4797
     2.3866    -0.9995    -0.9761    -2.4422
     2.4488    -0.7711    -0.7442    -2.3671
     2.4222    -0.6249    -0.5657    -2.3483
     2.4311    -0.4969    -0.3426    -2.3671
     2.3866    -0.3324    -0.1284    -2.2826
     2.3511    -0.1312     0.1572    -2.1887
     2.2890     0.1706     0.3715    -2.0760
     2.1380     0.4360     0.6840    -1.9445
     1.9958     0.6466     0.8715    -1.7943
     1.9159     0.8388     1.1931    -1.5782
     1.7294     1.0220     1.4253    -1.4092
     1.6050     1.1869     1.6754    -1.1649
     1.4184     1.4893     1.8541    -0.9394
     1.2141     1.6360     2.1043    -0.6762
     1.0897     1.8102     2.2205    -0.4130
     0.8586     1.8652     2.4082    -0.1215
     0.6986     1.9661     2.6048     0.1888
     0.5742     2.0395     2.6942     0.4992
     0.3431     2.2321     2.8104     0.8097
     0.1120     2.3147     2.8104     1.1296
    -0.0303     2.3330     2.8193     1.4873
    -0.2347     2.3697     2.8730     1.7886
    -0.4304     2.4799     2.7747     2.0052
    -0.5904     2.4707     2.7031     2.2501
    -0.7683     2.4615     2.6138     2.5232
    -0.9906     2.4248     2.5244     2.7022
    -1.1151     2.2780     2.4171     2.8719
    -1.2842     2.2046     2.2205     3.0226
    -1.4532     2.0395     1.9971     3.2017
    -1.5688     1.8469     1.7827     3.2960
    -1.6756     1.6818     1.5593     3.3714
    -1.7556     1.3885     1.3806     3.4939
    -1.8535     1.1686     1.2199     3.4845
    -1.9692     0.9487     0.9608     3.4562
    -2.0137     0.7015     0.8001     3.3996
    -1.9959     0.3994     0.5679     3.2771
    -2.0137     0.1341     0.3179     3.1169
    -2.0048    -0.0946     0.0412     2.9284
    -1.9870    -0.2867    -0.1462     2.7399
    -1.9959    -0.4421    -0.3694     2.4667
    -1.9603    -0.6432    -0.5389     2.2030
    -1.8268    -0.8077    -0.7442     1.9204
    -1.7379    -0.9447    -0.8869     1.6097
    -1.6756    -1.1000    -1.0564     1.3273
    -1.5154    -1.2735    -1.2349     0.9791
    -1.3286    -1.3740    -1.3508     0.7344
    -1.1685    -1.5018    -1.5203     0.4240
    -0.9995    -1.5383    -1.6006     0.0948
    -0.7594    -1.6752    -1.7254    -0.2061
    -0.5637    -1.7482    -1.8057    -0.4506
    -0.3237    -1.7391    -1.9216    -0.7044
    -0.1014    -1.7665    -1.9484    -0.9394
     0.1209    -1.8030    -2.0465    -1.1085
     0.3520    -1.8212    -2.0821    -1.3246
     0.5742    -1.8577    -2.1000    -1.5031
     0.7431    -1.8303    -2.1178    -1.6816
     0.9119    -1.7391    -2.1356    -1.8788
     1.2229    -1.7665    -2.0375    -1.9915
     1.3918    -1.6478    -1.9662    -2.0854
     1.6938    -1.6204    -1.8503    -2.1887
     1.8981    -1.5383    -1.7076    -2.2262
     2.1202    -1.4470    -1.6184    -2.2638
     2.2268    -1.3283    -1.4757    -2.3107
     2.4222    -1.1731    -1.3597    -2.3107
     2.4311    -1.0452    -1.2349    -2.3389
     2.4044    -0.8899    -1.0386    -2.3671
     2.4177    -0.6889    -0.7888    -2.3295
     2.4311    -0.5335    -0.5836    -2.3201
     2.4044    -0.4695    -0.3605    -2.2544
     2.4133    -0.2318    -0.1641    -2.2074
     2.4399     0.0243     0.0591    -2.0854
     2.3689     0.2530     0.3804    -1.9539
     2.3067     0.5184     0.6126    -1.7755
     2.1557     0.6923     0.8805    -1.6534
     2.0936     0.9304     1.1127    -1.4655
     1.9248     1.1594     1.3717    -1.2588
     1.7649     1.3152     1.6129    -1.1085
     1.5961     1.5901     1.8541    -0.8830
     1.3829     1.7552     2.0328    -0.6104
     1.2585     1.9111     2.2473    -0.3284
     1.0363     2.0395     2.4261    -0.0933
     0.9119     2.1587     2.5065     0.2452
     0.7520     2.2505     2.6316     0.5651
     0.5653     2.2413     2.6942     0.8661
     0.3075     2.3789     2.7478     1.3085
     0.1475     2.4156     2.7747     1.5626
    -0.1103     2.5074     2.7568     1.9110
    -0.2881     2.5349     2.6942     2.1935
    -0.4926     2.5349     2.6406     2.4479
    -0.7238     2.4799     2.5601     2.5986
    -0.9106     2.4707     2.4707     2.8624
    -1.0974     2.4064     2.3277     3.0415
    -1.2753     2.2872     2.1222     3.1829
    -1.3909     2.1312     1.9882     3.3242
    -1.5332     1.8560     1.7916     3.3619
    -1.6311     1.7093     1.5504     3.4939
    -1.7912     1.3702     1.3717     3.4845
    -1.8446     1.1869     1.1573     3.4751
    -1.9158     0.8846     0.9251     3.4656
    -1.9692     0.7015     0.6929     3.4091
    -2.0760     0.4543     0.5054     3.3337
    -2.0760     0.1524     0.2287     3.1923
    -2.0671    -0.0855     0.0591     2.9849
    -2.0582    -0.2410    -0.1552     2.7494
    -2.0493    -0.5152    -0.3694     2.4573
    -2.0404    -0.6432    -0.5657     2.1841
    -2.0048    -0.8168    -0.7263     1.9204
    -1.8624    -1.0269    -0.9048     1.5815
    -1.8090    -1.1365    -1.0921     1.2238
    -1.6400    -1.2553    -1.2616     0.9320
    -1.4621    -1.4287    -1.4133     0.6497
    -1.3642    -1.5018    -1.5114     0.3017
    -1.1863    -1.6113    -1.6184     0.0289
    -0.9550    -1.6661    -1.7076    -0.2532
    -0.8039    -1.7665    -1.8770    -0.4694
    -0.5637    -1.8212    -1.8859    -0.7420
    -0.2970    -1.8577    -1.9395    -0.9675
    -0.0658    -1.8851    -2.0465    -1.1649
     0.1386    -1.9033    -2.0821    -1.3810
     0.3164    -1.8668    -2.1089    -1.6064
     0.5920    -1.8303    -2.1624    -1.7473
     0.7697    -1.8486    -2.1445    -1.8788
     1.0452    -1.7573    -2.0554    -2.0384
     1.3118    -1.7026    -2.0375    -2.1511
     1.4984    -1.6934    -1.9484    -2.2262
     1.7915    -1.6387    -1.8235    -2.3389
     1.9692    -1.5292    -1.6541    -2.3952
     2.1557    -1.4379    -1.5471    -2.4140
     2.3067    -1.3100    -1.4489    -2.4515
     2.3955    -1.1365    -1.2527    -2.4609
     2.3955    -0.9904    -1.1100    -2.4609
     2.4577    -0.8442    -0.8959    -2.4703
     2.4133    -0.7346    -0.6549    -2.4234
     2.3955    -0.5335    -0.4408    -2.3764
     2.4577    -0.3232    -0.2087    -2.3201
     2.3511    -0.1861     0.0412    -2.2262
     2.3156     0.1158     0.3090    -2.1229
     2.2890     0.2896     0.5858    -1.9539
     2.1468     0.5459     0.8626    -1.8318
     1.9781     0.8022     1.1216    -1.6534
     1.8537     1.0129     1.4074    -1.4092
     1.7827     1.1869     1.5950    -1.2306
     1.5783     1.4435     1.8095    -0.9300
     1.4628     1.5718     2.0328    -0.7232
     1.2763     1.7552     2.2831    -0.4506
     1.1785     1.8835     2.4350    -0.1403
     0.9919     1.9936     2.5244     0.1606
     0.8497     2.1312     2.6406     0.4428
     0.6275     2.1771     2.7210     0.7909
     0.4409     2.2596     2.7389     1.1296
     0.2809     2.3147     2.7478     1.4120
     0.0320     2.4064     2.7389     1.7604
    -0.1192     2.3789     2.7657     2.0146
    -0.3148     2.4340     2.6584     2.3066
    -0.5549     2.4064     2.6048     2.5044
    -0.7505     2.3239     2.4976     2.7305
    -0.8750     2.3147     2.3814     2.9472
    -1.0440     2.1495     2.2384     3.1075
    -1.2219     2.0486     2.0596     3.3148
    -1.3731     1.8744     1.8899     3.3902
    -1.4354     1.6452     1.6844     3.4845
    -1.5866     1.4435     1.4878     3.4845
    -1.6489     1.1411     1.3360     3.4939
    -1.7023     0.9854     1.0502     3.4939
    -1.7556     0.7381     0.8358     3.4091
    -1.8268     0.4452     0.6394     3.3808
    -1.8802     0.2621     0.3894     3.1829
    -1.8713    -0.0306     0.1394     3.0415
    -1.9158    -0.2135    -0.1016     2.8153
    -1.8713    -0.3872    -0.2980     2.6080
    -1.8179    -0.6249    -0.5122     2.3066
    -1.7823    -0.8077    -0.6728     2.0429
    -1.7201    -0.8808    -0.8780     1.6850
    -1.5955    -1.0361    -1.0118     1.3838
    -1.5065    -1.1913    -1.2616     1.0826
    -1.3909    -1.3466    -1.3151     0.8003
    -1.2130    -1.4470    -1.4846     0.5086
    -1.0262    -1.5200    -1.6452     0.1418
    -0.8572    -1.6478    -1.6987    -0.1309
    -0.6527    -1.6569    -1.8235    -0.3848
    -0.4659    -1.6569    -1.8770    -0.6386
    -0.2081    -1.7391    -1.9751    -0.8454
    -0.0747    -1.7482    -2.0465    -1.1461
     0.1564    -1.7619    -2.0732    -1.3434
     0.3342    -1.7756    -2.1000    -1.5688
     0.5475    -1.7482    -2.1267    -1.7003
     0.7608    -1.7300    -2.0554    -1.8506
     0.9208    -1.7482    -2.0375    -1.9539
     1.1607    -1.6661    -2.0019    -2.0760
     1.3918    -1.5565    -1.8859    -2.1887
     1.6139    -1.6022    -1.7789    -2.3201
     1.8271    -1.4744    -1.6719    -2.3295
     2.0225    -1.3466    -1.5203    -2.3671
     2.1024    -1.1913    -1.4043    -2.4140
     2.2179    -1.0452    -1.2349    -2.3858
     2.3245    -0.9447    -1.0297    -2.3764
     2.3067    -0.7803    -0.8334    -2.3389
     2.3067    -0.5792    -0.6282    -2.3201
     2.3334    -0.4695    -0.3783    -2.2826
     2.3156    -0.2958    -0.1462    -2.1417
     2.2357    -0.0398     0.1126    -2.0760
     2.1646     0.1889     0.3983    -1.9257
     2.0936     0.4177     0.6304    -1.7943
     1.9958     0.6008     0.8894    -1.6440
     1.8893     0.8572     1.1395    -1.5407
     1.7116     1.0861     1.3628    -1.2964
     1.6405     1.2877     1.6218    -1.0897
     1.5073     1.4343     1.8988    -0.8830
     1.3740     1.6910     2.1311    -0.6292
     1.1696     1.7643     2.3277    -0.3848
     1.0719     1.9844     2.4976    -0.0557
     0.8942     2.0945     2.6048     0.2735
     0.7075     2.1404     2.7210     0.5368
     0.6009     2.2321     2.7836     0.8661
     0.4053     2.3239     2.8015     1.2614
     0.2009     2.3330     2.7747     1.5532
    -0.0569     2.4064     2.7747     1.8828
    -0.1992     2.3973     2.7031     2.1276
    -0.3859     2.4156     2.6674     2.4008
    -0.5726     2.4340     2.5691     2.6174
    -0.7505     2.4248     2.4082     2.8436
    -0.8928     2.2780     2.2562     3.0132
    -1.0351     2.1679     2.1043     3.1263
    -1.2308     1.9936     1.9345     3.2771
    -1.3820     1.8194     1.7559     3.3808
    -1.4443     1.6176     1.5682     3.4656
    -1.6133     1.3427     1.3538     3.4656
    -1.6845     1.0953     1.1841     3.5128
    -1.7290     0.8388     0.9430     3.4656
    -1.8446     0.6374     0.7108     3.4845
    -1.8357     0.3445     0.5322     3.3902
    -1.9247     0.1706     0.3090     3.2111
    -1.9336    -0.0946     0.0412     2.9661
    -1.9336    -0.3324    -0.1552     2.8247
    -1.9425    -0.5152    -0.3515     2.5515
    -1.9069    -0.6340    -0.5657     2.2783
    -1.8446    -0.8716    -0.7531     1.8922
    -1.8090    -0.9995    -0.9137     1.5721
    -1.6756    -1.1091    -1.1457     1.2802
    -1.5866    -1.2370    -1.2973     0.9226
    -1.3998    -1.3740    -1.4668     0.5933
    -1.2308    -1.5109    -1.5738     0.2547
    -1.0618    -1.5565    -1.7522    -0.0369
    -0.8483    -1.6387    -1.8592    -0.3190
    -0.6616    -1.6843    -1.9395    -0.5634
    -0.5371    -1.8121    -2.0465    -0.7984
    -0.2881    -1.8577    -2.0643    -1.0239
    -0.0658    -1.8395    -2.1535    -1.2494
     0.0409    -1.8121    -2.1980    -1.4937
     0.3520    -1.8668    -2.1891    -1.6346
     0.5564    -1.8668    -2.1980    -1.8600
     0.7164    -1.8303    -2.2069    -1.9821
     0.9475    -1.7391    -2.1535    -2.1042
     1.2052    -1.7665    -2.0643    -2.1793
     1.4362    -1.6387    -1.9305    -2.3107
     1.6494    -1.5657    -1.7611    -2.4140
     1.8715    -1.5018    -1.6541    -2.4985
     2.0491    -1.3740    -1.5114    -2.5830
     2.1113    -1.2918    -1.3865    -2.5923
     2.2090    -1.1274    -1.3151    -2.6017
     2.3245    -0.9995    -1.0297    -2.5736
     2.3600    -0.8808    -0.8423    -2.5548
     2.3511    -0.6523    -0.6192    -2.4891
     2.3245    -0.5152    -0.4051    -2.4891
     2.2978    -0.2958    -0.1284    -2.3858
     2.3245    -0.1769     0.1037    -2.2356
     2.2268     0.0975     0.3179    -2.1229
     2.1824     0.3994     0.6036    -1.9915
     2.1202     0.6008     0.8805    -1.8224
     1.9603     0.7931     1.1395    -1.5782
     1.8093     1.0312     1.3092    -1.3810
     1.7382     1.2419     1.5950    -1.1743
     1.5428     1.3702     1.8184    -0.8830
     1.3651     1.5901     2.0507    -0.6856
     1.2585     1.7643     2.2026    -0.4506
     1.0363     1.8927     2.3992    -0.1685
     0.9386     2.0211     2.5244     0.1888
     0.7253     2.1679     2.6584     0.5463
     0.6186     2.2780     2.7836     0.8285
     0.4498     2.3422     2.7568     1.1673
     0.2453     2.4615     2.8462     1.4967
     0.0764     2.5166     2.8998     1.8639
    -0.1547     2.5349     2.8730     2.1559
    -0.3237     2.5166     2.8640     2.4761
    -0.5371     2.5074     2.7478     2.6269
    -0.7416     2.3973     2.6227     2.9190
    -0.9106     2.4064     2.4439     3.0698
    -1.1063     2.2229     2.2384     3.2960
    -1.2308     2.1128     2.0954     3.3619
    -1.3731     1.9386     1.9077     3.4845
    -1.4532     1.6818     1.7380     3.5222
    -1.6133     1.4893     1.4610     3.5599
    -1.6578     1.1778     1.2645     3.4939
    -1.7468     0.9579     1.1037     3.5222
    -1.8713     0.7381     0.8269     3.4939
    -1.8535     0.5459     0.5769     3.4751
    -1.9158     0.2164     0.3537     3.3242
    -1.9069    -0.0032     0.1751     3.1075
    -1.8980    -0.1952    -0.0391     2.8813
    -1.8891    -0.4421    -0.2980     2.6646
    -1.8802    -0.5701    -0.4586     2.4008
    -1.8802    -0.7803    -0.6282     2.0334
    -1.7645    -0.8990    -0.8156     1.7227
    -1.6934    -1.0452    -1.0386     1.3461
    -1.6133    -1.2370    -1.1903     1.1108
    -1.4710    -1.2827    -1.3151     0.7815
    -1.2664    -1.4379    -1.4935     0.3487
    -1.1329    -1.5565    -1.6362     0.0477
    -0.9195    -1.6204    -1.7611    -0.1967
    -0.7149    -1.7300    -1.8592    -0.4694
    -0.5371    -1.6934    -1.9662    -0.7608
    -0.2881    -1.7847    -2.0197    -0.9863
    -0.1547    -1.8121    -2.0821    -1.2588
     0.0675    -1.8577    -2.0554    -1.4373
     0.3609    -1.8395    -2.1356    -1.6910
     0.5298    -1.7847    -2.1000    -1.8224
     0.7608    -1.8395    -2.0910    -2.0103
     0.9919    -1.7847    -2.0375    -2.1699
     1.1785    -1.7117    -1.9930    -2.2544
     1.4095    -1.7026    -1.9127    -2.3295
     1.6938    -1.6478    -1.7522    -2.3858
     1.8626    -1.5931    -1.6095    -2.5173
     2.0225    -1.4561    -1.4489    -2.5079
     2.1380    -1.3740    -1.3419    -2.5360
     2.2712    -1.2553    -1.1903    -2.5548
     2.3156    -1.0909    -1.0029    -2.5923
     2.3156    -0.9630    -0.7620    -2.5736
     2.3156    -0.7346    -0.5300    -2.4985
     2.3156    -0.6066    -0.2891    -2.4985
     2.2978    -0.4695    -0.0213    -2.4046
     2.2801    -0.2867     0.1840    -2.3107
     2.2890     0.0426     0.4876    -2.1793
     2.1646     0.2530     0.7287    -1.9821
     2.1291     0.5001     0.9608    -1.8694
     1.9426     0.6923     1.1752    -1.6252
     1.8804     0.9579     1.3806    -1.4655
     1.7471     1.1045     1.6218    -1.2212
     1.5339     1.3335     1.8273    -0.9863
     1.4095     1.5443     2.0328    -0.7044
     1.2407     1.6910     2.2562    -0.4318
     1.0985     1.8194     2.3814    -0.1685
     0.9030     1.9844     2.5959     0.1700
     0.7697     2.1037     2.6584     0.5180
     0.6720     2.1954     2.7836     0.8379
     0.4409     2.2046     2.7657     1.1485
     0.2809     2.2780     2.7568     1.5250
     0.1031     2.3239     2.7747     1.8451
    -0.1369     2.4523     2.7747     2.1276
    -0.3326     2.4523     2.7031     2.4573
    -0.5104     2.3789     2.5691     2.6646
    -0.7327     2.3973     2.4439     2.8624
    -0.9639     2.2963     2.2920     3.0509
    -1.0707     2.2229     2.1133     3.2583
    -1.2575     2.0119     1.9345     3.3996
    -1.3998     1.8927     1.7201     3.5033
    -1.4799     1.6360     1.5146     3.4939
    -1.6400     1.4435     1.3270     3.4939
    -1.7290     1.1778     1.0859     3.4656
    -1.7468     1.0220     0.8715     3.5505
    -1.8535     0.7931     0.5769     3.5599
    -1.9158     0.5550     0.4072     3.5033
    -1.8980     0.2804     0.1840     3.3054
    -1.9336     0.1066    -0.0659     3.1452
    -1.9781    -0.1312    -0.2623     2.9567
    -1.9514    -0.3690    -0.4586     2.7022
    -1.9514    -0.5152    -0.5836     2.4573
    -1.8713    -0.7528    -0.8066     2.1370
    -1.8268    -0.8625    -1.0029     1.8357
    -1.7556    -1.0817    -1.1724     1.4779
    -1.6667    -1.1913    -1.3597     1.2144
    -1.5154    -1.3283    -1.4400     0.8473
    -1.3642    -1.4287    -1.6095     0.4898
    -1.1685    -1.5474    -1.7165     0.0948
    -0.9284    -1.5657    -1.8324    -0.1403
    -0.7861    -1.6843    -1.9305    -0.4694
    -0.5637    -1.8121    -1.9751    -0.6950
    -0.3237    -1.8212    -2.0375    -0.9581
    -0.1281    -1.7847    -2.1535    -1.2119
     0.0053    -1.8395    -2.1713    -1.4092
     0.2453    -1.8668    -2.1624    -1.6064
     0.4587    -1.8395    -2.1535    -1.8224
     0.6897    -1.7756    -2.1802    -1.9727
     0.9564    -1.7665    -2.1356    -2.1323
     1.1519    -1.7026    -2.0375    -2.2544
     1.4273    -1.6569    -1.9484    -2.3107
     1.6761    -1.6204    -1.8414    -2.4234
     1.8804    -1.5474    -1.6541    -2.5173
     1.9958    -1.4379    -1.5114    -2.5173
     2.1202    -1.3100    -1.3687    -2.5266
     2.2534    -1.2461    -1.1813    -2.5266
     2.3067    -1.1000    -1.0118    -2.5454
     2.2978    -0.9356    -0.8245    -2.5360
     2.3067    -0.6980    -0.5389    -2.4891
     2.3156    -0.5792    -0.2801    -2.4985
     2.3422    -0.3507    -0.0302    -2.3577
     2.3067    -0.1312     0.1930    -2.2544
     2.2445     0.0700     0.4429    -2.1042
     2.2090     0.3811     0.7019    -2.0103
     2.1202     0.6008     0.9251    -1.8506
     2.0314     0.7290     1.1573    -1.5970
     1.8893     0.9304     1.4164    -1.3998
     1.7294     1.1778     1.6486    -1.1649
     1.5694     1.3885     1.8988    -0.8642
     1.3651     1.6360     2.0686    -0.6574
     1.2585     1.7643     2.2473    -0.3942
     1.0541     1.8927     2.4439    -0.0651
     0.8764     2.0578     2.5869     0.2358
     0.8142     2.1954     2.6495     0.5463
     0.6542     2.2963     2.7925     0.8473
     0.4675     2.3147     2.8551     1.2049
     0.2809     2.4615     2.8551     1.5062
     0.0764     2.4248     2.8551     1.8734
    -0.1458     2.4248     2.8372     2.1182
    -0.3326     2.4248     2.7747     2.4667
    -0.5549     2.3881     2.5869     2.7211
    -0.7060     2.3973     2.4976     2.9095
    -0.9462     2.2872     2.3903     3.0792
    -1.1507     2.1312     2.1669     3.3242
    -1.2575     2.0395     1.9524     3.4279
    -1.4354     1.8469     1.7201     3.4845
    -1.5332     1.6818     1.4878     3.4939
    -1.6044     1.5168     1.2734     3.4939
    -1.7556     1.1961     1.0770     3.5411
    -1.7645     1.0495     0.8715     3.5222
    -1.8268     0.7290     0.6304     3.4939
    -1.9514     0.5276     0.3894     3.3902
    -1.9158     0.3079     0.1662     3.1829
    -1.9603     0.0334    -0.0213     3.0415
    -1.9558    -0.1861    -0.2801     2.8813
    -1.9514    -0.4421    -0.4675     2.5986
    -1.9692    -0.6066    -0.6371     2.3066
    -1.8713    -0.7985    -0.8245     2.0240
    -1.8535    -0.9173    -0.9761     1.6944
    -1.7290    -1.1548    -1.1635     1.2802
    -1.6311    -1.2461    -1.2884     0.9697
    -1.4976    -1.3009    -1.4311     0.6592
    -1.3019    -1.4014    -1.5649     0.3111
    -1.1685    -1.5292    -1.7076     0.0195
    -0.9462    -1.6113    -1.8235    -0.2908
    -0.7505    -1.6296    -1.9216    -0.5164
    -0.5460    -1.7300    -2.0019    -0.8078
    -0.3414    -1.7482    -2.1000    -1.0145
    -0.1014    -1.8212    -2.1891    -1.2588
     0.0409    -1.7938    -2.2337    -1.4092
     0.3342    -1.8075    -2.2337    -1.6252
     0.5120    -1.8212    -2.2604    -1.8131
     0.7075    -1.8212    -2.2694    -1.9445
     0.9830    -1.7117    -2.2248    -2.0948
     1.2585    -1.6752    -2.1178    -2.2262
     1.4451    -1.5839    -2.0197    -2.3201
     1.6761    -1.5657    -1.9395    -2.3858
     1.9248    -1.5292    -1.7968    -2.4609
     2.0491    -1.4014    -1.6184    -2.4985
     2.1646    -1.2644    -1.5114    -2.5173
     2.2534    -1.0817    -1.3151    -2.5266
     2.2623    -0.9721    -1.1724    -2.4797
     2.3778    -0.8168    -0.8423    -2.4140
     2.3156    -0.6432    -0.6192    -2.4422
     2.3600    -0.4238    -0.3961    -2.3577
     2.3334    -0.2410    -0.1373    -2.2826
     2.3334    -0.0032     0.0948    -2.1323
     2.3334     0.2164     0.3626    -2.0290
     2.2357     0.5001     0.6483    -1.8506
     2.1913     0.6557     0.9162    -1.6910
     2.0936     0.8663     1.1305    -1.4279
     1.9426     1.0861     1.3360    -1.2494
     1.7471     1.2877     1.5593    -1.0145
     1.6316     1.4527     1.7737    -0.7326
     1.4628     1.7002     1.9435    -0.4882
     1.2940     1.7643     2.1490    -0.2438
     1.1785     1.9386     2.3277     0.0289
     1.0186     2.0945     2.4886     0.3487
     0.8142     2.2229     2.6048     0.6874
     0.6897     2.3789     2.7121     0.9414
     0.5298     2.4064     2.8104     1.3461
     0.2809     2.4202     2.7747     1.6568
     0.0942     2.4340     2.8283     2.0052
    -0.1281     2.4523     2.8104     2.3348
    -0.3859     2.4523     2.7478     2.5703
    -0.5193     2.4432     2.7121     2.7965
    -0.6882     2.3697     2.6138     3.0321
    -0.8928     2.2229     2.4350     3.2111
    -1.1151     2.1220     2.2741     3.3431
    -1.2753     1.9844     2.0328     3.4751
    -1.4176     1.8469     1.8631     3.5033
    -1.5154     1.6635     1.6486     3.5693
    -1.5955     1.4618     1.3985     3.5316
    -1.6934     1.1686     1.1395     3.5599
    -1.7912     0.8938     0.9698     3.5128
    -1.8179     0.6099     0.7644     3.5222
    -1.8980     0.3537     0.4519     3.3902
    -1.9603     0.1066     0.2554     3.2865
    -1.9158    -0.1587     0.0501     3.0132
    -1.9781    -0.3598    -0.1105     2.8153
    -1.9959    -0.4969    -0.3337     2.5703
    -1.9247    -0.7894    -0.5300     2.3066
    -1.8891    -0.9082    -0.6728     1.9299
    -1.8446    -1.0452    -0.8156     1.5815
    -1.7290    -1.1913    -1.0208     1.2238
    -1.6667    -1.3009    -1.1724     0.9414
    -1.4799    -1.4379    -1.2795     0.6121
    -1.3464    -1.4926    -1.4222     0.2358
    -1.1063    -1.5474    -1.5381    -0.0463
    -0.9462    -1.6661    -1.6987    -0.3378
    -0.7149    -1.7573    -1.7789    -0.6104
    -0.5015    -1.8395    -1.8949    -0.8266
    -0.2970    -1.8395    -1.9395    -1.0521
    -0.0925    -1.8851    -2.0465    -1.2870
     0.1298    -1.9581    -2.1000    -1.5501
     0.3875    -1.9398    -2.1000    -1.7567
     0.5387    -1.9398    -2.1000    -1.8882
     0.8142    -1.8303    -2.0821    -2.1042
     0.9919    -1.8395    -2.0197    -2.2638
     1.2318    -1.7938    -2.0019    -2.3858
     1.5428    -1.6752    -1.8949    -2.4422
     1.7471    -1.5383    -1.7879    -2.5548
     1.9781    -1.4926    -1.5827    -2.5923
     2.1202    -1.3466    -1.4489    -2.5454
     2.2268    -1.2827    -1.4043    -2.5548
     2.3245    -1.1183    -1.2438    -2.5454
     2.3778    -0.9447    -0.9761    -2.5736
     2.3955    -0.7803    -0.7352    -2.4797
     2.4044    -0.6158    -0.4586    -2.4422
     2.3955    -0.4421    -0.2534    -2.3764
     2.4399    -0.2592    -0.0034    -2.2544
     2.4044    -0.0215     0.2019    -2.1323
     2.3689     0.1981     0.4519    -1.9821
     2.3334     0.4635     0.7555    -1.8506
     2.2357     0.6557     0.9876    -1.6628
     2.0758     0.8663     1.2288    -1.4655
     1.9692     1.0861     1.5146    -1.2776
     1.8537     1.2511     1.6754    -1.0145
     1.6583     1.5260     1.9167    -0.7984
     1.5161     1.6635     2.0686    -0.5164
     1.3296     1.8744     2.2294    -0.3096
     1.2052     1.9661     2.3724     0.0007
     1.0452     2.1679     2.5244     0.2641
     0.8853     2.2688     2.6584     0.6121
     0.6809     2.3239     2.7121     0.9508
     0.5120     2.4156     2.7925     1.2991
     0.3342     2.4890     2.7925     1.6662
     0.1298     2.4523     2.7657     1.9864
    -0.0836     2.4707     2.8104     2.3160
    -0.2792     2.4707     2.7300     2.5798
    -0.5460     2.3973     2.6942     2.8436
    -0.7505     2.3514     2.5601     3.0509
    -0.9017     2.2688     2.4529     3.2111
    -1.1151     2.1771     2.2384     3.3902
    -1.2308     2.0211     2.1043     3.5222
    -1.3731     1.8652     1.8363     3.5788
    -1.5510     1.7277     1.6129     3.5411
    -1.6578     1.4343     1.3806     3.5976
    -1.7734     1.1594     1.2199     3.5882
    -1.8268     0.9213     0.9608     3.5693
    -1.8891     0.6923     0.7108     3.4939
    -1.8891     0.4452     0.4786     3.3714
    -1.9603     0.1798     0.2644     3.3148
    -1.9781    -0.1129     0.0680     3.0698
    -1.9959    -0.3598    -0.1730     2.8530
    -2.0226    -0.4969    -0.3158     2.5232
    -1.9336    -0.6706    -0.4765     2.2877
    -1.9336    -0.8899    -0.6549     1.9487
    -1.8624    -0.9904    -0.7888     1.6003
    -1.7112    -1.1548    -0.9583     1.3085
    -1.6845    -1.3100    -1.1189     0.9508
    -1.5065    -1.3922    -1.2616     0.6215
    -1.2842    -1.4561    -1.3508     0.2452
    -1.0974    -1.5565    -1.5471    -0.0275
    -0.9462    -1.6843    -1.6184    -0.3284
    -0.7149    -1.7391    -1.7522    -0.5916
    -0.4926    -1.8212    -1.8324    -0.8172
    -0.2792    -1.8303    -1.9127    -1.0333
    -0.1192    -1.8851    -1.9662    -1.3058
     0.1298    -1.8668    -2.0465    -1.4749
     0.3964    -1.9033    -2.1089    -1.6816
     0.5387    -1.8942    -2.1356    -1.8224
     0.8231    -1.8030    -2.0643    -2.0009
     1.0275    -1.7391    -2.0910    -2.1136
     1.2674    -1.6478    -1.9662    -2.2826
     1.5517    -1.6204    -1.8770    -2.3952
     1.7294    -1.4926    -1.8057    -2.4703
     1.9514    -1.5018    -1.6273    -2.5079
     2.1646    -1.3374    -1.4757    -2.4891
     2.2357    -1.2735    -1.3508    -2.5454
     2.3422    -1.0817    -1.1903    -2.5266
     2.4044    -0.9173    -1.0297    -2.5360
     2.3600    -0.7620    -0.7799    -2.5266
     2.4044    -0.6158    -0.4943    -2.5173
     2.4577    -0.3964    -0.2623    -2.3764
     2.4133    -0.2135    -0.0034    -2.2732
     2.3866    -0.0398     0.3001    -2.2168
     2.3778     0.1706     0.6036    -2.0009
     2.3334     0.3628     0.8180    -1.8882
     2.2534     0.6832     1.0680    -1.6628
     2.1557     0.9213     1.3538    -1.5219
     2.0225     1.0312     1.5861    -1.2776
     1.8093     1.2877     1.8005    -1.0145
     1.6672     1.4802     1.9167    -0.7608
     1.5606     1.6635     2.1669    -0.4882
     1.3296     1.9019     2.3456    -0.3002
     1.1785     2.0303     2.4618    -0.0181
     1.0363     2.0853     2.5869     0.3205
     0.8942     2.1954     2.7210     0.5933
     0.7431     2.3239     2.8015     0.9132
     0.5298     2.3881     2.8551     1.2520
     0.3253     2.4064     2.8909     1.5721
     0.1386     2.4248     2.8819     1.9204
    -0.0569     2.4523     2.8730     2.2312
    -0.3059     2.4340     2.8283     2.5044
    -0.5104     2.3239     2.7747     2.7494
    -0.7149     2.2872     2.6495     3.0132
    -0.8750     2.2688     2.5154     3.1546
    -1.0974     2.1404     2.3099     3.3619
    -1.2130     1.9844     2.0865     3.4468
    -1.3553     1.8560     1.8363     3.5316
    -1.5421     1.6818     1.6308     3.5316
    -1.6044     1.4068     1.4610     3.5788
    -1.7645     1.2052     1.2377     3.5599
    -1.8268     0.8846     1.0055     3.5599
    -1.8535     0.6923     0.7822     3.5222
    -1.9603     0.3628     0.4965     3.3902
    -1.9959     0.0975     0.2644     3.2488
    -1.9603    -0.0946     0.0948     3.0509
    -1.9781    -0.3324    -0.1462     2.8436
    -1.9870    -0.5335    -0.3605     2.6174
    -1.8980    -0.6432    -0.5479     2.2783
    -1.8891    -0.8716    -0.7442     1.9958
    -1.8179    -0.9721    -0.8512     1.6662
    -1.7201    -1.1091    -1.1278     1.3650
    -1.5955    -1.2461    -1.1813     1.0167
    -1.4799    -1.3557    -1.3419     0.6497
    -1.3642    -1.4379    -1.4579     0.3581
    -1.2397    -1.4744    -1.5471     0.0289
    -1.0262    -1.5657    -1.7076    -0.2061
    -0.7950    -1.6113    -1.8324    -0.5446
    -0.5815    -1.7026    -1.9395    -0.7138
    -0.4037    -1.7573    -1.9751    -1.0333
    -0.1814    -1.8030    -2.0108    -1.2212
     0.0498    -1.8212    -2.0910    -1.4092
     0.2364    -1.7938    -2.0643    -1.5970
     0.4942    -1.7482    -2.1267    -1.8131
     0.7875    -1.7573    -2.1089    -1.9727
     0.9564    -1.7026    -2.0732    -2.1136
     1.2763    -1.6204    -1.9573    -2.2732
     1.4895    -1.5018    -1.8414    -2.3671
     1.6938    -1.4835    -1.7254    -2.3764
     1.8893    -1.3648    -1.6719    -2.4328
     2.0758    -1.2918    -1.4311    -2.4703
     2.1735    -1.1913    -1.3062    -2.5548
     2.2534    -1.0909    -1.1724    -2.5079
     2.3422    -0.9356    -0.9672    -2.4985
     2.3600    -0.7072    -0.7174    -2.4703
     2.3511    -0.5335    -0.4497    -2.3764
     2.3866    -0.4238    -0.2266    -2.3389
     2.4000    -0.1952     0.0055    -2.2074
     2.4133    -0.0398     0.3626    -2.0854
     2.3245     0.2713     0.6215    -2.0197
     2.3067     0.5184     0.8715    -1.8318
     2.2623     0.6923     1.1037    -1.6534
     2.0314     0.9396     1.3092    -1.4092
     1.9958     1.1686     1.5861    -1.2306
     1.7560     1.3335     1.8095    -0.9675
     1.6494     1.5535     2.0239    -0.7890
     1.4717     1.7368     2.2116    -0.5258
     1.3296     1.8560     2.3456    -0.2438
     1.1519     2.0028     2.5154    -0.0557
     1.0363     2.1862     2.6406     0.3299
     0.8497     2.2505     2.7389     0.5839
     0.6809     2.3881     2.8372     0.9414
     0.5653     2.3606     2.8730     1.2708
     0.4053     2.4890     2.9266     1.5626
     0.1298     2.4799     2.9356     1.9675
    -0.0125     2.5349     2.9266     2.2406
    -0.2081     2.5441     2.8372     2.5232
    -0.4215     2.4248     2.7300     2.7870
    -0.6260     2.3606     2.6048     3.0321
    -0.8216     2.2688     2.3992     3.2394
    -0.9906     2.1862     2.2205     3.3431
    -1.2130     2.0211     2.0239     3.5128
    -1.3019     1.9294     1.8095     3.5599
    -1.4888     1.6910     1.6129     3.5599
    -1.6133     1.4343     1.4342     3.5599
    -1.6756     1.2144     1.1216     3.5882
    -1.7734     0.9945     0.9787     3.5693
    -1.8802     0.7747     0.7822     3.5788
    -1.8713     0.4635     0.5501     3.4845
    -1.9247     0.2438     0.3447     3.3996
    -1.9514    -0.0215     0.0769     3.1357
    -1.9692    -0.2501    -0.1462     2.9378
    -1.9781    -0.3872    -0.3158     2.6457
    -1.9870    -0.5701    -0.6103     2.3443
    -1.8713    -0.7894    -0.7531     1.9864
    -1.7734    -0.9630    -0.9226     1.7227
    -1.7290    -1.0726    -1.0654     1.4120
    -1.5777    -1.2187    -1.1992     1.0544
    -1.4265    -1.4196    -1.3241     0.6686
    -1.3108    -1.4835    -1.4222     0.2923
    -1.1063    -1.5109    -1.5292     0.0571
    -0.9106    -1.5748    -1.6362    -0.2626
    -0.7149    -1.6296    -1.7789    -0.5634
    -0.5193    -1.7300    -1.8503    -0.7890
    -0.3237    -1.7847    -1.9038    -1.0427
    -0.1725    -1.7847    -1.9840    -1.3434
     0.0053    -1.8212    -1.9751    -1.5595
     0.2987    -1.8121    -2.0108    -1.6816
     0.4942    -1.8030    -2.0732    -1.8788
     0.7253    -1.8486    -2.0910    -2.1323
     1.0008    -1.7300    -2.0197    -2.2074
     1.1519    -1.6569    -1.9662    -2.3107
     1.4273    -1.6296    -1.8770    -2.3952
     1.7027    -1.5565    -1.7522    -2.5173
     1.8537    -1.4287    -1.6273    -2.5173
     2.0491    -1.3557    -1.4757    -2.6017
     2.1380    -1.1913    -1.3776    -2.6299
     2.2712    -1.0817    -1.2259    -2.6017
     2.3422    -0.9356    -0.9672    -2.6299
     2.3511    -0.8077    -0.7174    -2.5642
     2.3600    -0.5975    -0.4675    -2.4609
          3          3          3          3
