    4   2048 0.020000  2016   1  22  15  39
         16         10         11         42
    -2.4051    -0.4428     0.0496     2.9048
    -2.2539    -0.6165    -0.2271     2.5561
    -2.0848    -0.9638    -0.5930     2.1510
    -1.9068    -1.1465    -0.9053     1.7366
    -1.6844    -1.3931    -1.1818     1.3129
    -1.4709    -1.6852    -1.4316     0.8235
    -1.2485    -1.8677    -1.7170     0.4095
    -1.0262    -2.0867    -1.9221     0.0333
    -0.7949    -2.2326    -2.1985    -0.2300
    -0.5815    -2.3968    -2.3947    -0.5591
    -0.3059    -2.5153    -2.5551    -0.9163
    -0.0480    -2.5609    -2.6532    -1.3110
     0.2275    -2.7067    -2.8047    -1.6586
     0.4409    -2.7979    -2.8939    -1.9028
     0.7608    -2.8343    -2.9741    -2.1564
     0.9563    -2.8434    -3.0365    -2.4474
     1.2318    -2.8343    -3.0097    -2.6634
     1.4628    -2.7979    -3.0186    -2.8886
     1.7471    -2.7067    -3.0543    -3.0669
     1.9780    -2.5791    -2.9741    -3.2171
     2.0846    -2.4788    -2.9028    -3.3578
     2.2800    -2.2873    -2.7602    -3.4047
     2.4043    -2.1870    -2.6086    -3.4516
     2.5375    -2.0046    -2.4482    -3.4985
     2.5908    -1.8586    -2.2699    -3.5361
     2.6707    -1.6304    -2.0113    -3.5267
     2.7329    -1.4022    -1.8240    -3.4985
     2.7684    -1.1282    -1.6189    -3.4047
     2.8039    -0.9181    -1.3603    -3.2546
     2.8039    -0.6165    -0.9945    -3.0951
     2.6885    -0.3606    -0.6911    -2.9449
     2.6086    -0.1777    -0.3610    -2.7948
     2.5375     0.1883     0.0407    -2.5507
     2.4132     0.4262     0.3621    -2.2784
     2.2800     0.7741     0.7728    -1.9310
     2.1024     0.9848     1.0943    -1.6398
     1.8714     1.2688     1.4248    -1.2828
     1.6760     1.5254     1.7375    -1.0009
     1.4628     1.7271     2.1306    -0.6907
     1.1874     1.9656     2.4881    -0.3335
     0.9297     2.2683     2.8278     0.0427
     0.6453     2.4519     3.2033     0.4378
     0.4053     2.6446     3.3821     0.8047
     0.1831     2.7824     3.4000     1.1906
    -0.1103     2.8466     3.5162     1.5671
    -0.3237     2.9201     3.6235     1.9909
    -0.5815     2.9844     3.7666     2.3488
    -0.8216     3.0303     3.8471     2.6786
    -1.0973     2.9752     3.8024     2.9613
    -1.3375     2.9660     3.8382     3.2912
    -1.4620     2.8926     3.8024     3.5552
    -1.7022     2.8466     3.7935     3.8003
    -1.8890     2.6997     3.7219     4.0267
    -1.9958     2.5804     3.4447     4.2059
    -2.1827     2.3693     3.0781     4.3191
    -2.3161     2.1674     2.8009     4.3191
    -2.3962     2.0206     2.4434     4.3568
    -2.4496     1.8555     2.1038     4.2625
    -2.5653     1.5529     1.7911     4.1682
    -2.6009     1.3971     1.3444     4.0550
    -2.6187     1.1222     1.0675     3.8758
    -2.6276     0.8199     0.7996     3.6212
    -2.6187     0.6093     0.3799     3.3572
    -2.5386     0.3347    -0.0218     3.1215
    -2.5297     0.0236    -0.3877     2.7917
    -2.4318    -0.1868    -0.7447     2.5467
    -2.2805    -0.4154    -1.0213     2.1322
    -2.1827    -0.6805    -1.3424     1.7837
    -2.0047    -0.8633    -1.5832     1.3977
    -1.8534    -1.1191    -1.8865     1.0023
    -1.5865    -1.2926    -2.0826     0.7012
    -1.3908    -1.5026    -2.3323     0.4001
    -1.1151    -1.7034    -2.4927     0.0239
    -0.8839    -1.7947    -2.6443    -0.2582
    -0.6793    -1.9772    -2.8315    -0.5685
    -0.4215    -2.0958    -2.8849    -0.8411
    -0.1636    -2.2235    -3.0365    -1.1607
     0.1209    -2.3147    -3.0810    -1.3580
     0.3875    -2.3694    -3.1345    -1.6492
     0.7075    -2.4424    -3.1345    -1.8559
     0.9919    -2.5244    -3.1077    -2.1470
     1.2229    -2.5882    -3.0810    -2.3630
     1.4717    -2.5426    -3.0632    -2.6164
     1.7826    -2.4879    -3.0008    -2.7666
     1.9869    -2.4059    -2.8582    -2.8417
     2.1201    -2.3694    -2.7334    -2.8792
     2.3244    -2.2691    -2.5284    -2.9449
     2.4487    -2.1870    -2.3501    -3.0857
     2.5642    -2.0228    -2.1540    -3.1889
     2.5908    -1.9316    -1.9935    -3.2546
     2.7151    -1.7400    -1.7794    -3.2265
     2.7329    -1.6030    -1.5208    -3.1889
     2.7595    -1.3383    -1.2532    -3.0951
     2.7240    -1.1191    -0.9231    -3.0106
     2.6885    -0.8816    -0.5573    -2.8605
     2.5819    -0.6897    -0.1914    -2.7197
     2.5730    -0.4611     0.1210    -2.6352
     2.4842    -0.1502     0.4246    -2.3817
     2.3066     0.1425     0.7281    -2.1658
     2.2533     0.4262     1.0228    -1.9122
     2.0757     0.7100     1.4516    -1.6398
     1.8803     1.0031     1.7017    -1.3580
     1.7293     1.2413     1.9608    -1.0855
     1.5339     1.5713     2.3183    -0.8505
     1.2407     1.8280     2.5417    -0.5121
     1.0096     2.0848     2.8188    -0.1642
     0.7342     2.2867     3.0513     0.0803
     0.5209     2.4886     3.2033     0.5130
     0.2364     2.7365     3.4000     0.8612
    -0.0480     2.8466     3.4715     1.2188
    -0.2170     3.0120     3.5431     1.6048
    -0.5282     2.9844     3.5788     1.9909
    -0.7949     2.9844     3.4805     2.3583
    -0.9817     2.9844     3.4000     2.6786
    -1.2930     3.0028     3.2837     2.9802
    -1.4442     2.9936     3.2122     3.2912
    -1.6577     2.9844     3.0155     3.5646
    -1.8268     2.9385     2.8546     3.8664
    -2.0314     2.8742     2.5775     4.0550
    -2.1471     2.6538     2.3451     4.2248
    -2.2805     2.4794     2.1127     4.3002
    -2.4229     2.1399     1.7732     4.3757
    -2.5386     1.9564     1.5141     4.3946
    -2.5564     1.6905     1.3087     4.3757
    -2.6454     1.3971     1.0228     4.3285
    -2.6276     1.1314     0.7014     4.1965
    -2.6543     0.8657     0.3888     3.9795
    -2.6098     0.5361     0.1210     3.6495
    -2.5386     0.2432    -0.2182     3.4043
    -2.5030    -0.0130    -0.4681     3.0461
    -2.4140    -0.3148    -0.7714     2.6974
    -2.2539    -0.5800    -0.9856     2.3583
    -2.1293    -0.8633    -1.2711     1.9438
    -1.9869    -1.0277    -1.5476     1.5577
    -1.7467    -1.3383    -1.7348     1.1435
    -1.5243    -1.5026    -1.9578     0.6824
    -1.3108    -1.7582    -2.1005     0.3061
    -1.0706    -1.8586    -2.3144    -0.1266
    -0.7505    -2.0137    -2.4125    -0.3805
    -0.5193    -2.1961    -2.5373    -0.6719
    -0.2970    -2.3147    -2.5819    -1.1231
    -0.0658    -2.4059    -2.7245    -1.4613
     0.2009    -2.5335    -2.7780    -1.8277
     0.4586    -2.5518    -2.7958    -2.0719
     0.7253    -2.6429    -2.7869    -2.2972
     1.0274    -2.5882    -2.7780    -2.5319
     1.2495    -2.6247    -2.8047    -2.7009
     1.5072    -2.5700    -2.7245    -2.9637
     1.7915    -2.5335    -2.6621    -3.0857
     1.9602    -2.3876    -2.5908    -3.2640
     2.1112    -2.2965    -2.5373    -3.3954
     2.2889    -2.2509    -2.3234    -3.4235
     2.4487    -2.0958    -2.1540    -3.5173
     2.5464    -1.9407    -2.0202    -3.5642
     2.6707    -1.7947    -1.9221    -3.5642
     2.8128    -1.5848    -1.7259    -3.5455
     2.8394    -1.4205    -1.4494    -3.4704
     2.8483    -1.2561    -1.2532    -3.3860
     2.8749    -0.9912    -0.9767    -3.2171
     2.8661    -0.7354    -0.7358    -3.1702
     2.8128    -0.5708    -0.4770    -3.0200
     2.7151    -0.2783    -0.1646    -2.8417
     2.5642    -0.0953     0.0496    -2.6446
     2.4665     0.2157     0.4067    -2.3160
     2.3244     0.5269     0.7103    -2.1094
     2.1645     0.7741     0.9335    -1.7619
     1.9602     0.9573     1.2551    -1.4989
     1.7026     1.2230     1.4694    -1.1794
     1.5516     1.4613     1.7643    -0.8317
     1.2762     1.6996     2.0323    -0.5403
     1.0452     1.9105     2.2468    -0.2300
     0.8408     2.0481     2.4881     0.1179
     0.5742     2.2224     2.6579     0.5130
     0.3342     2.4060     2.8099     0.9176
     0.0764     2.5345     2.9619     1.2659
    -0.1636     2.5712     3.0781     1.6425
    -0.4659     2.7089     3.1764     1.9815
    -0.7149     2.7181     3.1854     2.2923
    -0.9017     2.7273     3.2211     2.5938
    -1.1863     2.7365     3.2301     2.8576
    -1.4264     2.7548     3.1049     3.1310
    -1.5865     2.6722     3.0244     3.3855
    -1.7734     2.5987     2.9619     3.5835
    -1.9691     2.4243     2.7473     3.7909
    -2.1649     2.3509     2.6043     3.9229
    -2.2983     2.1582     2.3808     4.0078
    -2.3784     2.0114     2.1485     4.0078
    -2.4407     1.8463     1.8893     3.9984
    -2.5475     1.5713     1.6839     3.9607
    -2.6009     1.3696     1.4516     3.8192
    -2.6098     1.0672     1.1836     3.6966
    -2.5742     0.8199     0.8889     3.5175
    -2.5564     0.5544     0.5496     3.2629
    -2.5297     0.3164     0.2728     3.0179
    -2.4674     0.0053    -0.0575     2.7257
    -2.3695    -0.2417    -0.3699     2.4242
    -2.2450    -0.5708    -0.6822     2.1039
    -2.1026    -0.8359    -0.9320     1.7272
    -1.8890    -1.0186    -1.1462     1.3506
    -1.7022    -1.3291    -1.4405     0.9176
    -1.4709    -1.5026    -1.6457     0.5224
    -1.2485    -1.7491    -1.9310     0.2402
    -0.9906    -1.9133    -2.0915    -0.1360
    -0.7505    -2.0867    -2.2966    -0.4557
    -0.5548    -2.2600    -2.4482    -0.8129
    -0.2614    -2.4424    -2.5017    -1.1794
    -0.0125    -2.5700    -2.6354    -1.4895
     0.2809    -2.6065    -2.7245    -1.8465
     0.5031    -2.6976    -2.8226    -2.0813
     0.7875    -2.7341    -2.8226    -2.3630
     1.0718    -2.8890    -2.9295    -2.6164
     1.2851    -2.8343    -2.9741    -2.8886
     1.5605    -2.8525    -2.9473    -3.1139
     1.8092    -2.7888    -2.8047    -3.1608
     1.9425    -2.7523    -2.7512    -3.3391
     2.0935    -2.5791    -2.6799    -3.4516
     2.2889    -2.5426    -2.5730    -3.5736
     2.4043    -2.3512    -2.3947    -3.6674
     2.5553    -2.1961    -2.2520    -3.7706
     2.6441    -2.0502    -2.0826    -3.7706
     2.6885    -1.9042    -1.8597    -3.7237
     2.7684    -1.6761    -1.6724    -3.6955
     2.8661    -1.3839    -1.3335    -3.6486
     2.8661    -1.1922    -1.0748    -3.5079
     2.8572    -0.8816    -0.7714    -3.3297
     2.7861    -0.6165    -0.4413    -3.1795
     2.7240    -0.3697    -0.1557    -3.0106
     2.6263    -0.1228     0.1657    -2.8699
     2.5020     0.2340     0.5585    -2.5789
     2.3155     0.4262     0.8621    -2.2784
     2.1823     0.6917     1.2283    -1.9404
     1.9425     0.9939     1.5498    -1.6304
     1.7471     1.2138     1.8715    -1.2452
     1.5427     1.4796     2.2110    -0.9445
     1.3029     1.7821     2.5060    -0.5779
     1.0718     1.9289     2.7831    -0.2018
     0.7608     2.1674     3.0423     0.1555
     0.5297     2.2775     3.3374     0.5883
     0.2542     2.4610     3.5878     1.0494
    -0.0214     2.6079     3.6683     1.4071
    -0.1992     2.6630     3.7219     1.8120
    -0.4392     2.8099     3.7756     2.1981
    -0.6704     2.8283     3.7398     2.5938
    -0.9461     2.7915     3.7130     2.8576
    -1.1596     2.7089     3.7309     3.1969
    -1.3819     2.6630     3.6772     3.4609
    -1.6221     2.5253     3.5699     3.6966
    -1.7734     2.4427     3.4179     3.8475
    -1.9068     2.2316     3.1138     4.0361
    -2.1026     2.1032     2.8725     4.2153
    -2.2539     1.9014     2.6132     4.2531
    -2.3517     1.6538     2.2647     4.2719
    -2.4407     1.5163     1.9072     4.1965
    -2.5742     1.2321     1.6839     4.0833
    -2.5920     1.0581     1.3891     3.9229
    -2.6098     0.7833     1.1122     3.7909
    -2.6454     0.5544     0.7460     3.4986
    -2.6009     0.2523     0.4424     3.2818
    -2.5831    -0.0405     0.0318     2.9613
    -2.5030    -0.2691    -0.2449     2.6503
    -2.4852    -0.5434    -0.5751     2.3394
    -2.3072    -0.7354    -0.8518     1.9532
    -2.1827    -0.9821    -1.0480     1.6330
    -2.0225    -1.2013    -1.3157     1.2471
    -1.8890    -1.4113    -1.5654     0.8800
    -1.6488    -1.6761    -1.7438     0.4001
    -1.4442    -1.7947    -1.9310     0.1744
    -1.2129    -2.0228    -2.0380    -0.1548
    -0.9728    -2.0958    -2.2253    -0.5215
    -0.6971    -2.2873    -2.3501    -0.8599
    -0.4837    -2.3694    -2.4125    -1.2076
    -0.1992    -2.4971    -2.4482    -1.4895
     0.1120    -2.6429    -2.5462    -1.7338
     0.3253    -2.6703    -2.5373    -2.0343
     0.6008    -2.7432    -2.5551    -2.2033
     0.8497    -2.7158    -2.5373    -2.4287
     1.1518    -2.7022    -2.5373    -2.6821
     1.3917    -2.6885    -2.5106    -2.8229
     1.6049    -2.6885    -2.3768    -3.0294
     1.8625    -2.6338    -2.2431    -3.2265
     2.0224    -2.5244    -2.1361    -3.3297
     2.1379    -2.3694    -2.0113    -3.3954
     2.2622    -2.2600    -1.7794    -3.4704
     2.4398    -2.1779    -1.5832    -3.4892
     2.5375    -2.0593    -1.4673    -3.5548
     2.5819    -1.8130    -1.2443    -3.5361
     2.6086    -1.6030    -0.9767    -3.5361
     2.6974    -1.3748    -0.7447    -3.4704
     2.6618    -1.1465    -0.4324    -3.3297
     2.5997    -0.9547    -0.1825    -3.2171
     2.5908    -0.6531     0.1121    -3.0576
     2.5375    -0.4703     0.3888    -2.8886
     2.4043    -0.1777     0.7103    -2.7197
     2.2711     0.2066     1.0050    -2.5038
     2.1645     0.4811     1.2283    -2.2691
     2.0135     0.7466     1.5498    -1.9873
     1.7648     1.0397     1.8715    -1.6868
     1.5427     1.2963     2.0591    -1.3580
     1.4095     1.5621     2.3630    -1.0009
     1.1074     1.8097     2.5775    -0.6813
     0.8497     2.0023     2.7831    -0.3053
     0.6275     2.2959     2.9976     0.0333
     0.4053     2.4610     3.1764     0.4942
     0.1298     2.5804     3.2927     0.8612
    -0.1725     2.7640     3.3642     1.2659
    -0.3770     2.8650     3.4000     1.6613
    -0.6704     2.8604     3.4357     2.0851
    -0.8750     2.8558     3.3731     2.4430
    -1.1418     2.8926     3.3106     2.8388
    -1.3819     2.8375     3.2837     3.1498
    -1.5599     2.7273     3.1764     3.4703
    -1.8179     2.6355     3.0781     3.7815
    -1.9602     2.4978     2.9440     4.0739
    -2.1115     2.3326     2.7384     4.2248
    -2.2717     2.1399     2.5060     4.3002
    -2.4229     2.0114     2.3451     4.3002
    -2.5742     1.7546     2.0591     4.3191
    -2.6810     1.6263     1.8357     4.3568
    -2.7255     1.3146     1.6124     4.3002
    -2.7611     1.1588     1.2908     4.1682
    -2.7789     0.8657     1.0139     3.9701
    -2.7611     0.6276     0.7014     3.6683
    -2.7611     0.4079     0.3978     3.4138
    -2.6988     0.0785     0.1121     3.0650
    -2.6543    -0.1502    -0.1735     2.6974
    -2.6098    -0.4337    -0.4681     2.3677
    -2.4496    -0.6440    -0.7179     1.9815
    -2.2717    -0.7993    -0.9588     1.6142
    -2.1471    -1.0186    -1.2264     1.2000
    -1.9691    -1.2926    -1.4851     0.8518
    -1.7556    -1.4752    -1.6724     0.4378
    -1.4798    -1.6304    -1.8954     0.1273
    -1.2930    -1.7856    -2.1005    -0.2206
    -1.0528    -1.9863    -2.2520    -0.5591
    -0.7683    -2.1505    -2.3412    -0.8599
    -0.5104    -2.2144    -2.5195    -1.1419
    -0.3059    -2.3512    -2.5997    -1.4143
    -0.0569    -2.4332    -2.6710    -1.6586
     0.2275    -2.5791    -2.7156    -1.9686
     0.4675    -2.5335    -2.7691    -2.1470
     0.7342    -2.6247    -2.8493    -2.3911
     1.0541    -2.6338    -2.8671    -2.5413
     1.2940    -2.5700    -2.8315    -2.7385
     1.4894    -2.4971    -2.7423    -2.8699
     1.6582    -2.5062    -2.7067    -3.0013
     1.8803    -2.4241    -2.6086    -3.1139
     2.0047    -2.3238    -2.4749    -3.2077
     2.0846    -2.1597    -2.2966    -3.3109
     2.2267    -2.0867    -2.1718    -3.3578
     2.3333    -1.8495    -2.0380    -3.3391
     2.3954    -1.7217    -1.7438    -3.3297
     2.4310    -1.4752    -1.5297    -3.2265
     2.5198    -1.3109    -1.2264    -3.1514
     2.5286    -0.9821    -1.0391    -3.0857
     2.4931    -0.7993    -0.7179    -2.9919
     2.4398    -0.4794    -0.4681    -2.8980
     2.3688    -0.2325    -0.1468    -2.7103
     2.1912     0.1242     0.0853    -2.4662
     2.0579     0.4079     0.4246    -2.2127
     1.9602     0.6551     0.8174    -1.9404
     1.7204     0.9573     1.1300    -1.6586
     1.5516     1.2688     1.4158    -1.3204
     1.3917     1.5346     1.8000    -1.0291
     1.1340     1.8097     2.0949    -0.7001
     0.8941     2.0206     2.3451    -0.4463
     0.6275     2.3326     2.6400    -0.1078
     0.4498     2.4886     2.8546     0.3437
     0.2364     2.7548     3.0423     0.7294
    -0.1014     2.9017     3.2748     1.1529
    -0.3059     2.9385     3.4715     1.5577
    -0.5015     2.9477     3.5162     1.9250
    -0.7594     2.9569     3.6146     2.3111
    -1.0528     2.9477     3.6325     2.6880
    -1.2574     2.9936     3.5878     3.0744
    -1.5065     2.9936     3.5431     3.4138
    -1.6844     2.8926     3.5073     3.7060
    -1.8534     2.9385     3.3821     4.0833
    -2.0403     2.7732     3.1943     4.2436
    -2.2094     2.5528     2.9172     4.3002
    -2.3695     2.4335     2.6579     4.3663
    -2.5386     2.1949     2.4434     4.4323
    -2.6098     2.0573     2.1217     4.4606
    -2.6721     1.7821     1.7375     4.4229
    -2.7700     1.6171     1.5052     4.3757
    -2.7878     1.3696     1.2283     4.3663
    -2.8012     1.1130     0.9514     4.2248
    -2.8145     0.8657     0.6121     4.0173
    -2.8501     0.6276     0.2281     3.7438
    -2.7700     0.4079    -0.0843     3.4420
    -2.6899     0.1334    -0.3967     3.0650
    -2.5831    -0.1685    -0.6644     2.7257
    -2.5030    -0.4154    -0.9677     2.2735
    -2.3695    -0.6074    -1.2621     1.8685
    -2.1471    -0.8359    -1.4851     1.4918
    -2.0047    -1.0551    -1.6992     1.1247
    -1.7645    -1.1922    -1.9400     0.6918
    -1.4709    -1.3748    -2.1272     0.3625
    -1.2485    -1.5939    -2.2966    -0.0326
    -1.0173    -1.7947    -2.4214    -0.3805
    -0.7505    -1.8860    -2.5641    -0.6907
    -0.4392    -2.0411    -2.6086    -1.0291
    -0.2347    -2.1961    -2.6889    -1.3580
     0.0231    -2.2873    -2.7156    -1.5553
     0.3253    -2.4332    -2.7334    -1.8089
     0.5920    -2.4515    -2.7691    -2.0531
     0.8053    -2.4697    -2.7691    -2.2972
     1.0452    -2.4606    -2.7245    -2.4944
     1.3651    -2.4515    -2.6532    -2.6728
     1.5694    -2.4697    -2.5284    -2.8417
     1.7382    -2.4424    -2.4660    -2.9731
     1.9069    -2.3238    -2.2609    -3.0763
     2.1201    -2.2053    -2.0826    -3.1983
     2.2267    -2.1140    -1.9221    -3.2640
     2.3244    -2.0684    -1.8151    -3.3672
     2.4043    -1.8860    -1.5654    -3.3766
     2.4842    -1.7673    -1.4049    -3.2734
     2.5464    -1.5118    -1.1105    -3.3015
     2.6174    -1.3291    -0.8161    -3.2358
     2.5997    -1.0551    -0.5930    -3.2077
     2.5286    -0.9090    -0.3074    -3.1139
     2.4487    -0.6165    -0.0397    -2.9543
     2.4398    -0.3514     0.2817    -2.8511
     2.3244    -0.0496     0.5585    -2.6540
     2.1556     0.2249     0.8800    -2.4381
     2.0224     0.5727     1.1747    -2.2033
     1.8714     0.8291     1.4069    -1.9592
     1.6938     1.1405     1.7375    -1.7150
     1.4628     1.4338     2.0949    -1.4143
     1.2762     1.7088     2.3272    -1.0855
     1.0274     1.8555     2.4970    -0.8035
     0.7964     2.1307     2.7741    -0.4839
     0.5475     2.3784     2.9619    -0.1454
     0.3253     2.5253     3.1317     0.2120
     0.0497     2.7273     3.2569     0.6259
    -0.1636     2.7732     3.4179     1.0870
    -0.4215     2.8558     3.4626     1.4730
    -0.6526     2.8696     3.5252     1.8873
    -0.8839     2.8834     3.5341     2.2640
    -1.1329     2.8834     3.4805     2.6503
    -1.3819     2.8375     3.4447     3.0650
    -1.5688     2.7732     3.2927     3.3383
    -1.7645     2.6630     3.1854     3.6683
    -1.9335     2.4886     3.0691     3.9135
    -2.1560     2.3509     2.8635     4.1776
    -2.2717     2.1582     2.7116     4.3757
    -2.4318     1.9472     2.4970     4.4135
    -2.5119     1.7546     2.2110     4.4087
    -2.5831     1.6079     1.9430     4.4040
    -2.6632     1.3421     1.7285     4.2814
    -2.7344     1.1772     1.4337     4.0927
    -2.7433     0.8657     1.1390     3.8475
    -2.7077     0.6093     0.8174     3.5646
    -2.6543     0.4171     0.5406     3.2818
    -2.6187     0.1974     0.2103     2.9519
    -2.5297    -0.1502    -0.1468     2.6880
    -2.4140    -0.3606    -0.3877     2.2735
    -2.3339    -0.5708    -0.6911     1.9061
    -2.1293    -0.8450    -0.9588     1.4824
    -1.9424    -1.0186    -1.2711     1.0870
    -1.7912    -1.2378    -1.5119     0.6447
    -1.5065    -1.4570    -1.6813     0.3155
    -1.3286    -1.6578    -1.9043     0.0427
    -1.0528    -1.8586    -2.0380    -0.2206
    -0.7683    -2.0228    -2.1807    -0.5309
    -0.5370    -2.1870    -2.3768    -0.8317
    -0.3503    -2.3603    -2.4749    -1.2170
    -0.0569    -2.4879    -2.6086    -1.4895
     0.1920    -2.6156    -2.6889    -1.7525
     0.4586    -2.6156    -2.6978    -1.9404
     0.7697    -2.6520    -2.7423    -2.1658
     1.0363    -2.6976    -2.7869    -2.3536
     1.2762    -2.7250    -2.7958    -2.5695
     1.5516    -2.7614    -2.7780    -2.7572
     1.7648    -2.7888    -2.6532    -2.9356
     1.9602    -2.6703    -2.5997    -3.0857
     2.0935    -2.5882    -2.4927    -3.1983
     2.2622    -2.5700    -2.3144    -3.2921
     2.4043    -2.4788    -2.1718    -3.3391
     2.4931    -2.3329    -2.0380    -3.3484
     2.6441    -2.1597    -1.8508    -3.3391
     2.7595    -1.9863    -1.6813    -3.3109
     2.8217    -1.7308    -1.3870    -3.3109
     2.8039    -1.4844    -1.0837    -3.2452
     2.8305    -1.2470    -0.8161    -3.1795
     2.8483    -1.0277    -0.5841    -3.1139
     2.7418    -0.6897    -0.3163    -3.0294
     2.6441    -0.4337     0.0407    -2.8792
     2.5553    -0.1685     0.3174    -2.6634
     2.4043     0.2432     0.7103    -2.4474
     2.2356     0.4903     0.9961    -2.2409
     2.0846     0.7924     1.3444    -1.9216
     1.9425     1.1130     1.5588    -1.6398
     1.7026     1.3879     1.8625    -1.3486
     1.5250     1.7180     2.1664    -0.9727
     1.2762     1.9381     2.4166    -0.6907
     1.0541     2.1490     2.7116    -0.3147
     0.8141     2.4060     2.8546     0.0145
     0.6186     2.5712     3.0870     0.3625
     0.4320     2.7089     3.1943     0.8141
     0.1386     2.8099     3.3106     1.2376
    -0.1281     2.9477     3.4268     1.6707
    -0.3059     2.9293     3.4626     2.0945
    -0.5904     2.9569     3.4447     2.4713
    -0.8216     2.9201     3.3463     2.8671
    -1.0084     2.9201     3.3195     3.2629
    -1.2663     2.8099     3.2033     3.5929
    -1.4887     2.6997     3.0423     3.8569
    -1.6844     2.5528     2.8725     4.0927
    -1.7912     2.4702     2.6669     4.3285
    -1.9602     2.2775     2.3898     4.4040
    -2.1382     2.0757     2.1127     4.4606
    -2.2183     1.9197     1.8089     4.4606
    -2.3161     1.7638     1.5766     4.4323
    -2.3873     1.5713     1.2372     4.3474
    -2.4407     1.2963     1.0318     4.2248
    -2.4763     1.1039     0.7460     3.9229
    -2.4852     0.8199     0.4603     3.6212
    -2.4674     0.6368     0.0853     3.3289
    -2.4140     0.3713    -0.2539     2.9896
    -2.3428     0.1059    -0.5841     2.6974
    -2.2628    -0.1228    -0.7447     2.4242
    -2.0848    -0.3697    -1.0034     2.0568
    -1.9691    -0.6531    -1.2800     1.6519
    -1.7734    -0.8541    -1.5297     1.2471
    -1.5865    -1.1191    -1.6903     0.8612
    -1.3997    -1.2744    -1.9400     0.5695
    -1.1329    -1.4752    -2.0737     0.2872
    -0.9194    -1.7034    -2.2966    -0.0232
    -0.6971    -1.8951    -2.4125    -0.3711
    -0.4303    -2.0137    -2.5195    -0.6531
    -0.1992    -2.1597    -2.5997    -0.9163
     0.0942    -2.3238    -2.6889    -1.2452
     0.3875    -2.4059    -2.7423    -1.4989
     0.6719    -2.4332    -2.7423    -1.7056
     0.8852    -2.4971    -2.7780    -1.9310
     1.1696    -2.6520    -2.7780    -2.2033
     1.4184    -2.5882    -2.7691    -2.3911
     1.6493    -2.6338    -2.7156    -2.5132
     1.7737    -2.6247    -2.6175    -2.7103
     2.0224    -2.5609    -2.5284    -2.8792
     2.1912    -2.4241    -2.4303    -3.0482
     2.3688    -2.4241    -2.1896    -3.0951
     2.4931    -2.2326    -2.0737    -3.1608
     2.6530    -2.1323    -1.8954    -3.1983
     2.7418    -1.9955    -1.7170    -3.2452
     2.8039    -1.8038    -1.5208    -3.2828
     2.9105    -1.5574    -1.3157    -3.2828
     2.8927    -1.3200    -1.0391    -3.2265
     2.9105    -1.0277    -0.7625    -3.1420
     2.9282    -0.7536    -0.4324    -3.0576
     2.8572    -0.4794    -0.1825    -2.9356
     2.7684    -0.2417     0.1746    -2.8229
     2.6086     0.1334     0.4424    -2.5601
     2.5020     0.3713     0.7639    -2.3442
     2.2711     0.6917     1.0318    -2.0813
     2.0491     1.0031     1.3355    -1.8559
     1.8625     1.2505     1.7107    -1.5647
     1.7115     1.5713     1.9966    -1.2546
     1.4450     1.8005     2.3272    -0.9257
     1.1962     1.9656     2.5864    -0.5685
     1.0274     2.2041     2.8725    -0.2206
     0.6986     2.4519     3.0781     0.0803
     0.4942     2.5253     3.2390     0.5412
     0.2275     2.6997     3.4715     0.9459
    -0.0303     2.8283     3.6414     1.4165
    -0.2881     2.9752     3.7040     1.8496
    -0.5370     2.9844     3.6772     2.2264
    -0.7949     2.9936     3.7309     2.5844
    -1.0440     3.0395     3.7309     2.9707
    -1.2752     3.0487     3.6772     3.2912
    -1.4798     3.0028     3.6772     3.6400
    -1.6844     2.8375     3.5341     3.8758
    -1.8712     2.7824     3.4357     4.1493
    -1.9780     2.6079     3.1943     4.3663
    -2.1471     2.4978     2.9172     4.4418
    -2.3072     2.2775     2.6847     4.4229
    -2.3873     2.1032     2.3808     4.4323
    -2.5119     1.9472     2.0859     4.3946
    -2.5742     1.7088     1.7553     4.2814
    -2.6543     1.4521     1.5052     4.1304
    -2.6988     1.2047     1.1211     3.8664
    -2.6899     0.9756     0.7639     3.6023
    -2.6543     0.6368     0.4603     3.3289
    -2.6543     0.4445     0.0764     3.1310
    -2.5831     0.1517    -0.2717     2.8576
    -2.4852    -0.1319    -0.5841     2.5467
    -2.3606    -0.3788    -0.8250     2.1228
    -2.2272    -0.6440    -1.1194     1.7649
    -2.0492    -0.9364    -1.4227     1.3318
    -1.8890    -1.1282    -1.6457     0.9929
    -1.5865    -1.3474    -1.8865     0.7012
    -1.3908    -1.5574    -2.0737     0.2778
    -1.1329    -1.7126    -2.2520    -0.0043
    -0.8839    -1.9225    -2.4660    -0.2865
    -0.6526    -2.0958    -2.5819    -0.6343
    -0.3325    -2.2144    -2.6889    -0.9821
    -0.0747    -2.3056    -2.7334    -1.3016
     0.1742    -2.4150    -2.7780    -1.6116
     0.5120    -2.5335    -2.8404    -1.8746
     0.7342    -2.5882    -2.9206    -2.1752
     0.9830    -2.5973    -2.9384    -2.3442
     1.3029    -2.6247    -2.9206    -2.5319
     1.5250    -2.6976    -2.8404    -2.7478
     1.7559    -2.6612    -2.7423    -2.9074
     1.8981    -2.5973    -2.6175    -3.0106
     1.9958    -2.5062    -2.5641    -3.2077
     2.2001    -2.4332    -2.3590    -3.3297
     2.2889    -2.2965    -2.2253    -3.4892
     2.3954    -2.1961    -2.0202    -3.4798
     2.5109    -2.0502    -1.9132    -3.4892
     2.6530    -1.8768    -1.7170    -3.4985
     2.6885    -1.6852    -1.4405    -3.4047
     2.7773    -1.4205    -1.1462    -3.3297
     2.7861    -1.1830    -0.8696    -3.2828
     2.7418    -0.8816    -0.5662    -3.1795
     2.6707    -0.6714    -0.3610    -3.1326
     2.5819    -0.3697    -0.0486    -2.9356
     2.4487    -0.1319     0.2281    -2.7385
     2.3155     0.1608     0.5674    -2.4756
     2.1468     0.5178     0.8532    -2.2033
     2.0402     0.7466     1.1747    -1.9216
     1.8004     1.0489     1.4873    -1.6210
     1.6227     1.3421     1.7375    -1.3298
     1.4450     1.5988     2.0681    -0.9915
     1.1785     1.7913     2.2915    -0.6625
     0.8941     2.0481     2.5864    -0.3241
     0.6719     2.3234     2.7831    -0.0420
     0.4320     2.5161     2.9529     0.4472
     0.1742     2.6079     3.1407     0.7577
    -0.0836     2.7273     3.3106     1.2376
    -0.2614     2.8466     3.4268     1.6425
    -0.5104     2.8926     3.4357     2.0851
    -0.7594     2.9844     3.5341     2.4996
    -0.9817     2.9844     3.5162     2.8105
    -1.2129     2.8650     3.4626     3.1969
    -1.4531     2.8099     3.4089     3.5269
    -1.6132     2.6630     3.2927     3.8381
    -1.7556     2.6079     3.2122     4.0456
    -1.9513     2.4335     3.0244     4.3002
    -2.1115     2.2041     2.8188     4.3851
    -2.2450     1.9931     2.6490     4.4701
    -2.3250     1.8280     2.4166     4.4606
    -2.4051     1.6721     2.0770     4.4135
    -2.4941     1.5254     1.8089     4.3757
    -2.5297     1.2321     1.5766     4.1682
    -2.5653     1.0123     1.2908     4.0267
    -2.5831     0.8199     1.0228     3.7721
    -2.6009     0.5361     0.6478     3.5363
    -2.5386     0.3255     0.3710     3.2818
    -2.5386     0.0510     0.0139     2.9613
    -2.4229    -0.2600    -0.2628     2.6692
    -2.3339    -0.4886    -0.5484     2.3111
    -2.2005    -0.6440    -0.8785     1.8873
    -2.0314    -0.9090    -1.1194     1.4542
    -1.8179    -1.1282    -1.4227     1.0776
    -1.5510    -1.2835    -1.6457     0.7859
    -1.3731    -1.4752    -1.8686     0.5130
    -1.1329    -1.6943    -2.0113     0.2496
    -0.8305    -1.8951    -2.1361    -0.1172
    -0.5370    -2.0411    -2.2877    -0.4651
    -0.3148    -2.1140    -2.4303    -0.8411
    -0.1103    -2.2326    -2.5106    -1.1231
     0.2009    -2.3694    -2.5284    -1.3674
     0.4498    -2.4241    -2.6265    -1.5459
     0.7697    -2.4879    -2.6532    -1.7619
     1.0363    -2.4879    -2.6086    -1.9967
     1.2318    -2.5244    -2.6443    -2.1564
     1.5072    -2.4971    -2.5997    -2.3254
     1.6938    -2.4606    -2.5195    -2.4850
     1.8803    -2.4059    -2.4036    -2.6446
     2.0135    -2.3876    -2.3234    -2.8135
     2.2089    -2.2600    -2.1450    -2.8886
     2.3066    -2.1961    -2.0202    -2.9262
     2.4487    -2.0411    -1.8508    -2.9543
     2.5997    -1.8130    -1.6724    -3.0106
     2.6796    -1.6487    -1.4851    -2.9731
     2.7595    -1.4205    -1.1640    -3.0013
     2.7684    -1.1830    -0.8964    -2.8886
     2.8217    -0.8724    -0.6019    -2.8042
     2.7684    -0.6074    -0.3610    -2.7666
     2.6707    -0.4063    -0.1289    -2.6915
     2.5908    -0.0679     0.2281    -2.6164
     2.5553     0.2798     0.5406    -2.4099
     2.4132     0.5178     0.8174    -2.2409
     2.2445     0.8474     1.1032    -2.0061
     2.1379     1.1039     1.3801    -1.7525
     1.9602     1.3604     1.7285    -1.4707
     1.7204     1.6996     1.9787    -1.1794
     1.4983     1.9197     2.3004    -0.9069
     1.2495     2.2224     2.5417    -0.5591
     0.9385     2.4152     2.7562    -0.2582
     0.7164     2.5620     2.9261     0.0897
     0.4853     2.7824     3.1138     0.5130
     0.2631     2.9477     3.2390     0.9176
    -0.0392     2.9569     3.3821     1.2847
    -0.2703     3.0303     3.4536     1.7460
    -0.4837     3.0671     3.5431     2.1416
    -0.7060     3.0579     3.5788     2.4807
    -0.9639     3.0120     3.5341     2.8671
    -1.2129     3.0074     3.4357     3.2064
    -1.3731     3.0028     3.3106     3.4986
    -1.5954     2.9201     3.2390     3.7909
    -1.7734     2.8007     3.0960     4.0078
    -1.9424     2.5987     2.9440     4.1682
    -2.0759     2.4427     2.7026     4.2342
    -2.2628     2.2224     2.4881     4.3002
    -2.3962     2.0481     2.3093     4.2625
    -2.4941     1.8280     1.9876     4.1870
    -2.6009     1.5896     1.7911     4.0173
    -2.6187     1.4154     1.5141     3.9229
    -2.6899     1.0855     1.2908     3.6683
    -2.6810     0.8382     0.9514     3.4326
    -2.6899     0.5727     0.6746     3.1310
    -2.6810     0.2981     0.3442     2.8671
    -2.6009     0.0144     0.0496     2.5655
    -2.5297    -0.2691    -0.2449     2.2075
    -2.4140    -0.5343    -0.5305     1.8308
    -2.2805    -0.7902    -0.8071     1.4447
    -2.0937    -1.0369    -1.1105     1.1341
    -1.9602    -1.2744    -1.3335     0.7482
    -1.7556    -1.5209    -1.6189     0.3437
    -1.5154    -1.7308    -1.8329     0.0051
    -1.3375    -1.8586    -1.9578    -0.1642
    -1.0262    -2.1140    -2.1718    -0.4557
    -0.7771    -2.2691    -2.3323    -0.8129
    -0.5548    -2.3876    -2.4214    -1.1325
    -0.2970    -2.4424    -2.5106    -1.3956
    -0.0303    -2.5700    -2.5641    -1.7056
     0.1920    -2.6429    -2.6354    -1.8840
     0.4764    -2.6429    -2.6621    -2.1282
     0.6986    -2.7341    -2.7245    -2.2784
     0.9741    -2.7067    -2.7512    -2.5132
     1.2051    -2.7432    -2.6799    -2.6446
     1.4628    -2.6794    -2.5730    -2.7948
     1.7115    -2.5882    -2.4749    -2.9543
     1.8803    -2.5153    -2.3590    -3.0951
     2.0047    -2.4059    -2.2699    -3.2171
     2.1201    -2.3147    -2.1094    -3.2265
     2.2622    -2.1505    -1.9043    -3.2452
     2.3422    -1.9590    -1.7170    -3.2358
     2.4398    -1.7217    -1.4227    -3.2452
     2.5464    -1.5574    -1.0837    -3.2452
     2.5464    -1.2561    -0.8518    -3.1702
     2.5464    -0.9821    -0.5841    -3.0482
     2.5997    -0.7536    -0.2896    -2.9543
     2.5819    -0.5251     0.0228    -2.8229
     2.5020    -0.1868     0.2639    -2.5789
     2.4398     0.0785     0.6746    -2.4099
     2.3333     0.4537     0.9246    -2.1752
     2.2178     0.7375     1.3087    -1.9028
     1.9780     1.0397     1.6034    -1.6210
     1.8625     1.3513     1.9519    -1.3204
     1.6760     1.5896     2.2021    -0.9915
     1.4184     1.9289     2.5328    -0.6625
     1.1874     2.1766     2.7652    -0.3429
     0.9741     2.4335     2.9082    -0.0043
     0.7342     2.6171     3.1049     0.4189
     0.4409     2.8191     3.2480     0.8612
     0.2009     3.0303     3.3821     1.3035
    -0.0303     3.0120     3.4089     1.7178
    -0.2347     3.0120     3.5431     2.1039
    -0.5370     3.0120     3.5878     2.4430
    -0.6971     3.0579     3.6146     2.8011
    -0.9995     3.1038     3.5699     3.1215
    -1.2040     3.0671     3.4715     3.4326
    -1.3908     3.0487     3.4179     3.6778
    -1.5865     3.0211     3.2480     3.9701
    -1.7556     2.9017     3.0870     4.2059
    -1.9424     2.7548     2.9082     4.4418
    -2.0848     2.5620     2.7473     4.4984
    -2.1738     2.4335     2.5149     4.5267
    -2.3784     2.2408     2.2825     4.5455
    -2.4674     2.0023     2.0234     4.4984
    -2.5653     1.8097     1.8089     4.5172
    -2.5831     1.5438     1.5677     4.4040
    -2.6276     1.3513     1.2372     4.1682
    -2.6454     1.0397     0.9603     3.8569
    -2.6988     0.7833     0.6656     3.5175
    -2.6454     0.5635     0.3442     3.2724
    -2.6276     0.3438    -0.0039     2.9236
    -2.5030     0.0419    -0.2806     2.5938
    -2.3873    -0.2600    -0.5841     2.1604
    -2.2628    -0.4520    -0.8250     1.8025
    -2.1204    -0.7628    -1.1283     1.3788
    -1.9513    -0.9912    -1.4138     0.9647
    -1.7200    -1.2378    -1.6457     0.6071
    -1.4887    -1.4022    -1.8062     0.2120
    -1.2930    -1.6122    -2.0291    -0.0326
    -1.0795    -1.8677    -2.1985    -0.3617
    -0.7594    -2.0137    -2.2966    -0.7189
    -0.5193    -2.1232    -2.3947    -1.0009
    -0.2703    -2.3056    -2.5462    -1.3204
     0.0142    -2.3785    -2.5730    -1.5365
     0.3698    -2.4697    -2.6443    -1.7619
     0.5831    -2.5335    -2.6889    -2.0249
     0.8319    -2.6156    -2.7512    -2.2033
     1.1340    -2.6201    -2.7780    -2.4850
     1.3562    -2.6247    -2.6978    -2.6258
     1.6049    -2.6429    -2.6710    -2.8511
     1.8537    -2.5882    -2.5551    -2.9919
     2.0846    -2.5244    -2.4393    -3.1139
     2.2178    -2.4059    -2.2431    -3.2265
     2.4132    -2.3785    -2.1361    -3.3109
     2.5642    -2.2053    -1.9221    -3.3672
     2.6796    -2.0958    -1.7794    -3.4516
     2.7506    -1.9042    -1.4762    -3.4329
     2.7950    -1.6396    -1.1729    -3.3578
     2.8927    -1.4296    -0.8874    -3.2828
     2.9105    -1.2104    -0.6644    -3.2171
     2.8838    -0.9821    -0.3699    -3.1702
     2.8749    -0.6531    -0.1289    -3.0388
     2.8128    -0.3880     0.2460    -2.8792
     2.8039    -0.1777     0.5406    -2.7103
     2.6885     0.1334     0.8800    -2.4944
     2.6352     0.4445     1.1836    -2.2784
     2.4842     0.7558     1.5320    -1.9780
     2.3333     1.0214     1.7821    -1.6680
     2.1112     1.3604     2.1395    -1.3392
     1.8448     1.5529     2.4255    -1.0009
     1.5783     1.8647     2.6490    -0.6437
     1.3562     2.0390     2.8814    -0.2865
     1.0718     2.2316     3.0155     0.0427
     0.7964     2.4886     3.2122     0.4754
     0.5475     2.6263     3.3106     0.9082
     0.3253     2.7640     3.4000     1.2847
     0.0320     2.9477     3.4983     1.7084
    -0.1992     3.0120     3.5699     2.0568
    -0.3948     3.0074     3.6057     2.4996
    -0.6260     3.0028     3.5073     2.8482
    -0.8750     2.9890     3.4805     3.1687
    -1.0706     2.9752     3.3731     3.5080
    -1.2663     2.8742     3.3106     3.7815
    -1.4887     2.7365     3.0960     4.0550
    -1.6755     2.5896     2.8993     4.2719
    -1.8001     2.4886     2.6937     4.4323
    -1.9691     2.3234     2.4613     4.5078
    -2.1382     2.1123     2.2557     4.5455
    -2.2717     1.8647     1.9876     4.5172
    -2.3784     1.6905     1.7821     4.4795
    -2.4318     1.4888     1.4962     4.3380
    -2.4852     1.1680     1.2729     4.1210
    -2.4941     0.9298     0.9425     3.8664
    -2.4941     0.7100     0.5763     3.6495
    -2.4852     0.4445     0.3085     3.3289
    -2.4763     0.2157    -0.0307     3.0273
    -2.4318    -0.0953    -0.3253     2.7446
    -2.2805    -0.3331    -0.5751     2.3865
    -2.1560    -0.4886    -0.8071     1.9626
    -2.0314    -0.6988    -1.0213     1.5577
    -1.8179    -0.9455    -1.2621     1.1153
    -1.6132    -1.1465    -1.5386     0.8141
    -1.4620    -1.3565    -1.7438     0.4095
    -1.2218    -1.5026    -1.8954     0.0239
    -0.9372    -1.6669    -2.1272    -0.2394
    -0.7238    -1.8403    -2.2431    -0.5497
    -0.4659    -2.0319    -2.3947    -0.9351
    -0.2347    -2.1961    -2.4660    -1.2452
     0.0497    -2.2965    -2.5819    -1.5365
     0.3520    -2.3421    -2.6532    -1.7901
     0.5831    -2.4150    -2.6889    -2.0437
     0.8852    -2.4879    -2.6889    -2.2597
     1.1874    -2.5609    -2.7245    -2.4005
     1.4450    -2.5791    -2.6710    -2.6164
     1.7204    -2.5335    -2.5997    -2.8135
     1.8803    -2.5609    -2.5195    -2.9449
     2.1112    -2.5700    -2.3947    -3.1045
     2.2622    -2.4697    -2.2253    -3.2546
     2.3777    -2.4515    -2.0826    -3.3297
     2.5020    -2.3329    -2.0024    -3.3297
     2.6707    -2.1779    -1.8329    -3.3766
     2.7240    -1.9955    -1.5654    -3.4047
     2.7950    -1.7856    -1.3067    -3.3297
     2.8483    -1.5848    -1.0570    -3.2265
     2.9016    -1.3109    -0.7358    -3.1795
     2.8572    -1.0825    -0.4859    -3.1045
     2.7950    -0.8816    -0.2539    -2.9825
     2.8039    -0.5891     0.0675    -2.8323
     2.7240    -0.2691     0.4692    -2.7103
     2.6441    -0.0222     0.7639    -2.5319
     2.4842     0.3347     1.0675    -2.3066
     2.3688     0.5910     1.4069    -2.0061
     2.2356     0.8749     1.7017    -1.7619
     2.0047     1.1497     2.0234    -1.4801
     1.8181     1.4888     2.2468    -1.1137
     1.6049     1.7088     2.4613    -0.8317
     1.3828     1.9564     2.7026    -0.5121
     1.1074     2.1582     2.8188    -0.2582
     0.7964     2.3601     2.9350     0.0803
     0.5475     2.5620     3.0960     0.5224
     0.3520     2.6814     3.1407     0.9270
     0.0586     2.8007     3.2390     1.3035
    -0.1369     2.9109     3.2658     1.7555
    -0.3592     2.9017     3.2033     2.2264
    -0.5904     2.9063     3.1854     2.6597
    -0.8394     2.9109     3.1228     3.0744
    -1.0617     2.9293     3.0066     3.4326
    -1.2485     2.8007     2.8725     3.7909
    -1.4086     2.7456     2.7473     4.1210
    -1.5954     2.5437     2.6311     4.3474
    -1.7378     2.5345     2.3987     4.4606
    -1.8357     2.2867     2.1932     4.5267
    -1.9424     2.1399     1.9787     4.5267
    -2.0581     2.0023     1.8089     4.5455
    -2.0937     1.7271     1.5677     4.5172
    -2.1293     1.5988     1.2551     4.3946
    -2.2183     1.3513     1.0139     4.2342
    -2.2539     1.0397     0.7281     3.8852
    -2.2539     0.8565     0.4156     3.6872
    -2.2183     0.6185     0.1032     3.3855
    -2.1916     0.3164    -0.2360     3.1687
    -2.0848     0.0693    -0.5127     2.8482
    -2.0047    -0.2417    -0.7714     2.4336
    -1.8801    -0.3971    -1.0391     2.0945
    -1.6844    -0.6257    -1.2978     1.6990
    -1.4887    -0.8816    -1.5030     1.3035
    -1.2752    -1.1100    -1.7884     0.9647
    -1.0795    -1.3383    -1.9578     0.6259
    -0.8661    -1.4844    -2.1272     0.3531
    -0.6082    -1.7217    -2.3323    -0.0043
    -0.3592    -1.8586    -2.4393    -0.3053
    -0.1192    -2.0137    -2.6175    -0.6437
     0.0764    -2.1323    -2.7067    -0.9727
     0.3520    -2.2509    -2.7512    -1.3016
     0.6897    -2.3421    -2.8136    -1.6022
     0.9652    -2.3421    -2.8493    -1.8371
     1.2051    -2.4332    -2.8404    -2.1282
     1.5339    -2.5153    -2.8226    -2.3254
     1.8004    -2.4788    -2.8047    -2.5319
     1.9425    -2.4697    -2.6889    -2.7666
     2.1468    -2.4241    -2.6354    -2.9168
     2.3066    -2.4332    -2.4749    -3.0013
     2.4310    -2.3603    -2.3858    -3.1889
     2.5464    -2.3056    -2.1985    -3.2734
     2.6885    -2.1323    -2.0380    -3.3015
     2.7861    -1.9863    -1.8329    -3.3297
     2.8305    -1.8403    -1.6278    -3.3391
     2.8394    -1.7217    -1.3870    -3.3203
     2.8483    -1.5483    -1.1016    -3.2546
     2.8217    -1.2744    -0.8428    -3.1608
     2.7506    -1.1100    -0.5305    -3.1702
     2.6707    -0.8176    -0.2896    -3.0576
     2.5730    -0.6257     0.0318    -2.8886
     2.5020    -0.3606     0.3710    -2.7103
     2.3510    -0.0496     0.7907    -2.5038
     2.2001     0.3072     1.0854    -2.2409
     2.1024     0.5910     1.3801    -1.9873
     1.8981     0.9023     1.5945    -1.6962
     1.6849     1.1497     1.8804    -1.4707
     1.4095     1.4979     2.1574    -1.1888
     1.1518     1.7821     2.3362    -0.8787
     0.8497     1.9839     2.5864    -0.5121
     0.6008     2.3050     2.7026    -0.2112
     0.3609     2.4060     2.8278     0.0897
     0.0586     2.5804     2.9440     0.5883
    -0.2347     2.7181     3.0691     0.8988
    -0.4837     2.9017     3.1138     1.3506
    -0.6971     2.9017     3.1943     1.7743
    -0.9283     2.9844     3.2301     2.1887
    -1.2040     2.9569     3.2122     2.6221
    -1.3731     2.9477     3.1407     2.9330
    -1.6132     2.9109     3.0513     3.3195
    -1.7289     2.8558     2.9708     3.6683
    -1.9246     2.6905     2.8278     4.0361
    -2.0581     2.6079     2.7026     4.3285
    -2.2183     2.5253     2.4881     4.4418
    -2.3428     2.3417     2.3093     4.4559
    -2.4496     2.1490     2.0949     4.4701
    -2.5920     1.9839     1.8179     4.4984
    -2.6365     1.8463     1.5498     4.4701
    -2.6365     1.5804     1.3533     4.4701
    -2.6721     1.3879     1.1032     4.3191
    -2.6899     1.1405     0.7907     3.9890
    -2.6899     0.8840     0.4692     3.7060
    -2.6187     0.7009     0.1835     3.4326
    -2.5653     0.3988    -0.1914     3.1781
    -2.4496     0.1334    -0.4502     2.8388
    -2.2894    -0.1685    -0.7001     2.4430
    -2.1382    -0.3240    -1.0213     2.0851
    -2.0225    -0.5343    -1.3246     1.6895
    -1.8001    -0.8267    -1.5297     1.3977
    -1.5777    -1.0825    -1.7527     1.0870
    -1.3908    -1.2104    -1.9132     0.8141
    -1.1952    -1.3931    -2.1005     0.4660
    -0.9283    -1.6122    -2.2966     0.1085
    -0.6438    -1.8312    -2.4214    -0.2394
    -0.4303    -1.9225    -2.5373    -0.5685
    -0.1992    -2.0137    -2.5908    -0.8693
     0.0764    -2.0684    -2.6532    -1.1794
     0.3875    -2.2326    -2.7691    -1.4519
     0.7519    -2.3056    -2.7780    -1.6774
     1.0096    -2.3785    -2.7780    -1.9404
     1.3384    -2.3512    -2.7602    -2.2597
     1.5783    -2.4059    -2.7512    -2.4381
     1.8004    -2.4332    -2.6443    -2.6634
     1.9514    -2.3512    -2.5284    -2.8229
     2.1201    -2.3329    -2.3679    -3.0294
     2.2622    -2.3147    -2.3234    -3.1702
     2.4132    -2.2326    -2.1807    -3.3203
     2.5198    -2.0867    -2.0113    -3.3672
     2.5553    -1.9316    -1.7438    -3.3766
     2.6796    -1.8312    -1.5119    -3.4516
     2.7506    -1.6122    -1.2621    -3.4329
     2.8217    -1.3657    -0.9588    -3.3391
     2.8572    -1.1556    -0.6911    -3.2546
     2.7861    -0.9729    -0.3877    -3.1702
     2.7418    -0.6897    -0.1289    -3.0763
     2.6441    -0.4520     0.2281    -2.9543
     2.5020    -0.2234     0.4603    -2.7854
     2.3954     0.1334     0.7728    -2.5507
     2.2977     0.4628     1.0586    -2.3160
     2.0757     0.7100     1.3712    -2.0437
     1.8981     1.0214     1.7017    -1.7150
     1.7204     1.2321     1.9162    -1.4237
     1.5250     1.5071     2.1753    -1.1513
     1.2762     1.7638     2.3719    -0.7847
     1.0363     2.0298     2.6222    -0.4557
     0.8408     2.1949     2.7831    -0.1266
     0.5831     2.4335     2.8903     0.1555
     0.2986     2.5620     3.0066     0.5601
     0.0497     2.7273     3.2033     1.0117
    -0.1814     2.8099     3.3016     1.3883
    -0.4303     2.8466     3.3284     1.8214
    -0.7416     2.8466     3.3374     2.2452
    -0.9728     2.8466     3.3374     2.6880
    -1.1863     2.8926     3.3195     3.0838
    -1.3908     2.7824     3.2301     3.4798
    -1.5599     2.6538     3.1049     3.8381
    -1.8001     2.5896     2.9529     4.1682
    -1.8979     2.5345     2.7920     4.3663
    -2.0759     2.4243     2.6222     4.4512
    -2.1738     2.2224     2.4166     4.4889
    -2.3072     2.0848     2.1574     4.5644
    -2.3517     1.8463     1.8983     4.5550
    -2.4229     1.7180     1.6571     4.5267
    -2.5386     1.5163     1.3980     4.5078
    -2.5564     1.2230     1.1032     4.3474
    -2.5297     0.9481     0.8800     4.0550
    -2.5564     0.7741     0.5317     3.8286
    -2.4852     0.4811     0.2549     3.5363
    -2.4585     0.2157    -0.0843     3.2818
    -2.3161    -0.0039    -0.3877     2.9048
    -2.2183    -0.3240    -0.7179     2.5184
    -2.0937    -0.4794    -0.9677     2.1039
    -1.9157    -0.6622    -1.2264     1.6990
    -1.6933    -0.9181    -1.4405     1.4259
    -1.4976    -1.1282    -1.7348     1.1435
    -1.3019    -1.3109    -1.8954     0.8141
    -1.0262    -1.4844    -2.1094     0.4848
    -0.8305    -1.6213    -2.2966     0.0803
    -0.5726    -1.7765    -2.4482    -0.2394
    -0.3770    -1.8768    -2.5730    -0.5027
    -0.0658    -1.9681    -2.6889    -0.8129
     0.2275    -2.1049    -2.7423    -1.1231
     0.4942    -2.1505    -2.7869    -1.4519
     0.7786    -2.2235    -2.8047    -1.7244
     1.1518    -2.2235    -2.8493    -2.0249
     1.4006    -2.2509    -2.8136    -2.2878
     1.6582    -2.2235    -2.8136    -2.4756
     1.9069    -2.2691    -2.6621    -2.6352
     2.1379    -2.2417    -2.5730    -2.8135
     2.3244    -2.2144    -2.4303    -2.9731
     2.4754    -2.0867    -2.3234    -3.1514
     2.5553    -1.9955    -2.1183    -3.2734
     2.6352    -1.9225    -2.0380    -3.3766
     2.8128    -1.7947    -1.8686    -3.4329
     2.8927    -1.6578    -1.6100    -3.4610
     2.9371    -1.4296    -1.3067    -3.4704
     2.9904    -1.2926    -1.0837    -3.3954
     2.9460    -1.0551    -0.7893    -3.3578
     2.9726    -0.8633    -0.5841    -3.2734
     2.9016    -0.5891    -0.2360    -3.2171
     2.7684    -0.3423     0.1032    -3.0763
     2.6974    -0.1319     0.4513    -2.8886
     2.5464     0.1791     0.7639    -2.6540
     2.4221     0.5269     1.0318    -2.4381
     2.1912     0.7650     1.3533    -2.1752
     2.0135     1.0764     1.6302    -1.8465
     1.8625     1.3421     1.9072    -1.5741
     1.6316     1.5346     2.1306    -1.2640
     1.3384     1.7363     2.3630    -1.0197
     1.1252     2.0390     2.5864    -0.6343
     0.8497     2.2224     2.8367    -0.2771
     0.5386     2.3601     2.9976     0.0615
     0.2809     2.5620     3.1138     0.4660
     0.0320     2.5620     3.2301     0.8141
    -0.2614     2.6171     3.3284     1.2659
    -0.5015     2.6355     3.4268     1.5671
    -0.7949     2.6400     3.4000     2.0191
    -0.9906     2.6446     3.3553     2.4525
    -1.2752     2.5345     3.2658     2.8199
    -1.4887     2.5437     3.2301     3.1781
    -1.7022     2.4335     3.0960     3.5835
    -1.9157     2.3326     2.9440     3.9041
    -2.0670     2.2224     2.8367     4.1776
    -2.1560     2.0757     2.6847     4.3474
    -2.3339     1.9289     2.4523     4.4323
    -2.4318     1.6905     2.2378     4.4418
    -2.5297     1.5621     1.9698     4.4606
    -2.6454     1.3329     1.6928     4.4323
    -2.6543     1.0581     1.4158     4.3191
    -2.6810     0.8382     1.2104     4.1210
    -2.7077     0.6185     0.9961     3.7815
    -2.7344     0.3438     0.7192     3.4892
    -2.6721     0.0968     0.3442     3.1781
    -2.5920    -0.1502    -0.0307     2.8765
    -2.5297    -0.4428    -0.2985     2.5749
    -2.4407    -0.6440    -0.5751     2.2735
    -2.3072    -0.7993    -0.8785     1.9250
    -2.0670    -1.0277    -1.1283     1.6048
    -1.8890    -1.2744    -1.3781     1.2659
    -1.7022    -1.4205    -1.5832     0.9459
    -1.4620    -1.6122    -1.8329     0.6824
    -1.2396    -1.7217    -1.9935     0.2778
    -1.0262    -1.8951    -2.2075    -0.0420
    -0.7683    -2.0319    -2.3501    -0.3617
    -0.5815    -2.1232    -2.4303    -0.6907
    -0.2792    -2.2053    -2.5373    -0.9257
    -0.0303    -2.2417    -2.5997    -1.1888
     0.2364    -2.2509    -2.6443    -1.4707
     0.5209    -2.2417    -2.6265    -1.7619
     0.8319    -2.2463    -2.6799    -2.0343
     1.1340    -2.2509    -2.6354    -2.2033
     1.4539    -2.3238    -2.5730    -2.4474
     1.7204    -2.2873    -2.4393    -2.6352
     1.9158    -2.2144    -2.3144    -2.8229
     2.0579    -2.1961    -2.1718    -2.9731
     2.2622    -2.0867    -2.0024    -3.1420
     2.3688    -2.0046    -1.7527    -3.2828
     2.5109    -1.8677    -1.6724    -3.3484
     2.6263    -1.8312    -1.4940    -3.3954
     2.6441    -1.6487    -1.2978    -3.4610
     2.7418    -1.4205    -1.0570    -3.4892
     2.8039    -1.2287    -0.8161    -3.4141
     2.8128    -0.9912    -0.4413    -3.3578
     2.7684    -0.7810    -0.1200    -3.3203
     2.7595    -0.5617     0.1924    -3.2358
     2.6885    -0.3240     0.5049    -3.0857
     2.5286    -0.0039     0.7907    -2.8886
     2.4132     0.2889     1.0586    -2.7197
     2.3155     0.5452     1.3712    -2.4568
     2.1290     0.8840     1.7017    -2.1752
     1.9780     1.1039     1.9519    -1.8840
     1.7648     1.3421     2.2021    -1.5835
     1.5783     1.6813     2.3987    -1.2828
     1.2940     1.8922     2.6222    -0.9915
     1.0630     2.0757     2.8278    -0.6155
     0.7786     2.3601     2.9708    -0.2771
     0.5920     2.4335     3.1138     0.0615
     0.2898     2.5528     3.2569     0.4472
     0.0409     2.6905     3.3463     0.8047
    -0.2258     2.7548     3.4357     1.1812
    -0.4481     2.7456     3.4179     1.5954
    -0.6526     2.7640     3.4089     1.9532
    -0.9372     2.7640     3.3821     2.3488
    -1.1596     2.6905     3.3106     2.7540
    -1.3553     2.5987     3.2658     3.1498
    -1.5599     2.5069     3.1317     3.5740
    -1.8179     2.3876     2.9797     3.9135
    -1.9869     2.2775     2.7831     4.2625
    -2.0848     2.1215     2.5775     4.4512
    -2.2450     1.9931     2.3719     4.4701
    -2.3784     1.7730     2.1574     4.4606
    -2.4941     1.6263     1.8447     4.4606
    -2.5653     1.3788     1.5945     4.4889
    -2.5920     1.1497     1.3087     4.4701
    -2.6632     0.9115     1.0675     4.3002
    -2.6454     0.6551     0.7728     3.9229
    -2.6365     0.4628     0.4603     3.7155
    -2.5831     0.1242     0.1032     3.3572
    -2.5564    -0.1136    -0.2003     3.0461
    -2.4496    -0.3697    -0.5038     2.6692
    -2.3072    -0.6531    -0.7893     2.3394
    -2.2094    -0.8085    -1.0659     2.0191
    -1.9869    -1.1008    -1.3424     1.6425
    -1.8357    -1.2013    -1.5565     1.3600
    -1.5954    -1.4661    -1.8329     1.0494
    -1.3908    -1.6122    -2.0380     0.7671
    -1.2040    -1.7217    -2.2164     0.4283
    -0.9906    -1.8038    -2.3501     0.0521
    -0.7238    -1.9316    -2.4749    -0.2488
    -0.4303    -2.0228    -2.5730    -0.5591
    -0.2081    -2.1597    -2.7067    -0.8223
     0.0586    -2.1961    -2.7780    -1.0761
     0.4231    -2.2600    -2.7691    -1.3674
     0.7164    -2.2417    -2.7958    -1.5835
     1.0096    -2.2372    -2.8047    -1.8465
     1.3206    -2.2326    -2.7423    -2.0437
     1.6227    -2.2281    -2.6799    -2.3066
     1.8981    -2.2235    -2.6354    -2.4756
     2.0846    -2.1140    -2.4749    -2.6446
     2.2800    -2.0958    -2.3412    -2.8229
     2.4842    -1.9772    -2.1985    -2.9731
     2.6618    -1.8495    -2.0470    -3.0763
     2.7506    -1.7582    -1.8775    -3.2734
     2.8927    -1.6487    -1.6813    -3.3203
     2.9726    -1.4661    -1.4762    -3.3391
     3.0081    -1.2744    -1.1908    -3.3015
     2.9726    -1.0369    -0.9320    -3.2640
     2.9460    -0.7719    -0.6822    -3.2171
     2.9637    -0.6165    -0.3788    -3.2171
     2.9504    -0.3971    -0.1378    -3.0857
     2.9371    -0.1319     0.1478    -2.9262
     2.9282     0.2249     0.5049    -2.8042
     2.8749     0.5452     0.7907    -2.5601
     2.6796     0.7833     1.0407    -2.3348
     2.4487     0.9756     1.3980    -1.9967
     2.2267     1.3238     1.6302    -1.7807
     2.0668     1.5163     1.9162    -1.5083
     1.8270     1.8097     2.1574    -1.1607
     1.6405     1.9381     2.3540    -0.8505
     1.3295     2.1766     2.4970    -0.5497
     1.0896     2.3968     2.6669    -0.2300
     0.8141     2.4794     2.8456     0.0991
     0.5831     2.6722     2.9350     0.4095
     0.2720     2.7181     3.0691     0.7482
    -0.0392     2.7915     3.0870     1.1247
    -0.2525     2.7824     3.1138     1.4730
    -0.5193     2.7273     3.1138     1.8308
    -0.7949     2.6263     3.0781     2.2735
    -1.0706     2.5804     2.9440     2.6597
    -1.3375     2.4335     2.8725     3.0273
    -1.5332     2.3693     2.7026     3.3289
    -1.6933     2.1857     2.5864     3.6778
    -1.8979     2.0206     2.4077     3.9795
    -2.0759     1.9197     2.2200     4.1965
    -2.2628     1.6813     2.0591     4.3285
    -2.3339     1.4888     1.8089     4.3097
    -2.4674     1.3421     1.6124     4.3285
    -2.5208     1.0581     1.2908     4.1493
    -2.5742     0.8199     1.0675     3.9512
    -2.6187     0.6459     0.8085     3.7155
    -2.6365     0.3255     0.5763     3.4609
    -2.6632     0.0876     0.2549     3.2064
    -2.6454    -0.1777    -0.0664     2.9236
    -2.5653    -0.4886    -0.4145     2.6786
    -2.4585    -0.7171    -0.6644     2.3394
    -2.3695    -0.8816    -0.9142     2.0003
    -2.2183    -1.0917    -1.1818     1.6519
    -2.0314    -1.3017    -1.4316     1.3318
    -1.8268    -1.5483    -1.6546     0.9741
    -1.6132    -1.6578    -1.9043     0.7671
    -1.4086    -1.8403    -2.0648     0.3719
    -1.1863    -1.9316    -2.2966     0.0803
    -0.9906    -2.0776    -2.3947    -0.2394
    -0.7060    -2.1779    -2.5373    -0.5685
    -0.4570    -2.2235    -2.6799    -0.8599
    -0.2081    -2.2965    -2.7780    -1.0667
     0.0409    -2.4059    -2.8226    -1.3486
     0.3075    -2.4424    -2.9028    -1.5647
     0.5920    -2.4241    -2.9295    -1.8183
     0.8586    -2.4332    -2.9741    -2.0437
     1.2495    -2.3694    -2.9117    -2.2691
     1.4805    -2.3238    -2.8226    -2.4568
     1.7204    -2.3147    -2.7423    -2.6258
     1.9336    -2.2235    -2.5373    -2.7009
     2.1556    -2.1323    -2.3768    -2.8886
     2.3155    -2.0228    -2.2609    -3.0576
     2.3688    -1.9316    -2.1896    -3.2171
     2.5286    -1.7765    -1.9845    -3.2921
     2.6352    -1.6304    -1.7616    -3.3484
     2.6885    -1.5026    -1.5386    -3.3297
     2.7240    -1.3565    -1.2978    -3.3484
     2.7595    -1.1282    -1.0391    -3.3672
     2.7506    -0.8907    -0.6822    -3.3484
     2.7418    -0.6348    -0.3967    -3.3672
     2.7240    -0.3788    -0.1021    -3.2077
     2.6618    -0.1868     0.2549    -3.0576
     2.5464     0.1883     0.5138    -2.8792
     2.4132     0.4445     0.7996    -2.7103
     2.2711     0.6826     1.1747    -2.4474
     2.0935     0.9298     1.4784    -2.1939
     1.8892     1.1588     1.7196    -1.8934
     1.7115     1.3788     2.0234    -1.6116
     1.5161     1.6354     2.2736    -1.3486
     1.2673     1.8922     2.4702    -1.0385
     1.0896     2.0481     2.6847    -0.7283
     0.7875     2.2959     2.8009    -0.4181
     0.5120     2.4702     2.9976    -0.1078
     0.3342     2.5069     3.1496     0.2402
     0.0764     2.6171     3.2033     0.5789
    -0.2081     2.6263     3.2480     0.9741
    -0.4837     2.6630     3.3106     1.3600
    -0.7149     2.5987     3.2927     1.7460
    -0.9372     2.5437     3.2748     2.1604
    -1.1863     2.4427     3.2033     2.5373
    -1.4620     2.3417     3.1228     2.8765
    -1.6755     2.2959     3.0334     3.2629
    -1.8534     2.0757     2.9082     3.5740
    -2.0136     1.9839     2.6937     3.8381
    -2.2361     1.8280     2.5149     4.0739
    -2.3695     1.5713     2.2736     4.1870
    -2.5119     1.4246     2.0859     4.3097
    -2.5564     1.1772     1.8089     4.2908
    -2.6276     1.0214     1.4873     4.1493
    -2.7611     0.8016     1.2283     3.9795
    -2.7522     0.5544     0.9693     3.7815
    -2.7611     0.2981     0.7103     3.5363
    -2.7789     0.0968     0.4335     3.2818
    -2.7745    -0.2051     0.0853     2.9707
    -2.7700    -0.4886    -0.2182     2.7446
    -2.6721    -0.6348    -0.5662     2.4807
    -2.6098    -0.8724    -0.8071     2.1133
    -2.4585    -1.1465    -1.0837     1.7178
    -2.2894    -1.3474    -1.3603     1.3883
    -2.1560    -1.4661    -1.5832     1.0588
    -1.8890    -1.6852    -1.7973     0.7765
    -1.6844    -1.7856    -1.9935     0.5695
    -1.4709    -1.9225    -2.1896     0.2590
    -1.1774    -2.0776    -2.3501    -0.0890
    -0.9283    -2.1870    -2.5106    -0.3711
    -0.6615    -2.2326    -2.5997    -0.6437
    -0.4037    -2.3056    -2.7245    -0.9539
    -0.1814    -2.3238    -2.7334    -1.1700
     0.1031    -2.4332    -2.8226    -1.4237
     0.4586    -2.4606    -2.8047    -1.6962
     0.6719    -2.3694    -2.8404    -1.8652
     1.0096    -2.3694    -2.8226    -2.1376
     1.2851    -2.2965    -2.8315    -2.2784
     1.6138    -2.2965    -2.7423    -2.4662
     1.8181    -2.1779    -2.6265    -2.6540
     2.0135    -2.0593    -2.4660    -2.8323
     2.2267    -2.0046    -2.2966    -2.9919
     2.3422    -1.8860    -2.1985    -3.1420
     2.4576    -1.7491    -2.0202    -3.2358
     2.6352    -1.5848    -1.8151    -3.3015
     2.7329    -1.4022    -1.5297    -3.2734
     2.7950    -1.2561    -1.2800    -3.3297
     2.8572    -0.9912    -1.0034    -3.3203
     2.8661    -0.8176    -0.7447    -3.2828
     2.9105    -0.5891    -0.4591    -3.1795
     2.9016    -0.2874    -0.1378    -3.0669
     2.8039     0.0236     0.1746    -2.9168
     2.7062     0.2615     0.4960    -2.7854
     2.5642     0.5452     0.7460    -2.5413
     2.4665     0.7924     1.0943    -2.3442
     2.3333     1.0397     1.3801    -2.0625
     2.1112     1.3604     1.7464    -1.7713
     1.9514     1.5713     1.9698    -1.5741
     1.7026     1.7913     2.2021    -1.2828
     1.4628     2.0023     2.4613    -0.9445
     1.2584     2.2316     2.6132    -0.6343
     0.9919     2.3968     2.7562    -0.3241
     0.7164     2.5253     2.9350     0.0145
     0.5120     2.6355     3.0960     0.3061
     0.1831     2.6722     3.1854     0.6918
    -0.0480     2.7548     3.2301     1.0682
    -0.3503     2.7365     3.1943     1.4918
    -0.5904     2.7732     3.1943     1.8685
    -0.9283     2.6905     3.1496     2.2358
    -1.1774     2.6171     3.0960     2.6503
    -1.3819     2.4794     3.0334     3.0650
    -1.6310     2.2959     2.9350     3.3949
    -1.7912     2.1582     2.8009     3.6683
    -2.0136     2.0023     2.5596     3.9890
    -2.1738     1.8555     2.4434     4.1776
    -2.3606     1.6538     2.1574     4.3757
    -2.4318     1.4613     1.9340     4.3851
    -2.5920     1.2321     1.6928     4.3474
    -2.7166     0.9298     1.4784     4.1493
    -2.7878     0.7283     1.1836     3.9607
    -2.8501     0.5269     0.9603     3.7249
    -2.8679     0.2615     0.6478     3.5080
    -2.9035     0.0693     0.3621     3.2441
    -2.8857    -0.2508     0.0139     2.9142
    -2.8590    -0.4703    -0.2806     2.7069
    -2.7878    -0.6988    -0.5484     2.3865
    -2.6988    -0.9181    -0.8428     2.0568
    -2.6187    -1.1100    -1.0748     1.6707
    -2.4852    -1.3657    -1.3692     1.3506
    -2.2717    -1.5118    -1.5386     1.0870
    -2.0759    -1.7126    -1.8151     0.7671
    -1.7823    -1.8495    -2.0024     0.5507
    -1.6043    -1.9407    -2.1540     0.2214
    -1.3375    -2.0684    -2.3412    -0.1642
    -1.0440    -2.2144    -2.4927    -0.4745
    -0.7949    -2.2965    -2.6532    -0.7753
    -0.5459    -2.3056    -2.7156    -1.0197
    -0.2792    -2.4332    -2.7869    -1.2640
    -0.0480    -2.4150    -2.8493    -1.5553
     0.2720    -2.4697    -2.8404    -1.7807
     0.4764    -2.4150    -2.8537    -1.9967
     0.7697    -2.4241    -2.8671    -2.2033
     1.0896    -2.4332    -2.7780    -2.3348
     1.3828    -2.3968    -2.6978    -2.5038
     1.6405    -2.3329    -2.6086    -2.7009
     1.8359    -2.1961    -2.4214    -2.8605
     2.0402    -2.0684    -2.3144    -2.9825
     2.2533    -1.9772    -2.1896    -3.1326
     2.3599    -1.8677    -1.9578    -3.2921
     2.4398    -1.7126    -1.8329    -3.3391
     2.5553    -1.5483    -1.5654    -3.4047
     2.6796    -1.3017    -1.2889    -3.4423
     2.7684    -1.1008    -1.0034    -3.4423
     2.7418    -0.8450    -0.7447    -3.3766
     2.7506    -0.6714    -0.4234    -3.3484
     2.7062    -0.3880    -0.1468    -3.1702
     2.6974    -0.1868     0.1567    -3.0951
     2.5730     0.1517     0.4692    -2.9262
     2.4754     0.3621     0.8353    -2.7103
     2.3866     0.6642     1.1211    -2.4944
     2.2533     0.9298     1.4962    -2.2315
     2.0579     1.2047     1.7821    -1.9310
     1.8803     1.4154     2.0055    -1.6586
     1.7559     1.6813     2.2289    -1.4143
     1.5516     1.9105     2.4434    -1.0949
     1.2940     2.0481     2.6937    -0.8035
     1.0363     2.3142     2.8635    -0.4651
     0.8141     2.3784     2.9887    -0.1360
     0.6008     2.5345     3.0960     0.2214
     0.3698     2.5620     3.2390     0.5977
     0.0942     2.6630     3.2748     1.0494
    -0.1547     2.6355     3.2837     1.4636
    -0.4126     2.6355     3.3284     1.8025
    -0.6971     2.5345     3.2927     2.1981
    -0.8661     2.5069     3.2211     2.5184
    -1.0884     2.4152     3.1317     2.8482
    -1.3286     2.3050     3.0334     3.2818
    -1.5421     2.2041     2.8278     3.5929
    -1.6933     1.9656     2.6758     3.9607
    -1.8623     1.8188     2.4523     4.1493
    -1.9691     1.6629     2.2915     4.3097
    -2.1382     1.4888     2.0323     4.3757
    -2.2894     1.2780     1.7821     4.3568
    -2.3517     0.9573     1.5677     4.2719
    -2.4852     0.7650     1.3444     4.0927
    -2.5297     0.5910     1.1479     3.9229
    -2.5653     0.3621     0.7996     3.6495
    -2.5920     0.0602     0.5496     3.3855
    -2.5831    -0.1319     0.1924     3.0461
    -2.6276    -0.3514    -0.1111     2.8105
    -2.5831    -0.6440    -0.4413     2.5090
    -2.4763    -0.8267    -0.7001     2.2169
    -2.3606    -1.0734    -1.0034     1.8685
    -2.2272    -1.2196    -1.2264     1.5106
    -2.0581    -1.4022    -1.4494     1.2565
    -1.8623    -1.6122    -1.7438     1.0494
    -1.5865    -1.7765    -1.9043     0.7671
    -1.4086    -1.9225    -2.1450     0.4566
    -1.1507    -1.9955    -2.2788     0.0145
    -0.9461    -2.0593    -2.4571    -0.2676
    -0.6971    -2.1597    -2.5730    -0.5309
    -0.4926    -2.2144    -2.6086    -0.8035
    -0.2614    -2.2965    -2.6978    -1.1043
    -0.0392    -2.3329    -2.7334    -1.3580
     0.2364    -2.2873    -2.7869    -1.5928
     0.5209    -2.2417    -2.8315    -1.7901
     0.7608    -2.2417    -2.7780    -2.0437
     1.0541    -2.1870    -2.7156    -2.2033
     1.3384    -2.2417    -2.6621    -2.3348
     1.5605    -2.1961    -2.5195    -2.5413
     1.8448    -2.0776    -2.3144    -2.7572
     1.9780    -1.9772    -2.2075    -2.8980
     2.1379    -1.8312    -2.0737    -3.0388
     2.3244    -1.7308    -1.9400    -3.1232
     2.4221    -1.5118    -1.7081    -3.1983
     2.4842    -1.3474    -1.4138    -3.2452
     2.5464    -1.1739    -1.1105    -3.2921
     2.5997    -0.9090    -0.8339    -3.2640
     2.6530    -0.6714    -0.5305    -3.2171
     2.6441    -0.4520    -0.2271    -3.1326
     2.6086    -0.2508     0.0496    -2.9919
     2.5819     0.1059     0.4246    -2.8417
     2.5286     0.3255     0.6924    -2.7291
     2.4398     0.6001     0.9961    -2.5319
     2.3155     0.9023     1.3533    -2.2315
     2.2356     1.0855     1.6302    -1.9967
     2.0491     1.4246     1.8625    -1.7338
     1.9247     1.6354     2.1664    -1.5271
     1.7204     1.9197     2.3987    -1.2358
     1.5072     2.1307     2.6043    -0.8975
     1.3206     2.2408     2.8278    -0.6061
     1.0896     2.4978     2.9529    -0.2865
     0.7964     2.5987     3.0870     0.0803
     0.5920     2.6722     3.1496     0.4566
     0.3164     2.7824     3.2927     0.8329
     0.0764     2.8466     3.3016     1.2094
    -0.1547     2.8099     3.3195     1.6330
    -0.4037     2.8007     3.3731     2.0568
    -0.6082     2.7089     3.3374     2.3677
    -0.8572     2.6538     3.2658     2.7634
    -1.0617     2.5161     3.1317     3.2158
    -1.2841     2.3693     3.0513     3.4798
    -1.4353     2.2683     2.8546     3.9135
    -1.6043     2.1123     2.7205     4.1304
    -1.7645     1.8555     2.4970     4.3474
    -1.9691     1.6538     2.3004     4.4040
    -2.0670     1.5071     2.0234     4.4701
    -2.1649     1.2413     1.7821     4.4701
    -2.2894     1.0214     1.5677     4.3191
    -2.4140     0.7558     1.2908     4.1965
    -2.5208     0.5635     1.0228     3.8852
    -2.5386     0.3530     0.7549     3.6683
    -2.5564     0.0968     0.3710     3.3478
    -2.5609    -0.1685     0.0228     3.0461
    -2.5653    -0.4428    -0.2003     2.8199
    -2.5119    -0.6165    -0.4859     2.4713
    -2.4318    -0.8267    -0.7804     2.1416
    -2.2717    -1.1282    -1.0837     1.7649
    -2.1827    -1.2652    -1.3157     1.4918
    -1.9958    -1.5209    -1.5476     1.1529
    -1.8268    -1.6122    -1.7170     0.9929
    -1.6043    -1.8221    -1.9310     0.6541
    -1.3908    -1.8951    -2.1361     0.2872
    -1.1863    -2.0319    -2.2699    -0.0608
    -0.9550    -2.1597    -2.3858    -0.3523
    -0.6882    -2.2417    -2.5195    -0.6437
    -0.4570    -2.2600    -2.6265    -0.9163
    -0.1814    -2.2417    -2.7602    -1.2546
     0.0497    -2.3329    -2.7602    -1.4801
     0.2986    -2.2873    -2.8760    -1.7619
     0.6097    -2.2691    -2.8582    -1.9780
     0.8230    -2.2417    -2.8226    -2.1658
     1.1074    -2.2691    -2.7780    -2.3723
     1.4184    -2.2053    -2.5997    -2.5319
     1.7026    -2.2144    -2.5462    -2.7666
     1.8981    -2.0593    -2.3858    -2.9168
     2.0402    -1.8951    -2.2342    -3.0200
     2.1823    -1.7856    -2.0826    -3.1326
     2.3777    -1.6213    -1.9132    -3.2452
     2.4931    -1.5300    -1.7170    -3.3672
     2.5286    -1.3474    -1.4316    -3.3484
     2.5819    -1.1008    -1.2264    -3.3954
     2.6796    -0.9729    -0.8607    -3.3578
     2.6707    -0.7719    -0.5841    -3.3672
     2.6530    -0.4794    -0.2896    -3.2546
     2.6707    -0.2142     0.0050    -3.1983
     2.5908     0.0144     0.3442    -3.0576
     2.5819     0.3804     0.7460    -2.9074
     2.4221     0.6368     1.0407    -2.7009
     2.3333     0.8291     1.3265    -2.4662
     2.2445     1.0764     1.6124    -2.1846
     2.1024     1.4063     1.8268    -1.9122
     1.9158     1.5713     2.1306    -1.5835
     1.7648     1.8372     2.3630    -1.3392
     1.5250     2.0665     2.6222    -0.9727
     1.3384     2.2224     2.8188    -0.6155
     1.1163     2.4794     2.9619    -0.2959
     0.8319     2.6079     3.1675     0.1273
     0.6631     2.6722     3.2927     0.5036
     0.4409     2.8375     3.3284     0.8612
     0.1653     2.8558     3.4089     1.2753
    -0.0658     2.8650     3.4447     1.6519
    -0.3592     2.8007     3.4179     2.0568
    -0.5904     2.7640     3.3821     2.4619
    -0.8127     2.6538     3.3195     2.8388
    -1.0084     2.6171     3.2390     3.2724
    -1.2129     2.4794     3.1585     3.6589
    -1.4353     2.3326     3.0155     4.0456
    -1.5954     2.2408     2.8725     4.2908
    -1.7467     1.9747     2.6490     4.4323
    -1.9424     1.7638     2.4613     4.4701
    -1.9958     1.5529     2.2468     4.4889
    -2.1827     1.3513     2.0144     4.4889
    -2.2272     1.1497     1.7285     4.4795
    -2.3873     0.9665     1.4784     4.3568
    -2.4674     0.6917     1.2283     4.0833
    -2.5030     0.5178     0.8978     3.8003
    -2.5030     0.2615     0.5853     3.4892
    -2.5208    -0.0862     0.2460     3.2818
    -2.4941    -0.2783    -0.0397     2.9990
    -2.4941    -0.4703    -0.3342     2.6880
    -2.4051    -0.7262    -0.6376     2.3300
    -2.2628    -0.9272    -0.9053     2.0097
    -2.2005    -1.1008    -1.1997     1.6613
    -2.0403    -1.3109    -1.4673     1.3506
    -1.8534    -1.4844    -1.6724     1.1529
    -1.6844    -1.6852    -1.8686     0.8235
    -1.4264    -1.7856    -2.1094     0.4095
    -1.1774    -1.9133    -2.2253     0.0709
    -0.9639    -1.9863    -2.4393    -0.2771
    -0.7416    -2.0958    -2.4927    -0.5497
    -0.4570    -2.1323    -2.5908    -0.8411
    -0.1903    -2.2600    -2.6978    -1.1607
     0.0053    -2.2509    -2.7067    -1.3956
     0.2898    -2.3147    -2.7602    -1.6868
     0.5742    -2.3329    -2.7691    -1.9592
     0.9119    -2.3329    -2.7067    -2.1752
     1.1607    -2.2691    -2.6443    -2.3254
     1.4006    -2.1870    -2.5551    -2.5413
     1.6227    -2.0867    -2.3768    -2.7385
     1.9069    -2.0137    -2.2164    -2.9262
     2.0757    -1.9590    -2.0737    -3.0763
     2.1912    -1.9042    -1.9132    -3.1420
     2.2977    -1.7673    -1.7527    -3.2546
     2.5198    -1.6122    -1.5119    -3.3203
     2.5997    -1.3657    -1.2889    -3.3484
     2.6530    -1.2287    -0.9767    -3.3672
     2.6974    -0.9912    -0.7179    -3.3484
     2.7151    -0.8633    -0.4413    -3.3860
     2.7418    -0.6531    -0.1825    -3.3391
     2.6885    -0.3606     0.1389    -3.2452
     2.6174    -0.0405     0.4871    -3.0951
     2.5997     0.2523     0.7817    -2.8792
     2.4842     0.5452     1.0764    -2.7103
     2.4754     0.7741     1.3891    -2.4850
     2.3599     0.9573     1.6571    -2.1752
     2.1645     1.2413     1.9251    -1.9404
     1.9780     1.5713     2.2289    -1.5928
     1.7826     1.7180     2.4345    -1.3580
     1.5960     1.9564     2.6132    -1.0667
     1.3473     2.0940     2.8367    -0.7001
     1.1429     2.3417     3.0066    -0.3335
     0.8941     2.4335     3.1317     0.0709
     0.6719     2.5987     3.2122     0.4472
     0.3698     2.6630     3.2658     0.8612
     0.1031     2.7089     3.3016     1.2753
    -0.0747     2.7181     3.3195     1.6519
    -0.3148     2.7273     3.3284     2.0003
    -0.5726     2.7365     3.2569     2.4054
    -0.8483     2.5712     3.1585     2.7728
    -1.0706     2.5345     3.0334     3.1781
    -1.2574     2.3417     2.9440     3.6023
    -1.4353     2.2867     2.8099     3.9795
    -1.6132     2.1399     2.6490     4.2719
    -1.8357     1.9014     2.4523     4.4135
    -1.9780     1.8188     2.1842     4.4889
    -2.0759     1.6263     1.9608     4.4701
    -2.2005     1.4338     1.7107     4.4842
    -2.3695     1.2230     1.4426     4.4984
    -2.4674     0.9481     1.2104     4.3097
    -2.4852     0.7009     0.9514     4.1304
    -2.5297     0.5361     0.6388     3.8192
    -2.6009     0.2523     0.3264     3.5175
    -2.6187    -0.1228    -0.0039     3.3101
    -2.6098    -0.2874    -0.2717     3.0933
    -2.4941    -0.4886    -0.5751     2.7917
    -2.4674    -0.6988    -0.8518     2.4336
    -2.3784    -0.9547    -1.0926     2.0568
    -2.2628    -1.1648    -1.3335     1.7178
    -2.0492    -1.3200    -1.5476     1.3883
    -1.8623    -1.4844    -1.7884     1.1906
    -1.6755    -1.6852    -2.0291     0.8518
    -1.5065    -1.8221    -2.1807     0.5036
    -1.3197    -1.9772    -2.3768     0.1085
    -1.0173    -2.0228    -2.4838    -0.1642
    -0.7238    -2.0867    -2.5551    -0.4745
    -0.5193    -2.2235    -2.6710    -0.7941
    -0.2170    -2.2235    -2.6621    -1.0855
     0.0942    -2.2782    -2.7602    -1.3674
     0.3964    -2.2600    -2.7869    -1.6304
     0.6542    -2.2965    -2.7869    -1.8652
     0.9297    -2.2691    -2.7602    -2.1094
     1.0985    -2.2509    -2.6978    -2.2972
     1.3739    -2.1140    -2.6443    -2.4662
     1.6405    -2.0502    -2.4838    -2.6915
     1.8359    -1.9681    -2.2966    -2.8792
     1.9602    -1.8951    -2.1540    -3.0482
     2.1379    -1.8586    -2.0737    -3.1420
     2.3777    -1.6943    -1.8775    -3.2640
     2.5020    -1.5574    -1.6546    -3.3391
     2.5730    -1.3291    -1.4049    -3.3954
     2.6796    -1.1282    -1.1283    -3.4329
     2.7151    -0.8998    -0.8339    -3.4047
     2.6974    -0.6988    -0.5127    -3.3954
     2.6441    -0.5068    -0.1914    -3.3766
     2.5642    -0.2142     0.1300    -3.2828
     2.5198     0.0693     0.4424    -3.1045
     2.5109     0.3072     0.7817    -2.8980
     2.4842     0.6368     1.1122    -2.6634
     2.4310     0.8291     1.4158    -2.4381
     2.3244     1.0489     1.7196    -2.1000
     2.1379     1.3879     1.9698    -1.7901
     1.9958     1.6079     2.2289    -1.4801
     1.7382     1.7546     2.4077    -1.2358
     1.5427     1.9747     2.6222    -0.8693
     1.2940     2.2316     2.8278    -0.5309
     1.0807     2.3876     3.0244    -0.2300
     0.8586     2.5620     3.2033     0.1085
     0.6186     2.6814     3.3106     0.4566
     0.3520     2.7365     3.4089     0.8706
     0.0942     2.8191     3.4089     1.2753
    -0.1192     2.8375     3.4089     1.6707
    -0.3503     2.7273     3.4089     2.0097
    -0.5993     2.6814     3.3284     2.4525
    -0.8038     2.6171     3.3106     2.8576
    -1.0706     2.4519     3.2033     3.2158
    -1.2129     2.3601     3.0870     3.7343
    -1.3997     2.2959     2.9082     4.0456
    -1.6310     2.0940     2.7205     4.3191
    -1.8090     1.9747     2.5060     4.4229
    -1.9513     1.7730     2.2915     4.4889
    -2.0670     1.5988     2.0234     4.4701
    -2.1827     1.3971     1.7643     4.4889
    -2.3161     1.1039     1.4337     4.3663
    -2.4229     0.9481     1.1479     4.2153
    -2.4941     0.7283     0.8889     4.0078
    -2.5119     0.4262     0.6388     3.7721
    -2.5475     0.1608     0.2906     3.4798
    -2.5297    -0.0496    -0.0218     3.1875
    -2.5475    -0.2965    -0.3074     2.9330
    -2.5030    -0.5343    -0.6644     2.5373
    -2.3784    -0.7993    -0.9053     2.1793
    -2.3250    -0.9455    -1.2175     1.8120
    -2.2361    -1.1374    -1.4762     1.5012
    -2.1026    -1.3748    -1.6903     1.2000
    -1.9246    -1.5574    -1.9132     0.9929
    -1.7289    -1.7034    -2.1361     0.6636
    -1.4976    -1.7673    -2.2520     0.3625
    -1.3286    -1.8951    -2.3947     0.0145
    -1.0617    -1.9772    -2.5373    -0.2865
    -0.7771    -2.0593    -2.6354    -0.6061
    -0.5726    -2.1688    -2.7691    -0.8881
    -0.2703    -2.2691    -2.7958    -1.2264
    -0.0214    -2.3329    -2.8671    -1.5083
     0.3342    -2.3421    -2.8939    -1.7431
     0.6275    -2.3603    -2.9028    -1.9592
     0.9030    -2.2600    -2.9295    -2.1752
     1.1340    -2.1961    -2.8671    -2.3630
     1.3562    -2.1140    -2.7156    -2.5977
     1.5605    -2.0684    -2.6175    -2.7197
     1.7915    -1.9772    -2.4125    -2.8511
     2.0047    -1.9316    -2.3055    -3.0106
     2.2178    -1.7582    -2.1183    -3.1608
     2.4043    -1.6396    -1.9667    -3.2640
     2.5553    -1.5026    -1.7973    -3.3015
     2.7062    -1.3200    -1.4584    -3.3578
     2.7506    -1.1100    -1.2175    -3.4047
     2.7418    -0.8907    -0.8785    -3.3484
     2.7151    -0.5983    -0.6019    -3.2921
     2.6974    -0.3788    -0.2985    -3.1795
     2.6974    -0.1777     0.0407    -3.0482
     2.6618     0.1608     0.3531    -2.8886
     2.6174     0.4079     0.7192    -2.7103
     2.5730     0.7009     1.0050    -2.4381
     2.5020     0.9390     1.3444    -2.1752
     2.4487     1.2230     1.6571    -1.8652
     2.2622     1.5163     1.9162    -1.5835
     2.1379     1.8005     2.1842    -1.3110
     1.9425     1.9289     2.3987    -1.0291
     1.7026     2.1766     2.6043    -0.8035
     1.4717     2.3417     2.8099    -0.4651
     1.1785     2.5528     2.9619    -0.1454
     0.9030     2.6263     3.0781     0.2590
     0.7253     2.7273     3.2033     0.6259
     0.4764     2.8650     3.2748     1.0400
     0.2275     2.8834     3.2927     1.4730
    -0.0836     2.9017     3.3284     1.8685
    -0.2970     2.8099     3.3284     2.3017
    -0.5815     2.7824     3.2569     2.6315
    -0.7416     2.6355     3.2748     2.9990
    -1.0084     2.5437     3.2122     3.3855
    -1.2485     2.4152     3.0423     3.7532
    -1.4442     2.2316     2.8903     4.0739
    -1.6132     2.0940     2.7473     4.3097
    -1.8179     1.9014     2.5238     4.4229
    -1.9780     1.6354     2.3272     4.5078
    -2.1115     1.4704     2.0323     4.4701
    -2.2094     1.2230     1.8357     4.4606
    -2.3161     0.9848     1.4962     4.3757
    -2.4229     0.8108     1.2372     4.2059
    -2.4941     0.5818     1.0407     3.9512
    -2.5208     0.2889     0.7549     3.6778
    -2.5831     0.0419     0.5049     3.3760
    -2.5653    -0.2874     0.1746     3.0650
    -2.5297    -0.4886    -0.2092     2.8105
    -2.4852    -0.7171    -0.4681     2.4996
    -2.4140    -0.9912    -0.7001     2.1604
    -2.3339    -1.1556    -1.0123     1.7460
    -2.2450    -1.4022    -1.1997     1.4730
    -2.0937    -1.5300    -1.4405     1.1059
    -1.8979    -1.6943    -1.6813     0.8988
    -1.7467    -1.8860    -1.9400     0.5507
    -1.5865    -1.9590    -2.0915     0.1650
    -1.3642    -2.1140    -2.2788    -0.1078
    -1.0440    -2.1779    -2.3768    -0.4557
    -0.8038    -2.2053    -2.4927    -0.7189
    -0.5282    -2.2965    -2.5997    -1.0291
    -0.2792    -2.3512    -2.6621    -1.3110
     0.0231    -2.4241    -2.6710    -1.6304
     0.3609    -2.4059    -2.6978    -1.8746
     0.6897    -2.3876    -2.7334    -2.0813
     0.9474    -2.3785    -2.6889    -2.3442
     1.1874    -2.3147    -2.6265    -2.5038
     1.4095    -2.2235    -2.5195    -2.6821
     1.6493    -2.1140    -2.4125    -2.8511
     1.8981    -2.0502    -2.2253    -3.0388
     2.0313    -1.9225    -2.0648    -3.2077
     2.1823    -1.7673    -1.9400    -3.2828
     2.4043    -1.6578    -1.7973    -3.3391
     2.5198    -1.4570    -1.6457    -3.4235
     2.7151    -1.3017    -1.3692    -3.4047
     2.7950    -1.0095    -1.0748    -3.4047
     2.8039    -0.7902    -0.7536    -3.4141
     2.7950    -0.5525    -0.4413    -3.3203
     2.7595    -0.3697    -0.0754    -3.2265
     2.7506    -0.0496     0.2549    -3.0951
     2.6441     0.2340     0.5496    -2.9449
     2.6530     0.4445     0.8353    -2.7572
     2.5997     0.7650     1.1568    -2.5413
     2.5375     0.9756     1.4873    -2.2784
     2.5020     1.1772     1.7643    -1.9592
     2.3688     1.5254     2.0591    -1.6774
     2.1734     1.7730     2.2647    -1.4050
     1.9425     1.9839     2.4613    -1.0761
     1.7826     2.1399     2.6758    -0.7753
     1.5516     2.4335     2.8278    -0.4745
     1.2762     2.5620     3.0423    -0.0702
     0.9919     2.6814     3.1138     0.2684
     0.8053     2.8283     3.2122     0.6636
     0.5475     2.8191     3.3284     1.0588
     0.2453     2.9109     3.3731     1.4353
    -0.0480     2.8650     3.4179     1.8308
    -0.2525     2.8466     3.3731     2.2923
    -0.4748     2.7824     3.3731     2.6503
    -0.7505     2.6446     3.3195     3.0084
    -0.9461     2.5712     3.2211     3.4326
    -1.2129     2.3784     3.1049     3.8192
    -1.4175     2.2959     2.9976     4.1116
    -1.6132     2.0573     2.8009     4.3757
    -1.7912     1.8922     2.6043     4.4606
    -1.9335     1.7363     2.3093     4.5550
    -2.1115     1.5071     2.0591     4.5550
    -2.2894     1.3055     1.8357     4.4984
    -2.4140     1.0672     1.5588     4.4229
    -2.4852     0.8291     1.2819     4.2625
    -2.5653     0.5452     1.0139     3.9890
    -2.5920     0.3438     0.7103     3.6872
    -2.5920     0.0785     0.4156     3.3478
    -2.5831    -0.2325     0.0407     3.0838
    -2.5742    -0.4246    -0.2092     2.7634
    -2.5564    -0.6257    -0.4681     2.5090
    -2.4318    -0.8907    -0.6555     2.1228
    -2.3784    -1.0917    -0.9142     1.7555
    -2.2094    -1.3109    -1.2443     1.4353
    -2.0670    -1.5118    -1.4316     1.1153
    -1.8801    -1.6213    -1.6189     0.9270
    -1.7289    -1.8130    -1.8419     0.6165
    -1.5154    -1.9225    -2.0380     0.2026
    -1.3019    -2.1049    -2.1718    -0.0984
    -1.1329    -2.0958    -2.3412    -0.4275
    -0.8750    -2.2053    -2.4393    -0.7095
    -0.5815    -2.3147    -2.5819    -0.9915
    -0.2614    -2.3603    -2.6175    -1.2734
     0.0053    -2.3968    -2.6978    -1.5647
     0.3342    -2.3512    -2.7423    -1.8559
     0.6808    -2.4059    -2.7423    -2.0625
     0.9208    -2.2782    -2.7334    -2.2784
     1.2318    -2.2782    -2.6799    -2.4662
     1.4361    -2.1870    -2.5195    -2.6540
     1.7115    -2.0867    -2.3768    -2.7948
     1.8803    -2.0411    -2.2520    -2.9543
     2.0313    -1.8586    -2.0648    -3.0482
     2.2445    -1.8038    -1.9667    -3.1702
     2.3866    -1.6122    -1.7884    -3.2546
     2.5198    -1.4387    -1.5030    -3.3015
     2.6885    -1.2470    -1.2175    -3.3297
     2.8394    -1.0460    -0.8874    -3.3109
     2.8527    -0.7719    -0.6644    -3.2921
     2.8661    -0.5800    -0.3699    -3.2171
     2.8572    -0.3423    -0.0218    -3.1139
     2.7773    -0.1045     0.2996    -3.0106
     2.6974     0.2340     0.6567    -2.8886
     2.6618     0.4354     0.9871    -2.7385
     2.6441     0.6826     1.2283    -2.5038
     2.5908     1.0031     1.5230    -2.2784
     2.4754     1.1955     1.8357    -1.9592
     2.3422     1.5163     2.1038    -1.6680
     2.1556     1.7638     2.3540    -1.4331
     2.0402     1.9931     2.5507    -1.1231
     1.8092     2.1490     2.7741    -0.8505
     1.5516     2.3968     2.9619    -0.5121
     1.2673     2.5620     3.0960    -0.1266
     1.0185     2.6446     3.2301     0.2402
     0.7253     2.8007     3.3284     0.6165
     0.5297     2.8191     3.3642     1.0776
     0.2275     2.8237     3.4357     1.4636
    -0.0747     2.8283     3.5162     1.8685
    -0.3148     2.8466     3.5252     2.2169
    -0.5104     2.7548     3.4447     2.6221
    -0.7505     2.6171     3.4089     2.9613
    -0.9372     2.5528     3.2748     3.3478
    -1.2040     2.4243     3.1675     3.7060
    -1.3731     2.2591     2.9708     4.0550
    -1.5954     2.0848     2.8367     4.3285
    -1.7556     1.9839     2.5953     4.4135
    -1.9513     1.7546     2.3451     4.4606
    -2.0581     1.5529     2.0949     4.5078
    -2.2361     1.3146     1.8000     4.4606
    -2.3339     0.9939     1.5766     4.2908
    -2.4318     0.8016     1.2640     4.1682
    -2.4674     0.5452     0.9871     3.9890
    -2.5475     0.2706     0.6656     3.6778
    -2.5653     0.0693     0.3531     3.3666
    -2.6187    -0.2417     0.0675     3.0367
    -2.5653    -0.4520    -0.2628     2.7728
    -2.5742    -0.6074    -0.5305     2.4525
    -2.5208    -0.8085    -0.7893     2.1416
    -2.3962    -1.0277    -1.0391     1.8025
    -2.2805    -1.2196    -1.2443     1.4542
    -2.0581    -1.4022    -1.5297     1.1906
    -1.8979    -1.5391    -1.7259     0.8988
    -1.7734    -1.7400    -1.9310     0.6353
    -1.5510    -1.8495    -2.1450     0.2966
    -1.3819    -2.0502    -2.2609    -0.0796
    -1.1240    -2.0776    -2.4482    -0.3805
    -0.8394    -2.1870    -2.5195    -0.6437
    -0.6438    -2.2782    -2.6175    -0.9351
    -0.3592    -2.2965    -2.6889    -1.1794
    -0.0392    -2.3238    -2.7334    -1.4331
     0.2364    -2.3876    -2.8047    -1.7150
     0.5653    -2.3876    -2.7958    -1.9967
     0.8675    -2.3603    -2.7602    -2.2221
     1.1163    -2.2235    -2.6265    -2.3442
     1.3917    -2.1961    -2.5462    -2.5977
     1.6138    -2.1505    -2.3947    -2.7291
     1.7826    -1.9955    -2.2966    -2.9074
     1.9336    -1.8038    -2.1450    -3.0576
     2.1024    -1.7126    -1.9489    -3.1420
     2.2001    -1.5757    -1.7259    -3.2452
     2.3244    -1.3565    -1.4940    -3.3297
     2.4576    -1.1556    -1.2532    -3.3766
     2.6086    -0.9638    -0.9677    -3.3484
     2.6707    -0.7445    -0.6644    -3.2734
     2.6796    -0.5068    -0.3163    -3.2171
     2.6618    -0.3697     0.0050    -3.1608
     2.6441    -0.0679     0.3353    -3.0763
     2.5553     0.1608     0.7192    -2.8886
     2.5553     0.4262     1.0050    -2.7197
     2.4754     0.7375     1.3444    -2.4756
     2.4221     1.0031     1.6213    -2.2033
     2.4132     1.2871     1.8625    -1.9686
     2.3066     1.5254     2.1574    -1.6492
     2.1823     1.8372     2.3362    -1.3862
     2.0047     1.9747     2.6043    -1.0949
     1.7471     2.2500     2.8188    -0.8223
     1.5250     2.4886     2.9887    -0.4651
     1.2762     2.6538     3.1228    -0.1078
     0.9919     2.7365     3.2658     0.2590
     0.7342     2.8558     3.3642     0.6447
     0.4764     2.9109     3.4000     1.1153
     0.2720     2.9155     3.4536     1.5106
     0.0142     2.9201     3.4536     1.9156
    -0.1903     2.9109     3.4894     2.3488
    -0.4481     2.7640     3.4089     2.7069
    -0.7416     2.7365     3.3463     3.0744
    -0.9550     2.5437     3.2390     3.4515
    -1.1507     2.5069     3.0602     3.8286
    -1.2930     2.3142     2.8903     4.1210
    -1.4709     2.1399     2.7384     4.3474
    -1.7022     1.9747     2.5149     4.4889
    -1.8534     1.8188     2.2647     4.5078
    -1.9869     1.5438     1.9966     4.5078
    -2.1026     1.3971     1.8000     4.4512
    -2.2272     1.0947     1.4962     4.3474
    -2.3250     0.9207     1.2193     4.2531
    -2.4407     0.6368     0.9514     3.9607
    -2.4585     0.4079     0.6835     3.6400
    -2.5564     0.1608     0.3621     3.3383
    -2.5831    -0.1594    -0.0307     3.0933
    -2.5386    -0.3971    -0.3074     2.8011
    -2.4674    -0.6257    -0.5662     2.4996
    -2.4229    -0.7993    -0.8696     2.1604
    -2.3339    -1.0095    -1.1105     1.8402
    -2.2450    -1.2287    -1.3603     1.4918
    -2.0581    -1.4570    -1.5476     1.2000
    -1.8979    -1.6030    -1.7348     0.9929
    -1.7556    -1.7308    -1.9310     0.6730
    -1.6132    -1.8586    -2.1450     0.2778
    -1.4264    -2.0137    -2.2788    -0.0984
    -1.1596    -2.0867    -2.3768    -0.4181
    -0.9194    -2.2600    -2.5106    -0.7095
    -0.6349    -2.3329    -2.6265    -1.0197
    -0.3414    -2.3603    -2.7067    -1.3298
    -0.0836    -2.3785    -2.7691    -1.5835
     0.2009    -2.4424    -2.7958    -1.8183
     0.4853    -2.4424    -2.7602    -2.0531
     0.7342    -2.3785    -2.6978    -2.2503
     1.0274    -2.3421    -2.6265    -2.4381
     1.2940    -2.2326    -2.5284    -2.6634
     1.5339    -2.0958    -2.4571    -2.8699
     1.6938    -2.0046    -2.2520    -2.9637
     1.8537    -1.8312    -2.1183    -3.1232
     2.0224    -1.6852    -2.0024    -3.3109
     2.1645    -1.5848    -1.8240    -3.3578
     2.3244    -1.3657    -1.5832    -3.4047
     2.4398    -1.2013    -1.2978    -3.4423
     2.5819    -1.0277    -1.0034    -3.4423
     2.6352    -0.7354    -0.7268    -3.3578
     2.6796    -0.5617    -0.3967    -3.2640
     2.7151    -0.3514    -0.0218    -3.2171
     2.6352    -0.1045     0.3085    -3.0763
     2.6263     0.2523     0.6567    -2.9449
     2.5819     0.4445     0.9157    -2.7572
     2.5819     0.6642     1.2283    -2.4850
     2.4931     0.9939     1.4694    -2.2597
     2.4310     1.2230     1.7375    -1.9686
     2.2711     1.4704     2.0055    -1.6774
     2.1290     1.7180     2.2468    -1.3862
     1.9514     1.9197     2.4970    -1.0667
     1.8004     2.1307     2.7116    -0.8035
     1.5605     2.3784     2.9082    -0.4463
     1.2940     2.5528     3.0602    -0.0796
     1.0185     2.6997     3.1585     0.2872
     0.8141     2.7915     3.3106     0.6824
     0.5653     2.8283     3.3553     1.0682
     0.3520     2.9293     3.4715     1.4259
     0.0320     2.9201     3.4805     1.8967
    -0.1992     2.8191     3.5162     2.2452
    -0.4481     2.8283     3.4894     2.6692
    -0.6438     2.7548     3.3910     3.0838
    -0.8483     2.6446     3.3016     3.4798
    -1.1240     2.5345     3.1943     3.8381
    -1.3019     2.3693     2.9887     4.1682
    -1.5154     2.1674     2.8099     4.3663
    -1.7022     1.9747     2.6490     4.4323
    -1.8445     1.8097     2.3540     4.4889
    -1.9869     1.5163     2.1306     4.4795
    -2.1382     1.3329     1.8268     4.5078
    -2.2983     1.1039     1.5588     4.4040
    -2.3339     0.9023     1.2729     4.2625
    -2.3962     0.6276     0.9961     4.0078
    -2.4407     0.4628     0.7281     3.6872
    -2.5386     0.1883     0.4067     3.3666
    -2.5520    -0.1319     0.0942     3.1310
    -2.5653    -0.3606    -0.2003     2.8765
    -2.4407    -0.5891    -0.4770     2.5749
    -2.4140    -0.7902    -0.7536     2.2452
    -2.3428    -1.0825    -0.9945     1.8685
    -2.2450    -1.2652    -1.2800     1.5295
    -2.0937    -1.4478    -1.4940     1.2376
    -1.9602    -1.5939    -1.7616     0.9929
    -1.7289    -1.7034    -2.0024     0.6259
    -1.5510    -1.9225    -2.1450     0.2684
    -1.3731    -2.0228    -2.2788    -0.0890
    -1.1863    -2.0867    -2.4303    -0.3993
    -0.9906    -2.2509    -2.5908    -0.6813
    -0.7594    -2.2691    -2.6354    -1.0103
    -0.4215    -2.3421    -2.7156    -1.2358
    -0.1458    -2.4150    -2.7512    -1.5928
     0.0853    -2.4332    -2.8582    -1.7807
     0.4142    -2.3968    -2.8315    -2.0437
     0.6897    -2.4059    -2.7869    -2.2972
     1.0274    -2.3329    -2.7245    -2.4944
     1.2851    -2.2965    -2.5997    -2.6540
     1.4894    -2.1597    -2.4482    -2.8229
     1.6582    -2.0593    -2.3234    -2.9919
     1.8359    -1.9042    -2.2164    -3.0951
     2.0047    -1.7947    -2.0648    -3.2077
     2.0935    -1.6213    -1.8240    -3.3109
     2.2445    -1.4022    -1.5119    -3.3578
     2.3333    -1.2470    -1.2889    -3.3766
     2.4665    -1.0095    -1.0302    -3.3719
     2.5997    -0.8450    -0.7447    -3.3672
     2.6174    -0.5891    -0.4770    -3.3391
     2.6086    -0.4337    -0.1200    -3.2640
     2.5908    -0.1960     0.2906    -3.1045
     2.5375     0.0602     0.5942    -2.9637
     2.5020     0.3713     0.8889    -2.7385
          3          3          3          3
