    4   2048 0.020000  2016   1  22  15  50
         16         10         11         42
    -0.5441    -2.2125     0.3710    -0.0557
     0.0605    -1.9114     0.3799    -0.3472
     0.6294    -1.6559     0.3085    -0.7797
     1.1182    -1.3729     0.2549    -1.1838
     1.5446    -1.0806     0.1835    -1.5972
     1.9799    -0.7243     0.1299    -1.9165
     2.4062    -0.3495     0.0228    -2.1607
     2.7259     0.2085    -0.0664    -2.3579
     2.9479     0.6387    -0.0754    -2.4236
     3.0633     1.0967    -0.2003    -2.5363
     3.1787     1.6374    -0.2539    -2.4893
     3.1521     2.0685    -0.2628    -2.4987
     3.1165     2.7109    -0.2628    -2.4799
     3.0544     3.2896    -0.3253    -2.2640
     2.9301     3.7951    -0.3253    -2.0950
     2.6460     4.1078    -0.3967    -1.8132
     2.3973     4.1722    -0.3788    -1.4375
     1.9621     4.1354    -0.3699    -1.0052
     1.4913     4.0986    -0.3342    -0.6387
     0.9849     3.8503    -0.2806    -0.1686
     0.4783     3.2988    -0.2539     0.3111
    -0.0817     2.6925    -0.2539     0.8568
    -0.4996     1.9400    -0.2539     1.3933
    -0.9353     1.2341    -0.1646     1.8547
    -1.3534     0.6204    -0.1200     2.5612
    -1.7982    -0.0294    -0.0754     3.0889
    -2.0918    -0.6786     0.0139     3.6262
    -2.3232    -1.2268     0.0853     3.9940
    -2.5724    -1.6468     0.1478     4.2487
    -2.6614    -1.8841     0.1924     4.4185
    -2.8394    -2.1122     0.2460     4.4940
    -2.9195    -2.3858     0.3085     4.2487
    -2.8928    -2.5955     0.2906     3.9469
    -2.7949    -2.7049     0.3442     3.4094
    -2.6614    -2.7231     0.3888     2.8156
    -2.3855    -2.7413     0.4335     2.1090
    -2.0473    -2.7231     0.4513     1.4498
    -1.6647    -2.5681     0.4246     0.7909
    -1.3089    -2.3858     0.4424     0.1418
    -0.9353    -2.1669     0.4335    -0.3190
    -0.5441    -1.8567     0.4246    -0.8830
     0.0250    -1.4003     0.3621    -1.2590
     0.5761    -0.9071     0.3710    -1.6348
     1.0204    -0.5323     0.2817    -1.9353
     1.4913    -0.0385     0.2639    -2.1795
     1.9621     0.4648     0.2728    -2.3673
     2.3174     1.1883     0.1924    -2.6208
     2.6282     1.6558     0.1299    -2.6583
     2.8324     2.1602     0.1121    -2.6865
     2.9923     2.6650    -0.0039    -2.6020
     3.0633     3.0875     0.0050    -2.6020
     3.0722     3.5102    -0.0486    -2.4330
     3.0544     3.7584    -0.0664    -2.1795
     2.9035     3.8595    -0.1021    -1.8696
     2.7614     3.8963    -0.1021    -1.6066
     2.4240     3.7400    -0.1468    -1.3153
     2.1042     3.4918    -0.1557    -0.9770
     1.6690     3.1150    -0.1914    -0.5823
     1.1981     2.7385    -0.1557    -0.1780
     0.7005     2.4080    -0.1557     0.5651
     0.2472     1.9859    -0.0843     1.1109
    -0.2240     1.4907    -0.0843     1.6287
    -0.6063     0.9593    -0.0664     2.2314
    -1.1043     0.4465     0.0050     2.7496
    -1.4690    -0.1026     0.0228     3.1266
    -1.9050    -0.5323     0.0496     3.4565
    -2.1808    -0.7334     0.1121     3.7771
    -2.3499    -0.9984     0.1567     3.8148
    -2.5724    -1.2816     0.2281     3.8054
    -2.7415    -1.5646     0.2460     3.7205
    -2.8572    -1.7107     0.2996     3.4660
    -2.9106    -1.8567     0.3710     3.2868
    -2.9106    -2.0027     0.3978     2.8910
    -2.8216    -2.1122     0.4246     2.4669
    -2.6703    -2.0939     0.4424     2.0430
    -2.4567    -2.0301     0.4960     1.6193
    -2.1096    -2.0301     0.5049     1.0921
    -1.7448    -1.8202     0.4871     0.5275
    -1.3801    -1.7563     0.4871    -0.0181
    -0.9798    -1.5190     0.4692    -0.3754
    -0.5796    -1.2998     0.4603    -0.7421
     0.0605    -1.0624     0.4067    -1.0616
     0.5672    -0.7974     0.4246    -1.4281
     1.0382    -0.4043     0.3531    -1.6160
     1.5713    -0.1757     0.2906    -1.8414
     2.0598     0.2268     0.2817    -1.9823
     2.4062     0.5380     0.2549    -2.1795
     2.7525     0.8127     0.2371    -2.2452
     2.9035     1.0234     0.1210    -2.3203
     3.0011     1.4541     0.1389    -2.3109
     3.0233     1.7933     0.1032    -2.2734
     3.0455     2.1235     0.0585    -2.1138
     3.0278     2.4355     0.0139    -1.9447
     2.9212     2.7201     0.0139    -1.7287
     2.7348     2.8762    -0.0218    -1.5878
     2.4772     2.8486    -0.0754    -1.3435
     2.1487     2.8395    -0.0397    -1.0616
     1.7756     2.7844    -0.0575    -0.7327
     1.2870     2.5916    -0.0039    -0.3566
     0.7805     2.4080    -0.0084     0.0007
     0.3539     2.1694    -0.0129     0.3487
    -0.1528     1.8483     0.0942     0.7815
    -0.5263     1.4816     0.1032     1.1768
    -0.9798     1.1516     0.1032     1.5816
    -1.4690     0.6204     0.2014     1.9395
    -1.8605     0.1628     0.2371     2.2409
    -2.2520    -0.2763     0.2460     2.5989
    -2.4389    -0.5141     0.3888     2.8250
    -2.6347    -0.9071     0.4156     3.0418
    -2.8127    -1.2451     0.4246     3.1454
    -2.8394    -1.6103     0.5228     3.1549
    -2.9284    -1.8749     0.5942     3.0795
    -2.8928    -2.0939     0.6388     2.8250
    -2.6970    -2.2672     0.6835     2.5046
    -2.5724    -2.4861     0.6746     2.1278
    -2.3054    -2.5681     0.6924     1.7134
    -1.9672    -2.5408     0.7192     1.2521
    -1.5758    -2.4770     0.6746     0.8192
    -1.2289    -2.3128     0.6656     0.2641
    -0.8286    -2.1760     0.5942    -0.2438
    -0.3307    -2.0209     0.6210    -0.6669
     0.2383    -1.9023     0.5853    -1.0992
     0.7360    -1.6833     0.5228    -1.3811
     1.2159    -1.3912     0.4156    -1.7005
     1.6779    -1.1811     0.3799    -2.0856
     2.1042    -0.7791     0.2460    -2.2640
     2.5394    -0.3861     0.1389    -2.4799
     2.7792     0.0804     0.0675    -2.6020
     2.9834     0.5929    -0.0307    -2.6865
     3.0988     1.0692    -0.1111    -2.6958
     3.0810     1.5732    -0.1825    -2.6771
     3.1165     2.0501    -0.2628    -2.6020
     2.9923     2.4814    -0.2896    -2.4706
     2.9656     3.0507    -0.2985    -2.3579
     2.7614     3.4458    -0.3877    -2.1701
     2.5039     3.6572    -0.3520    -1.9729
     2.1931     3.7032    -0.3520    -1.7287
     1.8289     3.6572    -0.3520    -1.3059
     1.4025     3.4274    -0.2539    -0.8079
     0.9849     3.0323    -0.2271    -0.3190
     0.4783     2.5457    -0.1557     0.1512
     0.0339     2.0318    -0.0039     0.6122
    -0.3129     1.4449     0.0942     1.1392
    -0.7931     0.8951     0.1835     1.5910
    -1.2555     0.2268     0.3085     2.1843
    -1.6203    -0.3952     0.4424     2.7119
    -1.9050    -0.9527     0.5763     3.0512
    -2.1986    -1.4277     0.6835     3.3717
    -2.4211    -1.7654     0.7281     3.5980
    -2.6258    -1.9844     0.7460     3.5932
    -2.7059    -2.2490     0.7639     3.5885
    -2.7326    -2.4770     0.8889     3.3151
    -2.7059    -2.7413     0.9514     2.9569
    -2.5902    -2.8689     1.0318     2.4858
    -2.4478    -2.9054     1.0050     1.9395
    -2.2342    -2.8962     1.0407     1.3745
    -1.9228    -2.7960     1.0318     0.8004
    -1.5758    -2.6957     1.0496     0.2547
    -1.1577    -2.4678     1.0050    -0.2814
    -0.7041    -2.2490     0.9693    -0.7797
    -0.2595    -1.9936     0.9157    -1.2120
     0.2294    -1.6650     0.7103    -1.5220
     0.8782    -1.3455     0.4871    -1.8508
     1.3136    -0.9619     0.2549    -2.0574
     1.6956    -0.4775    -0.0754    -2.4236
     2.1753    -0.0477    -0.2896    -2.6395
     2.5927     0.4648    -0.5216    -2.6442
     2.8768     0.9043    -0.7893    -2.6489
     3.0633     1.3624    -1.0302    -2.6208
     3.3207     1.8392    -1.1997    -2.5269
     3.3562     2.2520    -1.3959    -2.4799
     3.3474     2.6834    -1.5476    -2.3203
     3.3385     3.0140    -1.6724    -2.1513
     3.2941     3.2528    -1.8240    -1.9353
     3.0455     3.3723    -1.8954    -1.6817
     2.8413     3.4366    -1.8864    -1.3529
     2.4950     3.2620    -1.8686    -0.9394
     2.1220     3.0875    -1.7705    -0.4506
     1.6956     2.8670    -1.6457    -0.0275
     1.1448     2.5273    -1.4048     0.4899
     0.6383     2.0776    -1.2354     1.0168
     0.2383     1.6466    -0.9410     1.4122
    -0.1973     1.2249    -0.5484     1.8264
    -0.6597     0.7303    -0.2539     2.1467
    -1.1399     0.1262     0.2192     2.4481
    -1.5580    -0.3495     0.7192     2.7779
    -1.8160    -0.7060     1.0050     2.9569
    -2.1007    -1.0532     1.4694     3.0512
    -2.2609    -1.2633     2.1127     3.0983
    -2.4834    -1.5555     3.9187     3.0606
    -2.6347    -1.8841     4.5986     2.9287
    -2.6970    -2.1304     4.9476     2.7308
    -2.5902    -2.3858     4.7507     2.4387
    -2.4567    -2.5225     4.7238     2.1467
    -2.3766    -2.7413     4.3302     1.7888
    -2.1274    -2.7140     3.3016     1.4027
    -1.8605    -2.6137     2.5149     0.9509
    -1.5313    -2.4678     1.7464     0.5651
    -1.1399    -2.1578     0.9335     0.1324
    -0.7753    -1.9206     0.1567    -0.1968
    -0.3396    -1.7107    -0.5216    -0.4224
     0.0783    -1.4459    -1.2086    -0.7139
     0.7094    -1.2085    -1.5921    -1.1368
     1.2070    -0.8431    -2.0737    -1.3999
     1.7045    -0.3861    -2.4927    -1.6535
     2.1487    -0.0019    -2.7691    -1.8696
     2.4684     0.4007    -2.9206    -1.9635
     2.8768     0.9318    -3.0988    -2.0762
     3.1254     1.3624    -3.1256    -2.1889
     3.2586     1.8483    -3.1790    -2.2358
     3.4184     2.3804    -3.2414    -2.2734
     3.4450     2.7936    -3.2058    -2.2358
     3.3296     3.1242    -3.1790    -2.0668
     3.2231     3.4182    -2.9562    -2.0011
     2.9656     3.5193    -2.6264    -1.8978
     2.7614     3.5377    -2.1896    -1.6911
     2.3973     3.4091    -1.7438    -1.3811
     1.9266     3.3263    -1.3424    -1.0522
     1.5357     3.0507    -0.7358    -0.6951
     1.0471     2.6650    -0.2182    -0.2062
     0.6116     2.2428     0.2549     0.1982
     0.1672     1.7383     0.7549     0.6780
    -0.2684     1.3441     1.2193     1.1015
    -0.6508     0.7486     1.8089     1.5157
    -1.1132     0.2268     2.3004     2.0148
    -1.5224    -0.2123     2.7026     2.4293
    -1.8783    -0.6969     3.1496     2.7779
    -2.1363    -1.0898     3.3552     3.1832
    -2.3232    -1.3638     3.5877     3.4188
    -2.5813    -1.7016     3.5967     3.5414
    -2.7415    -1.9753     3.6056     3.6262
    -2.8572    -2.1851     3.4447     3.4377
    -2.8661    -2.3128     3.1407     3.2491
    -2.7504    -2.3949     2.9261     2.7779
    -2.6347    -2.4222     2.6043     2.4010
    -2.3944    -2.4496     2.2110     1.9018
    -2.1096    -2.4222     1.9251     1.3463
    -1.8071    -2.2216     1.4337     0.8004
    -1.4423    -2.0027     1.1032     0.2453
    -1.0243    -1.8019     0.6299    -0.2344
    -0.6241    -1.6011     0.1567    -0.7139
    -0.1973    -1.4368    -0.2717    -1.1650
     0.4694    -1.1537    -0.5216    -1.4938
     0.9760    -0.8248    -0.8250    -1.8038
     1.4469    -0.3952    -1.0659    -2.1325
     1.9444    -0.0477    -1.3424    -2.3954
     2.3174     0.4465    -1.5476    -2.5644
     2.6460     0.9043    -1.7259    -2.6114
     2.9123     1.3624    -1.7616    -2.6395
     3.0899     1.7474    -1.8864    -2.5644
     3.2142     2.1143    -2.0559    -2.4612
     3.2763     2.5548    -2.0737    -2.3297
     3.1698     2.9038    -2.0915    -2.2170
     3.0544     3.1701    -1.9578    -2.0762
     2.8857     3.2069    -1.8329    -1.9071
     2.5394     3.2436    -1.6457    -1.6817
     2.2197     3.1793    -1.4138    -1.3717
     1.7756     3.0140    -1.2086    -0.9958
     1.3225     2.7476    -0.9320    -0.4600
     0.8427     2.5089    -0.6108     0.0666
     0.3983     2.0960    -0.3163     0.4993
    -0.0373     1.7291    -0.0575     1.0074
    -0.4907     1.3807     0.3888     1.5251
    -0.8820     0.9226     0.7639     2.0054
    -1.3267     0.4465     1.1211     2.4293
    -1.7626    -0.1757     1.3712     2.6648
    -2.0918    -0.5506     1.6302     2.9852
    -2.3766    -0.8705     1.9966     3.1266
    -2.5724    -1.1263     2.2289     3.2491
    -2.7148    -1.4186     2.4791     3.2209
    -2.8483    -1.7837     2.6132     3.1172
    -3.0085    -2.0118     2.6400     2.9758
    -3.0530    -2.2307     2.6445     2.7685
    -2.9195    -2.3949     2.6490     2.4575
    -2.7593    -2.5408     2.5506     2.0430
    -2.5101    -2.6866     2.3808     1.6381
    -2.2342    -2.6411     2.1574     1.2145
    -1.8605    -2.6593     1.9340     0.7345
    -1.4601    -2.5681     1.6124     0.2359
    -1.0688    -2.4314     1.2908    -0.2532
    -0.6419    -2.2490     0.9335    -0.5917
    -0.0551    -2.0027     0.6388    -1.0146
     0.4961    -1.6559     0.3442    -1.2965
     0.9315    -1.4094     0.0675    -1.7005
     1.4736    -0.9345    -0.1825    -2.0105
     1.8911    -0.5506    -0.4591    -2.2546
     2.2108    -0.0568    -0.7447    -2.4236
     2.5572     0.5563    -0.9320    -2.5457
     2.8147     1.0692    -1.1372    -2.7052
     3.0544     1.5366    -1.3335    -2.7709
     3.1432     2.0226    -1.5297    -2.7240
     3.1876     2.5732    -1.5654    -2.6489
     3.0544     3.1058    -1.6546    -2.4799
     2.8768     3.3999    -1.7705    -2.3579
     2.6637     3.6756    -1.8419    -2.1044
     2.3707     3.6940    -1.8686    -1.8226
     2.0598     3.5653    -1.8240    -1.4938
     1.7134     3.3447    -1.8419    -1.1274
     1.2425     3.0323    -1.7348    -0.6669
     0.8693     2.5089    -1.6011    -0.2720
     0.4072     2.0685    -1.4762     0.3299
    -0.0995     1.5366    -1.2264     0.8662
    -0.4551     1.0051    -0.9320     1.4027
    -0.8642     0.5197    -0.6554     1.8735
    -1.3089    -0.0934    -0.3520     2.3256
    -1.7359    -0.5415    -0.0307     2.7119
    -2.1363    -0.9710     0.3888     3.0323
    -2.3588    -1.2724     0.7192     3.3245
    -2.5457    -1.5920     1.1747     3.4094
    -2.7326    -1.8658     1.5230     3.3858
    -2.8216    -2.1030     1.8000     3.3623
    -2.9106    -2.3584     2.1127     3.2397
    -2.9284    -2.5225     2.3093     2.9098
    -2.8038    -2.5180     2.5060     2.5423
    -2.6169    -2.5134     2.7831     2.0713
    -2.3232    -2.4997     2.7741     1.5251
    -1.9939    -2.4861     2.7652     0.8568
    -1.7092    -2.3584     2.6043     0.3393
    -1.3000    -2.2581     2.4881    -0.1874
    -0.8909    -2.0848     2.3004    -0.6199
    -0.3751    -1.8202     2.1663    -1.0804
     0.2205    -1.5281     1.8357    -1.5126
     0.7094    -1.2907     1.5141    -1.7099
     1.1804    -1.0167     1.0318    -1.9729
     1.6068    -0.6695     0.6121    -2.1701
     2.0332    -0.2672     0.1567    -2.3391
     2.4595     0.1628    -0.3342    -2.4518
     2.7614     0.5655    -0.7982    -2.4706
     3.0544     0.9867    -1.1818    -2.4236
     3.2142     1.4632    -1.6189    -2.3391
     3.2763     1.9676    -1.9756    -2.2734
     3.2630     2.3988    -2.2877    -2.2358
     3.2497     2.6925    -2.4571    -1.9917
     3.0899     3.0415    -2.6175    -1.8790
     2.9390     3.1885    -2.7423    -1.6629
     2.6193     3.2988    -2.8938    -1.4750
     2.2908     3.3172    -2.9295    -1.3059
     1.9088     3.2161    -2.8938    -0.9488
     1.4291     3.0415    -2.7958    -0.4976
     0.9938     2.7293    -2.5997     0.0383
     0.4783     2.3346    -2.2788     0.5369
     0.0961     1.8575    -1.8686     1.0545
    -0.3396     1.3899    -1.4138     1.4686
    -0.7753     0.8127    -1.0391     1.8924
    -1.2022     0.2909    -0.6465     2.2409
    -1.6114    -0.3038     0.0318     2.5894
    -1.9139    -0.8614     0.6299     2.9381
    -2.1541    -1.2451     1.3176     3.1832
    -2.3499    -1.5464     1.8983     3.4000
    -2.5457    -1.8202     2.5953     3.4848
    -2.7148    -2.0209     3.3284     3.4848
    -2.8305    -2.3037     3.9366     3.3905
    -2.8661    -2.4314     4.4554     3.2868
    -2.7237    -2.5499     5.0729     3.0229
    -2.5635    -2.5408     5.3414     2.5894
    -2.2787    -2.5317     5.3414     2.0901
    -2.0562    -2.4952     5.2250     1.5534
    -1.6736    -2.3402     4.7596     0.9886
    -1.3089    -2.3311     4.0349     0.4899
    -0.9887    -2.1304     3.2837    -0.0745
    -0.5085    -1.9571     2.5864    -0.5258
    -0.0373    -1.6011     1.7643    -0.9958
     0.6294    -1.2907     0.9246    -1.2496
     1.0826    -0.9162     0.2549    -1.6817
     1.5269    -0.5141    -0.6019    -2.0292
     1.9710     0.0621    -1.2800    -2.3297
     2.3707     0.5838    -1.9043    -2.4893
     2.7703     1.0234    -2.3233    -2.6395
     3.0544     1.3899    -2.6978    -2.6583
     3.1609     1.7933    -2.9919    -2.6677
     3.2231     2.2336    -3.2592    -2.6771
     3.3118     2.5640    -3.3840    -2.5081
     3.2852     2.8946    -3.4463    -2.3954
     3.1609     3.1793    -3.4642    -2.1795
     2.9301     3.4366    -3.4374    -1.9259
     2.6815     3.4918    -3.3127    -1.6441
     2.3707     3.4642    -3.1523    -1.2777
     1.9355     3.2988    -2.9028    -0.8173
     1.5269     3.0966    -2.5373    -0.2720
     1.0115     2.8854    -2.1718     0.3111
     0.5938     2.5089    -1.5297     0.8756
     0.0783     2.1419    -0.9588     1.4781
    -0.2773     1.6558    -0.2985     1.9960
    -0.6952     1.2249     0.2281     2.3916
    -1.1666     0.6479     1.1925     2.8156
    -1.6381     0.1628     1.9072     3.0983
    -1.9761    -0.2672     2.5417     3.3528
    -2.2342    -0.6512     3.1585     3.4754
    -2.4567    -1.0624     3.8471     3.4754
    -2.6347    -1.4825     4.3391     3.4754
    -2.7949    -1.8658     4.5717     3.2868
    -2.8928    -2.1213     4.6254     3.0135
    -2.9640    -2.3949     4.6165     2.7590
    -2.8127    -2.5499     4.5270     2.3445
    -2.7237    -2.6775     4.1423     1.8547
    -2.5279    -2.6319     3.6861     1.3839
    -2.2431    -2.7231     3.2122     0.8568
    -1.9316    -2.6684     2.6847     0.3299
    -1.6203    -2.5408     2.0770    -0.1686
    -1.1666    -2.3402     1.4694    -0.6481
    -0.7308    -2.0483     0.8264    -1.0992
    -0.3662    -1.8111     0.1478    -1.3999
     0.3805    -1.4368    -0.4234    -1.6911
     0.8338    -1.1080    -1.0034    -1.9447
     1.3403    -0.7883    -1.2532    -2.2264
     1.7578    -0.2398    -1.5743    -2.4612
     2.2552     0.3458    -1.8240    -2.5644
     2.5572     0.8677    -2.1004    -2.6865
     2.8236     1.2891    -2.3679    -2.6771
     3.0189     1.8025    -2.5640    -2.6395
     3.0810     2.2887    -2.7156    -2.5644
     3.1165     2.6375    -2.7156    -2.5081
     3.0810     2.9129    -2.7334    -2.3297
     2.9301     3.1701    -2.6175    -2.2264
     2.7436     3.3355    -2.3947    -2.0386
     2.4861     3.3217    -2.2164    -1.8884
     2.1398     3.3080    -1.9934    -1.5878
     1.8111     3.1058    -1.8419    -1.2777
     1.3669     2.9405    -1.5743    -0.7985
     0.8338     2.5824    -1.2443    -0.3190
     0.3805     2.1877    -0.8161     0.1512
    -0.1084     1.7383    -0.4502     0.6592
    -0.4996     1.2433    -0.0307     1.1486
    -0.8197     0.6662     0.4424     1.6381
    -1.2733     0.2360     0.7996     2.1561
    -1.6825    -0.2855     1.1657     2.5800
    -2.0918    -0.6969     1.4605     3.0229
    -2.2787    -1.0624     1.8000     3.2397
    -2.5101    -1.3546     2.1306     3.4471
    -2.7326    -1.6103     2.4255     3.5697
    -2.8305    -1.9297     2.7205     3.5602
    -2.9996    -2.2307     2.9171     3.3340
    -3.0174    -2.4770     3.0512     3.0135
    -2.9818    -2.6046     3.1764     2.5894
    -2.8216    -2.6866     3.1675     2.1561
    -2.6169    -2.8051     3.1585     1.6099
    -2.3855    -2.7413     3.0691     1.0074
    -2.1096    -2.6137     2.8814     0.4052
    -1.7270    -2.4496     2.6490    -0.1309
    -1.3712    -2.3037     2.3451    -0.5917
    -0.9265    -2.1213     1.9340    -1.0522
    -0.4996    -1.9479     1.4605    -1.4750
     0.1139    -1.6833     0.9960    -1.8790
     0.6294    -1.3455     0.5496    -2.0668
     1.1093    -0.9253     0.1924    -2.3203
     1.6690    -0.3952     0.0050    -2.5081
     2.0954     0.1445    -0.3074    -2.5550
     2.3707     0.6845    -0.6644    -2.5832
     2.6371     1.1700    -1.0123    -2.6301
     2.8147     1.7016    -1.3692    -2.5832
     2.9390     2.1694    -1.7794    -2.4236
     2.9479     2.7109    -2.0113    -2.2922
     2.9567     3.0875    -2.2164    -2.0292
     2.8946     3.3999    -2.3947    -1.8038
     2.7525     3.7124    -2.5730    -1.5314
     2.4506     3.7032    -2.7512    -1.2308
     2.1575     3.6940    -2.7646    -0.9300
     1.8378     3.4918    -2.7780    -0.5634
     1.3492     3.2161    -2.6354    -0.1780
     0.8605     2.7844    -2.4838     0.2641
     0.4694     2.2061    -2.2164     0.7815
    -0.0639     1.7566    -1.8954     1.1862
    -0.4285     1.2708    -1.4762     1.5628
    -0.7842     0.7211    -1.0659     1.9677
    -1.2200     0.2909    -0.6465     2.3916
    -1.6647    -0.2580    -0.1200     2.7967
    -2.0740    -0.5689     0.6299     3.1643
    -2.3321    -0.8157     1.3712     3.3528
    -2.5279    -1.0806     1.9608     3.6168
    -2.6347    -1.4094     2.5864     3.6923
    -2.8127    -1.7837     3.4000     3.6545
    -3.0352    -2.1486     4.0528     3.4471
    -3.0085    -2.3767     4.3928     3.1266
    -2.9195    -2.4587     4.5628     2.7873
    -2.7771    -2.4770     4.6880     2.3162
    -2.5546    -2.4861     4.6702     1.8547
    -2.3588    -2.4724     4.3391     1.2898
    -2.0295    -2.4587     3.7487     0.7439
    -1.6825    -2.2946     3.0870     0.1982
    -1.3445    -2.0848     2.4881    -0.3190
    -0.9442    -1.9023     1.8268    -0.8079
    -0.4018    -1.6468     1.1836    -1.2120
     0.2028    -1.4825     0.6388    -1.5408
     0.7360    -1.1354    -0.0664    -1.8884
     1.2248    -0.7974    -0.6822    -2.1795
     1.7312    -0.3312    -1.2978    -2.4236
     2.2286     0.1994    -1.7348    -2.6301
     2.5394     0.6387    -2.1094    -2.7616
     2.8680     1.0600    -2.4571    -2.7897
     3.1165     1.6007    -2.6888    -2.6958
     3.2053     2.0501    -2.8225    -2.6208
     3.3562     2.5457    -2.9384    -2.4330
     3.3118     3.0048    -3.0810    -2.2640
     3.1964     3.2620    -3.0810    -2.0386
     3.0810     3.4826    -3.0810    -1.8038
     2.7703     3.6572    -3.0721    -1.6066
     2.5039     3.6388    -2.9295    -1.2496
     2.0954     3.5193    -2.8047    -0.9488
     1.5713     3.1977    -2.5730    -0.5729
     1.1981     2.7936    -2.2253    -0.2062
     0.6916     2.3346    -1.8151     0.1982
     0.2739     1.7841    -1.4048     0.6498
    -0.1262     1.3441    -0.8785     1.1862
    -0.5263     0.7761    -0.3253     1.5722
    -0.9087     0.1353     0.3085     1.9583
    -1.3801    -0.3861     1.0228     2.3727
    -1.7270    -0.8431     1.7553     2.6931
    -2.0028    -1.2085     2.5060     2.8815
    -2.1986    -1.5738     3.3105     3.0983
    -2.3321    -1.8658     3.8113     3.1832
    -2.4745    -2.1304     4.1960     3.1926
    -2.6881    -2.3311     4.3928     3.1360
    -2.7326    -2.4587     4.4107     2.9004
    -2.6436    -2.5134     4.2139     2.6083
    -2.5635    -2.5955     3.9634     2.2597
    -2.3499    -2.7140     3.6056     1.7511
    -2.2164    -2.7231     3.1675     1.2145
    -2.0295    -2.7231     2.7294     0.6969
    -1.6558    -2.6957     2.3183     0.1794
    -1.2555    -2.5590     1.8715    -0.4130
    -0.7931    -2.2581     1.2819    -0.9112
    -0.3840    -1.9571     0.6835    -1.3811
     0.0605    -1.8019     0.1657    -1.8414
     0.7805    -1.3820    -0.2271    -2.0856
     1.3225    -1.0441    -0.6465    -2.3767
     1.8200    -0.6055    -0.8428    -2.7052
     2.2908    -0.1117    -1.1908    -2.7991
     2.6548     0.3824    -1.5386    -2.8930
     2.9745     0.8219    -1.9399    -2.9023
     3.2142     1.2433    -2.1718    -2.8460
     3.3118     1.7016    -2.2520    -2.8179
     3.4539     2.2153    -2.3055    -2.6677
     3.4184     2.6099    -2.3858    -2.5175
     3.3207     3.0140    -2.4482    -2.2640
     3.0899     3.3447    -2.5908    -2.0386
     2.9212     3.4734    -2.5730    -1.6723
     2.5483     3.5561    -2.3590    -1.3623
     2.1931     3.4091    -2.1629    -0.9488
     1.6779     3.1977    -2.0380    -0.4976
     1.1981     2.9313    -1.8062    -0.1121
     0.7360     2.4998    -1.5030     0.3864
     0.2205     2.0409    -1.2086     0.9698
    -0.1173     1.5274    -0.8696     1.4969
    -0.4907     0.9409    -0.3610     1.9489
    -0.9709     0.3458     0.0585     2.4104
    -1.3623    -0.1757     0.6121     2.7213
    -1.7982    -0.6603     1.0139     2.9946
    -2.0473    -1.0898     1.4784     3.2491
    -2.2075    -1.3455     1.9161     3.4754
    -2.3855    -1.7472     2.3093     3.6074
    -2.5635    -2.0483     2.8903     3.5414
    -2.7593    -2.3493     3.3463     3.3717
    -2.8750    -2.4952     3.6235     3.0889
    -2.8394    -2.5772     3.7756     2.7402
    -2.7593    -2.6228     3.7979     2.3068
    -2.6258    -2.6684     3.8203     1.8170
    -2.3855    -2.6456     3.7756     1.2239
    -2.1185    -2.6228     3.5430     0.6404
    -1.7537    -2.5499     3.1138    -0.0275
    -1.3890    -2.2672     2.5864    -0.5729
    -0.9620    -2.0027     2.0055    -1.0334
    -0.4551    -1.7107     1.5945    -1.4844
     0.1939    -1.4186     1.0586    -1.8320
     0.7805    -1.1172     0.4960    -2.0856
     1.3669    -0.7426    -0.0664    -2.3485
     1.8467    -0.3312    -0.5305    -2.4893
     2.3352     0.0987    -0.9945    -2.6301
     2.6460     0.5197    -1.2889    -2.6958
     2.9479     0.9043    -1.6367    -2.6958
     3.1165     1.3258    -2.0202    -2.6865
     3.2142     1.6649    -2.4214    -2.6865
     3.2053     2.1235    -2.7245    -2.5081
     3.2408     2.4539    -2.8849    -2.3579
     3.1165     2.8578    -2.9741    -2.1325
     2.9834     3.1701    -3.0899    -1.9259
     2.7170     3.3355    -3.0721    -1.6160
     2.4062     3.5010    -2.9919    -1.3341
     2.0065     3.4182    -2.8760    -0.9864
     1.5091     3.3172    -2.6978    -0.6011
     1.0737     3.0783    -2.4838    -0.1780
     0.5672     2.5824    -2.2253     0.1794
     0.0694     2.0501    -1.9578     0.6686
    -0.2773     1.5641    -1.6546     1.1862
    -0.6597     0.9867    -1.3156     1.6099
    -1.0065     0.3824    -0.7982     2.0336
    -1.4068    -0.1940    -0.3163     2.3633
    -1.7626    -0.6969     0.3353     2.6365
    -2.0562    -1.1172     1.0050     2.9569
    -2.2164    -1.4459     1.6660     3.1077
    -2.4033    -1.8019     2.4613     3.1454
    -2.5813    -2.2034     3.2837     3.0795
    -2.7237    -2.4861     4.0081     3.0323
    -2.8394    -2.6046     4.4286     2.8250
    -2.8216    -2.6593     4.5896     2.5423
    -2.6258    -2.6775     4.6344     2.1843
    -2.4211    -2.6866     4.6165     1.7417
    -2.2520    -2.7322     4.2944     1.1862
    -1.9761    -2.7140     3.6056     0.6874
    -1.7003    -2.5134     2.8993     0.1888
    -1.2289    -2.3311     2.2646    -0.2908
    -0.8464    -2.0848     1.6392    -0.7891
    -0.3040    -1.8111     0.9782    -1.2214
     0.1850    -1.6285     0.3710    -1.5878
     0.8249    -1.2816    -0.3877    -1.7663
     1.3758    -1.0167    -1.0213    -2.0011
     1.7934    -0.6329    -1.5476    -2.2734
     2.2641    -0.0934    -1.9132    -2.5644
     2.6637     0.4099    -2.1896    -2.6958
     2.8857     0.8493    -2.4482    -2.7522
     3.0633     1.3074    -2.6888    -2.7616
     3.2053     1.7566    -2.9206    -2.7709
     3.1876     2.2153    -2.9562    -2.6489
     3.2142     2.4722    -2.8849    -2.4987
     3.1432     2.8303    -2.9028    -2.2734
     2.9390     3.1426    -2.8225    -2.0292
     2.7792     3.3539    -2.6978    -1.7663
     2.4506     3.5929    -2.4660    -1.5126
     1.9977     3.5929    -2.2788    -1.1462
     1.5802     3.5102    -2.1004    -0.7045
     1.1093     3.3447    -1.8419    -0.2344
     0.6561     2.9129    -1.4673     0.2641
     0.1761     2.4080    -1.0748     0.7627
    -0.2595     1.8758    -0.7358     1.3180
    -0.6241     1.1700    -0.2539     1.7134
    -1.0954     0.5563     0.1478     2.1843
    -1.5936    -0.1574     0.6567     2.6177
    -1.8694    -0.6877     1.2372     2.9004
    -2.1897    -1.1354     1.7464     3.1454
    -2.3855    -1.3729     2.2378     3.2680
    -2.6258    -1.6468     2.8188     3.4283
    -2.8394    -1.9479     3.3284     3.3717
    -2.9284    -2.2034     3.6503     3.2774
    -3.0441    -2.4496     3.8650     3.1172
    -2.9907    -2.5590     4.0081     2.8344
    -2.8394    -2.6957     3.9276     2.4858
    -2.7326    -2.7231     3.7308     1.9865
    -2.5457    -2.7049     3.5162     1.4498
    -2.2876    -2.6866     3.2122     0.8945
    -2.0206    -2.5772     2.9440     0.3393
    -1.7003    -2.3219     2.4434    -0.1497
    -1.2200    -2.1578     1.9966    -0.6293
    -0.8286    -1.8567     1.5320    -1.0898
    -0.3840    -1.5646     1.0318    -1.5408
     0.2916    -1.1720     0.5853    -1.7475
     0.7716    -0.7609     0.1389    -2.0386
     1.2692    -0.2123    -0.3877    -2.2734
     1.8467     0.3092    -0.8339    -2.5175
     2.1842     0.7669    -1.3067    -2.6395
     2.4950     1.1333    -1.7081    -2.7616
     2.7259     1.5091    -2.0202    -2.7709
     2.7969     1.9125    -2.2342    -2.7662
     2.8502     2.2887    -2.5373    -2.7616
     2.8591     2.6375    -2.8047    -2.5457
     2.7792     2.9313    -2.9741    -2.2734
     2.6992     3.2253    -3.0275    -2.0762
     2.4950     3.4274    -2.9206    -1.8038
     2.2197     3.5469    -2.8225    -1.4563
     1.9000     3.5469    -2.7245    -1.0804
     1.4469     3.3723    -2.5284    -0.5164
     0.9138     3.1518    -2.4036    -0.0275
     0.4694     2.7752    -2.1718     0.4993
     0.0072     2.2061    -1.8240     1.0921
    -0.4107     1.6466    -1.4762     1.5440
    -0.7219     1.0509    -1.1016     1.9677
    -1.1755     0.4556    -0.5841     2.3162
    -1.5758    -0.1574    -0.1111     2.6177
    -1.9494    -0.7060     0.4424     2.8721
    -2.2609    -1.1263     1.1032     3.0606
    -2.4567    -1.4277     1.7375     3.2020
    -2.6347    -1.7381     2.4434     3.2209
    -2.8572    -2.0483     2.9797     3.2303
    -2.9106    -2.3037     3.6146     3.0889
    -2.9195    -2.5408     4.1960     2.9098
    -2.9284    -2.6228     4.3391     2.7590
    -2.7593    -2.5864     4.3302     2.4293
    -2.6792    -2.6046     4.1960     1.9771
    -2.5546    -2.6228     4.0349     1.4027
    -2.3410    -2.6684     3.6056     0.8192
    -2.0651    -2.4678     3.0244     0.3393
    -1.6736    -2.3037     2.5328    -0.1874
    -1.2555    -2.0118     2.0144    -0.6575
    -0.7664    -1.6924     1.4337    -1.0804
    -0.2418    -1.3729     0.9157    -1.4657
     0.4339    -0.9893     0.3442    -1.7663
     1.0026    -0.4775    -0.2092    -1.9729
     1.5357    -0.1026    -0.7893    -2.2640
     2.0598     0.3183    -1.2086    -2.5363
     2.4950     0.6753    -1.6278    -2.6958
     2.8324     1.0692    -2.0202    -2.8460
     3.0100     1.4541    -2.3412    -2.8273
     3.1521     1.7566    -2.6888    -2.8366
     3.1654     2.1694    -2.7958    -2.6395
     3.1787     2.4355    -2.9206    -2.4518
     3.0988     2.7293    -3.0275    -2.2640
     3.0544     3.0323    -3.0364    -1.9071
     2.8147     3.2436    -2.9651    -1.6348
     2.6016     3.4550    -2.7691    -1.2402
     2.1664     3.4458    -2.5997    -0.8455
     1.7667     3.3355    -2.4660    -0.4976
     1.2959     3.1793    -2.1985    -0.0181
     0.7894     2.7201    -1.9310     0.4052
     0.3539     2.1510    -1.4940     0.8851
    -0.1084     1.5824    -1.0569     1.3086
    -0.4907     0.9867    -0.6822     1.7040
    -0.8019     0.3366    -0.1825     2.0336
    -1.1755    -0.2672     0.4067     2.4104
    -1.4868    -0.7883     0.9603     2.5706
    -1.8071    -1.2359     1.4069     2.8627
    -2.0384    -1.5464     1.9876     2.9758
    -2.1541    -1.8202     2.5328     3.1360
    -2.4300    -2.0757     3.0334     3.1172
    -2.6792    -2.3949     3.5609     3.0512
    -2.8216    -2.5590     3.8650     2.9098
    -2.8572    -2.7049     4.0528     2.6837
    -2.6080    -2.7869     4.0573     2.3727
    -2.4834    -2.7960     4.0618     1.9771
    -2.3410    -2.7322     3.9008     1.4310
    -2.0651    -2.5408     3.6772     0.8568
    -1.8338    -2.4131     3.2569     0.3017
    -1.4690    -2.1851     2.8009    -0.1874
    -1.1132    -1.9297     2.3719    -0.6387
    -0.7397    -1.6468     1.8447    -1.1368
    -0.3040    -1.2633     1.2283    -1.5972
     0.3805    -0.9984     0.6567    -1.9165
     0.9138    -0.6238     0.1389    -2.2640
     1.4558    -0.2672    -0.4324    -2.5269
     1.9888     0.2085    -0.9142    -2.7803
     2.4240     0.5472    -1.4584    -2.8085
     2.8236     0.8951    -1.8240    -2.7991
     3.0100     1.3807    -2.1985    -2.7334
     3.0810     1.7566    -2.4482    -2.6301
     3.1698     2.1786    -2.6532    -2.4799
     3.1343     2.4814    -2.7691    -2.2828
     3.1165     2.8670    -3.0008    -2.0386
     3.0278     3.1885    -3.0632    -1.8132
     2.8591     3.3172    -3.0543    -1.4281
     2.6016     3.5010    -2.9117    -1.1180
     2.2552     3.5193    -2.7869    -0.7233
     1.7756     3.4550    -2.6354    -0.3190
     1.3136     3.1242    -2.4838     0.0289
     0.8338     2.6742    -2.2609     0.4804
     0.3272     2.2244    -1.9756     0.9415
    -0.1173     1.6924    -1.5476     1.2992
    -0.4818     1.0692    -1.1016     1.6381
    -0.8197     0.3824    -0.5662     1.9489
    -1.2822    -0.2306    -0.0754     2.2974
    -1.7181    -0.7152     0.5138     2.5517
    -2.0295    -1.0806     1.1747     2.7967
    -2.1897    -1.3455     1.7017     3.0041
    -2.3944    -1.6924     2.2825     3.1360
    -2.5457    -2.0027     2.9618     3.1832
    -2.6525    -2.2946     3.6056     3.1926
    -2.7949    -2.4861     4.1333     3.0229
    -2.8394    -2.6593     4.3749     2.7779
    -2.6881    -2.6593     4.5001     2.4198
    -2.5457    -2.6593     4.4465     1.9583
    -2.4122    -2.5772     4.3033     1.4498
    -2.1986    -2.4770     3.7219     0.8286
    -1.9405    -2.3949     3.1854     0.2453
    -1.5313    -2.2125     2.5685    -0.2438
    -1.1577    -1.9206     1.9608    -0.7045
    -0.6863    -1.7289     1.3890    -1.1368
    -0.2062    -1.4003     0.8442    -1.4750
     0.3716    -1.1720     0.2460    -1.7663
     1.0293    -0.7334    -0.3074    -2.1231
     1.5802    -0.3403    -0.8339    -2.4893
     2.0687     0.1079    -1.0569    -2.7052
     2.5128     0.6204    -1.4138    -2.8836
     2.8591     1.0417    -1.7883    -2.8554
     3.0366     1.4449    -2.1004    -2.9211
     3.0899     1.7566    -2.3323    -2.9023
     3.0810     2.0868    -2.4749    -2.7709
     3.0722     2.4630    -2.5640    -2.5832
     3.0455     2.8395    -2.6621    -2.4612
     2.9123     3.1150    -2.6799    -2.2358
     2.6904     3.3447    -2.5908    -1.9447
     2.4595     3.4642    -2.4838    -1.5878
     2.0687     3.5469    -2.3144    -1.1744
     1.6157     3.3263    -2.1985    -0.7609
     1.1804     3.1610    -2.0559    -0.3566
     0.6294     2.7201    -1.7705     0.0007
     0.1405     2.2336    -1.3692     0.6028
    -0.2773     1.5824    -1.0926     1.0450
    -0.6686     0.9501    -0.5305     1.4310
    -0.9887     0.3183     0.0050     1.7699
    -1.3267    -0.2489     0.5228     2.1372
    -1.7715    -0.8065     1.0139     2.4481
    -2.0562    -1.2724     1.5230     2.7685
    -2.2609    -1.5920     2.0949     2.9098
    -2.5190    -1.8567     2.5953     3.0512
    -2.6525    -2.2216     3.1049     3.0983
    -2.8483    -2.4040     3.6056     3.0983
    -2.9818    -2.6228     4.0886     2.9758
    -2.9284    -2.6866     4.3391     2.7779
    -2.9017    -2.6866     4.3928     2.4764
    -2.7593    -2.6684     4.4107     1.9960
    -2.5813    -2.6319     4.2765     1.5722
    -2.3766    -2.5225     4.0528     1.0356
    -2.1363    -2.3767     3.4983     0.4616
    -1.7537    -2.1943     2.9976    -0.0463
    -1.3623    -2.0392     2.3808    -0.4976
    -0.9442    -1.8019     1.7911    -0.9770
    -0.4374    -1.5646     1.2997    -1.3717
     0.0694    -1.3090     0.6924    -1.7193
     0.6827    -0.9253     0.0675    -2.0856
     1.2870    -0.5049    -0.4770    -2.3109
     1.8200     0.0164    -0.9410    -2.4893
     2.2996     0.5289    -1.3602    -2.5832
     2.6548     0.9409    -1.7883    -2.6489
     2.8413     1.3441    -2.1450    -2.6489
     2.9656     1.6741    -2.4303    -2.6489
     2.9923     2.0501    -2.6443    -2.5081
     2.9301     2.3529    -2.7156    -2.4048
     2.8591     2.7201    -2.8582    -2.1513
     2.8147     3.1150    -2.9206    -1.9165
     2.5927     3.3907    -2.7423    -1.6160
     2.3529     3.5837    -2.5730    -1.3717
     2.0065     3.7492    -2.4125    -0.9770
     1.6335     3.6940    -2.2699    -0.5729
     1.1715     3.4550    -2.0915    -0.0745
     0.7005     3.1701    -1.6724     0.4804
     0.1761     2.6466    -1.3335     0.9792
    -0.1795     1.9767    -0.9410     1.4027
    -0.5796     1.4449    -0.4413     1.8641
    -0.9353     0.8310     0.0050     2.2597
    -1.3089     0.2177     0.6567     2.5706
    -1.7270    -0.3952     1.1211     2.7779
    -2.0651    -0.7974     1.6213     3.0135
    -2.2609    -1.2268     2.2468     3.2020
    -2.5101    -1.5372     2.7741     3.4848
    -2.6881    -1.7928     3.3195     3.4848
    -2.8216    -2.1578     3.8471     3.4754
    -2.9195    -2.3767     4.2139     3.3717
    -2.9373    -2.4678     4.2944     3.2491
    -2.9017    -2.4861     4.3391     2.9098
    -2.7415    -2.3402     4.2944     2.5329
    -2.5546    -2.3219     4.0081     1.9865
    -2.2342    -2.3037     3.6503     1.4027
    -1.9672    -2.2855     3.2479     0.8098
    -1.6558    -2.1578     2.6847     0.2453
    -1.2644    -1.9753     2.0591    -0.3754
    -0.8197    -1.7381     1.4605    -0.9112
    -0.3662    -1.4642     0.9871    -1.3905
     0.2916    -1.1263     0.4960    -1.6911
     0.9671    -0.7883    -0.0218    -2.0011
     1.5269    -0.3038    -0.4681    -2.2640
     2.0865     0.2451    -0.7714    -2.4330
     2.5927     0.7120    -1.1462    -2.5832
     2.9035     1.1608    -1.5921    -2.6677
     3.2142     1.5274    -1.9132    -2.6489
     3.4006     1.8758    -2.1450    -2.6020
     3.5071     2.2978    -2.4125    -2.4987
     3.4805     2.5089    -2.6354    -2.3109
     3.3562     2.8670    -2.7780    -2.1325
     3.2852     3.0875    -2.8938    -1.8790
     3.0810     3.3447    -2.8493    -1.6160
     2.8413     3.4182    -2.7334    -1.3059
     2.5217     3.4550    -2.5908    -0.9488
     2.0421     3.3539    -2.4214    -0.4788
     1.6157     3.1977    -2.2609    -0.0087
     1.1004     2.9221    -1.9934     0.3958
     0.5672     2.3437    -1.7259     0.9133
     0.1139     1.7474    -1.3692     1.3933
    -0.2506     1.1242    -0.9499     1.7982
    -0.6063     0.5563    -0.6019     2.1655
    -1.0332    -0.0843     0.0228     2.4952
    -1.4245    -0.6055     0.6121     2.7119
    -1.7893    -1.0806     1.1657     2.9569
    -2.0117    -1.4459     1.7911     3.1454
    -2.1274    -1.7016     2.3540     3.2020
    -2.3588    -1.8932     2.8814     3.2303
    -2.5368    -2.1760     3.4983     3.2586
    -2.6614    -2.3402     4.0528     3.1549
    -2.6525    -2.4587     4.2944     2.9946
    -2.6436    -2.5408     4.4375     2.7779
    -2.5101    -2.6046     4.4554     2.3916
    -2.2965    -2.6046     4.3123     1.8076
    -2.0384    -2.5499     3.9097     1.1768
    -1.7893    -2.4314     3.3016     0.5839
    -1.4334    -2.2216     2.6490     0.0572
    -1.0332    -2.0118     2.0412    -0.4600
    -0.6597    -1.8019     1.4426    -0.9958
    -0.1262    -1.5738     0.9425    -1.4093
     0.4961    -1.1811     0.2549    -1.6817
     1.0293    -0.8248    -0.3520    -1.8602
     1.5979    -0.3221    -0.8517    -2.1607
     2.1931     0.2085    -1.3067    -2.4424
     2.6371     0.6662    -1.7348    -2.5926
     3.0100     1.1333    -2.1094    -2.6208
     3.2941     1.5641    -2.3679    -2.5926
     3.4006     1.8942    -2.5551    -2.5832
     3.5160     2.2978    -2.7067    -2.4706
     3.4805     2.6099    -2.8225    -2.4142
     3.3207     2.8486    -2.9117    -2.2358
     3.1964     3.1242    -2.9919    -1.9635
     3.0455     3.3447    -2.9473    -1.7475
     2.8147     3.5193    -2.8404    -1.3435
     2.5838     3.5193    -2.6443    -0.9018
     2.1309     3.5193    -2.4838    -0.4036
     1.6601     3.3631    -2.1718     0.0666
     1.2514     3.0875    -1.9756     0.5275
     0.7538     2.6099    -1.7259     0.9227
     0.3361     1.9676    -1.4138     1.3557
    -0.0551     1.3441    -0.9767     1.7417
    -0.4640     0.7486    -0.5037     2.0619
    -0.8909     0.0896     0.0139     2.2785
    -1.2911    -0.4135     0.6210     2.6083
    -1.6381    -0.8431     1.0496     2.7590
    -1.8961    -1.2907     1.5677     2.9758
    -2.0740    -1.5007     2.0412     3.0700
    -2.2965    -1.8476     2.6043     3.1172
    -2.5190    -2.1304     3.1317     3.0889
    -2.6169    -2.3037     3.6414     2.9852
    -2.6970    -2.3493     4.0886     2.8062
    -2.6703    -2.4496     4.2586     2.5046
    -2.5012    -2.5499     4.2586     2.1184
    -2.3143    -2.6775     4.1602     1.6193
    -2.1185    -2.6866     3.8739     1.0733
    -1.8516    -2.6593     3.5520     0.4240
    -1.5491    -2.4678     3.0781    -0.0651
    -1.1310    -2.2672     2.5238    -0.5540
    -0.7575    -2.0027     1.8625    -1.0146
    -0.3218    -1.6194     1.2283    -1.4563
     0.2028    -1.3181     0.7549    -1.7099
     0.7360    -0.9162     0.1389    -2.0574
     1.2781    -0.5415    -0.4502    -2.4518
     1.7845    -0.0294    -1.0659    -2.7052
     2.2996     0.5014    -1.4584    -2.8273
     2.7081     0.8768    -1.8240    -2.7897
     2.8946     1.1425    -2.0559    -2.8554
     3.0455     1.5091    -2.2877    -2.8742
     3.0500     1.8116    -2.5016    -2.8366
     3.0544     2.2336    -2.7423    -2.6677
     2.9834     2.5732    -2.8760    -2.4424
     2.8591     2.8486    -2.9919    -2.1701
     2.6992     3.1610    -2.9562    -1.9071
     2.4684     3.3723    -2.8849    -1.4844
     2.1753     3.4182    -2.6443    -1.1274
     1.8022     3.4091    -2.4125    -0.6011
     1.3669     3.1977    -2.2520    -0.2250
     0.9138     2.8762    -2.0291     0.2453
     0.4250     2.4630    -1.7081     0.6874
    -0.0195     1.8758    -1.3335     1.1109
    -0.3662     1.3441    -0.7536     1.5063
    -0.7130     0.7944    -0.2003     1.7982
    -1.2022     0.1628     0.1924     2.1278
    -1.5402    -0.3403     0.8532     2.4010
    -1.9316    -0.8796     1.4605     2.6083
    -2.1986    -1.2085     1.9787     2.7967
    -2.3232    -1.5372     2.3987     2.9098
    -2.5457    -1.8749     2.9171     3.0512
    -2.7504    -2.2125     3.4178     3.0323
    -2.8750    -2.3949     3.8829     2.9098
    -2.8661    -2.5317     4.0439     2.7779
    -2.8572    -2.6593     4.2586     2.6271
    -2.7148    -2.6593     4.2586     2.3539
    -2.5635    -2.6319     4.2139     1.9018
    -2.3677    -2.6775     3.9992     1.4686
    -2.1808    -2.5317     3.6861     0.9509
    -1.8694    -2.3858     3.2390     0.3676
    -1.5224    -2.1213     2.6490    -0.1403
    -1.0599    -1.8749     2.1306    -0.6951
    -0.6508    -1.6011     1.5677    -1.2777
    -0.1706    -1.2907     0.9335    -1.6254
     0.4961    -0.9527     0.4246    -1.8884
     1.0293    -0.4866    -0.2182    -2.1983
     1.5979     0.0438    -0.7179    -2.5175
     2.0954     0.5197    -1.2264    -2.6865
     2.6282     0.9135    -1.6457    -2.8366
     2.8680     1.2066    -2.0291    -2.8460
     3.0633     1.6282    -2.2520    -2.9023
     3.2053     1.9125    -2.5373    -2.7616
     3.1964     2.3437    -2.7423    -2.6395
     3.0278     2.6558    -2.9741    -2.3579
     3.0100     2.9864    -2.9295    -2.0574
     2.7969     3.2069    -2.8671    -1.6723
     2.6637     3.4734    -2.6621    -1.3905
     2.3707     3.5469    -2.4838    -1.0052
     2.0421     3.5837    -2.3055    -0.6199
     1.6335     3.4918    -2.1450    -0.1403
     1.1270     3.1885    -1.9221     0.2453
     0.7272     2.7844    -1.6100     0.7251
     0.2650     2.1602    -1.3335     1.1674
    -0.1173     1.5824    -0.8250     1.5534
    -0.5085     0.9135    -0.3342     1.9206
    -0.9442     0.3641     0.2192     2.2220
    -1.3445    -0.3312     0.8085     2.4669
    -1.7270    -0.7791     1.3533     2.7590
    -2.0473    -1.1903     1.9340     3.0606
    -2.2075    -1.4368     2.4791     3.3528
    -2.4567    -1.8293     3.0423     3.3623
    -2.7326    -2.1030     3.5341     3.4094
    -2.8928    -2.2581     3.9276     3.2586
    -2.8572    -2.3584     4.1155     3.0323
    -2.7949    -2.5408     4.4286     2.8156
    -2.6792    -2.5955     4.4107     2.5046
    -2.5724    -2.6091     4.3928     2.0148
    -2.4656    -2.6228     4.2049     1.4969
    -2.2164    -2.5681     3.8203     0.9227
    -1.9583    -2.3493     3.2211     0.3770
    -1.5580    -2.0665     2.6132    -0.1780
    -1.1399    -1.7837     2.0323    -0.6481
    -0.6419    -1.5007     1.4605    -1.1274
    -0.1528    -1.1446     0.8532    -1.3905
     0.5316    -0.7883     0.2371    -1.6817
     1.1626    -0.3678    -0.3610    -2.0198
     1.8555     0.0530    -0.8339    -2.3673
     2.4151     0.5197    -1.2800    -2.6020
     2.9923     0.9043    -1.6367    -2.6958
     3.3474     1.2799    -1.9221    -2.6865
     3.5071     1.5641    -2.1539    -2.6912
     3.5338     2.0042    -2.3590    -2.6958
     3.5426     2.2703    -2.5373    -2.5175
     3.3829     2.5824    -2.6532    -2.3109
     3.2320     2.9680    -2.7780    -1.9917
     3.1609     3.2436    -2.8225    -1.6348
     2.8680     3.4182    -2.7869    -1.3059
     2.5394     3.4320    -2.5462    -1.0052
     2.1842     3.4458    -2.3858    -0.6199
     1.7223     3.3263    -2.1718    -0.2344
     1.1892     3.1885    -2.0113     0.1136
     0.6294     2.6742    -1.8419     0.5839
     0.0783     2.1786    -1.4940     1.0356
    -0.4107     1.6007    -1.1105     1.4498
    -0.7308     0.9593    -0.5751     1.9018
    -1.1666     0.3458    -0.0039     2.2032
    -1.5758    -0.2032     0.5496     2.5800
    -1.9050    -0.7426     1.1300     2.7213
    -2.1719    -0.9984     1.6302     3.0041
    -2.3944    -1.2268     2.2021     3.1549
    -2.5012    -1.5920     2.7652     3.3340
    -2.6614    -2.0209     3.3374     3.3623
    -2.8038    -2.2399     3.8561     3.2303
    -2.8928    -2.4222     4.2139     2.9946
    -2.8483    -2.5681     4.2765     2.7590
    -2.6347    -2.6411     4.2720     2.4669
    -2.4300    -2.6593     4.2675     2.0148
    -2.1185    -2.6684     4.0618     1.4686
    -1.8961    -2.5955     3.6325     0.9227
    -1.6469    -2.3949     3.1407     0.4052
    -1.2733    -2.1122     2.5328    -0.0933
    -0.9265    -1.8293     1.8804    -0.6293
    -0.4196    -1.5190     1.3265    -1.0898
     0.1139    -1.2177     0.6656    -1.4750
     0.8605    -0.8522     0.0318    -1.6535
     1.4291    -0.4958    -0.5394    -2.0198
     1.9977     0.0072    -1.0569    -2.3203
     2.5661     0.4922    -1.4762    -2.5832
     3.0011     0.8493    -1.7883    -2.8085
     3.2320     1.1242    -2.0737    -2.8366
     3.4184     1.4174    -2.2966    -2.8648
     3.4184     1.7933    -2.4749    -2.7709
     3.3474     2.0868    -2.6710    -2.6114
     3.2497     2.4539    -2.7869    -2.3861
     3.1521     2.7017    -2.9206    -2.1231
     3.0366     2.9864    -2.9117    -1.7663
     2.7703     3.1885    -2.8136    -1.4093
     2.4861     3.3080    -2.6354    -1.0334
     2.0687     3.2942    -2.4660    -0.6481
     1.6157     3.2804    -2.2877    -0.3096
     1.1270     2.9772    -2.1272     0.0572
     0.5494     2.6375    -1.8508     0.4804
     0.0339     2.1969    -1.5208     0.8945
    -0.3840     1.6466    -1.1372     1.3180
    -0.7308     1.0692    -0.6465     1.7229
    -1.1666     0.4007    -0.1378     2.0619
    -1.5936    -0.1666     0.3353     2.4293
    -1.8783    -0.6512     0.9693     2.6554
    -2.1986    -1.0167     1.5052     2.8344
    -2.3677    -1.2359     2.2200     3.0323
    -2.5991    -1.6468     2.8456     3.1172
    -2.8483    -2.0027     3.3195     3.0889
    -3.0174    -2.3493     3.9723     2.9946
    -2.9862    -2.5590     4.2139     2.9004
    -2.9551    -2.6411     4.4375     2.7119
    -2.8127    -2.7687     4.5449     2.4669
    -2.6258    -2.7869     4.5091     2.0807
    -2.4923    -2.7595     4.1960     1.5910
    -2.2431    -2.6319     3.7040     1.0827
    -1.8694    -2.3949     3.1138     0.5181
    -1.4779    -2.1943     2.5864    -0.0745
    -1.1310    -1.8019     1.9787    -0.5823
    -0.6419    -1.5646     1.4426    -1.0804
    -0.0462    -1.2724     0.8978    -1.4750
     0.5494    -0.9071     0.2192    -1.7287
     1.0915    -0.5141    -0.3788    -2.0292
     1.7667    -0.1757    -0.9320    -2.3203
     2.2996     0.2726    -1.3424    -2.5457
     2.7525     0.5929    -1.7348    -2.6771
     3.0722     0.8585    -2.0113    -2.8273
     3.2320     1.1791    -2.1539    -2.8319
     3.2763     1.5091    -2.2342    -2.8366
     3.2497     1.8575    -2.4482    -2.6865
     3.1787     2.2428    -2.4927    -2.4612
     3.1254     2.5640    -2.5640    -2.2077
     3.0100     2.8762    -2.6532    -1.9165
     2.7614     3.0875    -2.6532    -1.5690
     2.4861     3.2436    -2.4571    -1.2308
     2.1309     3.2804    -2.2699    -0.8830
     1.6868     3.2069    -2.1361    -0.4130
     1.2159     3.0875    -1.8864     0.0383
     0.7272     2.7844    -1.6635     0.4993
     0.2472     2.4172    -1.3870     0.8380
    -0.1884     1.8300    -0.9945     1.2145
    -0.5618     1.3624    -0.5930     1.6005
    -0.9442     0.7394    -0.0932     1.9960
    -1.3267     0.1719     0.4960     2.3162
    -1.6292    -0.4135     0.9871     2.5423
    -1.8961    -0.8796     1.5141     2.7402
    -2.1007    -1.2998     2.1663     2.8910
    -2.2787    -1.7289     2.6579     2.9946
    -2.4389    -2.0209     3.3642     2.9946
    -2.6614    -2.3584     3.9366     2.9946
    -2.7148    -2.5681     4.3570     2.8910
    -2.5902    -2.6684     4.5359     2.6931
    -2.4567    -2.6866     4.5717     2.5235
    -2.2698    -2.6866     4.5583     2.1467
    -2.0117    -2.6502     4.5449     1.7888
    -1.7804    -2.5772     4.0171     1.2615
    -1.4601    -2.4861     3.3105     0.8380
    -1.0954    -2.2307     2.6937     0.3017
    -0.7130    -1.8932     2.0680    -0.2156
    -0.3218    -1.5281     1.4337    -0.6293
     0.1583    -1.0715     0.8710    -1.0428
     0.8071    -0.6420     0.2460    -1.3059
     1.3225    -0.3312    -0.4145    -1.7475
     1.8467     0.0987    -0.8964    -2.0950
     2.4240     0.5197    -1.2800    -2.3485
     2.8413     0.8677    -1.6724    -2.4142
     3.1165     1.1150    -2.0380    -2.4893
     3.3474     1.5182    -2.2431    -2.5738
     3.4006     1.8483    -2.4036    -2.6208
     3.3474     2.2520    -2.4927    -2.5644
     3.3474     2.5732    -2.5462    -2.3673
     3.2497     2.8670    -2.6354    -1.9917
     3.0722     3.1977    -2.6354    -1.6441
     2.8768     3.4734    -2.6354    -1.3717
     2.6105     3.5745    -2.5016    -1.1462
     2.1842     3.6572    -2.3590    -0.7327
     1.7223     3.6297    -2.1361    -0.2720
     1.2959     3.4458    -1.7973     0.1794
     0.7716     3.0691    -1.5921     0.6216
     0.2294     2.5916    -1.3513     1.0356
    -0.2418     2.0226    -1.0034     1.4686
    -0.5707     1.4541    -0.5037     1.8359
    -1.0243     0.7944    -0.0307     2.2314
    -1.4157     0.1811     0.4692     2.5423
    -1.7893    -0.4226     0.9425     2.6837
    -2.0473    -0.9710     1.4426     2.9192
    -2.2520    -1.3364     2.0323     3.1549
    -2.4478    -1.6194     2.5417     3.3245
    -2.6347    -1.9936     3.0959     3.2491
    -2.9284    -2.2946     3.6503     3.1077
    -2.9551    -2.3402     4.2496     2.9758
    -2.8572    -2.5499     4.5359     2.8439
    -2.6970    -2.5955     4.5538     2.5894
    -2.5368    -2.5955     4.5717     2.2220
    -2.4122    -2.6228     4.4286     1.7323
    -2.1541    -2.5225     4.0171     1.1203
    -1.8605    -2.3949     3.3910     0.6310
    -1.4868    -2.0757     2.7205     0.1794
    -0.9976    -1.7381     2.0680    -0.4318
    -0.5796    -1.4277     1.4962    -0.7985
     0.0250    -0.9710     0.9871    -1.2026
     0.6738    -0.5781     0.3085    -1.5502
     1.1537    -0.2580    -0.2806    -1.8978
     1.7223     0.1628    -0.8339    -2.2734
     2.2463     0.5838    -1.3424    -2.5457
     2.8502     0.8951    -1.6903    -2.7897
     3.1432     1.2708    -2.0113    -2.7991
     3.3829     1.5366    -2.1896    -2.8179
     3.5338     2.0042    -2.4036    -2.6771
     3.5426     2.3804    -2.5819    -2.5457
     3.4628     2.7660    -2.6799    -2.2546
     3.3030     3.0232    -2.7869    -2.0386
     3.1521     3.2620    -2.7334    -1.7287
     2.9656     3.5193    -2.5908    -1.4657
     2.6637     3.6021    -2.3947    -1.1932
     2.2908     3.6480    -2.2342    -0.7609
     1.7845     3.5469    -2.0826    -0.3096
     1.3314     3.3080    -1.8419     0.1512
     0.7894     2.9313    -1.6189     0.6122
     0.2916     2.3621    -1.3513     1.1392
    -0.1528     1.8575    -0.8964     1.6381
    -0.5352     1.1975    -0.4770     2.0713
    -0.9976     0.5746    -0.0397     2.4104
    -1.4068    -0.0477     0.5138     2.7025
    -1.7715    -0.6695     0.9335     2.9004
    -2.0651    -1.1537     1.3354     3.2397
    -2.2787    -1.4551     1.8625     3.4377
    -2.3944    -1.7928     2.3808     3.3905
    -2.5368    -2.1304     2.9887     3.3811
    -2.7415    -2.3402     3.5609     3.1926
    -2.7593    -2.5772     4.0886     3.0983
    -2.7771    -2.6593     4.4196     2.8721
    -2.5991    -2.7778     4.5180     2.5046
    -2.4122    -2.8325     4.5046     2.0807
    -2.2342    -2.7322     4.4912     1.5628
    -2.0295    -2.6411     4.1333     0.9792
    -1.6914    -2.5317     3.4894     0.4710
    -1.3267    -2.2216     2.8635    -0.0839
    -0.8909    -1.9388     2.2378    -0.5729
    -0.4196    -1.6103     1.6034    -1.0616
     0.0161    -1.1903     0.9782    -1.5032
     0.6205    -0.7334     0.3710    -1.7944
     1.1715    -0.3129    -0.2806    -2.1419
     1.7489     0.1262    -0.8696    -2.4706
     2.2641     0.5655    -1.3602    -2.6677
     2.8147     0.9684    -1.6992    -2.8930
     3.1876     1.2983    -2.0291    -2.9211
     3.5249     1.5641    -2.2431    -2.9680
     3.6492     1.9859    -2.4125    -2.9305
     3.6492     2.3437    -2.6264    -2.8460
     3.5515     2.7385    -2.7423    -2.5175
     3.4184     3.0507    -2.8047    -2.2640
     3.2852     3.3631    -2.7958    -1.8978
     3.0189     3.5469    -2.7156    -1.5878
     2.7348     3.5423    -2.5106    -1.2590
     2.2996     3.5377    -2.2788    -0.9582
     1.8378     3.4918    -2.0737    -0.5823
     1.3047     3.3172    -1.8329     0.0007
     0.7449     2.9313    -1.6100     0.4804
     0.2739     2.4630    -1.2175     0.9321
    -0.1884     1.8208    -0.8785     1.3651
    -0.5796     1.2433    -0.3967     1.7982
    -1.0243     0.6845     0.0407     2.2597
    -1.4068     0.0438     0.5496     2.6365
    -1.7537    -0.4683     0.9693     2.8439
    -2.0829    -0.9071     1.4784     3.0323
    -2.2253    -1.2633     1.9519     3.2114
    -2.3855    -1.6285     2.5417     3.2774
    -2.5635    -1.9388     3.0691     3.3340
    -2.7148    -2.2672     3.7130     3.2397
    -2.9106    -2.3949     4.2586     3.0700
    -2.7949    -2.5590     4.5091     2.7967
    -2.6436    -2.6593     4.6344     2.6742
    -2.4478    -2.6684     4.7417     2.2314
    -2.1541    -2.6319     4.7238     1.7605
    -1.9405    -2.5134     4.5359     1.2804
    -1.6469    -2.4405     3.9008     0.7063
    -1.2911    -2.1851     3.1228     0.1794
    -0.9798    -1.9023     2.4881    -0.3566
    -0.5263    -1.6650     1.7821    -0.9112
     0.0605    -1.3181     1.1836    -1.3341
     0.6916    -0.8979     0.5585    -1.5502
     1.0826    -0.4409    -0.0754    -1.8226
     1.6601    -0.0202    -0.7001    -2.1231
     2.1664     0.4465    -1.1194    -2.3579
     2.6548     0.8402    -1.5654    -2.5550
     3.0899     1.2158    -1.8864    -2.6583
     3.4628     1.5457    -2.1183    -2.7428
     3.5249     1.8300    -2.2609    -2.7428
     3.5249     2.2520    -2.4571    -2.5175
     3.4983     2.4906    -2.5908    -2.3954
     3.3296     2.8119    -2.5819    -2.0762
     3.1254     3.0048    -2.6264    -1.8602
     2.9035     3.2528    -2.6621    -1.5126
     2.6460     3.3999    -2.4125    -1.1744
     2.2197     3.3999    -2.1985    -0.7985
     1.7578     3.3999    -2.0380    -0.4036
     1.3047     3.2069    -1.8419    -0.0087
     0.7894     2.9313    -1.6992     0.5463
     0.3450     2.5089    -1.4138     0.9415
    -0.0995     1.9125    -1.0034     1.4592
    -0.5441     1.3532    -0.5573     1.9018
    -0.8731     0.7944    -0.0129     2.3256
    -1.2911     0.2360     0.4960     2.6554
    -1.7003    -0.3861     0.9335     2.9004
    -1.9583    -0.8248     1.3622     3.0418
    -2.2253    -1.0898     1.8536     3.1926
    -2.3588    -1.5372     2.4434     3.1737
    -2.5368    -1.8658     3.1138     3.1926
    -2.6169    -2.1122     3.7487     3.0795
    -2.8483    -2.3128     4.1691     2.9569
    -2.8483    -2.4405     4.5449     2.7402
    -2.6614    -2.5317     4.6523     2.4858
    -2.4567    -2.6137     4.6970     2.1938
    -2.3054    -2.5681     4.6433     1.7040
    -2.0384    -2.5043     4.2407     1.1392
    -1.7181    -2.3767     3.4894     0.5463
    -1.3979    -2.1486     2.8277     0.0383
    -0.9887    -1.9662     2.2110    -0.3942
    -0.5263    -1.5829     1.5677    -0.8549
    -0.0817    -1.3181     1.0586    -1.2026
     0.5405    -0.9619     0.4335    -1.5126
     1.0115    -0.6146    -0.1825    -1.7193
     1.5890    -0.2946    -0.7001    -2.0011
     2.1398     0.1262    -1.1729    -2.3203
     2.6282     0.4922    -1.6189    -2.5269
     3.0633     0.8768    -1.9667    -2.6771
     3.3829     1.1975    -2.2164    -2.7897
     3.5604     1.5457    -2.3679    -2.8366
     3.5870     1.9034    -2.5016    -2.6395
     3.6225     2.2061    -2.6443    -2.4987
     3.4805     2.4539    -2.6621    -2.2640
     3.2852     2.7568    -2.7601    -1.9541
     3.0278     2.9772    -2.7334    -1.7099
     2.6815     3.0691    -2.5730    -1.3999
     2.2819     3.0783    -2.2788    -1.0428
     1.7845     3.1242    -2.1183    -0.6857
     1.2959     2.9405    -1.9667    -0.1968
     0.7272     2.7844    -1.7616     0.3017
     0.2383     2.3804    -1.4494     0.7533
    -0.1528     1.9125    -1.1551     1.2051
    -0.5441     1.4907    -0.8428     1.6758
    -0.9531     1.0051    -0.3967     2.0807
    -1.3089     0.3732     0.0585     2.3539
    -1.7359    -0.1940     0.6121     2.5989
    -1.9672    -0.5963     1.0854     2.7213
    -2.2075    -1.0076     1.5766     2.9004
    -2.3499    -1.3090     2.1038     2.9569
    -2.5813    -1.7472     2.6847     3.0041
    -2.6347    -2.1030     3.3552     2.9381
    -2.7860    -2.2490     3.9634     2.8627
    -2.7949    -2.4222     4.3391     2.7402
    -2.6703    -2.6137     4.4912     2.5423
    -2.5012    -2.6775     4.4688     2.2409
    -2.2876    -2.6775     4.4465     1.7511
    -2.1452    -2.6775     4.1333     1.4216
    -1.8427    -2.5772     3.5699     0.9039
    -1.5402    -2.3402     2.9440     0.4146
    -1.1399    -2.0848     2.2736    -0.0557
    -0.6686    -1.7563     1.6570    -0.5729
    -0.2862    -1.3820     1.0407    -0.9394
     0.4427    -1.0350     0.5138    -1.2496
     0.9315    -0.6420    -0.0218    -1.4469
     1.4202    -0.2672    -0.6554    -1.8038
     2.0421     0.1719    -1.1372    -2.1325
     2.6193     0.6021    -1.5386    -2.4236
     3.0100     0.9135    -1.9310    -2.6677
     3.3474     1.3441    -2.1629    -2.7991
     3.5515     1.7291    -2.3144    -2.7897
     3.6847     2.0776    -2.5016    -2.6677
     3.6136     2.3437    -2.6532    -2.4893
     3.4450     2.6375    -2.6443    -2.2922
     3.1787     2.9129    -2.7601    -1.9541
     2.9656     3.2069    -2.8047    -1.7193
     2.6193     3.2988    -2.6354    -1.4469
     2.2375     3.4182    -2.3768    -1.1650
     1.7934     3.4182    -2.1539    -0.7985
     1.2159     3.2161    -1.9756    -0.3660
     0.6827     3.0323    -1.7259     0.1136
     0.2294     2.7017    -1.5119     0.6404
    -0.2506     2.2520    -1.1818     1.1674
    -0.5885     1.8025    -0.7536     1.5910
    -1.0065     1.1058    -0.3253     2.0807
    -1.4157     0.5014     0.0585     2.4104
    -1.8605    -0.0294     0.5942     2.6837
    -2.1630    -0.5781     1.1032     2.9004
    -2.3588    -1.1080     1.5588     3.0323
    -2.5724    -1.4551     2.0323     3.1643
    -2.6970    -1.7928     2.6937     3.1926
    -2.7682    -2.1669     3.2837     3.1549
    -2.8572    -2.4040     3.8471     3.0983
    -2.9195    -2.5955     4.3123     2.9287
    -2.7682    -2.7413     4.5001     2.6460
    -2.5190    -2.8051     4.6075     2.3162
    -2.2965    -2.8233     4.5986     1.8547
    -2.0295    -2.7140     4.5091     1.4404
    -1.7982    -2.5864     4.0707     0.9227
    -1.4334    -2.3584     3.3910     0.4146
    -1.0332    -2.0301     2.7294    -0.1591
    -0.6508    -1.6468     2.1038    -0.6575
    -0.0284    -1.3546     1.5230    -1.0710
     0.5672    -0.8979     0.9693    -1.3623
     1.1182    -0.5049     0.2281    -1.5032
     1.6423    -0.1666    -0.3788    -1.8696
     2.2108     0.3275    -0.9320    -2.2734
     2.7259     0.7944    -1.3602    -2.5175
     3.2497     1.1883    -1.6278    -2.7428
     3.6314     1.5274    -1.9310    -2.8554
     3.8355     1.9492    -2.0915    -2.7897
     3.8622     2.2978    -2.3144    -2.6958
     3.8799     2.6099    -2.5016    -2.6395
     3.6492     2.9956    -2.6354    -2.3016
     3.4716     3.2069    -2.6799    -2.0762
     3.1698     3.4091    -2.7067    -1.8038
     2.8058     3.5929    -2.6175    -1.6629
     2.3618     3.6021    -2.3501    -1.3341
     1.8289     3.5193    -2.1539    -0.9864
     1.2514     3.3539    -2.0380    -0.5258
     0.6916     3.1150    -1.8597     0.0289
     0.1583     2.6834    -1.6635     0.5557
    -0.2595     2.1694    -1.3246     1.1862
    -0.7219     1.6099    -0.9499     1.7040
    -1.0332     1.0234    -0.4859     2.1749
    -1.4779     0.4922    -0.0397     2.5235
    -1.9050    -0.2032     0.4424     2.8439
    -2.2253    -0.7334     0.8710     3.0795
    -2.4389    -1.1903     1.2819     3.3057
    -2.5902    -1.5738     1.7821     3.4188
    -2.6881    -1.9753     2.3361     3.4660
    -2.7949    -2.3219     2.9082     3.3434
    -2.9551    -2.6228     3.5162     3.1077
    -2.9106    -2.7504     4.0081     2.9569
    -2.7860    -2.8416     4.3659     2.6554
    -2.5279    -2.9782     4.5091     2.3445
    -2.3321    -2.9418     4.4644     1.8641
    -2.0473    -2.8416     4.3302     1.4310
    -1.7537    -2.6593     3.9813     0.8568
    -1.4334    -2.3767     3.3731     0.3487
    -1.0332    -2.0301     2.8009    -0.1686
    -0.5174    -1.7198     2.1217    -0.6951
    -0.0639    -1.4094     1.4248    -1.1180
     0.5583    -0.9984     0.7996    -1.4844
     1.0915    -0.5689     0.1389    -1.6723
     1.5802    -0.1209    -0.5394    -1.9447
     2.1309     0.4099    -1.0302    -2.2922
     2.6726     0.8219    -1.4405    -2.5081
     3.1343     1.1150    -1.7883    -2.7146
     3.5071     1.4907    -2.0113    -2.8366
     3.7645     1.8758    -2.2253    -2.8273
     3.8355     2.2336    -2.4482    -2.7991
     3.8000     2.5548    -2.5730    -2.6301
     3.6048     2.8854    -2.7334    -2.4142
     3.2941     3.1334    -2.8404    -2.2452
     3.0544     3.4458    -2.8136    -1.9729
     2.7081     3.5193    -2.5908    -1.6254
     2.2552     3.5285    -2.4303    -1.2965
     1.8111     3.4550    -2.1807    -0.8642
     1.3047     3.3447    -2.0469    -0.3002
     0.6827     2.9680    -1.8954     0.2641
     0.2561     2.5732    -1.6011     0.7909
    -0.1617     2.0776    -1.3156     1.4686
    -0.5618     1.6099    -0.9856     1.9395
    -0.9265     0.9409    -0.5484     2.4293
    -1.3178     0.3732    -0.1021     2.8062
    -1.7626    -0.2215     0.4513     3.0418
    -2.0384    -0.7060     0.9246     3.2680
    -2.3499    -1.0441     1.4069     3.3811
    -2.5546    -1.4368     1.9072     3.3717
    -2.6080    -1.8384     2.4523     3.3623
    -2.7949    -2.2307     2.9797     3.2209
    -2.9284    -2.4040     3.5967     3.0512
    -2.8483    -2.6137     4.1155     2.8062
    -2.6970    -2.6502     4.4196     2.5423
    -2.4567    -2.7413     4.5359     2.1372
    -2.2342    -2.7641     4.5896     1.6099
    -2.0295    -2.7869     4.4733     1.1392
    -1.7359    -2.5772     3.9634     0.6686
    -1.3979    -2.3219     3.2837     0.1136
    -1.0777    -2.0574     2.5953    -0.3096
    -0.5530    -1.6924     1.9161    -0.7985
    -0.0551    -1.4642     1.2640    -1.2402
     0.5938    -1.1629     0.7639    -1.4750
     1.0826    -0.7243     0.0228    -1.7757
     1.5979    -0.4043    -0.5930    -2.0856
     2.0776     0.1536    -1.1551    -2.3954
     2.6282     0.5655    -1.6100    -2.6677
     3.1432     0.9867    -1.9132    -2.8554
     3.4983     1.2799    -2.1272    -2.8554
     3.7379     1.6282    -2.3233    -2.8648
     3.7246     1.9859    -2.4749    -2.7991
     3.7113     2.3713    -2.6443    -2.5644
     3.5959     2.6558    -2.7601    -2.3109
     3.3474     2.8762    -2.7468    -2.0856
     3.0633     3.1793    -2.7334    -1.9447
     2.7081     3.2712    -2.5195    -1.7287
     2.2641     3.2528    -2.3323    -1.4281
     1.8111     3.1885    -2.0648    -1.0052
     1.2870     2.9864    -1.8419    -0.4412
     0.7272     2.6742    -1.6546     0.1230
     0.2383     2.3621    -1.3692     0.6216
    -0.1795     1.8850    -1.0391     1.1580
    -0.5530     1.3991    -0.6644     1.6475
    -1.0954     0.8951    -0.2628     2.1090
    -1.5135     0.3366     0.3174     2.4858
    -1.8338    -0.3129     0.7996     2.7685
    -2.1452    -0.7517     1.3265     2.9381
    -2.3232    -1.0989     1.9430     3.1077
    -2.5190    -1.5099     2.4523     3.1454
    -2.6258    -1.8384     3.0155     3.1926
    -2.8305    -2.1486     3.6325     3.0606
    -2.9907    -2.3858     4.2496     2.9098
    -2.9462    -2.6046     4.4823     2.7119
    -2.8038    -2.7322     4.6791     2.4764
    -2.6436    -2.7504     4.8312     2.1467
    -2.3054    -2.7960     4.8491     1.7605
    -2.0028    -2.7140     4.6880     1.2521
    -1.7359    -2.5864     3.9992     0.7345
    -1.4157    -2.3584     3.0691     0.2359
    -0.9887    -2.1304     2.3272    -0.2626
    -0.5707    -1.6833     1.6213    -0.6857
    -0.0995    -1.4186     0.9425    -1.0992
     0.5227    -1.1080     0.2906    -1.3717
     1.0382    -0.6786    -0.3431    -1.6629
     1.5446    -0.2398    -1.0213    -1.9823
     2.1042     0.2817    -1.3781    -2.2264
     2.5927     0.7303    -1.7705    -2.4893
     3.0722     1.0417    -2.1539    -2.6489
     3.5426     1.3899    -2.5016    -2.7709
     3.7645     1.6007    -2.6978    -2.7428
     3.8000     2.0318    -2.8404    -2.6583
     3.8444     2.3346    -2.9473    -2.5269
     3.6847     2.6742    -2.9830    -2.4236
     3.3651     2.9129    -2.9874    -2.1983
     3.1077     3.0691    -2.9919    -2.0668
     2.7792     3.2528    -2.8404    -1.8038
     2.3174     3.2436    -2.6443    -1.4657
     1.8555     3.2345    -2.3858    -1.0052
     1.3758     3.0691    -2.0826    -0.5164
     0.8249     2.8303    -1.7616     0.0383
     0.3716     2.4630    -1.5119     0.5934
    -0.1706     1.9767    -1.2175     1.0356
    -0.5796     1.6007    -0.7804     1.5345
    -0.9976     1.0600    -0.2449     1.9206
    -1.4512     0.5563     0.2460     2.4481
    -1.8427    -0.0385     0.8799     2.7025
    -2.1630    -0.6329     1.5677     2.9192
    -2.3677    -1.0441     2.0859     3.0606
    -2.5724    -1.4733     2.7473     3.1454
    -2.7504    -1.8567     3.3910     3.1643
    -2.9551    -2.2399     3.9276     3.0418
    -3.0708    -2.5408     4.5091     2.8910
    -3.0886    -2.7413     4.6344     2.7119
    -2.9373    -2.8871     4.8402     2.4575
    -2.6970    -2.9145     4.8223     2.1184
    -2.4300    -2.9509     4.8044     1.6287
    -2.1452    -2.8689     4.1423     1.2709
    -1.8783    -2.6593     3.4357     0.8286
    -1.4779    -2.5043     2.7831     0.3487
    -1.1043    -2.3037     2.1038    -0.1591
    -0.6863    -1.9844     1.4248    -0.6105
    -0.0551    -1.6559     0.9067    -0.9676
     0.5761    -1.2724     0.2103    -1.2402
     1.0382    -0.7426    -0.3342    -1.4657
     1.5535    -0.2763    -0.8428    -1.7944
     2.1487     0.2360    -1.1908    -2.1044
     2.6460     0.6296    -1.5743    -2.3391
     3.0544     0.9959    -2.0113    -2.5175
     3.4628     1.3899    -2.2966    -2.6114
     3.7557     1.7016    -2.5016    -2.6771
     3.7557     1.9767    -2.7423    -2.7146
     3.7912     2.3254    -2.7512    -2.6114
     3.6136     2.6925    -2.8047    -2.4518
     3.3474     2.9864    -2.8003    -2.2358
     3.0722     3.1977    -2.7958    -2.1325
     2.6548     3.3631    -2.7156    -1.8696
     2.2730     3.4918    -2.5640    -1.5784
     1.8289     3.4458    -2.3144    -1.1274
     1.2870     3.2620    -1.9934    -0.6481
     0.7183     3.0875    -1.6813    -0.0651
     0.2116     2.6650    -1.4584     0.4710
    -0.1973     2.1694    -1.1908     1.0168
    -0.6774     1.7291    -0.9320     1.4404
    -1.0599     1.1700    -0.3967     1.9395
    -1.4690     0.6021     0.0050     2.3539
    -1.8872    -0.0751     0.6031     2.8062
    -2.1986    -0.5963     1.1568     3.0135
    -2.3766    -1.0441     1.8179     3.2774
    -2.5635    -1.4368     2.3361     3.4094
    -2.7593    -1.8749     2.9261     3.4283
    -2.8839    -2.3311     3.4089     3.2680
    -2.9996    -2.5317     4.1602     3.1077
    -3.0174    -2.6866     4.5628     2.8721
    -2.8839    -2.7778     4.5896     2.6271
    -2.6258    -2.8962     4.6165     2.2597
    -2.4478    -2.8962     4.5270     1.8264
    -2.1452    -2.8507     4.0886     1.2804
    -1.8605    -2.7778     3.5073     0.8098
    -1.4957    -2.5955     2.8188     0.3299
    -1.0865    -2.3402     2.2289    -0.1968
    -0.6508    -2.0757     1.6124    -0.6575
    -0.1351    -1.7289     1.1122    -1.1180
     0.5583    -1.3272     0.6121    -1.4563
     1.1004    -0.8340    -0.0218    -1.6723
     1.5802    -0.3861    -0.4324    -1.9447
     2.1220     0.3000    -0.7714    -2.1795
     2.6637     0.7669    -1.2264    -2.4236
     3.1343     1.0692    -1.6278    -2.6583
     3.4983     1.4266    -1.9399    -2.7428
     3.7202     1.6466    -2.2074    -2.8554
     3.8267     1.9676    -2.3412    -2.8366
     3.7734     2.2795    -2.4749    -2.7522
     3.6403     2.6007    -2.6175    -2.5926
     3.3030     2.8854    -2.6086    -2.3954
     3.0100     3.1701    -2.6443    -2.2546
     2.6992     3.2896    -2.5997    -1.9823
     2.2552     3.3355    -2.4303    -1.6911
     1.7401     3.3172    -2.1539    -1.2965
     1.2337     3.1977    -1.8686    -0.7609
     0.7272     2.8670    -1.6189    -0.1780
     0.2116     2.4447    -1.4316     0.4146
    -0.2506     2.0776    -1.1818     0.9509
    -0.6152     1.6099    -0.9142     1.4781
    -0.9798     0.9959    -0.6108     2.0713
    -1.4423     0.5289    -0.2182     2.5517
    -1.9228    -0.0385     0.3621     2.8627
    -2.2431    -0.5689     0.8174     3.1360
    -2.4567    -1.0532     1.2104     3.4000
    -2.6080    -1.4551     1.7375     3.4094
    -2.7504    -1.8384     2.2736     3.4188
    -2.9907    -2.2307     2.8546     3.2114
    -3.0530    -2.4496     3.4357     3.0323
    -3.0174    -2.7049     4.1512     2.7590
    -2.9284    -2.8051     4.3838     2.5046
    -2.7059    -2.8507     4.5091     2.1278
    -2.4389    -2.8871     4.4912     1.6664
    -2.1719    -2.8233     4.2496     1.2333
    -1.8783    -2.7504     3.7398     0.7909
    -1.4601    -2.4861     3.1764     0.2923
    -1.1132    -2.2399     2.5506    -0.1968
    -0.7041    -1.9114     1.9519    -0.6575
    -0.2329    -1.5372     1.4605    -1.0616
     0.4250    -1.1172     0.8889    -1.3341
     0.9493    -0.6877     0.3621    -1.6254
     1.4913    -0.2398    -0.2717    -2.0198
     2.0510     0.3732    -0.7447    -2.3579
     2.5039     0.7852    -1.1997    -2.6301
     2.9567     1.2249    -1.6367    -2.7334
     3.3474     1.3991    -1.8597    -2.8930
     3.5959     1.7933    -2.0291    -2.8366
     3.6580     2.0226    -2.2699    -2.7897
     3.6314     2.3529    -2.4838    -2.6301
     3.5249     2.6191    -2.5997    -2.4612
     3.2053     2.8303    -2.5819    -2.3485
     2.8236     3.0232    -2.6086    -2.1419
     2.5039     3.1977    -2.5284    -1.9635
     2.1753     3.1977    -2.2877    -1.6348
     1.7045     3.1977    -2.1539    -1.2026
     1.1804     3.0691    -2.0024    -0.7233
     0.6738     2.8119    -1.7438    -0.0745
     0.2916     2.3529    -1.5208     0.5275
    -0.2062     1.9859    -1.2621     1.0450
    -0.6152     1.5732    -0.9677     1.6099
    -1.0421     1.0142    -0.6019     2.1655
    -1.4601     0.5289    -0.1468     2.6460
    -1.8071    -0.1117     0.3710     3.0323
    -2.1185    -0.5689     0.8442     3.2397
    -2.3944    -0.9893     1.2461     3.3905
    -2.5635    -1.3546     1.5945     3.3670
    -2.6970    -1.7654     2.1038     3.3434
    -2.9462    -2.1395     2.6490     3.2114
    -2.9729    -2.4314     3.2301     2.9475
    -2.9996    -2.6411     3.7934     2.6931
    -2.8305    -2.7778     4.2496     2.3822
    -2.6525    -2.8507     4.3480     1.9771
    -2.4834    -2.8780     4.3391     1.4592
    -2.2253    -2.7595     4.3302     1.0074
    -1.8338    -2.6684     4.1244     0.4993
    -1.4512    -2.3949     3.6056     0.0666
    -1.0510    -2.1304     2.9797    -0.3566
    -0.6152    -1.8293     2.4255    -0.7891
    -0.0906    -1.5738     1.8268    -1.1086
     0.6027    -1.1354     1.1300    -1.3905
     1.1182    -0.7883     0.4871    -1.6723
     1.6157    -0.3769    -0.2182    -2.0386
     2.2108     0.2177    -0.8250    -2.3016
     2.6548     0.6387    -1.3156    -2.4799
     3.1165     0.9593    -1.6635    -2.6677
     3.4539     1.3349    -1.9934    -2.7334
     3.6580     1.6649    -2.2342    -2.7334
     3.6713     1.9492    -2.4749    -2.7334
     3.6847     2.1419    -2.7156    -2.6301
     3.4628     2.4080    -2.8671    -2.4799
     3.2231     2.6650    -2.9117    -2.3203
     2.8591     2.8486    -2.9206    -2.2170
     2.5039     3.0140    -2.7245    -1.9165
     2.0865     3.0875    -2.5730    -1.5690
     1.5890     3.0691    -2.4749    -1.0522
     1.1626     2.8946    -2.2609    -0.4976
     0.7005     2.7293    -1.9756    -0.0087
     0.2383     2.4447    -1.7527     0.4804
    -0.2151     1.9951    -1.3781     0.9792
    -0.5352     1.6191    -1.0034     1.4875
    -0.9709     1.1700    -0.4859     1.9865
    -1.5224     0.6204    -0.0218     2.4387
    -1.9139     0.0530     0.5317     2.7590
    -2.2431    -0.4683     1.1211     3.0229
    -2.5190    -0.9162     1.5498     3.0983
    -2.7059    -1.3272     1.9608     3.0889
    -2.8928    -1.7563     2.4345     3.0795
    -3.0352    -2.1851     2.8993     2.9569
    -3.2221    -2.5043     3.4715     2.7590
    -3.2489    -2.7413     3.9455     2.5800
    -3.0797    -2.8780     4.2317     2.2691
    -2.8572    -2.9327     4.3659     1.9018
    -2.5457    -2.9327     4.5717     1.5157
    -2.3054    -2.8507     4.5180     1.0733
    -2.0028    -2.7140     4.2049     0.6780
    -1.6203    -2.5317     3.5699     0.3205
    -1.1577    -2.3037     2.8277    -0.1215
    -0.7575    -1.9936     2.2021    -0.5070
    -0.2240    -1.7107     1.5141    -0.8455
     0.3183    -1.4551     0.9425    -1.0992
     0.9138    -0.9710     0.2817    -1.4469
     1.4025    -0.5141    -0.3788    -1.8884
     1.9710     0.1811    -0.9945    -2.2452
     2.5039     0.7211    -1.4940    -2.4987
     3.0366     1.0967    -1.9043    -2.6208
     3.4006     1.4266    -2.1629    -2.7334
     3.6048     1.7108    -2.3590    -2.7146
     3.7734     2.0042    -2.6175    -2.7099
     3.7468     2.3437    -2.8671    -2.7052
     3.6403     2.4906    -3.0186    -2.4987
     3.3207     2.6742    -3.0364    -2.3391
     2.9923     2.8946    -2.9384    -2.1419
     2.7259     3.0415    -2.8225    -1.9071
     2.2730     3.0966    -2.7869    -1.5784
     1.8111     3.0783    -2.5462    -1.1556
     1.3314     2.9956    -2.3144    -0.7045
     0.8605     2.7201    -2.0826    -0.2062
     0.3539     2.4722    -1.8062     0.3487
    -0.1351     2.1052    -1.4762     0.8098
    -0.5174     1.5824    -1.0659     1.2709
    -0.9531     1.1425    -0.5484     1.7888
    -1.4068     0.6204    -0.0932     2.2597
    -1.9316     0.0255     0.5674     2.6837
    -2.2787    -0.4866     1.1032     3.0323
    -2.5457    -0.9984     1.5856     3.2114
    -2.6881    -1.3364     2.0591     3.2397
    -2.8572    -1.7472     2.5328     3.1737
    -3.0530    -2.1669     3.0155     3.0889
    -3.2667    -2.5225     3.7308     2.9004
    -3.2400    -2.7413     4.3033     2.5989
    -3.0619    -2.8325     4.4196     2.3539
    -2.7682    -2.9327     4.5717     2.0430
    -2.5101    -2.9600     4.5762     1.6475
    -2.2164    -2.8871     4.5807     1.2145
    -1.9316    -2.8142     4.0528     0.7627
    -1.6114    -2.5772     3.3910     0.3487
    -1.2022    -2.3493     2.6758    -0.1497
    -0.7219    -2.0574     1.9966    -0.5540
    -0.1706    -1.7381     1.3712    -0.8924
     0.4427    -1.3820     0.7460    -1.1180
     0.9138    -0.9619     0.1299    -1.5502
     1.4824    -0.4043    -0.5573    -1.8696
     1.9799     0.0987    -1.0926    -2.2452
     2.4861     0.6570    -1.5654    -2.5175
     2.9745     1.0692    -1.8597    -2.5269
     3.3829     1.3716    -2.1629    -2.6301
     3.6225     1.6466    -2.3858    -2.6677
     3.6758     2.0226    -2.5551    -2.6583
     3.6669     2.2428    -2.7067    -2.6348
     3.5249     2.5365    -2.9117    -2.6114
     3.1609     2.6925    -2.9206    -2.4518
     2.7880     2.9405    -2.8047    -2.2922
     2.4684     3.0232    -2.7067    -2.0105
     2.0865     3.1793    -2.5551    -1.6535
     1.6246     3.1058    -2.4125    -1.3059
     1.1004     2.9221    -2.1361    -0.9300
     0.6116     2.7568    -1.9132    -0.4036
     0.2116     2.4172    -1.6635     0.0948
    -0.2329     2.0042    -1.3959     0.6310
    -0.6241     1.6374    -1.0302     1.1674
    -1.0510     1.0600    -0.5930     1.7134
    -1.5135     0.6021    -0.1021     2.2503
    -1.9316    -0.0294     0.4960     2.6648
    -2.3054    -0.5598     0.9782     2.9758
    -2.5902    -1.0258     1.3980     3.2397
    -2.7771    -1.3638     1.8447     3.2397
    -2.8661    -1.8111     2.4166     3.2397
    -3.0797    -2.2672     2.9797     3.0889
    -3.2221    -2.5225     3.5430     2.9098
    -3.2132    -2.7504     4.1244     2.6554
    -2.9818    -2.9509     4.3480     2.4010
    -2.7059    -2.9418     4.3302     2.0148
    -2.5012    -2.9281     4.3123     1.6381
    -2.2609    -2.9145     4.0618     1.1956
    -1.9050    -2.7687     3.6325     0.8192
    -1.6025    -2.5408     3.0244     0.3299
    -1.1132    -2.4040     2.4255    -0.1686
    -0.6863    -2.0848     1.8089    -0.5917
    -0.1440    -1.8202     1.2908    -0.9770
     0.4161    -1.3546     0.6656    -1.2120
     1.0648    -0.8796     0.0585    -1.5314
     1.5535    -0.4683    -0.4770    -1.9165
     2.0154     0.1170    -1.0213    -2.1983
     2.5217     0.6296    -1.4494    -2.4424
     3.0899     1.0875    -1.8151    -2.5363
     3.4628     1.4082    -2.1361    -2.7052
     3.6492     1.7841    -2.3055    -2.7146
     3.7024     2.1235    -2.4749    -2.7052
     3.7379     2.4080    -2.6443    -2.7052
     3.5604     2.6375    -2.7780    -2.5926
     3.2586     2.8486    -2.8136    -2.4142
     2.9479     2.9313    -2.7958    -2.1983
     2.6282     3.0415    -2.6799    -1.9917
     2.1842     3.0507    -2.5551    -1.7475
     1.7134     3.0599    -2.3858    -1.3905
     1.2070     2.9864    -2.1896    -0.8924
     0.7272     2.7568    -1.9132    -0.3378
     0.2739     2.4080    -1.6100     0.1888
    -0.1440     2.1235    -1.3424     0.6686
    -0.5707     1.6924    -0.9856     1.1203
    -0.9887     1.2158    -0.6019     1.6381
    -1.4068     0.6937    -0.2628     2.1938
    -1.7982     0.1536     0.2817     2.6177
    -2.1541    -0.3952     0.7906     2.9287
    -2.4300    -0.8522     1.2640     3.0795
    -2.6258    -1.2816     1.7821     3.2397
    -2.7682    -1.6742     2.3004     3.1643
    -3.0263    -2.1486     2.8188     3.0512
    -3.2132    -2.5225     3.3463     2.8062
    -3.2221    -2.7778     3.7845     2.5894
    -3.0263    -2.8871     4.2317     2.1749
    -2.8483    -3.0511     4.3570     1.8453
    -2.6970    -2.9965     4.3659     1.4027
    -2.3855    -3.0056     4.1065     0.9415
    -2.0918    -2.8689     3.6861     0.5275
    -1.6914    -2.6775     3.2390     0.1606
    -1.2200    -2.4496     2.6937    -0.3190
    -0.7486    -2.0848     2.0412    -0.6669
    -0.2329    -1.8476     1.4873    -1.0052
     0.3716    -1.5555     0.8978    -1.2120
     0.8782    -1.0898     0.2014    -1.5502
     1.4647    -0.5963    -0.4502    -1.9353
     1.9977    -0.1300    -1.0213    -2.2734
     2.4950     0.4099    -1.4494    -2.4799
     2.9035     0.8493    -1.7883    -2.5457
     3.3562     1.2524    -2.0024    -2.6020
     3.6136     1.5274    -2.2699    -2.6208
     3.6225     1.8942    -2.4392    -2.6020
     3.6314     2.1786    -2.5640    -2.6489
     3.4361     2.4814    -2.7423    -2.5269
     3.1964     2.6834    -2.8760    -2.3485
     2.9745     2.8762    -2.8493    -2.1513
     2.5927     2.9589    -2.7245    -1.9541
     2.2463     3.0232    -2.5997    -1.6441
     1.8022     2.9864    -2.4482    -1.3153
     1.3669     2.8670    -2.1985    -0.8455
     0.8693     2.7293    -1.9043    -0.2908
     0.3983     2.4447    -1.6100     0.2547
    -0.0551     2.1143    -1.3156     0.7157
    -0.4640     1.7383    -0.8696     1.1862
    -0.8642     1.2341    -0.4502     1.6287
    -1.3445     0.6845    -0.0129     2.1938
    -1.7626     0.2268     0.5049     2.6931
    -2.0829    -0.3312     0.9335     2.9852
    -2.3410    -0.7609     1.3801     3.1454
    -2.5546    -1.1903     1.9072     3.2963
    -2.8216    -1.5646     2.3451     3.3057
    -2.9729    -1.9936     2.8188     3.1737
    -3.1598    -2.4131     3.2658     2.9192
    -3.1331    -2.5864     3.7845     2.6554
    -3.0085    -2.7960     4.0976     2.2691
    -2.8572    -2.9327     4.2317     1.8829
    -2.5724    -2.9054     4.2228     1.4969
    -2.2876    -2.8325     4.2139     1.1015
    -1.9583    -2.6866     4.0171     0.5934
    -1.6381    -2.5681     3.4626     0.1606
    -1.2378    -2.3493     2.8188    -0.2438
    -0.7308    -2.1486     2.2915    -0.5917
    -0.2506    -1.8567     1.6034    -0.9676
     0.4161    -1.5281     1.0318    -1.2402
     0.8960    -1.0989     0.4156    -1.5502
     1.5002    -0.5963    -0.2360    -1.9917
     2.0598    -0.0660    -0.8785    -2.2828
     2.5483     0.5472    -1.4405    -2.4893
     3.0366     0.8860    -1.8597    -2.7052
     3.4184     1.3166    -2.1272    -2.6865
     3.6314     1.5549    -2.2877    -2.7428
     3.7645     1.9767    -2.5551    -2.6865
     3.7024     2.2244    -2.6978    -2.5926
     3.5160     2.4722    -2.9117    -2.5081
     3.1609     2.7293    -3.0275    -2.3297
     2.9035     2.8303    -2.9830    -2.1701
     2.5394     3.0323    -2.8760    -1.8226
     2.2019     3.0140    -2.7423    -1.5972
     1.7667     3.0048    -2.5730    -1.2777
     1.2959     2.8486    -2.3858    -0.7797
     0.8871     2.7293    -2.0915    -0.2720
     0.4250     2.4447    -1.8062     0.2641
    -0.0639     2.0960    -1.5030     0.7721
    -0.4551     1.7566    -1.0569     1.2992
    -0.8820     1.2891    -0.5662     1.8547
    -1.3178     0.7394    -0.0575     2.3351
    -1.7448     0.2177     0.5317     2.7402
    -2.1363    -0.3678     1.0675     3.0983
    -2.4389    -0.8796     1.6302     3.3151
    -2.6703    -1.2451     2.1306     3.4188
    -2.8305    -1.7381     2.5238     3.3905
    -3.0708    -2.0939     3.0781     3.2303
    -3.2578    -2.4496     3.5430     2.9758
    -3.2043    -2.7322     4.0171     2.7119
    -2.9996    -2.8962     4.3391     2.2974
    -2.8216    -2.9418     4.4286     1.9771
    -2.5813    -2.9600     4.5180     1.4969
    -2.3143    -2.9509     4.5359     1.0827
    -1.9405    -2.7413     4.2407     0.6404
    -1.5847    -2.5955     3.6503     0.2359
    -1.1755    -2.4678     2.9350    -0.2438
    -0.7397    -2.1943     2.3272    -0.6481
    -0.2506    -1.9206     1.7196    -0.9676
     0.4427    -1.5372     1.0496    -1.1838
     1.1004    -1.1354     0.4156    -1.5408
     1.6246    -0.5963    -0.2806    -1.9447
     2.1487     0.0072    -0.8785    -2.2922
     2.7614     0.5655    -1.4316    -2.5175
     3.2142     1.0234    -1.7259    -2.6301
     3.5781     1.4541    -2.0469    -2.6771
     3.7290     1.7658    -2.3055    -2.6865
     3.8533     2.0593    -2.5195    -2.6958
     3.8089     2.4263    -2.7245    -2.7146
     3.6225     2.6283    -2.8849    -2.6771
     3.3917     2.7936    -2.9919    -2.4799
     3.0722     2.8670    -2.9651    -2.2640
     2.6815     2.9405    -2.8671    -2.0198
     2.2908     2.9497    -2.7156    -1.7569
     1.8022     2.9313    -2.5284    -1.3717
     1.3669     2.8211    -2.3679    -0.9394
     0.8693     2.5824    -2.0737    -0.4130
     0.3539     2.3254    -1.7973     0.1324
    -0.0995     2.0134    -1.4494     0.6592
    -0.5530     1.6374    -1.0391     1.1956
    -0.9709     1.1608    -0.5037     1.7699
    -1.4157     0.7120     0.0050     2.3256
    -1.9228     0.1902     0.5942     2.8156
    -2.2342    -0.3861     1.1122     3.1454
    -2.4745    -0.8796     1.6124     3.4000
    -2.6080    -1.1994     2.0949     3.4283
    -2.8038    -1.6377     2.5328     3.4565
    -3.0886    -2.0848     3.1675     3.3151
    -3.2310    -2.4678     3.6414     2.9946
    -3.1509    -2.7049     4.1512     2.7213
    -3.0085    -2.8142     4.4286     2.3539
    -2.7593    -2.9691     4.4912     1.9960
    -2.5279    -2.9691     4.5091     1.5345
    -2.2520    -2.8871     4.4017     1.0733
    -1.9494    -2.7140     3.9634     0.6404
    -1.5936    -2.6046     3.4447     0.2076
    -1.1844    -2.3858     2.7652    -0.1780
    -0.7842    -2.1486     2.1753    -0.5258
    -0.3218    -1.8111     1.5766    -0.8267
     0.3539    -1.4551     1.0675    -1.0522
     0.9671    -1.0167     0.4781    -1.3529
     1.5624    -0.5598    -0.2092    -1.7475
     2.0865     0.0164    -0.8071    -2.0762
     2.6637     0.5929    -1.2978    -2.3203
     3.1521     1.0600    -1.6100    -2.3861
     3.5338     1.4999    -1.8775    -2.4987
     3.7379     1.8392    -2.1539    -2.5457
     3.7912     2.1602    -2.4303    -2.6395
     3.6048     2.4630    -2.6443    -2.5926
     3.4006     2.7293    -2.8047    -2.5738
     3.1077     2.8854    -2.7780    -2.4048
     2.8680     2.9864    -2.8225    -2.2640
     2.5661     3.1518    -2.7601    -1.9165
     2.2019     3.0875    -2.5997    -1.5220
     1.8289     3.0599    -2.3947    -1.1744
     1.3936     2.9221    -2.2074    -0.8079
     0.9227     2.7293    -2.0291    -0.2626
     0.4072     2.4998    -1.8062     0.1888
     0.0427     2.1602    -1.4138     0.6498
    -0.4640     1.7383    -1.0213     1.1956
    -0.8909     1.2341    -0.5751     1.6758
    -1.3089     0.7944    -0.1111     2.1843
    -1.7715     0.1536     0.4513     2.6460
    -2.1452    -0.3312     0.9603     3.0229
    -2.4122    -0.6695     1.4069     3.1737
    -2.5635    -1.1354     1.9698     3.3528
    -2.7593    -1.6377     2.5596     3.2680
    -2.9907    -2.0392     3.0781     3.1454
    -2.9996    -2.4405     3.5967     2.8439
    -3.0085    -2.7049     4.0171     2.5706
    -2.8483    -2.8507     4.3212     2.1938
    -2.6970    -2.8598     4.4286     1.8359
    -2.5902    -2.8689     4.4375     1.4592
    -2.3232    -2.8598     4.2854     0.9980
    -1.9672    -2.6957     4.0528     0.6216
    -1.5936    -2.5590     3.4983     0.2453
    -1.2378    -2.3858     2.8546    -0.1121
    -0.7486    -2.1304     2.2378    -0.4506
    -0.2418    -1.8111     1.6838    -0.7703
     0.4072    -1.4186     1.0943    -0.9864
     1.0115    -1.0715     0.5049    -1.3341
     1.6335    -0.5323    -0.1111    -1.7005
     2.2375    -0.0385    -0.7447    -2.0198
     2.7792     0.6113    -1.0659    -2.2077
     3.3207     1.0509    -1.4405    -2.3954
     3.7379     1.4357    -1.6992    -2.4987
     3.8355     1.8208    -1.9756    -2.5363
     3.8089     2.2611    -2.2609    -2.5175
     3.7912     2.4630    -2.4749    -2.4706
     3.5160     2.7844    -2.6175    -2.3297
     3.3030     2.9772    -2.6621    -2.1983
     3.0544     3.0599    -2.6621    -2.0668
     2.7170     3.1977    -2.5373    -1.7757
     2.2996     3.2069    -2.4303    -1.5126
     1.8200     3.1426    -2.2253    -1.0992
     1.4114     2.9589    -2.0291    -0.6669
     0.9582     2.7660    -1.8329    -0.1968
     0.4072     2.5089    -1.6011     0.3299
    -0.0195     2.1510    -1.2354     0.7721
    -0.4729     1.8116    -0.9231     1.2427
    -0.8820     1.3716    -0.4591     1.6381
    -1.2911     0.8585    -0.0129     2.1372
    -1.7448     0.3000     0.4781     2.6554
    -2.1719    -0.2763     1.0139     2.9475
    -2.4300    -0.5689     1.5141     3.2491
    -2.6258    -1.0715     2.0502     3.3811
    -2.8216    -1.5099     2.4791     3.4377
    -2.9907    -1.9023     3.0334     3.2209
    -3.0352    -2.2581     3.5162     3.0418
    -2.9907    -2.4678     3.9187     2.7308
    -2.8572    -2.6866     4.2049     2.3351
    -2.6614    -2.6866     4.3659     1.8641
    -2.5012    -2.8233     4.3391     1.4592
    -2.3054    -2.7778     4.2765     1.0074
    -1.9939    -2.7049     3.9813     0.6122
    -1.6469    -2.5955     3.5162     0.1794
    -1.2111    -2.3767     2.8903    -0.2062
    -0.7842    -2.2216     2.4076    -0.5446
    -0.3040    -1.8658     1.8000    -0.7421
     0.2205    -1.4916     1.1836    -0.9958
     0.9493    -1.0441     0.5674    -1.3811
     1.5269    -0.4866    -0.0932    -1.7944
     2.1220    -0.0477    -0.6822    -2.0292
     2.7792     0.4922    -1.1908    -2.2358
     3.3562     0.9318    -1.5119    -2.3485
     3.7202     1.3624    -1.7438    -2.4612
     3.9065     1.6833    -2.0737    -2.5175
     3.9065     1.9584    -2.2877    -2.5363
     3.8622     2.3437    -2.5640    -2.4987
     3.6403     2.6375    -2.7601    -2.3767
     3.4006     2.8854    -2.8136    -2.1513
     3.1254     2.9864    -2.8225    -1.9447
     2.8324     3.1701    -2.7156    -1.8038
     2.3796     3.1242    -2.5730    -1.5126
     1.8644     3.1058    -2.3947    -1.2120
     1.4647     2.9680    -2.1450    -0.8549
     0.8516     2.7660    -1.9667    -0.3566
     0.4250     2.5089    -1.6992     0.1418
    -0.0373     2.1052    -1.3781     0.6592
    -0.5263     1.6833    -0.8964     1.1203
    -0.9887     1.2799    -0.4502     1.6475
    -1.3979     0.7303     0.0050     2.1749
    -1.7537     0.1628     0.5317     2.6837
    -2.0829    -0.3312     1.2015     3.0606
    -2.3321    -0.7152     1.8000     3.3623
    -2.5724    -1.1354     2.2378     3.6357
    -2.8127    -1.6377     2.7115     3.6545
    -2.9462    -2.0209     3.2301     3.4848
    -3.0530    -2.3767     3.6772     3.2209
    -2.9907    -2.5043     4.1333     2.8156
    -2.7949    -2.7049     4.3391     2.4104
    -2.6614    -2.7413     4.4733     1.9300
    -2.5012    -2.8507     4.4733     1.4498
    -2.2342    -2.7960     4.3749     0.9603
    -1.9139    -2.7322     4.1065     0.5557
    -1.6381    -2.5681     3.5251     0.1042
    -1.3000    -2.3675     2.9618    -0.3284
    -0.8553    -2.1122     2.2378    -0.7045
    -0.3129    -1.8111     1.7732    -1.0052
     0.1583    -1.3820     1.2283    -1.2402
     0.8516    -1.0076     0.6031    -1.5502
     1.4380    -0.4683    -0.0754    -1.9165
     2.1042    -0.0294    -0.6644    -2.2077
          3          3          3          3
