    4   2048 0.020000  2016   1  19  12  22
         16         10         11         42
    -0.7876    -1.7364     0.4894    -1.2677
    -1.1167    -1.7364     0.9268    -1.0422
    -1.3658    -1.5813     1.3643    -0.7415
    -1.5437    -1.4080     1.7751    -0.3750
    -1.6327    -1.2438     2.1055     0.0481
    -1.6683    -1.0613     2.2753     0.4243
    -1.6327    -0.7235     2.2931     0.8006
    -1.5526    -0.3673     2.2663     1.1769
    -1.4192     0.0622     2.1413     1.5158
    -1.1701     0.5377     1.9180     1.7323
    -0.9032     0.9952     1.6590     1.9300
    -0.5652     1.4255     1.2393     1.9159
    -0.2362     1.7827     0.8375     1.9017
     0.2173     2.1402     0.4359     1.7229
     0.5818     2.4335    -0.0014     1.4499
     0.8840     2.4977    -0.2512     1.1675
     1.2395     2.4702    -0.5456     0.7723
     1.4795     2.3052    -0.7775     0.4149
     1.7993     2.0210    -0.9469     0.0387
     1.9859     1.6270    -1.1253    -0.3562
     2.0836     1.0867    -1.2145    -0.6100
     2.0747     0.6017    -1.1877    -0.8261
     1.9681     0.1354    -1.1788    -1.0516
     1.7282    -0.3125    -1.1521    -1.1738
     1.3995    -0.7144    -1.0540    -1.3711
     1.0884    -0.9700    -0.9559    -1.4556
     0.6707    -1.1890    -0.6972    -1.5965
     0.2173    -1.4171    -0.4831    -1.5777
    -0.2095    -1.6087    -0.1977    -1.5401
    -0.5385    -1.7272     0.1414    -1.4180
    -0.8765    -1.8549     0.4180    -1.2959
    -1.1701    -1.8549     0.7572    -1.0610
    -1.4547    -1.6816     1.0518    -0.8261
    -1.5882    -1.5904     1.3286    -0.5724
    -1.7484    -1.4445     1.5518    -0.2434
    -1.7662    -1.2164     1.7393     0.0669
    -1.7573    -0.9335     1.7929     0.3772
    -1.7306    -0.4952     1.7929     0.6877
    -1.5348    -0.0840     1.7036     1.0075
    -1.3836     0.2816     1.6054     1.2710
    -1.1434     0.7024     1.3821     1.4593
    -0.8142     1.1050     1.1589     1.6287
    -0.4674     1.4530     0.9625     1.6287
     0.0039     1.7736     0.7304     1.6005
     0.3951     2.0760     0.4716     1.4781
     0.7329     2.1677     0.3377     1.2334
     1.0529     2.1631     0.0968     0.9511
     1.3373     2.1585    -0.0638     0.6688
     1.6127     2.0210    -0.1620     0.3020
     1.8171     1.7003    -0.2780     0.0105
     1.9148     1.3614    -0.3761    -0.3374
     1.9415     1.0135    -0.3761    -0.6476
     1.8971     0.5926    -0.4207    -0.8731
     1.6572     0.0805    -0.4653    -1.0610
     1.4261    -0.3490    -0.4742    -1.2301
     1.0529    -0.6778    -0.4296    -1.4086
     0.6618    -0.9426    -0.3493    -1.4462
     0.1995    -1.1982    -0.2423    -1.3992
    -0.2717    -1.4627    -0.1084    -1.3617
    -0.5296    -1.6269     0.0254    -1.2677
    -0.9121    -1.7364     0.1771    -1.1268
    -1.1790    -1.7272     0.3288    -0.9389
    -1.4459    -1.5813     0.5341    -0.7133
    -1.5882    -1.4627     0.6769    -0.4784
    -1.7573    -1.2985     0.7751    -0.1305
    -1.8107    -1.0886     0.9357     0.2174
    -1.7573    -0.8057     1.0072     0.5748
    -1.6950    -0.5043     1.0518     0.9417
    -1.5437    -0.1023     1.0339     1.2899
    -1.4014     0.2999     0.9714     1.6381
    -1.1078     0.6383     0.9090     1.8923
    -0.8053     1.1142     0.8554     2.0995
    -0.4585     1.5354     0.7394     2.1560
     0.0128     1.8927     0.6322     2.0524
     0.3862     2.1493     0.5251     1.8547
     0.7418     2.2960     0.4448     1.6381
     1.0973     2.3327     0.3645     1.3181
     1.3995     2.2685     0.2931     0.9511
     1.7194     2.0668     0.2128     0.5748
     1.8704     1.7827     0.1057     0.2174
     1.9948     1.3705     0.0254    -0.2058
     2.0303     0.9586    -0.1084    -0.5066
     2.0303     0.5469    -0.2244    -0.7791
     1.8704     0.1354    -0.3761    -0.9765
     1.5417    -0.2485    -0.4831    -1.1832
     1.2129    -0.6687    -0.5099    -1.3147
     0.8040    -0.8239    -0.5144    -1.3617
     0.4218    -1.0978    -0.5188    -1.3898
    -0.0494    -1.3350    -0.4475    -1.3523
    -0.4051    -1.5266    -0.3047    -1.2583
    -0.6897    -1.6178    -0.1441    -1.1174
    -0.9832    -1.6634     0.0254    -0.9295
    -1.2234    -1.4992     0.2485    -0.7321
    -1.4459    -1.3441     0.3913    -0.4784
    -1.5882    -1.1982     0.5965    -0.1400
    -1.5927    -0.9426     0.7840     0.1986
    -1.5971    -0.7417     1.0607     0.5748
    -1.4992    -0.3581     1.2839     0.9511
    -1.3658    -0.0292     1.4179     1.3463
    -1.1701     0.3822     1.5072     1.6570
    -0.9032     0.7939     1.5116     1.9394
    -0.5652     1.2332     1.5161     2.1089
    -0.2273     1.6545     1.4089     2.1466
     0.2262     1.9660     1.1946     1.9771
     0.5996     2.1402     0.8822     1.7417
     0.9107     2.2685     0.5251     1.4593
     1.3195     2.2685     0.1325     1.0922
     1.6394     2.0943    -0.1977     0.7535
     1.8704     1.9019    -0.4831     0.3867
     2.0836     1.5812    -0.7240     0.0387
     2.2080     1.0684    -0.9024    -0.3280
     2.2080     0.6017    -1.0450    -0.6288
     2.1458     0.2268    -1.1966    -0.8731
     2.0037    -0.1754    -1.2947    -1.1362
     1.6838    -0.5682    -1.2858    -1.3711
     1.3639    -0.8787    -1.2501    -1.4744
     0.8929    -1.0795    -1.1877    -1.5401
     0.4929    -1.2529    -1.0629    -1.5683
     0.0128    -1.4080    -0.8399    -1.4838
    -0.2628    -1.4810    -0.5277    -1.3711
    -0.6363    -1.4855    -0.2066    -1.1738
    -0.9477    -1.4901     0.0968    -0.9295
    -1.2145    -1.3989     0.5341    -0.6664
    -1.3658    -1.2255     0.9982    -0.2998
    -1.5259    -1.0339     1.3196     0.0669
    -1.5526    -0.8878     1.8465     0.3867
    -1.5704    -0.6139     2.2753     0.7629
    -1.4459    -0.2850     2.3557     1.1487
    -1.3124     0.0165     2.3646     1.4405
    -1.0989     0.4554     2.3378     1.7134
    -0.8142     1.0044     2.2753     1.9394
    -0.5029     1.4347     1.7929     2.0901
    -0.1294     1.7919     1.1589     2.0242
     0.3151     2.1218     0.5073     1.8358
     0.6885     2.3602    -0.0014     1.6287
     1.0262     2.4152    -0.3939     1.3087
     1.3728     2.4244    -0.8488     0.9417
     1.6927     2.3143    -1.1877     0.6312
     1.9326     2.0393    -1.3750     0.2832
     2.0836     1.6636    -1.5355    -0.0459
     2.1902     1.2149    -1.7138    -0.3280
     2.1813     0.7847    -1.7940    -0.5818
     2.1724     0.3731    -1.8386    -0.7603
     2.0214    -0.0840    -1.7494    -0.9671
     1.6838    -0.4860    -1.5800    -1.1550
     1.3017    -0.7235    -1.4017    -1.2771
     0.8574    -0.8878    -1.0896    -1.3898
     0.4396    -1.1343    -0.8399    -1.4086
     0.0484    -1.3350    -0.4207    -1.4086
    -0.3162    -1.5266     0.0165    -1.3335
    -0.6008    -1.6725     0.4537    -1.1926
    -0.9121    -1.6725     1.0161    -1.0610
    -1.1878    -1.5084     1.4625    -0.8261
    -1.3836    -1.3989     1.9001    -0.5536
    -1.5259    -1.2894     2.1502    -0.2528
    -1.5348    -1.1069     2.2574     0.1045
    -1.5437    -0.7783     2.2529     0.4149
    -1.4814    -0.4678     2.2485     0.7911
    -1.3569     0.0257     2.1145     1.1016
    -1.1434     0.5377     1.8465     1.3934
    -0.9121     0.9677     1.5697     1.6193
    -0.5385     1.4255     1.1946     1.7134
    -0.2184     1.8560     0.8286     1.7087
     0.2084     2.2043     0.4180     1.7040
     0.5818     2.3510     0.0879     1.5158
     0.9196     2.3785    -0.2333     1.3275
     1.2484     2.4060    -0.4207     1.0452
     1.5417     2.3143    -0.6883     0.7629
     1.8171     1.9935    -0.8578     0.3678
     1.9592     1.5629    -1.0540     0.0199
     2.0925     1.1233    -1.1966    -0.3562
     2.1103     0.6749    -1.2858    -0.6946
     2.0037     0.1262    -1.3393    -0.8825
     1.8615    -0.3490    -1.3304    -1.0704
     1.5683    -0.7326    -1.2234    -1.2677
     1.2129    -1.0886    -1.1431    -1.3992
     0.7863    -1.2712    -0.9469    -1.4932
     0.3418    -1.4263    -0.7596    -1.4932
    -0.0672    -1.6634    -0.5991    -1.4650
    -0.4585    -1.8002    -0.3672    -1.4274
    -0.7876    -1.8914    -0.0281    -1.3617
    -1.0900    -1.8367     0.2842    -1.2583
    -1.3658    -1.7272     0.6412    -1.0610
    -1.5259    -1.5631     1.0429    -0.8355
    -1.7039    -1.3806     1.4089    -0.5818
    -1.7217    -1.1525     1.7393    -0.2716
    -1.7484    -0.8696     1.9984     0.1045
    -1.6327    -0.5682     2.2306     0.4149
    -1.5348    -0.1937     2.3289     0.7441
    -1.3480     0.2725     2.3199     1.1111
    -1.1078     0.6109     2.2038     1.3652
    -0.8231     1.0593     2.0073     1.5628
    -0.4585     1.4163     1.6947     1.7229
    -0.0583     1.7736     1.3107     1.7511
     0.3240     2.1035     0.9357     1.6475
     0.6707     2.2502     0.5251     1.5346
     1.0173     2.2960     0.1592     1.2522
     1.2751     2.1768    -0.1174     0.9699
     1.5417     2.0118    -0.3761     0.6500
     1.7638     1.6728    -0.6526     0.3114
     1.8882     1.3522    -0.8756    -0.0459
     1.9504     0.9586    -1.0094    -0.3938
     1.9237     0.4828    -1.1610    -0.6664
     1.7549     0.0622    -1.1877    -0.9483
     1.4706    -0.3399    -1.2769    -1.1738
     1.1329    -0.7783    -1.2234    -1.3335
     0.6974    -0.9517    -1.1342    -1.4932
     0.2884    -1.2347    -0.9202    -1.5495
    -0.1472    -1.4992    -0.7151    -1.5401
    -0.4496    -1.6999    -0.5010    -1.4556
    -0.7431    -1.7181    -0.2333    -1.3898
    -1.0633    -1.7364     0.1235    -1.2207
    -1.3569    -1.6725     0.5073    -0.9953
    -1.5170    -1.5084     0.8911    -0.6852
    -1.6416    -1.3533     1.3107    -0.3656
    -1.7039    -1.0886     1.6143     0.0387
    -1.7484    -0.8330     1.9001     0.3961
    -1.6327    -0.5134     2.1145     0.8100
    -1.5259    -0.1023     2.2753     1.1958
    -1.3569     0.2725     2.1949     1.5158
    -1.0633     0.6749     2.0519     1.7888
    -0.8053     1.0959     1.8465     2.0618
    -0.3962     1.4713     1.5429     2.1748
     0.0306     1.8286     1.2125     2.1372
     0.3862     2.1493     0.8197     1.9677
     0.7596     2.2593     0.5430     1.7134
     1.1151     2.2364     0.2663     1.3840
     1.4261     2.2135     0.0432     0.9887
     1.7016     2.1218    -0.2244     0.6030
     1.8615     1.8286    -0.4475     0.2456
     2.0125     1.4072    -0.5991    -0.1776
     2.0303     1.0044    -0.7686    -0.5160
     2.0481     0.6109    -0.9469    -0.8543
     1.8971     0.2451    -1.0094    -1.0516
     1.6216    -0.1845    -1.0450    -1.2020
     1.2662    -0.5408    -1.0272    -1.3429
     0.8663    -0.8057    -1.0005    -1.3429
     0.5018    -0.9517    -0.8756    -1.3523
     0.0217    -1.1617    -0.7151    -1.2865
    -0.3162    -1.3624    -0.5723    -1.1832
    -0.6186    -1.5813    -0.3493    -1.1080
    -0.9299    -1.7181    -0.0549    -0.9859
    -1.1878    -1.6908     0.2128    -0.7321
    -1.3836    -1.5813     0.5251    -0.5442
    -1.5882    -1.4354     0.8554    -0.2528
    -1.6416    -1.2438     1.1589     0.1233
    -1.6060    -0.9061     1.5518     0.4055
    -1.5348    -0.5774     1.7751     0.7911
    -1.3836    -0.1571     1.9180     1.1393
    -1.1967     0.3365     1.8822     1.4310
    -0.9210     0.6932     1.7751     1.7229
    -0.6363     1.1417     1.6054     1.9677
    -0.2984     1.5812     1.3196     2.0618
     0.1640     1.9660     1.0696     2.0147
     0.5107     2.2868     0.7929     1.8735
     0.8574     2.4702     0.4716     1.6287
     1.2040     2.4840     0.2663     1.3181
     1.5594     2.4977     0.0165     0.9699
     1.7904     2.3694    -0.1531     0.6594
     2.0303     1.9935    -0.3493     0.2832
     2.1014     1.5171    -0.5010    -0.1305
     2.0792     0.9952    -0.6259    -0.5160
     2.0570     0.5834    -0.7240    -0.8073
     1.9504     0.1262    -0.7864    -1.0516
     1.6394    -0.3764    -0.8310    -1.2677
     1.2040    -0.7691    -0.8578    -1.4462
     0.7685    -0.9609    -0.9202    -1.5026
     0.3151    -1.1160    -0.9291    -1.5495
    -0.0939    -1.3259    -0.8667    -1.5026
    -0.4318    -1.4627    -0.7507    -1.4086
    -0.7698    -1.6452    -0.5456    -1.2489
    -1.0722    -1.6452    -0.2780    -1.0516
    -1.2857    -1.6452     0.0075    -0.8073
    -1.5259    -1.4992     0.2753    -0.5066
    -1.6238    -1.3259     0.5698    -0.1494
    -1.6327    -1.1434     0.9000     0.1609
    -1.5882    -0.8604     1.1500     0.5183
    -1.5437    -0.4952     1.4268     0.9135
    -1.3569    -0.0200     1.6232     1.2993
    -1.1523     0.3914     1.7483     1.6475
    -0.8765     0.8305     1.7483     1.9394
    -0.5563     1.2973     1.6500     2.0712
    -0.1472     1.7827     1.5429     2.0477
     0.3062     2.1585     1.3286     2.0242
     0.6796     2.4060     0.9268     1.8076
     1.0173     2.5069     0.6501     1.5911
     1.3462     2.4977     0.2485     1.2240
     1.6216     2.4886    -0.0995     0.8476
     1.9148     2.2960    -0.3404     0.4713
     2.0125     1.8652    -0.5723     0.0763
     2.1014     1.4621    -0.8399    -0.3186
     2.1369     0.9860    -0.9915    -0.6852
     2.0392     0.4737    -1.1164    -0.9953
     1.8437    -0.0200    -1.2145    -1.1550
     1.5239    -0.4130    -1.3304    -1.3429
     1.1151    -0.8239    -1.2680    -1.4932
     0.6885    -1.0886    -1.2412    -1.5213
     0.1818    -1.2712    -1.1253    -1.5777
    -0.1739    -1.3989    -1.0450    -1.5307
    -0.4140    -1.5904    -0.8667    -1.4556
    -0.7520    -1.6725    -0.5634    -1.3429
    -1.0544    -1.6634    -0.2869    -1.1456
    -1.3569    -1.6269     0.0879    -0.9201
    -1.5437    -1.4536     0.4448    -0.6570
    -1.6149    -1.2529     0.8554    -0.2904
    -1.6149    -1.0339     1.3464     0.0857
    -1.6149    -0.7326     1.7215     0.4055
    -1.5615    -0.4312     2.1591     0.8194
    -1.4370    -0.0840     2.3021     1.1958
    -1.2323     0.2542     2.3467     1.4875
    -0.9921     0.6292     2.3021     1.7229
    -0.6363     1.0227     2.1413     1.9300
    -0.3429     1.4163     1.8108     1.9677
     0.0662     1.7919     1.2839     1.9488
     0.4129     2.1310     0.8018     1.7888
     0.7685     2.2777     0.4359     1.5440
     1.1151     2.2685     0.0165     1.2805
     1.3728     2.2318    -0.3493     0.9417
     1.6483     2.0302    -0.6794     0.5748
     1.8526     1.7186    -0.8934     0.1421
     1.9948     1.2515    -1.0807    -0.2998
     2.0125     0.8488    -1.1966    -0.6570
     1.9415     0.3914    -1.3482    -0.9295
     1.7371    -0.0292    -1.3928    -1.1644
     1.4439    -0.3947    -1.4285    -1.3429
     1.1329    -0.7783    -1.3482    -1.4744
     0.6885    -1.0704    -1.2947    -1.5683
     0.2796    -1.2529    -1.1075    -1.5542
    -0.1294    -1.3898    -0.8934    -1.5401
    -0.4496    -1.5540    -0.6705    -1.4650
    -0.7876    -1.7546    -0.2780    -1.3711
    -1.0722    -1.7090     0.0879    -1.2020
    -1.3836    -1.6269     0.4984    -1.0141
    -1.5081    -1.5175     0.9804    -0.8261
    -1.6327    -1.4263     1.5250    -0.4878
    -1.6772    -1.2712     1.8822    -0.1964
    -1.6950    -1.0886     2.1949     0.1703
    -1.6772    -0.7326     2.3378     0.4713
    -1.5437    -0.4404     2.3289     0.8288
    -1.3747    -0.0840     2.3021     1.1958
    -1.0811     0.3457     2.2663     1.4499
    -0.7876     0.7847     2.1055     1.6946
    -0.4318     1.2149     1.6500     1.7699
    -0.0850     1.6362     1.2304     1.7982
     0.3329     1.8835     0.8108     1.7134
     0.6796     2.0852     0.4359     1.5063
     1.0440     2.1768    -0.0103     1.2616
     1.3995     2.1493    -0.3136     0.9699
     1.6127     1.9935    -0.5634     0.6688
     1.8793     1.7461    -0.7864     0.3114
     2.0303     1.3248    -0.9915    -0.0365
     2.0214     0.9311    -1.1521    -0.4408
     1.9681     0.5011    -1.1966    -0.7227
     1.8704     0.1079    -1.2234    -0.9859
     1.6127    -0.3033    -1.1877    -1.1738
     1.2662    -0.6687    -1.1342    -1.3335
     0.9018    -0.9517    -1.0540    -1.4838
     0.5107    -1.1069    -0.9559    -1.5401
     0.0484    -1.2803    -0.7596    -1.5026
    -0.2184    -1.5175    -0.5813    -1.4556
    -0.5207    -1.6816    -0.3136    -1.2865
    -0.8142    -1.7911    -0.0281    -1.1550
    -1.0722    -1.7819     0.3823    -1.0141
    -1.2679    -1.6087     0.7304    -0.7697
    -1.3658    -1.4354     1.0786    -0.4690
    -1.4636    -1.2985     1.5072    -0.1964
    -1.4547    -1.0248     1.9358     0.1327
    -1.3747    -0.6870     2.1413     0.4243
    -1.2679    -0.3947     2.2574     0.7723
    -1.1078    -0.0109     2.2574     1.1111
    -0.8498     0.4554     2.1591     1.4499
    -0.5563     0.8030     2.0341     1.6475
    -0.2450     1.2240     1.6947     1.7888
     0.1729     1.6453     1.3196     1.9017
     0.4840     1.8835     0.9536     1.8358
     0.8929     2.1035     0.5965     1.6946
     1.2129     2.2685     0.2574     1.5252
     1.4883     2.2868    -0.0103     1.2240
     1.7194     2.1493    -0.2690     0.9699
     1.9326     1.8560    -0.5456     0.5842
     2.0925     1.5262    -0.7507     0.2456
     2.1191     1.1325    -0.9113    -0.1305
     2.0125     0.7207    -1.0450    -0.4784
     1.9415     0.3182    -1.1342    -0.7509
     1.6838    -0.0383    -1.1164    -0.9389
     1.2573    -0.4312    -1.1164    -1.1738
     0.9107    -0.7417    -1.1075    -1.3241
     0.4307    -0.8970    -1.0629    -1.3711
    -0.0139    -1.0704    -0.9469    -1.4274
    -0.3429    -1.1982    -0.7686    -1.3992
    -0.6363    -1.3898    -0.5188    -1.2583
    -0.9388    -1.5540    -0.2780    -1.1362
    -1.1967    -1.5722     0.0075    -0.9577
    -1.4014    -1.4536     0.3288    -0.7227
    -1.5971    -1.2985     0.6501    -0.4126
    -1.6416    -1.1525     0.9893    -0.1117
    -1.6505    -0.9609     1.3554     0.2456
    -1.5882    -0.6596     1.7215     0.5748
    -1.4725    -0.3855     1.8733     0.9605
    -1.3124     0.0348     1.9180     1.3369
    -1.0188     0.4554     1.8554     1.6381
    -0.7787     0.9037     1.6947     1.8170
    -0.4407     1.3065     1.4893     2.0336
    -0.0227     1.6545     1.1946     2.0430
     0.3151     2.0485     0.8911     1.9488
     0.6974     2.2410     0.6590     1.7605
     1.0707     2.3235     0.3734     1.5158
     1.3373     2.3602     0.0968     1.2052
     1.6127     2.1768    -0.0728     0.8852
     1.8704     1.9660    -0.3047     0.5466
     1.9592     1.6178    -0.4831     0.1703
     1.9770     1.2149    -0.6972    -0.2058
     1.9415     0.7390    -0.8132    -0.5536
     1.7282     0.3548    -0.8845    -0.8167
     1.4350    -0.0840    -0.9826    -1.0704
     1.0351    -0.4130    -0.9915    -1.2677
     0.6174    -0.7600    -1.0272    -1.4274
     0.2351    -0.9243    -0.9737    -1.5120
    -0.2273    -1.0521    -0.9380    -1.5495
    -0.4940    -1.2255    -0.8042    -1.4650
    -0.8053    -1.3624    -0.6883    -1.3711
    -1.0989    -1.5175    -0.4742    -1.2583
    -1.3391    -1.5722    -0.2423    -1.0234
    -1.5704    -1.5175     0.0254    -0.7415
    -1.6772    -1.3350     0.3288    -0.4596
    -1.7217    -1.1799     0.6947    -0.1400
    -1.6683    -1.0521     1.0250     0.2174
    -1.5971    -0.7235     1.4000     0.6218
    -1.4636    -0.3855     1.6679     0.9887
    -1.2412    -0.0657     1.9269     1.3275
    -1.0277     0.3731     1.9224     1.6664
    -0.6719     0.8396     1.9180     1.8641
    -0.2984     1.1966     1.7751     2.0242
     0.0928     1.5904     1.5072     2.0147
     0.4929     1.9385     1.1857     1.9394
     0.8396     2.1768     0.9000     1.6946
     1.2129     2.1906     0.5787     1.4028
     1.5417     2.2043     0.2574     1.1393
     1.8437     2.1402     0.0254     0.7629
     2.0303     1.9019    -0.2601     0.3867
     2.1724     1.5446    -0.4921     0.0669
     2.1280     1.1142    -0.6972    -0.3562
     2.0570     0.7298    -0.7953    -0.6946
     1.8971     0.2999    -0.9380    -0.9577
     1.5239    -0.1206    -1.0450    -1.1550
     1.1329    -0.4860    -1.0985    -1.3523
     0.7240    -0.7144    -1.1966    -1.4462
     0.2796    -0.9061    -1.1877    -1.5495
    -0.1206    -1.0704    -1.1521    -1.6341
    -0.4140    -1.3077    -1.0718    -1.5871
    -0.7075    -1.4719    -0.8399    -1.5495
    -0.9832    -1.5996    -0.5634    -1.4274
    -1.2412    -1.5540    -0.2423    -1.2395
    -1.4725    -1.5266     0.1503    -1.0328
    -1.5882    -1.4171     0.5430    -0.6570
    -1.6149    -1.3715     0.9804    -0.2622
    -1.5971    -1.1708     1.4714     0.0951
    -1.5348    -0.9152     1.8197     0.4619
    -1.4192    -0.5682     2.1413     0.8852
    -1.2056    -0.2028     2.2663     1.2146
    -0.9299     0.1536     2.2306     1.5534
    -0.6097     0.5652     2.1770     1.7982
    -0.2450     0.9494     1.9537     1.9206
     0.1729     1.3156     1.5518     1.9206
     0.5463     1.7369     1.0786     1.8547
     0.8663     1.9752     0.7661     1.6570
     1.2040     2.0852     0.3377     1.4405
     1.5150     2.1402    -0.0103     1.1299
     1.8615     2.0393    -0.3672     0.7817
     2.0125     1.8194    -0.6348     0.3961
     2.1191     1.5629    -0.7953     0.0199
     2.1191     1.1233    -0.9737    -0.4126
     2.0392     0.6932    -1.1075    -0.7321
     1.8260     0.3182    -1.2234    -0.9765
     1.4795    -0.0749    -1.2591    -1.1550
     1.1240    -0.4130    -1.2501    -1.2677
     0.7418    -0.7144    -1.2145    -1.4274
     0.3240    -0.9061    -1.0718    -1.4556
    -0.0850    -1.1617    -0.8756    -1.4650
    -0.3695    -1.3624    -0.7240    -1.4932
    -0.6808    -1.5084    -0.4118    -1.5026
    -0.9655    -1.5904    -0.0638    -1.3617
    -1.2323    -1.5996     0.2306    -1.2583
    -1.4281    -1.5266     0.5787    -1.0610
    -1.5793    -1.3806     0.9000    -0.7415
    -1.6060    -1.2620     1.3196    -0.3374
    -1.6149    -1.1343     1.8108     0.0199
    -1.5437    -0.9152     2.0787     0.3867
    -1.4370    -0.5956     2.2395     0.8382
    -1.2501    -0.1845     2.3378     1.2240
    -0.9655     0.1902     2.3021     1.6099
    -0.6808     0.6658     2.2038     1.8735
    -0.3162     1.0867     1.9805     2.0524
     0.1017     1.5629     1.5250     2.0618
     0.4662     1.8652     1.1768     2.0712
     0.8040     2.0668     0.7661     1.9017
     1.1062     2.2685     0.3823     1.6381
     1.3995     2.2502    -0.0014     1.3652
     1.6483     2.1768    -0.3047     0.9981
     1.8971     1.9752    -0.4742     0.6030
     2.0481     1.6820    -0.6972     0.2362
     2.0836     1.2149    -0.8934    -0.1682
     1.9592     0.8305    -1.0450    -0.5442
     1.8349     0.5011    -1.1521    -0.7791
     1.5417     0.0439    -1.1966    -0.9765
     1.2040    -0.3399    -1.2323    -1.1268
     0.8307    -0.6413    -1.1075    -1.2865
     0.4574    -0.9152    -1.0272    -1.3804
     0.0573    -1.0065    -0.9113    -1.4368
    -0.2628    -1.2438    -0.7775    -1.4462
    -0.5919    -1.4080    -0.5723    -1.3992
    -0.9210    -1.5175    -0.2601    -1.2959
    -1.1434    -1.5175     0.1503    -1.1550
    -1.3480    -1.4627     0.5430    -0.9671
    -1.5259    -1.2985     0.9179    -0.6476
    -1.5615    -1.2438     1.2839    -0.2810
    -1.5793    -1.0430     1.7661     0.0575
    -1.5971    -0.8330     2.0787     0.4807
    -1.4903    -0.4860     2.1949     0.8382
    -1.3035    -0.1845     2.1949     1.2146
    -1.0633     0.2634     2.1949     1.6005
    -0.7609     0.7573     2.0251     1.8358
    -0.4229     1.2240     1.7751     1.9865
    -0.0405     1.6270     1.3286     2.0336
     0.3418     2.0118     1.0250     2.0053
     0.7418     2.2043     0.6590     1.8453
     1.0085     2.3694     0.3020     1.6664
     1.3195     2.3969    -0.0371     1.3463
     1.6394     2.2593    -0.3136     1.0264
     1.8615     2.1127    -0.5723     0.6406
     2.0037     1.7827    -0.7418     0.2362
     1.9948     1.2973    -0.9291    -0.1588
     1.9326     0.8762    -1.1164    -0.5348
     1.7727     0.4097    -1.1877    -0.8167
     1.5239    -0.0383    -1.2056    -1.0328
     1.2306    -0.4312    -1.2234    -1.2301
     0.8751    -0.8239    -1.1164    -1.4462
     0.5285    -0.9974    -1.0540    -1.5495
     0.0573    -1.1799    -0.9559    -1.5777
    -0.2450    -1.3989    -0.8042    -1.5213
    -0.5029    -1.5540    -0.6080    -1.4086
    -0.7787    -1.6908    -0.3761    -1.3053
    -1.0722    -1.7090    -0.0281    -1.2020
    -1.3302    -1.6087     0.2931    -0.9859
    -1.4192    -1.4810     0.6144    -0.7321
    -1.5259    -1.3989     0.9893    -0.4126
    -1.5882    -1.2438     1.3375    -0.0365
    -1.5704    -0.9335     1.7483     0.2926
    -1.4992    -0.6687     1.9537     0.6500
    -1.2590    -0.2576     2.0341     1.0170
    -1.0455     0.2085     2.0877     1.3746
    -0.7253     0.6658     1.9358     1.6570
    -0.4229     1.0684     1.7840     1.8170
    -0.0316     1.5446     1.4714     1.9300
     0.3596     1.9019     1.0875     1.9017
     0.7418     2.1585     0.8018     1.8076
     1.0262     2.2685     0.4716     1.6381
     1.3551     2.2502     0.0968     1.3840
     1.6216     2.1768    -0.1441     1.0640
     1.8260     1.9385    -0.3850     0.6688
     1.9770     1.5904    -0.6169     0.2362
     1.9237     1.2240    -0.7864    -0.1682
     1.8882     0.8213    -0.9648    -0.4972
     1.7460     0.3914    -1.1342    -0.8073
     1.4528    -0.0840    -1.1788    -1.0610
     1.1951    -0.4221    -1.2234    -1.2771
     0.8040    -0.7509    -1.2189    -1.4368
     0.4218    -1.0248    -1.2145    -1.5871
     0.0306    -1.1525    -1.1610    -1.6153
    -0.2806    -1.3806    -0.9826    -1.6153
    -0.6008    -1.5448    -0.8042    -1.5307
    -0.9032    -1.7181    -0.5813    -1.4086
    -1.1523    -1.6908    -0.2423    -1.2395
    -1.3836    -1.6634     0.0432    -1.0234
    -1.5437    -1.5084     0.4270    -0.7415
    -1.6505    -1.4445     0.7840    -0.3656
    -1.6372    -1.2985     1.1232     0.0105
    -1.6238    -1.0795     1.5429     0.3584
    -1.5348    -0.6961     1.8376     0.7629
    -1.3747    -0.3216     1.9537     1.0828
    -1.0989     0.1811     2.0162     1.4216
    -0.8142     0.5560     1.9090     1.7323
    -0.4140     1.0044     1.6768     1.9112
    -0.0139     1.4072     1.3643     2.0618
     0.3951     1.7736     1.1054     2.0712
     0.7507     2.0210     0.7840     1.9300
     1.1329     2.2043     0.4270     1.6946
     1.4528     2.2135     0.1503     1.4028
     1.7460     2.1952    -0.1084     1.0452
     1.9059     2.0302    -0.2869     0.6218
     1.9504     1.7461    -0.4653     0.2738
     1.9770     1.3980    -0.6883    -0.1400
     1.8526     0.9769    -0.8310    -0.5630
     1.6572     0.5926    -0.8845    -0.8261
     1.3817     0.1628    -1.0094    -1.0141
     1.0440    -0.1937    -0.9915    -1.2207
     0.7151    -0.5500    -0.9915    -1.3898
     0.3151    -0.7691    -0.9915    -1.4744
    -0.0939    -0.9152    -0.9113    -1.5495
    -0.4051    -1.1799    -0.8042    -1.5495
    -0.6719    -1.3715    -0.6259    -1.4744
    -0.9655    -1.4810    -0.4118    -1.3053
    -1.2412    -1.5175    -0.1263    -1.1550
    -1.4014    -1.4080     0.1771    -0.8825
    -1.6060    -1.3989     0.4805    -0.5630
    -1.6505    -1.2985     0.8554    -0.2434
    -1.6149    -1.1434     1.2750     0.1609
    -1.5526    -0.8513     1.6590     0.4901
    -1.4903    -0.5043     1.9626     0.9135
    -1.2501    -0.1571     2.2217     1.2899
    -1.0277     0.3731     2.2574     1.6570
    -0.7253     0.7481     2.1859     1.9582
    -0.3607     1.2698     2.0966     2.1654
     0.0928     1.6636     1.7840     2.2125
     0.5018     1.9752     1.4446     2.0995
     0.9018     2.1952     1.0786     1.9488
     1.2484     2.3602     0.6947     1.6099
     1.5328     2.4244     0.2842     1.2899
     1.7638     2.3143    -0.0638     0.8758
     1.9859     2.1493    -0.3226     0.5466
     2.0303     1.8194    -0.5367     0.1892
     2.0481     1.3614    -0.7864    -0.2528
     1.9237     0.9128    -0.9559    -0.6382
     1.7105     0.5286    -1.1342    -0.9107
     1.4617     0.0622    -1.1966    -1.1268
     1.1507    -0.3947    -1.2145    -1.3241
     0.7151    -0.6961    -1.2501    -1.4932
     0.3418    -0.9152    -1.1610    -1.6528
    -0.0939    -1.0704    -1.0718    -1.6998
    -0.3429    -1.2894    -0.9648    -1.6716
    -0.6630    -1.4263    -0.7151    -1.5495
    -0.9210    -1.5540    -0.4742    -1.4086
    -1.2056    -1.6269    -0.1709    -1.1644
    -1.4547    -1.5996     0.2306    -0.9201
    -1.5971    -1.5904     0.6233    -0.6006
    -1.6772    -1.4992     0.9625    -0.2246
    -1.6772    -1.2985     1.4357     0.1045
    -1.5971    -1.0430     1.8644     0.4713
    -1.4281    -0.6504     2.0341     0.8664
    -1.2412    -0.2394     2.0475     1.2146
    -1.0099     0.2816     2.0609     1.6193
    -0.6541     0.7298     1.9358     1.8923
    -0.2984     1.1783     1.7572     2.0524
     0.1284     1.5995     1.3732     2.0807
     0.4396     1.9843     1.0875     2.0053
     0.8307     2.2410     0.7572     1.8547
     1.1418     2.2960     0.3466     1.5722
     1.3728     2.3235     0.0075     1.2522
     1.6216     2.2685    -0.2512     0.8946
     1.8704     2.0577    -0.5367     0.5560
     1.9415     1.7553    -0.7507     0.1609
     1.9281     1.2973    -0.9826    -0.2246
     1.9148     0.8671    -1.1521    -0.5442
     1.7638     0.4737    -1.2501    -0.8167
     1.4706     0.0257    -1.3215    -1.0704
     1.1595    -0.4130    -1.3215    -1.2114
     0.7151    -0.7691    -1.3215    -1.4086
     0.3507    -1.0613    -1.2056    -1.5307
    -0.0761    -1.1617    -1.1342    -1.5495
    -0.3695    -1.2438    -1.0272    -1.5777
    -0.6541    -1.4263    -0.7775    -1.4838
    -0.9121    -1.5540    -0.5634    -1.3335
    -1.1701    -1.5448    -0.2423    -1.1832
    -1.3925    -1.5084     0.1325    -0.9107
    -1.5437    -1.4901     0.5251    -0.6288
    -1.6060    -1.3989     0.8732    -0.2904
    -1.6327    -1.2255     1.3464     0.0857
    -1.5081    -0.9426     1.7661     0.4055
    -1.4103    -0.5865     2.0162     0.8006
    -1.2323    -0.1663     2.1681     1.2146
    -0.9210     0.2816     2.1591     1.5063
    -0.6008     0.7115     2.1234     1.7888
    -0.2895     1.1508     1.9448     2.0053
     0.1284     1.6178     1.6143     2.0807
     0.5196     1.9019     1.2393     2.1089
     0.8485     2.1585     0.8554     1.9394
     1.1418     2.2227     0.5073     1.6852
     1.3995     2.2685     0.1235     1.3840
     1.6838     2.2043    -0.2512     1.0922
     1.9148     2.0302    -0.4564     0.7347
     1.9859     1.7919    -0.6615     0.3678
     2.0214     1.3522    -0.9113    -0.0459
     2.0125     0.9494    -1.0896    -0.4032
     1.8260     0.5926    -1.1877    -0.6758
     1.5861     0.1536    -1.2501    -0.9577
     1.2040    -0.2668    -1.2501    -1.1362
     0.8307    -0.6687    -1.2323    -1.3147
     0.4129    -0.8787    -1.1431    -1.4650
    -0.0139    -0.9974    -1.0540    -1.5777
    -0.3518    -1.2073    -0.9202    -1.5965
    -0.6008    -1.3624    -0.7240    -1.5401
    -0.8943    -1.5631    -0.4296    -1.4274
    -1.1701    -1.5996    -0.0817    -1.2207
    -1.4014    -1.6543     0.2485    -1.0798
    -1.5348    -1.5266     0.6055    -0.8167
    -1.6772    -1.4536     0.9268    -0.4784
    -1.6683    -1.3168     1.3196    -0.1588
    -1.5793    -1.1343     1.7393     0.2080
    -1.4459    -0.8148     1.9805     0.5089
    -1.2501    -0.4769     2.0877     0.8946
    -1.0188     0.0348     2.1413     1.2522
    -0.7431     0.4462     2.0073     1.5817
    -0.3429     0.8488     1.8644     1.7229
     0.0662     1.2698     1.5965     1.9017
     0.4929     1.6362     1.2661     1.9017
     0.8307     1.8560     0.9893     1.8453
     1.1507     2.0668     0.6055     1.6664
     1.4261     2.1127     0.2663     1.3934
     1.6661     2.1127    -0.0192     1.1111
     1.8704     1.9752    -0.2333     0.8194
     2.0037     1.7553    -0.4385     0.4619
     1.9859     1.4621    -0.6526     0.0293
     1.9415     1.0684    -0.8934    -0.3092
     1.7993     0.7847    -0.9826    -0.6006
     1.5861     0.3731    -1.0718    -0.9013
     1.2484    -0.1206    -1.0763    -1.1362
     0.7863    -0.4495    -1.0807    -1.3429
     0.4040    -0.7326    -1.0094    -1.5213
    -0.0405    -0.8422    -1.0005    -1.6247
    -0.4140    -1.0430    -0.8578    -1.6059
    -0.6808    -1.2347    -0.6883    -1.5120
    -0.9832    -1.3898    -0.4118    -1.3335
    -1.2501    -1.4719    -0.1709    -1.1738
    -1.4725    -1.4810     0.2128    -0.9953
    -1.6416    -1.4719     0.5162    -0.8355
    -1.6772    -1.3715     0.8732    -0.5724
    -1.6772    -1.2712     1.2214    -0.3092
    -1.6327    -1.0521     1.6322     0.0669
    -1.4281    -0.7965     1.8912     0.3867
    -1.2679    -0.4038     2.0073     0.7347
    -1.0188     0.0439     2.0609     1.1769
    -0.6541     0.4462     1.9716     1.4875
    -0.2895     0.8396     1.8376     1.7323
     0.1551     1.2607     1.5339     1.9112
     0.5729     1.5904     1.2750     1.9582
     0.9196     1.8927     0.9090     1.8641
     1.2395     2.0943     0.5787     1.7511
     1.5328     2.1493     0.2842     1.4687
     1.7904     2.1127    -0.0014     1.1769
     1.9681     2.0852    -0.2780     0.8664
     2.1547     1.9293    -0.5099     0.4901
     2.1280     1.6270    -0.7418     0.1233
     2.0658     1.1600    -0.8934    -0.2998
     1.9148     0.8213    -1.0896    -0.6382
     1.6216     0.3457    -1.1877    -0.9671
     1.2306    -0.1023    -1.3036    -1.2489
     0.7951    -0.4860    -1.2680    -1.4274
     0.3507    -0.8422    -1.2591    -1.5777
    -0.1206    -0.9974    -1.1877    -1.6341
    -0.4852    -1.1160    -1.0718    -1.6059
    -0.7964    -1.3806    -0.9024    -1.4556
    -1.0455    -1.5266    -0.6794    -1.3147
    -1.2768    -1.6816    -0.3761    -1.1456
    -1.4547    -1.6725    -0.0638    -1.0328
    -1.6238    -1.5813     0.3199    -0.7885
    -1.7217    -1.4354     0.7126    -0.4972
    -1.6861    -1.2985     1.0786    -0.1964
    -1.6060    -1.1434     1.5250     0.1892
    -1.4725    -0.7874     1.8108     0.5842
    -1.2679    -0.4312     1.9984     0.9699
    -0.9832     0.0439     2.0519     1.3934
    -0.6452     0.5194     1.9537     1.7417
    -0.2806     0.9403     1.7929     2.0430
     0.1462     1.4072     1.5965     2.1654
     0.5463     1.7644     1.2571     2.1466
     0.8574     1.9752     0.9625     2.0430
     1.2040     2.1952     0.6322     1.7982
     1.5150     2.2318     0.3377     1.4405
     1.8082     2.2410     0.0432     1.0828
     1.9770     2.0760    -0.1531     0.7347
     2.0836     1.8652    -0.4029     0.3584
     2.1103     1.4804    -0.6437    -0.0647
     2.0925     0.9220    -0.8310    -0.4972
     1.8349     0.4462    -0.9826    -0.8825
     1.5594     0.0074    -1.0896    -1.1738
     1.1151    -0.4038    -1.1788    -1.3429
     0.7151    -0.8878    -1.2056    -1.5307
     0.3062    -1.2164    -1.2145    -1.6716
    -0.1472    -1.3077    -1.1253    -1.6716
    -0.4763    -1.3533    -1.0361    -1.6341
    -0.8142    -1.5448    -0.8488    -1.4932
    -1.0099    -1.6360    -0.6259    -1.3617
    -1.2590    -1.6406    -0.3315    -1.2020
    -1.4370    -1.6452    -0.0728    -0.9859
    -1.6060    -1.5266     0.3020    -0.7697
    -1.6861    -1.3806     0.6322    -0.4032
    -1.6683    -1.1525     1.0072    -0.0083
    -1.6505    -0.9061     1.4357     0.3490
    -1.4992    -0.5500     1.7840     0.8100
    -1.3124    -0.1297     1.9358     1.3369
    -1.0722     0.3822     2.1055     1.7888
    -0.7431     0.9494     2.0519     2.1466
    -0.3695     1.4072     1.9180     2.3632
     0.0484     1.8194     1.6947     2.3632
     0.3862     2.0943     1.3643     2.3255
     0.8218     2.3510     1.0429     2.1277
     1.1507     2.5711     0.7483     1.8358
     1.4883     2.5528     0.3734     1.4028
     1.8171     2.4977     0.1057     0.9793
     2.0747     2.3418    -0.2066     0.6030
     2.2080     1.9019    -0.3939     0.2362
     2.2257     1.3248    -0.6169    -0.1776
     2.1369     0.8396    -0.8399    -0.6382
     1.9326     0.3365    -1.0272    -0.9671
     1.5950    -0.2485    -1.0985    -1.2301
     1.2395    -0.6961    -1.2056    -1.4650
     0.8218    -1.1343    -1.2145    -1.6247
     0.3240    -1.3989    -1.1610    -1.7843
    -0.1206    -1.4719    -1.0807    -1.8125
    -0.4229    -1.5266    -0.9915    -1.7749
    -0.6808    -1.6634    -0.7775    -1.6528
    -1.0010    -1.7911    -0.5634    -1.4650
    -1.2056    -1.7728    -0.3315    -1.2301
    -1.3658    -1.7819    -0.0192    -0.9953
    -1.5348    -1.5996     0.3556    -0.7133
    -1.6772    -1.4263     0.6590    -0.3938
    -1.6416    -1.1251     1.0161     0.0293
    -1.5793    -0.8330     1.4804     0.3772
    -1.4459    -0.4678     1.7929     0.7723
    -1.2946    -0.0749     1.9805     1.3181
    -1.1167     0.4097     2.0966     1.6758
    -0.8231     0.8762     2.1055     1.9677
    -0.4229     1.3522     1.9894     2.1372
    -0.0761     1.8102     1.7215     2.1748
     0.3240     2.1310     1.3643     2.0712
     0.7596     2.3694     1.0964     1.9394
     1.1684     2.4244     0.7751     1.6852
     1.4883     2.4519     0.4091     1.3746
     1.9237     2.3969     0.1057     1.0264
     2.1458     2.1952    -0.1441     0.7441
     2.3412     1.8744    -0.3939     0.3490
     2.3235     1.4072    -0.6348    -0.0929
     2.2435     0.9037    -0.7864    -0.4878
     2.0303     0.4920    -0.9915    -0.7791
     1.7371    -0.0566    -1.0718    -1.0516
     1.3195    -0.5408    -1.1431    -1.2959
     0.8485    -0.8878    -1.2323    -1.4838
     0.3773    -1.1434    -1.2056    -1.6059
    -0.0494    -1.2073    -1.0985    -1.6998
    -0.4318    -1.3989    -1.0540    -1.6998
    -0.7164    -1.5175    -0.9113    -1.6153
    -0.9832    -1.5996    -0.6348    -1.4462
    -1.2145    -1.6087    -0.4029    -1.2583
    -1.4459    -1.5631    -0.0728    -1.0892
    -1.5882    -1.5357     0.2574    -0.8355
    -1.6950    -1.3715     0.6590    -0.5160
    -1.7217    -1.1343     1.0072    -0.1682
    -1.6772    -0.8422     1.3821     0.1421
    -1.5971    -0.5591     1.8019     0.4901
    -1.3747    -0.1754     1.9805     0.8570
    -1.2234     0.1445     2.0787     1.2710
    -0.9388     0.5560     2.1055     1.5628
    -0.5919     0.9311     1.9358     1.7793
    -0.2450     1.3248     1.7036     1.9771
     0.2618     1.6545     1.3464     1.9582
     0.6618     1.9935     1.0607     1.9017
     1.0529     2.0943     0.6947     1.7699
     1.4706     2.2135     0.3913     1.5628
     1.8882     2.2043     0.0165     1.2710
     2.1724     2.0577    -0.2423     0.9699
     2.3057     1.8011    -0.4742     0.5654
     2.3323     1.4804    -0.7061     0.2268
     2.1902     1.0776    -0.8934    -0.1964
     1.9770     0.7115    -1.0807    -0.5254
     1.6127     0.3091    -1.1966    -0.7415
     1.2218    -0.1663    -1.2234    -1.0047
     0.8040    -0.4860    -1.2234    -1.2020
     0.3062    -0.7417    -1.2234    -1.4180
    -0.0761    -0.8696    -1.1521    -1.4932
    -0.4496    -1.1069    -1.0896    -1.5213
    -0.7164    -1.2985    -0.8934    -1.5213
    -0.9832    -1.3898    -0.6437    -1.3992
    -1.2145    -1.4171    -0.4207    -1.2301
    -1.4370    -1.4810    -0.0638    -1.0986
    -1.5259    -1.4627     0.3199    -0.9577
    -1.6772    -1.3715     0.6501    -0.6852
    -1.6861    -1.1525     1.0786    -0.4126
    -1.6683    -0.9609     1.4804    -0.0929
    -1.5259    -0.7600     1.8733     0.2832
    -1.3391    -0.4678     2.0609     0.6030
    -1.1256    -0.1480     2.1859     0.9793
    -0.8587     0.2085     2.1413     1.3463
    -0.5563     0.5103     2.0519     1.6287
    -0.1650     0.9037     1.8465     1.8076
     0.2796     1.1417     1.4714     1.9300
     0.6618     1.4713     1.1500     1.9394
     1.1240     1.6911     0.8108     1.7793
     1.5594     1.8835     0.4448     1.6475
     1.9681     1.9293     0.1503     1.3746
     2.2435     1.9110    -0.0995     1.1016
     2.3590     1.7736    -0.3582     0.7347
     2.3767     1.5262    -0.5902     0.3020
     2.2790     1.1874    -0.7953    -0.0459
     1.9770     0.8488    -0.9737    -0.4408
     1.6305     0.5286    -1.1253    -0.7415
     1.2395     0.1628    -1.1699    -0.9671
     0.8129    -0.2576    -1.2234    -1.1644
     0.4129    -0.5774    -1.1877    -1.3617
    -0.0761    -0.6687    -1.0896    -1.4650
    -0.3873    -0.8878    -1.0361    -1.5026
    -0.6275    -1.0613    -0.9024    -1.4650
    -0.9210    -1.2347    -0.6437    -1.3992
    -1.1523    -1.2894    -0.4564    -1.2959
    -1.3302    -1.3898    -0.1441    -1.1550
    -1.4725    -1.4080     0.2128    -0.9765
    -1.6327    -1.2985     0.5876    -0.7979
    -1.6416    -1.1982     0.9179    -0.4972
    -1.5882    -1.0521     1.2482    -0.1117
    -1.5081    -0.8422     1.6500     0.3020
    -1.3391    -0.5317     1.9180     0.7253
    -1.1345    -0.2120     2.0341     1.1205
    -0.8676     0.1079     2.0698     1.5440
    -0.5296     0.4371     1.9269     1.9017
    -0.1739     0.8030     1.7215     2.1372
     0.2173     1.1325     1.4625     2.2031
     0.6351     1.4438     1.1321     2.1748
     1.1062     1.7553     0.8554     1.9865
     1.4706     1.9477     0.5251     1.7699
     1.9681     2.0027     0.2306     1.4310
     2.1813     1.9843    -0.0192     1.0075
     2.2879     1.8835    -0.2780     0.6406
     2.2524     1.5904    -0.4564     0.1986
     2.1014     1.2607    -0.6883    -0.2716
     1.8526     0.8213    -0.8488    -0.6852
     1.5328     0.4371    -0.9648    -1.0141
     1.1151    -0.0018    -1.0361    -1.3147
     0.7151    -0.4130    -1.1521    -1.5026
     0.2884    -0.7417    -1.0896    -1.6622
    -0.1828    -0.9426    -1.0540    -1.6904
    -0.4674    -1.1160    -0.9737    -1.6716
    -0.8053    -1.3715    -0.8845    -1.6059
    -1.0366    -1.5631    -0.6526    -1.4556
    -1.2501    -1.6908    -0.4207    -1.3804
    -1.4725    -1.6908    -0.1441    -1.1832
    -1.5971    -1.5996     0.1414    -0.9671
    -1.6861    -1.4536     0.5341    -0.6664
    -1.7306    -1.3077     0.8465    -0.2340
    -1.7039    -1.1434     1.1946     0.1892
    -1.5882    -0.7600     1.5339     0.6688
    -1.4103    -0.4130     1.8733     1.1487
    -1.1878    -0.0109     1.9805     1.7040
    -0.9832     0.4188     2.0251     2.1183
    -0.5830     0.8945     1.9358     2.4103
    -0.1472     1.3339     1.7572     2.5610
     0.2973     1.7553     1.4982     2.5422
     0.7418     2.0668     1.1321     2.4103
     1.2040     2.3052     0.8732     2.0901
     1.6661     2.4611     0.5162     1.6475
     2.0658     2.4611     0.1949     1.1581
     2.3501     2.3694    -0.0817     0.7629
     2.3457     2.0943    -0.2601     0.3208
     2.3412     1.6636    -0.4921    -0.1400
     2.2257     1.1325    -0.7596    -0.6100
     1.9770     0.6017    -0.9291    -0.9671
     1.6749     0.0897    -1.0629    -1.2489
     1.2484    -0.4312    -1.1521    -1.4838
     0.8396    -0.8330    -1.1788    -1.6622
     0.3685    -1.2255    -1.1610    -1.7561
    -0.0139    -1.3806    -1.0807    -1.7749
    -0.3607    -1.4992    -1.0183    -1.6998
    -0.6630    -1.5448    -0.8667    -1.5589
    -0.9655    -1.7181    -0.6259    -1.3992
    -1.2056    -1.7181    -0.3850    -1.2114
    -1.3480    -1.7364    -0.1352    -0.9671
    -1.5170    -1.5631     0.2396    -0.6664
    -1.6327    -1.3350     0.5876    -0.3092
    -1.6861    -1.1069     0.9179     0.0857
    -1.6772    -0.7965     1.3018     0.5371
    -1.6327    -0.4586     1.6858     1.0358
    -1.4370    -0.0292     1.8912     1.6099
    -1.2323     0.4280     2.0698     2.0430
    -0.9210     0.9311     2.0787     2.2973
    -0.5652     1.3614     1.9537     2.4385
    -0.1739     1.8011     1.7126     2.3726
     0.3151     2.1218     1.3821     2.2784
     0.7596     2.2777     1.0786     2.0524
     1.2395     2.4977     0.7751     1.7229
     1.6927     2.4886     0.4359     1.3275
     2.1280     2.4794     0.1146     0.9511
     2.3057     2.3602    -0.1977     0.5842
     2.3501     1.9568    -0.3761     0.1798
     2.3057     1.4530    -0.6169    -0.2434
     2.0836     0.8854    -0.8578    -0.6194
     1.8082     0.3548    -0.9648    -0.9577
     1.4706    -0.2028    -1.1075    -1.2489
     1.0707    -0.6413    -1.1966    -1.4556
     0.6440    -1.0248    -1.1788    -1.6153
     0.1995    -1.3441    -1.1966    -1.6904
    -0.1739    -1.3898    -1.0718    -1.7092
    -0.5385    -1.4992    -0.9915    -1.6528
    -0.8676    -1.5813    -0.8310    -1.5307
    -1.1612    -1.7364    -0.6080    -1.3898
    -1.3747    -1.7819    -0.3404    -1.2114
    -1.5704    -1.6816    -0.0460    -1.0328
    -1.7217    -1.5084     0.3556    -0.8073
    -1.8018    -1.3350     0.6858    -0.4690
    -1.8552    -1.0156     1.0696    -0.1211
    -1.8819    -0.7235     1.4804     0.2550
    -1.7751    -0.4678     1.9090     0.6500
    -1.5793    -0.1388     2.0698     1.0640
    -1.2679     0.2359     2.1681     1.5158
    -1.0188     0.6749     2.1859     1.8170
    -0.6008     1.0135     2.0430     2.0053
    -0.0850     1.3705     1.7840     2.0807
     0.3507     1.7186     1.3821     2.1089
     0.8307     2.0118     1.0161     2.0147
     1.3551     2.1768     0.6769     1.8076
     1.8615     2.3327     0.2931     1.5252
     2.1636     2.2502    -0.0103     1.1675
     2.2790     2.0852    -0.2869     0.8946
     2.3323     1.8469    -0.5277     0.4619
     2.2879     1.5262    -0.7953     0.0669
     2.1458     1.0135    -0.9737    -0.3374
     1.9681     0.6109    -1.1431    -0.6476
     1.6127     0.2268    -1.2412    -0.9013
     1.1773    -0.2485    -1.3036    -1.1456
     0.7596    -0.6413    -1.3215    -1.2865
     0.2884    -0.9243    -1.2769    -1.4462
    -0.0850    -0.9791    -1.1699    -1.4838
    -0.3695    -1.2073    -1.0094    -1.5120
    -0.6719    -1.3624    -0.9024    -1.5120
    -0.9743    -1.4901    -0.6705    -1.4744
    -1.2056    -1.5540    -0.3850    -1.2959
    -1.3925    -1.5996    -0.0906    -1.1362
    -1.5615    -1.5175     0.2663    -1.0047
    -1.6327    -1.3441     0.6501    -0.7885
    -1.6950    -1.1525     1.0072    -0.5066
    -1.6861    -0.8970     1.4536    -0.1305
    -1.6772    -0.6870     1.8822     0.2080
    -1.4725    -0.3490     2.1234     0.6312
    -1.2679    -0.1206     2.1502     0.9887
    -0.9655     0.2359     2.1681     1.3369
    -0.5830     0.5834     2.0698     1.6664
    -0.1294     0.8762     1.8644     1.8829
     0.2973     1.2515     1.5250     1.9582
     0.8218     1.5904     1.1768     1.9865
     1.3106     1.8011     0.8911     1.8829
     1.7371     1.9752     0.5519     1.7323
     2.0747     2.0485     0.1682     1.4122
     2.2257     2.0302    -0.0817     1.0734
     2.2213     1.9568    -0.3136     0.6971
     2.2169     1.7461    -0.5813     0.2738
     2.0570     1.3889    -0.7864    -0.1211
     1.8615     0.9586    -1.0005    -0.5066
     1.5061     0.5834    -1.0985    -0.7885
     1.1151     0.1171    -1.1877    -0.9953
     0.7151    -0.3125    -1.2145    -1.1926
     0.3329    -0.6596    -1.1788    -1.3335
    -0.0672    -0.8604    -1.1699    -1.4650
    -0.4407    -1.1160    -1.0718    -1.4932
    -0.6986    -1.3168    -0.9737    -1.5026
    -1.0188    -1.4901    -0.7686    -1.4556
    -1.2857    -1.5722    -0.5367    -1.3241
    -1.4636    -1.5266    -0.2601    -1.2489
    -1.6505    -1.4627     0.0522    -1.0234
    -1.7662    -1.3898     0.4359    -0.7885
    -1.8641    -1.2164     0.7215    -0.5160
    -1.8908    -0.9791     1.1232    -0.1400
    -1.7840    -0.8148     1.4625     0.2362
    -1.6594    -0.5408     1.8197     0.6971
    -1.3925    -0.1663     2.0073     1.1111
    -1.0900     0.1811     2.0341     1.4593
    -0.7164     0.4920     1.9537     1.8076
    -0.2006     0.8762     1.7215     2.0430
     0.2884     1.1966     1.4536     2.2031
     0.7951     1.5262     1.2482     2.1748
     1.3017     1.7278     0.9268     2.0147
     1.8082     1.9477     0.6858     1.8170
     2.1103     1.9843     0.3645     1.5158
     2.2702     2.0393     0.1503     1.1487
     2.3235     1.9110    -0.1084     0.7347
     2.3412     1.7186    -0.3136     0.2362
     2.2702     1.4163    -0.4831    -0.1870
     2.0925     1.0227    -0.7061    -0.5630
     1.7282     0.5652    -0.8399    -0.8825
     1.2928     0.2085    -0.9469    -1.1268
     0.8929    -0.2302    -1.0094    -1.3053
     0.3773    -0.5774    -1.0450    -1.3992
    -0.0494    -0.8604    -1.0272    -1.5307
    -0.3429    -1.0704    -1.0094    -1.5495
    -0.6897    -1.2894    -0.9113    -1.5636
    -1.0099    -1.5084    -0.8221    -1.5777
    -1.2857    -1.6178    -0.5723    -1.4838
    -1.5081    -1.5904    -0.3761    -1.3241
    -1.6505    -1.5996    -0.0906    -1.1362
    -1.8018    -1.4810     0.1860    -0.8543
    -1.8552    -1.2803     0.5073    -0.4972
    -1.8463    -1.1251     0.8286    -0.0365
    -1.7573    -0.8878     1.1679     0.4431
    -1.5971    -0.5682     1.4982     0.9135
    -1.3035    -0.1937     1.7215     1.4028
    -1.0277     0.2268     1.8019     1.8358
    -0.6186     0.5743     1.7840     2.2313
    -0.0583     1.0318     1.6143     2.4574
     0.4218     1.4347     1.3554     2.4385
     0.8751     1.7094     1.0964     2.4197
     1.4261     1.9477     0.8554     2.2031
     1.8793     2.1677     0.5965     1.7793
     2.1813     2.2043     0.3823     1.3746
     2.3501     2.1493     0.2039     0.9040
     2.3856     2.0485    -0.0460     0.4619
     2.3767     1.7369    -0.2244    -0.0271
     2.2702     1.3705    -0.4029    -0.4972
     2.0214     0.8213    -0.5723    -0.9107
     1.7105     0.3091    -0.6794    -1.1738
     1.3017    -0.1023    -0.8488    -1.3804
     0.8307    -0.5134    -0.9113    -1.5401
     0.3507    -0.8970    -0.9469    -1.6528
    -0.0850    -1.2255    -1.0005    -1.7280
    -0.4051    -1.3168    -0.9469    -1.7467
    -0.7431    -1.4536    -0.9024    -1.7280
    -1.0366    -1.6087    -0.7596    -1.5589
    -1.3213    -1.6269    -0.5723    -1.4180
    -1.5526    -1.6224    -0.3761    -1.2207
    -1.6772    -1.6178    -0.1263    -0.9859
    -1.8018    -1.4171     0.1949    -0.5912
    -1.8107    -1.2529     0.5341    -0.0929
    -1.8552    -0.9974     0.8643     0.3678
    -1.7484    -0.6870     1.1857     0.8946
    -1.5081    -0.3399     1.5250     1.4499
    -1.2946     0.0897     1.7751     1.9582
    -0.9743     0.6200     1.9001     2.2784
    -0.5919     1.0959     1.8287     2.5233
    -0.0939     1.5171     1.6143     2.5704
     0.3773     1.8744     1.3018     2.5233
     0.8218     2.1493     1.0161     2.3161
     1.3284     2.3235     0.7304     2.0242
     1.8260     2.3418     0.4716     1.5911
     2.1813     2.3143     0.1503     1.0922
     2.2879     2.1952    -0.0728     0.7253
     2.3679     1.9293    -0.2423     0.2832
     2.3501     1.5720    -0.4475    -0.1776
     2.1991     0.9952    -0.5991    -0.6570
     2.0658     0.5286    -0.7686    -1.0047
     1.6927     0.0439    -0.8578    -1.3053
     1.3017    -0.4130    -0.9648    -1.4744
     0.8040    -0.8878    -1.0272    -1.6341
     0.3329    -1.1343    -1.0094    -1.7561
    -0.1294    -1.2712    -1.0094    -1.8407
    -0.4140    -1.4080    -0.9291    -1.8313
    -0.7342    -1.6269    -0.7686    -1.7467
    -1.0900    -1.6999    -0.5723    -1.6153
    -1.3480    -1.7044    -0.3761    -1.4180
    -1.5259    -1.7090    -0.0549    -1.2395
    -1.7395    -1.6087     0.2931    -0.9765
    -1.8374    -1.4536     0.6233    -0.6570
    -1.8908    -1.2255     1.0161    -0.1494
    -1.8641    -0.9335     1.4804     0.1986
    -1.8196    -0.6413     1.8822     0.6312
    -1.6416    -0.2850     2.1591     1.0546
    -1.3658     0.0714     2.2753     1.5440
    -1.0811     0.5011     2.2574     1.8923
    -0.7253     0.9952     2.1681     2.0807
    -0.2362     1.3614     1.9537     2.2407
     0.2529     1.7186     1.4089     2.2125
     0.7774     1.9019     1.0161     2.0995
     1.2484     2.0943     0.6501     1.8547
     1.7105     2.1310     0.2217     1.5252
     2.1191     2.0577    -0.2333     1.1581
     2.3235     1.9202    -0.5099     0.8006
     2.3767     1.7553    -0.7240     0.3867
     2.3323     1.3431    -1.0005    -0.0741
     2.1813     0.9677    -1.1788    -0.4408
     1.9148     0.5560    -1.3304    -0.7979
     1.5950     0.1628    -1.4196    -1.0422
     1.1951    -0.3399    -1.4196    -1.2583
     0.7863    -0.6596    -1.4196    -1.4086
     0.2796    -0.9426    -1.3036    -1.5213
    -0.1028    -1.0978    -1.1521    -1.5589
    -0.4229    -1.2438    -1.0094    -1.5589
    -0.7342    -1.4354    -0.7686    -1.5683
    -1.0366    -1.5904    -0.5634    -1.4838
    -1.3658    -1.6178    -0.2066    -1.3053
    -1.5793    -1.6452     0.2485    -1.1080
    -1.7306    -1.5722     0.6412    -0.9389
    -1.8730    -1.3989     1.0161    -0.6664
    -1.9264    -1.2712     1.5072    -0.3750
    -1.9086    -1.0248     2.0251     0.0105
    -1.8018    -0.6778     2.1949     0.3772
    -1.6683    -0.3399     2.2574     0.7723
    -1.4370    -0.0475     2.2485     1.1205
    -1.1612     0.4005     2.2395     1.4593
    -0.7964     0.7847     2.1681     1.7888
    -0.2806     1.0959     1.7483     1.9959
     0.2262     1.5262     1.3732     2.1277
     0.6885     1.7553     1.0250     2.0618
     1.1507     1.9202     0.5876     1.9112
     1.6749     2.0393     0.1860     1.6946
     2.1191     1.9843    -0.1263     1.2993
     2.2790     1.9110    -0.3850     0.9699
     2.3590     1.8011    -0.6348     0.5466
     2.3323     1.5446    -0.8488     0.1421
     2.2790     1.1783    -1.0272    -0.2716
     1.9415     0.8305    -1.1877    -0.6288
     1.5950     0.3639    -1.2591    -0.8731
     1.2395    -0.0657    -1.2947    -1.0704
     0.8040    -0.4312    -1.3304    -1.2489
     0.3685    -0.7326    -1.2323    -1.3804
    -0.0583    -0.9791    -1.1699    -1.4180
    -0.3873    -1.1525    -1.0005    -1.4556
    -0.7520    -1.4080    -0.8578    -1.4603
    -1.0544    -1.5448    -0.6526    -1.4650
    -1.3480    -1.6178    -0.4029    -1.4462
    -1.5882    -1.5996    -0.1174    -1.2677
    -1.7039    -1.5813     0.2574    -1.1362
    -1.7929    -1.4354     0.5965    -0.8543
    -1.8374    -1.2347     0.9714    -0.5442
    -1.8374    -0.9609     1.2839    -0.1682
    -1.7484    -0.7417     1.6858     0.1609
    -1.6238    -0.4404     1.9716     0.5748
    -1.3391    -0.1297     2.1055     0.9887
    -1.0989     0.2359     2.0966     1.3934
    -0.7431     0.6109     1.9716     1.7982
    -0.2539     1.0135     1.7215     2.0524
     0.2173     1.4072     1.4625     2.2502
     0.6885     1.6636     1.2036     2.2690
     1.1595     1.8744     0.9000     2.1560
     1.7105     1.9752     0.6322     1.9865
     2.1191     1.9568     0.3288     1.5911
     2.2968     1.9385     0.1235     1.1958
     2.3412     1.8927    -0.1441     0.7817
     2.3590     1.6820    -0.3493     0.3020
     2.2169     1.3248    -0.5456    -0.1305
     1.9415     1.0044    -0.6705    -0.5442
     1.5861     0.5834    -0.8399    -0.8355
     1.2395     0.1354    -0.9469    -1.0422
     0.8129    -0.2302    -0.9469    -1.2395
     0.3329    -0.6139    -1.0183    -1.3523
    -0.0583    -0.8330    -1.0629    -1.4556
    -0.3518    -1.0430    -1.1075    -1.5589
    -0.6275    -1.2620    -1.0094    -1.5965
    -0.9921    -1.4810    -0.8845    -1.6247
    -1.2590    -1.5631    -0.6259    -1.5026
    -1.3836    -1.5996    -0.3939    -1.3992
    -1.5526    -1.4901    -0.1887    -1.1550
    -1.6594    -1.3898     0.0611    -0.8637
    -1.7573    -1.2712     0.4270    -0.5160
    -1.8107    -1.1160     0.7483    -0.1211
    -1.6950    -0.8878     1.0964     0.3302
    -1.6060    -0.5865     1.3732     0.7911
    -1.4014    -0.2850     1.5250     1.2805
    -1.1434     0.1902     1.6411     1.7229
    -0.8676     0.6292     1.5786     2.0336
    -0.4229     1.0318     1.4893     2.2973
     0.0928     1.5537     1.2839     2.4197
     0.5729     1.7644     1.1679     2.4197
     1.0173     2.0210     1.0161     2.3067
     1.5150     2.1402     0.8108     2.0807
     2.0747     2.1585     0.6501     1.6758
     2.3057     2.0760     0.5162     1.1958
     2.3412     1.9568     0.3377     0.6688
     2.3235     1.6820     0.1057     0.2268
     2.2790     1.3065    -0.0817    -0.2622
     1.9504     0.8945    -0.2869    -0.6664
     1.5861     0.4737    -0.4296    -1.0141
     1.1951     0.1171    -0.6259    -1.2301
     0.7596    -0.3764    -0.7151    -1.4180
     0.3685    -0.7326    -0.8042    -1.5307
    -0.0494    -0.9609    -0.9469    -1.6434
    -0.3962    -1.1982    -0.9648    -1.6810
    -0.6363    -1.3898    -0.9826    -1.6341
    -0.9388    -1.5540    -0.9113    -1.5589
    -1.1967    -1.5904    -0.7686    -1.3992
    -1.4281    -1.5996    -0.5634    -1.2677
    -1.5259    -1.5084    -0.3404    -1.0047
    -1.7039    -1.3441    -0.1263    -0.6382
    -1.7573    -1.2529     0.1860    -0.2152
    -1.7484    -1.0704     0.5073     0.1609
    -1.7128    -0.9243     0.8286     0.5936
    -1.5971    -0.5682     1.0964     1.0734
    -1.4014    -0.2120     1.3107     1.5158
    -1.1612     0.1994     1.4446     1.9488
    -0.7787     0.6475     1.4536     2.2313
    -0.3962     1.1508     1.3375     2.4009
     0.0484     1.6270     1.1946     2.4574
     0.5729     1.8560     1.0518     2.4197
     1.0085     2.0485     0.9000     2.2596
     1.5328     2.1127     0.7483     1.8735
     2.0925     2.1035     0.6144     1.4216
     2.2968     1.9660     0.4537     0.9511
     2.4300     1.8560     0.3109     0.5277
     2.3856     1.5354     0.1235     0.0763
     2.3057     1.1783    -0.0638    -0.3750
     1.9592     0.8030    -0.2690    -0.8073
     1.5417     0.4005    -0.4385    -1.1174
     1.1507    -0.0109    -0.5723    -1.3335
     0.7329    -0.4221    -0.6883    -1.5026
     0.2618    -0.7235    -0.7775    -1.7280
    -0.1117    -0.9426    -0.8310    -1.8031
    -0.4763    -1.1251    -0.8132    -1.8313
    -0.8053    -1.4171    -0.7596    -1.7655
    -1.0188    -1.5175    -0.6883    -1.6810
    -1.3035    -1.5448    -0.5010    -1.4932
    -1.4903    -1.5448    -0.3226    -1.3711
    -1.5704    -1.4445    -0.0549    -1.0892
    -1.6505    -1.4263     0.1860    -0.7603
    -1.7217    -1.3350     0.5162    -0.4220
    -1.7172    -1.1890     0.8465     0.0293
    -1.7128    -0.9882     1.1054     0.4055
    -1.4992    -0.7783     1.4536     0.8006
    -1.2768    -0.4221     1.7572     1.2240
    -1.0722    -0.0292     1.7661     1.5346
    -0.7431     0.4280     1.7751     1.8641
    -0.3518     0.8579     1.6858     2.0995
     0.0928     1.2424     1.5965     2.1748
     0.5640     1.6178     1.3375     2.1560
     0.9640     1.7644     1.0161     1.9677
     1.4350     1.9019     0.6322     1.7134
     2.0125     1.8469     0.2842     1.3746
     2.2524     1.7278    -0.0371     0.9793
     2.3590     1.6362    -0.2690     0.6030
     2.3590     1.3339    -0.5723     0.2174
     2.2613     1.1050    -0.7596    -0.1964
     1.8971     0.7481    -1.0005    -0.6288
     1.4972     0.3914    -1.1521    -0.9107
     1.0884     0.0714    -1.2769    -1.1456
     0.6351    -0.3033    -1.3215    -1.3335
     0.1906    -0.5134    -1.2680    -1.4744
    -0.1650    -0.7052    -1.2145    -1.6716
    -0.4852    -0.9609    -1.1075    -1.6998
    -0.8231    -1.2529    -0.9469    -1.7186
    -1.1167    -1.3806    -0.7418    -1.6247
    -1.3391    -1.4536    -0.4385    -1.4556
    -1.5259    -1.4627    -0.1174    -1.2959
    -1.5971    -1.4719     0.2931    -1.1080
    -1.6950    -1.4445     0.7304    -0.8073
    -1.7751    -1.3350     1.2661    -0.4878
    -1.7662    -1.1708     1.6679    -0.1117
    -1.7217    -1.0065     2.1502     0.2832
    -1.5170    -0.7600     2.2574     0.5842
    -1.3658    -0.4586     2.3110     0.9887
    -1.1345    -0.0749     2.3289     1.2899
    -0.7787     0.3639     2.3021     1.6287
    -0.3962     0.8213     2.0787     1.8547
     0.0128     1.2149     1.5786     1.9959
     0.4218     1.5720     1.1054     2.0147
     0.8751     1.8377     0.6947     1.8735
     1.3106     1.9568     0.2217     1.7134
     1.8082     1.9660    -0.2423     1.3840
     2.1724     1.8835    -0.6080     1.0828
     2.2790     1.7186    -0.8934     0.6877
     2.2613     1.3614    -1.0896     0.3396
     2.1636     1.0410    -1.3036    -0.0365
     1.8437     0.7207    -1.4463    -0.4126
     1.4261     0.3091    -1.5087    -0.6476
     1.0618    -0.0200    -1.5265    -0.9107
     0.7240    -0.3673    -1.5444    -1.1362
     0.3062    -0.6687    -1.3928    -1.2959
    -0.0761    -0.8513    -1.3036    -1.4462
    -0.3695    -1.0613    -1.0896    -1.5401
    -0.6452    -1.3259    -0.8667    -1.5495
    -0.9388    -1.4627    -0.6437    -1.5589
    -1.1967    -1.5631    -0.2690    -1.4932
    -1.3836    -1.5448     0.0968    -1.3335
    -1.4814    -1.5266     0.5430    -1.1550
    -1.6238    -1.3533     0.9357    -0.9577
    -1.6861    -1.2438     1.3196    -0.6476
    -1.6861    -1.0795     1.8644    -0.2716
    -1.6505    -0.8878     2.1681     0.0763
    -1.4636    -0.5865     2.2485     0.4713
    -1.2857    -0.2576     2.2753     0.8476
    -1.0099     0.1719     2.2038     1.2240
    -0.7876     0.5743     2.0519     1.6099
    -0.4051     0.9952     1.8197     1.8829
    -0.0139     1.3889     1.4982     2.0807
     0.3596     1.7736     1.1500     2.0995
     0.7863     1.9935     0.8108     2.1183
     1.2484     2.1127     0.4984     1.9677
     1.7194     2.1127     0.2128     1.6099
     2.1014     2.0577    -0.1084     1.2616
     2.2613     1.8286    -0.3226     0.8946
     2.2879     1.5171    -0.6080     0.5089
     2.1280     1.0684    -0.8132     0.0857
     1.8793     0.6749    -0.9469    -0.2810
     1.5594     0.3548    -1.0361    -0.5912
     1.1684    -0.0475    -1.0807    -0.8355
     0.7774    -0.4495    -1.1788    -1.0422
     0.4307    -0.7235    -1.1431    -1.2207
     0.0039    -0.8604    -1.0718    -1.3429
    -0.3429    -1.0886    -0.9737    -1.4744
    -0.6275    -1.3077    -0.9113    -1.5401
    -0.9388    -1.4627    -0.7775    -1.5777
    -1.2145    -1.5175    -0.5367    -1.5213
    -1.3569    -1.5540    -0.3047    -1.4932
    -1.5170    -1.4810    -0.0371    -1.3241
    -1.6594    -1.2894     0.2396    -1.0704
    -1.7484    -1.1525     0.5876    -0.7415
    -1.7662    -0.9974     0.8554    -0.3186
    -1.6861    -0.7417     1.2393     0.1233
    -1.4725    -0.5226     1.5161     0.6030
    -1.3035    -0.1845     1.7036     1.0452
    -1.0900     0.1811     1.7126     1.4969
    -0.8142     0.5652     1.7215     1.8547
    -0.3962     0.9769     1.5786     2.1748
     0.0217     1.3889     1.4446     2.3820
     0.4129     1.7461     1.1946     2.4291
     0.7951     1.9843     1.0072     2.3255
     1.2306     2.0852     0.7840     2.1372
     1.6838     2.1493     0.5876     1.7229
     2.0481     2.0210     0.3109     1.2616
     2.2702     1.8744     0.0879     0.8570
     2.3590     1.5446    -0.1441     0.3772
     2.3146     1.0867    -0.3493    -0.0647
     2.0836     0.7298    -0.5367    -0.5254
     1.7727     0.3365    -0.6794    -0.8543
     1.3817    -0.0200    -0.8042    -1.0704
     0.9729    -0.4130    -0.8399    -1.2677
     0.5285    -0.6504    -0.9469    -1.4368
     0.0928    -0.8787    -0.9648    -1.5589
    -0.3162    -1.0886    -0.9469    -1.6904
    -0.6097    -1.2438    -0.9291    -1.6998
    -0.8498    -1.4080    -0.8221    -1.6153
    -1.0722    -1.4536    -0.6526    -1.5683
    -1.3035    -1.4719    -0.4564    -1.4180
    -1.4547    -1.3715    -0.3047    -1.2207
    -1.5259    -1.2803    -0.0460    -0.9107
    -1.6772    -1.1890     0.2306    -0.5160
    -1.6594    -0.9882     0.6233    -0.0741
    -1.5793    -0.8330     0.9357     0.3867
    -1.3836    -0.5774     1.1946     0.7911
    -1.2679    -0.2942     1.4089     1.2428
    -1.0455     0.1445     1.4804     1.6664
    -0.6986     0.4828     1.4804     2.1089
    -0.3873     0.8854     1.3911     2.3255
     0.0484     1.3156     1.2482     2.4856
     0.4129     1.7369     1.1143     2.4951
     0.7863     1.8835     0.9536     2.3726
     1.1951     2.0027     0.7840     2.1466
     1.6661     2.0072     0.6055     1.6852
     1.9681     2.0118     0.4716     1.1863
     2.1991     1.8194     0.3377     0.7065
     2.2879     1.6178     0.1592     0.2738
     2.2524     1.1783    -0.0014    -0.1400
     2.0303     0.8213    -0.1531    -0.6476
     1.6572     0.3822    -0.2601    -0.9765
     1.2662    -0.0566    -0.4029    -1.2114
     0.8929    -0.4312    -0.5991    -1.4368
     0.4840    -0.6870    -0.6883    -1.5589
    -0.0139    -0.9152    -0.7775    -1.7280
    -0.3873    -1.1069    -0.8488    -1.7467
    -0.7075    -1.2529    -0.8756    -1.7092
    -1.0188    -1.3624    -0.8042    -1.5871
    -1.2501    -1.3624    -0.7418    -1.4744
    -1.4459    -1.3077    -0.5456    -1.3617
    -1.5437    -1.2803    -0.3315    -1.1174
    -1.7217    -1.2164    -0.0995    -0.8543
    -1.7573    -1.1617     0.2306    -0.4596
    -1.7217    -1.0248     0.5430    -0.0835
    -1.6327    -0.8878     0.8732     0.2832
    -1.4459    -0.5956     1.1768     0.6783
    -1.2768    -0.2576     1.4625     1.0922
    -1.0277     0.0805     1.6679     1.4781
    -0.7253     0.4188     1.6545     1.8547
    -0.3251     0.8396     1.6411     2.1372
     0.0751     1.2149     1.4714     2.2784
     0.4485     1.5262     1.3196     2.3067
     0.8218     1.8102     1.0429     2.2031
     1.2573     1.9293     0.8018     2.0242
     1.5950     1.9293     0.5430     1.6664
     1.9504     1.8652     0.3288     1.2334
     2.2346     1.7369     0.0968     0.8570
     2.2302     1.5171    -0.1798     0.4243
     2.2257     1.1325    -0.3672     0.0011
     2.0481     0.7298    -0.6169    -0.4502
     1.6927     0.4005    -0.7418    -0.8167
     1.3373    -0.0383    -0.8934    -1.0234
     0.9196    -0.3855    -1.0094    -1.2771
     0.5107    -0.6504    -1.1342    -1.4180
     0.1284    -0.8878    -1.1342    -1.5683
    -0.2984    -1.0704    -1.0718    -1.6434
    -0.4940    -1.2620    -0.9559    -1.6810
    -0.7876    -1.3077    -0.7418    -1.5871
    -1.0633    -1.3441    -0.5723    -1.4650
    -1.2946    -1.2620    -0.2780    -1.3335
    -1.4014    -1.2803     0.0075    -1.1080
    -1.5259    -1.2712     0.3645    -0.9201
    -1.6327    -1.1982     0.7394    -0.5724
    -1.5882    -1.0704     1.0964    -0.2622
    -1.5170    -0.9061     1.4714     0.0951
    -1.4103    -0.6322     1.8644     0.4243
    -1.2056    -0.2485     2.1502     0.8006
    -0.9655     0.0714     2.2485     1.1675
    -0.6452     0.4645     2.2574     1.5252
    -0.2539     0.9220     2.1145     1.7793
     0.0928     1.3431     1.9180     1.9582
     0.5018     1.6820     1.4179     2.0712
     0.8218     1.8194     0.9804     2.0147
     1.2306     1.9293     0.5519     1.9394
     1.5150     1.9385     0.0879     1.7229
     1.8437     1.7736    -0.3761     1.3840
     2.0925     1.7094    -0.6794     0.9699
     2.0969     1.4804    -0.8845     0.5936
     2.1014     1.0867    -1.1164     0.1892
     1.8260     0.7024    -1.2680    -0.2340
     1.5328     0.2542    -1.3839    -0.5536
     1.1595    -0.1480    -1.4820    -0.8449
     0.7685    -0.4678    -1.5265    -1.0798
     0.3596    -0.7874    -1.4285    -1.2771
     0.0128    -1.0156    -1.3661    -1.4180
    -0.3251    -1.1982    -1.1699    -1.5401
    -0.5029    -1.3806    -0.9737    -1.6247
    -0.8320    -1.4901    -0.7329    -1.5871
    -1.0366    -1.4992    -0.4296    -1.4556
    -1.2590    -1.4354    -0.0549    -1.3335
    -1.4192    -1.4171     0.4002    -1.1738
    -1.5259    -1.3168     0.7215    -0.9671
    -1.5793    -1.0978     1.1946    -0.7321
    -1.5882    -0.9335     1.6232    -0.4502
    -1.5437    -0.6139     1.9984    -0.0929
    -1.4636    -0.2394     2.1949     0.2268
    -1.2768     0.1628     2.2663     0.6218
    -1.0544     0.5103     2.2574     0.9981
    -0.7787     1.0044     2.2038     1.4028
    -0.3784     1.3889     1.9448     1.7323
     0.0217     1.6728     1.6232     1.9394
     0.4307     1.8194     1.2929     2.0712
     0.7951     1.9110     0.9000     2.0618
     1.1862     1.9064     0.5341     1.9771
     1.5328     1.9019     0.1414     1.8453
     1.8260     1.7278    -0.1531     1.5440
     2.0570     1.5629    -0.4564     1.1675
     2.1813     1.1874    -0.6615     0.7535
     2.1813     0.8488    -0.9202     0.3961
     2.0125     0.4462    -1.0718    -0.0553
     1.7993     0.0622    -1.2234    -0.4314
     1.4795    -0.2759    -1.2591    -0.6852
     1.1151    -0.6230    -1.2501    -0.9389
     0.6796    -0.8057    -1.2412    -1.1644
     0.2440    -1.0886    -1.1521    -1.3617
    -0.1206    -1.2894    -1.0807    -1.5495
    -0.4496    -1.4901    -0.8399    -1.6622
    -0.7253    -1.4764    -0.6794    -1.6716
    -1.0722    -1.4627    -0.5010    -1.6716
    -1.2946    -1.4536    -0.2690    -1.5401
    -1.4459    -1.3898     0.0432    -1.3898
    -1.5882    -1.2347     0.4091    -1.1926
    -1.6416    -1.0156     0.6858    -0.9389
    -1.6416    -0.8057     0.9893    -0.5160
    -1.6327    -0.4769     1.2929    -0.1494
    -1.4903    -0.1480     1.6500     0.3020
    -1.3302     0.2451     1.9180     0.7159
    -1.1256     0.6017     2.0341     1.1393
    -0.8231     1.0593     2.0251     1.5346
    -0.4140     1.4347     1.8912     1.8358
    -0.0761     1.6911     1.6500     2.0807
     0.3596     1.8011     1.4268     2.2502
     0.7329     1.8652     1.1500     2.2407
     1.1240     1.8927     0.8732     2.1277
     1.4350     1.7736     0.5965     1.9582
     1.7460     1.6453     0.2663     1.6099
     2.0037     1.4347     0.0343     1.1675
     2.0570     1.0776    -0.2333     0.7817
     2.0303     0.8030    -0.4207     0.3490
     1.9948     0.4280    -0.5991    -0.0365
     1.7638     0.0805    -0.7418    -0.4596
     1.4883    -0.2759    -0.9024    -0.7227
     1.1151    -0.5591    -0.9291    -0.9107
     0.7596    -0.7326    -0.9915    -1.1550
     0.3329    -1.0065    -0.9826    -1.3523
    -0.1206    -1.1890    -0.9648    -1.4744
    -0.3873    -1.3168    -0.9380    -1.5683
    -0.7164    -1.3122    -0.8399    -1.5777
    -1.0277    -1.3077    -0.6794    -1.5965
    -1.2590    -1.2803    -0.4118    -1.5213
    -1.4814    -1.1982    -0.2066    -1.3335
    -1.6238    -1.0430     0.0611    -1.0704
    -1.6772    -0.8878     0.3823    -0.7509
    -1.6683    -0.6778     0.6947    -0.2716
    -1.6505    -0.4038     0.9625     0.1421
    -1.5615    -0.1206     1.2929     0.5371
    -1.3480     0.3457     1.5518     0.9605
    -1.1078     0.6566     1.7572     1.3746
    -0.8231     1.0410     1.7751     1.7888
    -0.4318     1.4713     1.7572     2.0712
    -0.0139     1.6728     1.5697     2.3067
     0.4129     1.8652     1.3911     2.4103
     0.7951     1.9385     1.1857     2.3726
     1.1062     1.9110     0.9268     2.2502
     1.4795     1.8652     0.6679     1.8923
     1.7904     1.6362     0.3734     1.4875
     1.9948     1.4163     0.1771     1.0170
     2.0125     1.0318    -0.0371     0.6218
     2.0658     0.6475    -0.2066     0.1986
     1.9770     0.3274    -0.4029    -0.2340
     1.7727    -0.0840    -0.5099    -0.6382
     1.5061    -0.4312    -0.6615    -0.9483
     1.1862    -0.6322    -0.7507    -1.1362
     0.7863    -0.8970    -0.8667    -1.3429
     0.3329    -1.0704    -0.9113    -1.5026
    -0.1117    -1.2438    -0.9380    -1.6059
    -0.4140    -1.3533    -1.0183    -1.6528
    -0.7431    -1.3441    -0.9826    -1.6904
    -1.0277    -1.2985    -0.8578    -1.6341
    -1.3124    -1.2985    -0.6883    -1.5307
    -1.5170    -1.2255    -0.4831    -1.4086
    -1.6950    -1.1069    -0.1977    -1.1362
    -1.7573    -0.9243     0.1325    -0.7697
    -1.7929    -0.7326     0.4984    -0.3468
    -1.7662    -0.4404     0.8732     0.0105
    -1.5971    -0.0840     1.1946     0.3961
    -1.4459     0.2725     1.4982     0.8288
    -1.1967     0.6658     1.7840     1.2710
    -0.8498     1.0501     1.8822     1.6193
    -0.5118     1.4163     1.8465     2.0053
    -0.0316     1.6362     1.6768     2.2125
     0.4129     1.8377     1.4000     2.3067
     0.7863     1.8652     1.1589     2.2502
     1.2129     1.8927     0.8732     2.1277
     1.5061     1.7736     0.6055     1.8829
     1.7993     1.5720     0.3466     1.4781
     2.0214     1.2149     0.0879     1.0452
     2.0392     0.8762    -0.1531     0.6783
     2.0125     0.4462    -0.4029     0.2550
     1.9415     0.1445    -0.5723    -0.1682
     1.7727    -0.2302    -0.7507    -0.6100
     1.5061    -0.5774    -0.9469    -0.9201
     1.2040    -0.7509    -1.0629    -1.1738
     0.8485    -0.9426    -1.1075    -1.3711
     0.4129    -1.1069    -1.1521    -1.5120
     0.0662    -1.1799    -1.1966    -1.6434
    -0.2095    -1.2529    -1.1342    -1.7092
    -0.5741    -1.2529    -1.0361    -1.6622
    -0.8854    -1.1343    -0.8042    -1.5683
    -1.1612    -1.1799    -0.6080    -1.4650
    -1.4281    -1.0795    -0.3226    -1.3429
    -1.5971    -0.9791    -0.0014    -1.0892
    -1.6416    -0.7691     0.3645    -0.8167
    -1.6416    -0.5317     0.6947    -0.4596
    -1.6327    -0.2120     1.0964    -0.0459
    -1.4992     0.1262     1.4268     0.3584
    -1.3391     0.5103     1.7840     0.7723
    -1.1612     0.8122     2.0162     1.1769
    -0.8320     1.1600     2.0028     1.6193
    -0.4852     1.5446     1.9894     1.9488
    -0.0672     1.7094     1.8733     2.1748
     0.4129     1.8102     1.6679     2.3161
     0.8218     1.8835     1.3018     2.3349
     1.1684     1.8469     0.9714     2.1654
     1.5772     1.7553     0.6144     2.0053
     1.8615     1.4347     0.2217     1.6475
     2.0658     1.0684    -0.1441     1.1675
     2.0747     0.6017    -0.4118     0.7817
     1.9770     0.2359    -0.6526     0.3584
     1.8615    -0.1663    -0.8578    -0.0835
     1.6572    -0.4495    -1.0718    -0.5348
     1.3995    -0.7509    -1.1610    -0.8167
     1.0618    -0.9609    -1.2769    -1.0986
     0.7507    -1.0521    -1.3126    -1.2771
     0.3862    -1.2438    -1.3126    -1.3898
     0.1017    -1.3168    -1.2056    -1.5307
    -0.2006    -1.2894    -1.0361    -1.5777
    -0.4940    -1.1890    -0.9113    -1.5683
    -0.8498    -1.1251    -0.6972    -1.5026
    -1.1523    -1.0430    -0.4118    -1.3992
    -1.3658    -0.9974    -0.0906    -1.2489
    -1.5615    -0.8057     0.2663    -1.0704
    -1.6772    -0.5865     0.6322    -0.8261
    -1.6683    -0.2576     1.0161    -0.5160
    -1.6950     0.0805     1.3732    -0.1023
    -1.5971     0.3457     1.7483     0.2362
    -1.5170     0.6841     2.0073     0.5748
    -1.3302     1.0593     2.0966     0.9699
    -1.0366     1.3797     2.0921     1.4310
    -0.6541     1.6087     2.0877     1.8076
    -0.2628     1.7461     1.9537     2.0712
     0.1818     1.8560     1.6500     2.2313
     0.6974     1.8469     1.3107     2.2502
     1.1240     1.7461     0.9625     2.1842
     1.4972     1.5995     0.5965     1.9677
     1.8882     1.2973     0.2574     1.7134
     2.0570     0.8945    -0.0371     1.2522
     2.0525     0.5286    -0.3047     0.8758
     2.0481     0.0805    -0.5099     0.4149
     1.8437    -0.3033    -0.7329     0.0199
     1.6661    -0.6504    -0.9380    -0.4408
     1.3995    -0.8513    -1.0005    -0.7979
     1.1507    -1.0430    -1.0896    -1.0704
     0.8396    -1.2894    -1.1788    -1.2583
     0.4751    -1.3898    -1.1521    -1.4556
     0.1995    -1.4034    -1.0005    -1.6059
    -0.0672    -1.4171    -0.9202    -1.6998
    -0.4496    -1.3898    -0.7864    -1.6810
    -0.7876    -1.3806    -0.5991    -1.6247
    -1.0366    -1.2803    -0.3315    -1.5120
    -1.3213    -1.1434    -0.0638    -1.3898
    -1.4903    -0.9791     0.3109    -1.2020
    -1.6060    -0.6139     0.6055    -0.9765
    -1.7306    -0.2942     0.9179    -0.6664
    -1.7039     0.0531     1.2839    -0.2716
    -1.6238     0.4554     1.5607     0.1045
    -1.5615     0.8305     1.8733     0.4995
    -1.3124     1.1325     1.9716     0.8852
    -1.0989     1.4988     1.9805     1.3369
    -0.8231     1.6728     1.9894     1.7323
    -0.3873     1.7919     1.8465     1.9959
     0.0573     1.9385     1.5607     2.1654
     0.5374     1.8560     1.3286     2.1513
     0.9818     1.8469     0.9714     2.1372
     1.4084     1.6087     0.6947     1.9771
     1.7727     1.3431     0.3556     1.6946
     1.9770     0.8762     0.0343     1.2805
     1.9948     0.4645    -0.2423     0.9135
     2.0125     0.1536    -0.4118     0.5277
     1.7816    -0.2120    -0.6348     0.0763
     1.5950    -0.5774    -0.8132    -0.3280
     1.3373    -0.8513    -0.9559    -0.6758
     0.9729    -1.0795    -1.0629    -0.8919
     0.6529    -1.2255    -1.1164    -1.1174
     0.3329    -1.3806    -1.1075    -1.3523
     0.0039    -1.4719    -1.0896    -1.5213
    -0.2362    -1.4263    -0.9915    -1.6059
    -0.4940    -1.4171    -0.8221    -1.6716
    -0.8142    -1.3806    -0.6972    -1.6716
    -1.0544    -1.3441    -0.4831    -1.5871
    -1.3391    -1.1525    -0.2512    -1.4274
    -1.4814    -0.9243     0.0611    -1.2395
    -1.6327    -0.6961     0.3556    -0.9671
    -1.6772    -0.3673     0.6947    -0.5818
    -1.6861     0.0531     0.9982    -0.1682
    -1.5971     0.4554     1.3375     0.1703
    -1.5170     0.8305     1.6947     0.5560
    -1.3302     1.2057     1.9001     0.9040
    -1.1167     1.5171     2.0341     1.3557
    -0.8409     1.6911     1.9805     1.7134
    -0.5029     1.7461     1.8376     1.9488
    -0.0850     1.7278     1.5786     2.0712
     0.4218     1.7094     1.2661     2.0712
     0.8574     1.6270     0.9893     2.0147
     1.3284     1.4347     0.6858     1.8358
     1.7727     1.0684     0.3020     1.4969
     2.0214     0.7573     0.0432     1.1016
     2.0348     0.3914    -0.2066     0.7065
     2.0481    -0.0018    -0.3761     0.3020
     1.8704    -0.2668    -0.6169    -0.0647
     1.6661    -0.5865    -0.7864    -0.4032
     1.3462    -0.8148    -0.8934    -0.7415
     1.0085    -0.9974    -0.9469    -0.9483
     0.6440    -1.2073    -1.0540    -1.1738
     0.2884    -1.3077    -1.0183    -1.3711
    -0.0494    -1.2894    -1.0183    -1.5307
    -0.3429    -1.3259    -0.9113    -1.6341
    -0.5474    -1.2894    -0.8488    -1.6528
    -0.8587    -1.2803    -0.6883    -1.6247
    -1.1523    -1.2620    -0.5188    -1.5495
    -1.3302    -1.1525    -0.2690    -1.3898
    -1.4814    -0.9791    -0.0103    -1.1362
    -1.6149    -0.6778     0.3199    -0.8543
    -1.6194    -0.3947     0.6858    -0.4690
    -1.6238     0.0439     0.9982    -0.0835
    -1.5348     0.4188     1.4000     0.2550
    -1.4370     0.8213     1.7215     0.6124
    -1.2590     1.2698     2.0162     1.0452
    -1.0455     1.5537     2.0877     1.4875
    -0.7520     1.7278     2.0609     1.8547
    -0.3251     1.8744     1.8465     2.0618
     0.0840     1.9110     1.5697     2.2690
     0.5374     1.9202     1.2304     2.2973
     0.9907     1.7644     0.9714     2.1842
     1.3906     1.5812     0.6144     1.9865
     1.8260     1.2424     0.2574     1.6475
     2.1369     0.9037    -0.0460     1.2146
     2.2613     0.5103    -0.2333     0.8288
     2.1991     0.1445    -0.4921     0.4431
     2.0836    -0.1663    -0.6794     0.0293
     1.8171    -0.5317    -0.8845    -0.3750
     1.5328    -0.7691    -1.0005    -0.6664
     1.1862    -0.8787    -1.0896    -0.9389
     0.7418    -1.0339    -1.1788    -1.1738
     0.3062    -1.1434    -1.1877    -1.4274
     0.0039    -1.1982    -1.1342    -1.5495
    -0.2984    -1.2803    -1.0985    -1.6528
    -0.5563    -1.2985    -0.9737    -1.6575
    -0.8765    -1.3350    -0.7953    -1.6622
    -1.1256    -1.2164    -0.6348    -1.5589
    -1.3302    -1.1525    -0.3315    -1.3992
    -1.5259    -0.9609    -0.0638    -1.1644
    -1.5882    -0.6413     0.2574    -0.8825
    -1.5882    -0.3581     0.5965    -0.5442
    -1.5526     0.0257     0.9625    -0.1870
    -1.4992     0.4828     1.3732     0.2456
    -1.3302     0.8671     1.7483     0.5936
    -1.1078     1.2790     1.9537     1.0452
    -0.8409     1.6545     2.0073     1.5158
    -0.5563     1.8102     1.9537     1.8829
    -0.2273     1.9568     1.8197     2.0807
     0.2084     2.0302     1.5250     2.2690
     0.6174     2.0577     1.2125     2.2784
     1.0351     1.8835     0.8554     2.1654
     1.4617     1.6820     0.5608     1.9677
     1.8704     1.1966     0.1860     1.6287
     2.1458     0.7573    -0.0817     1.1769
     2.3323     0.2816    -0.3672     0.8194
     2.2968    -0.1297    -0.5723     0.3961
     2.1813    -0.5408    -0.8042     0.0105
     1.8971    -0.8057    -1.0361    -0.4032
     1.5772    -1.1069    -1.1253    -0.7321
     1.2129    -1.2529    -1.2501    -1.0234
     0.7240    -1.3898    -1.2412    -1.2771
     0.3062    -1.4263    -1.2323    -1.4650
    -0.1028    -1.4445    -1.1966    -1.6059
    -0.2984    -1.4263    -1.0272    -1.7467
    -0.6097    -1.3806    -0.9113    -1.7843
    -0.8676    -1.3624    -0.7418    -1.6998
    -1.1790    -1.2255    -0.5545    -1.6341
    -1.3658    -1.0521    -0.2512    -1.4744
    -1.5259    -0.8604     0.0611    -1.2771
    -1.6238    -0.4860     0.4091    -1.0141
    -1.5971    -0.2120     0.8108    -0.6476
    -1.5437     0.2542     1.1589    -0.2716
    -1.4725     0.6566     1.5250     0.0857
    -1.2768     1.0227     1.7929     0.4995
    -1.1256     1.4072     1.9984     0.8664
    -0.8320     1.7186     2.0966     1.3087
    -0.5385     1.9293     2.0430     1.7229
    -0.1739     2.0027     1.8644     1.9771
     0.2440     2.0027     1.6054     2.0995
     0.6174     1.9293     1.2393     2.1183
     0.9907     1.7919     0.9625     2.0053
     1.3995     1.4347     0.5608     1.8829
     1.7904     0.9311     0.2663     1.5911
     2.0747     0.4828    -0.0817     1.1863
     2.1991    -0.0749    -0.3136     0.7911
     2.2613    -0.4769    -0.5813     0.4055
     2.1103    -0.7965    -0.7507     0.0011
     1.9148    -1.1343    -0.9648    -0.4502
     1.6039    -1.2894    -1.0540    -0.7979
     1.2040    -1.3989    -1.1788    -1.0704
     0.7774    -1.5084    -1.1654    -1.2583
     0.3773    -1.5904    -1.1521    -1.4462
    -0.0761    -1.5631    -1.0629    -1.6528
    -0.2984    -1.4263    -0.9648    -1.7467
    -0.5741    -1.3715    -0.8578    -1.7467
    -0.9210    -1.2620    -0.6348    -1.6904
    -1.2590    -1.2073    -0.4207    -1.5495
    -1.4192    -1.0065    -0.1620    -1.4368
    -1.5793    -0.7509     0.1682    -1.2114
    -1.6327    -0.3855     0.4448    -0.9295
    -1.6950    -0.0475     0.7483    -0.5912
    -1.7128     0.4280     1.0696    -0.1870
    -1.6505     0.6932     1.3107     0.1798
    -1.4725     1.1050     1.6679     0.5748
    -1.2768     1.4072     1.8733     0.9981
    -1.0099     1.7003     1.9894     1.4216
    -0.7075     1.8652     1.9716     1.7888
    -0.3518     1.9293     1.8554     2.0053
     0.0662     1.9752     1.5786     2.1654
     0.4218     1.9385     1.2839     2.1748
     0.8129     1.7827     0.9357     2.1089
     1.2395     1.5812     0.6501     1.9582
     1.6394     1.1417     0.2753     1.6946
     1.9592     0.7024    -0.0103     1.3087
     2.1014     0.2359    -0.2780     0.9981
     2.1014    -0.1388    -0.4831     0.5748
     2.0303    -0.5317    -0.6972     0.1986
     1.8171    -0.8148    -0.8310    -0.2340
     1.5683    -0.9426    -0.9559    -0.5536
     1.2218    -1.1708    -1.0005    -0.8731
     0.7418    -1.3077    -1.0629    -1.1362
     0.3596    -1.3533    -1.0540    -1.3523
    -0.0316    -1.3533    -1.0183    -1.5213
    -0.3340    -1.4171    -0.9291    -1.6528
    -0.6363    -1.3806    -0.8221    -1.7186
    -0.9655    -1.3624    -0.6705    -1.6716
    -1.2412    -1.3624    -0.4296    -1.5777
    -1.4814    -1.1343    -0.1441    -1.4368
    -1.6238    -0.9061     0.1771    -1.2959
    -1.7395    -0.5500     0.4984    -1.0141
    -1.7484    -0.2211     0.7394    -0.6758
    -1.7128     0.1262     1.0696    -0.3092
    -1.5971     0.5011     1.3464     0.1233
    -1.5081     0.8762     1.6590     0.4713
    -1.3035     1.1600     1.8912     0.9135
    -1.0188     1.5262     2.0162     1.4028
    -0.6541     1.6820     2.0073     1.7511
    -0.3162     1.8469     1.9180     1.9771
     0.0751     1.8469     1.6143     2.1466
     0.4662     1.8469     1.3464     2.1419
     0.9018     1.7827     0.9714     2.1372
     1.2840     1.5537     0.6412     1.9959
     1.6394     1.2515     0.3377     1.7511
     2.0125     0.8945     0.0254     1.4310
     2.1547     0.5377    -0.2601     1.0452
     2.1813     0.1079    -0.4296     0.6877
     2.0570    -0.2394    -0.6794     0.2644
     1.8260    -0.5043    -0.8221    -0.1305
     1.5150    -0.6961    -0.9113    -0.4972
     1.1684    -0.9517    -1.0094    -0.7979
     0.7063    -1.0978    -1.0450    -1.0516
     0.3062    -1.2347    -1.0629    -1.3053
    -0.1206    -1.2255    -1.0540    -1.5120
    -0.3873    -1.2712    -0.9648    -1.6716
    -0.7164    -1.3806    -0.8578    -1.7280
    -1.0633    -1.3624    -0.6615    -1.7092
    -1.3035    -1.3168    -0.4475    -1.6810
    -1.5526    -1.2164    -0.2066    -1.5213
    -1.6950    -0.9335     0.0432    -1.3335
    -1.6950    -0.6230     0.3734    -1.0892
    -1.7306    -0.2850     0.6858    -0.7697
    -1.6416     0.0531     1.0072    -0.3186
    -1.5882     0.4371     1.3464     0.1045
    -1.4103     0.7847     1.6232     0.5277
    -1.1523     1.1417     1.8822     0.9135
    -0.8854     1.5079     2.0341     1.4310
    -0.6008     1.6911     2.0519     1.7605
    -0.2273     1.8377     1.9269     2.0524
     0.1995     1.9477     1.6232     2.2125
     0.6085     1.9293     1.3018     2.2407
     0.9907     1.8744     0.9179     2.1937
     1.3728     1.7094     0.5341     2.0524
     1.7727     1.3522     0.2217     1.7699
     2.0303     0.9494    -0.1084     1.4310
     2.1991     0.5652    -0.3493     1.0546
     2.2169     0.1811    -0.5367     0.6688
     2.0481    -0.2576    -0.7596     0.2832
     1.8704    -0.5956    -0.9113    -0.0647
     1.6039    -0.7600    -1.0629    -0.4408
     1.1773    -0.9700    -1.1342    -0.7885
     0.7685    -1.1799    -1.1699    -1.0798
     0.3773    -1.2803    -1.1788    -1.2771
    -0.0139    -1.4080    -1.1699    -1.4932
    -0.3162    -1.3989    -1.0005    -1.6434
    -0.5830    -1.4354    -0.9202    -1.7561
    -0.9210    -1.4627    -0.7418    -1.7374
    -1.2590    -1.3533    -0.5456    -1.6247
    -1.4992    -1.1708    -0.2155    -1.4556
    -1.6238    -0.9426     0.0700    -1.2395
    -1.6861    -0.5682     0.4716    -0.9859
    -1.6594    -0.2302     0.7661    -0.6758
    -1.5882     0.2542     1.1143    -0.2904
    -1.5170     0.6475     1.4000     0.1703
    -1.3035     1.0501     1.7304     0.5371
    -1.0989     1.4438     1.9448     1.0264
    -0.7520     1.7369     2.1681     1.5063
    -0.4763     2.0027     2.1502     1.8641
    -0.1472     2.0943     2.0073     2.1183
     0.2440     2.1035     1.7483     2.2784
     0.6529     2.1127     1.3286     2.3255
     1.0884     2.0027     0.9536     2.2031
     1.4350     1.7278     0.5965     2.0995
     1.8171     1.2881     0.2663     1.7888
     2.1191     0.8396    -0.0014     1.4122
     2.2435     0.3822    -0.2601     1.0828
     2.2080    -0.1023    -0.4653     0.6971
     2.0570    -0.4769    -0.6883     0.3020
     1.7727    -0.7874    -0.8578    -0.1400
     1.4439    -0.9882    -0.9648    -0.4972
     1.1329    -1.1799    -1.0540    -0.8449
     0.6618    -1.4171    -1.1521    -1.1268
     0.2618    -1.5540    -1.1521    -1.4086
    -0.1472    -1.6178    -1.0807    -1.5683
    -0.4407    -1.6269    -1.0005    -1.7374
    -0.6808    -1.6360    -0.9113    -1.7843
    -1.0188    -1.5631    -0.8042    -1.7374
    -1.3658    -1.4171    -0.5991    -1.6810
    -1.5882    -1.1982    -0.2780    -1.4838
    -1.6594    -0.8970     0.0700    -1.3147
    -1.6594    -0.5043     0.4359    -1.0328
    -1.6594    -0.0840     0.7751    -0.7415
    -1.5971     0.3182     1.0875    -0.3092
    -1.4459     0.7390     1.3643     0.1233
    -1.3302     1.1417     1.6500     0.5089
    -1.0811     1.6270     1.9537     0.9887
    -0.7431     1.9477     2.0519     1.5158
    -0.4140     2.0852     2.1234     1.9112
    -0.0139     2.1860     1.9358     2.1654
     0.3685     2.1952     1.6590     2.3161
     0.7685     2.1402     1.2750     2.3067
     1.1418     2.0027     0.9268     2.2973
     1.4350     1.6728     0.5698     2.0901
     1.8082     1.1600     0.2753     1.8264
     2.0658     0.7207    -0.0728     1.4499
     2.1813     0.2359    -0.3226     1.0828
     2.1991    -0.1754    -0.5099     0.6500
     2.1014    -0.5682    -0.7151     0.2456
     1.8793    -0.8787    -0.8578    -0.1870
     1.5683    -0.9609    -0.9915    -0.5536
     1.1684    -1.2438    -1.0183    -0.9295
     0.7240    -1.4080    -1.1342    -1.2301
     0.2707    -1.6087    -1.1521    -1.4274
    -0.1472    -1.6725    -1.0985    -1.6622
    -0.4140    -1.6725    -1.0005    -1.7749
    -0.7431    -1.6087    -0.8845    -1.7843
    -1.0455    -1.5084    -0.7596    -1.7937
    -1.3747    -1.3898    -0.5545    -1.6716
    -1.5526    -1.1434    -0.2958    -1.5120
    -1.7128    -0.8696     0.0343    -1.3053
    -1.7306    -0.4495     0.3913    -1.0798
    -1.7128    -0.0840     0.7036    -0.7509
    -1.6149     0.2451     1.0696    -0.3468
    -1.5081     0.6200     1.3107     0.0575
    -1.3391     0.9769     1.6143     0.4995
    -1.1078     1.2607     1.8733     0.9981
    -0.7876     1.6820     2.0162     1.4781
    -0.4229     1.8560     2.0251     1.8735
    -0.0939     1.9935     1.9269     2.1183
     0.2884     1.9798     1.6500     2.2596
     0.6885     1.9660     1.3196     2.3161
     1.0173     1.8011     0.9268     2.1842
     1.4261     1.5720     0.6144     2.0524
     1.7282     1.2149     0.2753     1.7511
     1.9770     0.7481    -0.0371     1.4122
     2.1369     0.3365    -0.2869     0.9511
     2.1369    -0.0932    -0.4831     0.5936
     2.0392    -0.4404    -0.6794     0.1986
     1.8704    -0.7326    -0.8221    -0.2434
     1.6039    -0.8604    -0.9202    -0.6288
     1.2573    -1.1982    -1.0183    -0.9483
     0.7951    -1.4354    -1.0361    -1.2865
     0.3507    -1.5540    -1.0450    -1.5026
    -0.0405    -1.6543    -0.9826    -1.6622
    -0.3162    -1.6634    -0.9113    -1.7937
    -0.6719    -1.6452    -0.7864    -1.8125
    -1.0188    -1.5175    -0.5902    -1.7374
    -1.2590    -1.4080    -0.3850    -1.6434
    -1.4459    -1.1525    -0.1620    -1.4650
    -1.5437    -0.8878     0.2039    -1.2395
    -1.5882    -0.5134     0.4805    -0.9765
    -1.6060    -0.2028     0.8197    -0.6194
    -1.5793     0.0988     1.0786    -0.2246
    -1.5170     0.4645     1.3911     0.2080
    -1.3391     0.8305     1.6768     0.6406
    -1.0633     1.1417     1.8912     1.1016
    -0.8676     1.5171     2.0519     1.6099
    -0.5474     1.7827     2.0564     1.9677
    -0.1828     1.9110     2.0609     2.2031
     0.1818     2.0668     1.7661     2.3538
     0.5907     2.0027     1.4089     2.3632
     0.9462     1.9477     0.9625     2.2596
     1.2484     1.8011     0.5519     2.1372
     1.5950     1.5446     0.2396     1.8547
     1.8793     1.1233    -0.0995     1.4781
     2.0481     0.7664    -0.3404     1.1016
     2.0614     0.3914    -0.5634     0.6218
     2.0747    -0.0383    -0.7507     0.2550
     1.8971    -0.3307    -0.9469    -0.1776
     1.6749    -0.5774    -1.0540    -0.5536
     1.2662    -0.9061    -1.1075    -0.9483
     0.8929    -1.2620    -1.1342    -1.1926
     0.4218    -1.4810    -1.1610    -1.4180
    -0.0139    -1.5722    -1.0985    -1.5683
    -0.2628    -1.6087    -0.9826    -1.7467
    -0.6363    -1.5996    -0.8310    -1.7561
    -0.9743    -1.4627    -0.6705    -1.7092
    -1.2946    -1.3715    -0.4831    -1.6341
    -1.4814    -1.1343    -0.1887    -1.4650
    -1.5793    -0.9700     0.0968    -1.2583
    -1.6149    -0.6048     0.4627    -0.9859
    -1.5971    -0.3307     0.7661    -0.6382
          3          3          3          3
