    4   2048 0.020000  2016   1  19  12  46
         16         10         11         42
     0.0658    -1.6457     2.7254    -0.6729
    -0.5922    -1.4451     2.2698    -0.2687
    -1.1082    -1.0162     1.5553     0.1732
    -1.4640    -0.5506     0.9303     0.7376
    -1.7221    -0.0756     0.3501     1.2833
    -1.8556     0.4638    -0.2299     1.8575
    -1.9801     0.9487    -0.7027     2.4602
    -2.0157     1.5895    -1.1130     3.0067
    -2.1047     2.1209    -1.4161     3.3459
    -2.1047     2.7169    -1.6836     3.4213
    -1.9534     2.8913    -1.8975     3.2234
    -1.7577     2.8729    -2.0758     2.9030
    -1.4818     2.9004    -2.1115     2.4979
    -1.0281     2.8637    -2.0491     1.9705
    -0.5656     2.8362    -1.9065     1.3586
     0.0303     2.1668    -1.6034     0.7940
     0.6615     1.6170    -1.2467     0.1262
     1.3725     1.0951    -0.7830    -0.3533
     2.0744     0.4912    -0.3459    -0.8796
     2.8028    -0.1304     0.1627    -1.3024
     3.4421    -0.6237     0.6803    -1.5748
     3.6730    -0.9797     1.2606    -1.7814
     3.6996    -1.2991     1.9125    -2.0255
     3.7173    -1.5819     2.5199    -2.2602
     3.6907    -1.8098     2.7791    -2.2790
     3.2646    -1.9192     2.8416    -2.2978
     2.6163    -1.9284     2.9846    -2.1945
     2.0034    -1.8919     2.9846    -2.1100
     1.2037    -1.7916     2.9757    -1.9222
     0.5281    -1.6640     2.6450    -1.5842
    -0.0942    -1.4816     2.1179    -1.1427
    -0.7523    -1.1531     1.5731    -0.6729
    -1.2327    -0.7880     1.0552     0.0322
    -1.6509    -0.4410     0.5375     0.6811
    -1.9178     0.0341     0.0824     1.3116
    -2.0157     0.6925    -0.3281     2.1024
    -2.0513     1.1317    -0.7116     2.9030
    -2.1225     1.5804    -0.9970     3.5439
    -2.1314     2.0384    -1.1754     3.8738
    -2.1047     2.6069    -1.3983     3.8550
    -1.9623     2.7995    -1.6925     3.5627
    -1.8022     2.8133    -1.8441     2.9972
    -1.4195     2.8270    -1.9154     2.3849
    -1.0103     2.7445    -1.9599     1.7351
    -0.5389     2.5152    -1.8084     1.0857
     0.0036     2.0659    -1.6034     0.4460
     0.7415     1.6536    -1.3805    -0.0336
     1.4436     1.2141    -1.1754    -0.6165
     2.0833     0.7474    -0.9435    -1.0957
     2.6873     0.1986    -0.6581    -1.3963
     3.3445    -0.2857    -0.3637    -1.5372
     3.6907    -0.7150     0.0021    -1.7438
     3.7440    -1.0345     0.2608    -1.9316
     3.6907    -1.3721     0.6000    -2.1288
     3.5220    -1.6366     0.9927    -2.2321
     2.9893    -1.8737     1.2517    -2.1945
     2.3854    -2.0286     1.6624    -2.1288
     1.7901    -2.1653     1.9750    -2.0725
     0.9993    -2.1471     2.2430    -1.8753
     0.3326    -2.0195     2.4753    -1.7157
    -0.2454    -1.7734     2.4574    -1.3775
    -0.8591    -1.4998     2.4395    -0.9266
    -1.4284    -1.0893     2.2787    -0.3909
    -1.7755    -0.6419     2.0197     0.1544
    -2.0335    -0.1487     1.7428     0.6905
    -2.2115     0.3815     1.4749     1.3022
    -2.2560     0.9303     1.1713     1.9988
    -2.3451     1.4430     0.7428     2.6957
    -2.3362     1.8735     0.3233     3.2234
    -2.2382     2.2768     0.0913     3.5250
    -2.1136     2.6344    -0.1585     3.6004
    -1.9178     2.7903    -0.3548     3.3365
    -1.6242     2.7812    -0.5511     2.8747
    -1.1615     2.6069    -0.7027     2.2248
    -0.6990     2.4051    -0.8097     1.5186
    -0.1743     1.9651    -0.8900     0.7846
     0.5370     1.4521    -1.0416     0.1168
     1.2392     0.8022    -1.0951    -0.5695
     1.7546     0.2992    -1.1130    -1.1239
     2.3587    -0.2583    -0.9792    -1.5842
     2.9271    -0.6967    -0.7116    -2.0443
     3.3622    -1.2079    -0.4708    -2.2509
     3.6019    -1.4907    -0.2656    -2.3635
     3.6108    -1.7096    -0.0069    -2.5043
     3.3711    -1.9922     0.3233    -2.6263
     2.8827    -2.1380     0.5911    -2.6732
     2.3143    -2.3202     0.8499    -2.5606
     1.6569    -2.3202     1.0017    -2.3917
     0.8659    -2.3202     1.1713    -2.1194
     0.2437    -2.1471     1.3677    -1.7720
    -0.3699    -1.9375     1.5017    -1.3775
    -1.0192    -1.5728     1.6356    -0.9266
    -1.5085    -1.1440     1.6803    -0.3345
    -1.8911    -0.7150     1.7249     0.3143
    -2.0958    -0.2309     1.7428     0.9728
    -2.3183     0.3449     1.6803     1.6222
    -2.4341     1.0127     1.5553     2.3472
    -2.5320     1.5804     1.4749     3.0161
    -2.5142     2.0934     1.2963     3.4873
    -2.5053     2.5060     1.1534     3.5816
    -2.4252     2.7903     0.9035     3.3648
    -2.2560     2.8913     0.7071     2.9313
    -1.8556     2.8637     0.4036     2.4508
    -1.3573     2.7812     0.0913     1.8670
    -0.8413     2.4510    -0.1764     1.3586
    -0.3432     1.9743    -0.4351     0.7658
     0.2703     1.5071    -0.6492     0.2485
     1.1148     0.9212    -0.7741    -0.1841
     1.7102     0.4272    -0.8900    -0.6823
     2.3321    -0.1030    -0.8900    -1.0675
     2.9005    -0.4958    -0.8900    -1.2366
     3.4066    -0.9250    -0.7205    -1.3775
     3.6286    -1.2626    -0.5600    -1.6781
     3.6730    -1.4177    -0.3370    -1.8565
     3.4865    -1.6092    -0.1139    -2.0349
     3.0426    -1.7916     0.2251    -2.0913
     2.4831    -1.8372     0.5018    -2.0349
     1.7102    -1.9557     0.7785    -1.8377
     0.9370    -1.9648     1.1177    -1.6687
     0.3059    -1.8645     1.3588    -1.3775
    -0.3165    -1.5910     1.7785    -1.0487
    -0.9569    -1.3721     2.1894    -0.6541
    -1.4818    -1.0893     2.4485    -0.2499
    -1.7399    -0.7424     2.4663     0.2767
    -1.9445    -0.4228     2.3145     0.7564
    -2.0157     0.0341     2.1269     1.2457
    -2.1314     0.5644     1.7874     1.6504
    -2.2738     1.1500     1.4838     2.1400
    -2.3362     1.7269     1.0285     2.4320
    -2.3094     2.3960     0.5911     2.6863
    -2.2204     2.8546     0.1627     2.9030
    -1.9267     2.9280    -0.2924     2.8653
    -1.5441     3.1207    -0.6403     2.7994
    -1.0815     3.1298    -0.9614     2.5262
    -0.6545     2.9922    -1.2111     2.1777
    -0.1209     2.3776    -1.3805     1.7163
     0.3948     1.7910    -1.4875     1.1798
     1.1059     1.2507    -1.5499     0.7282
     1.7901     0.7016    -1.3716     0.2485
     2.4475     0.0981    -1.2289    -0.1371
     3.0070    -0.3771    -0.9970    -0.5601
     3.4510    -0.7515    -0.6759    -0.9924
     3.6907    -1.1166    -0.1139    -1.4245
     3.6996    -1.3812     0.3322    -1.7626
     3.6641    -1.6001     0.9035    -2.1100
     3.3711    -1.7096     1.5820    -2.3072
     2.8472    -1.8463     2.2877    -2.3729
     2.1810    -1.9101     2.8863    -2.3917
     1.3814    -1.9375     3.0025    -2.2321
     0.6526    -1.8554     3.0025    -1.9974
     0.0303    -1.7004     2.9399    -1.7157
    -0.6278    -1.4086     2.7433    -1.3024
    -1.1704    -1.1166     2.2162    -0.7950
    -1.4640    -0.7698     1.6892    -0.1935
    -1.7132    -0.3314     1.1624     0.4742
    -1.8289     0.1072     0.5911     1.2645
    -1.9801     0.6010     0.1270     2.0741
    -2.0958     1.1225    -0.3905     3.0067
    -2.0914     1.6353    -0.7562     3.7230
    -2.0869     2.2493    -1.0951     4.0907
    -1.9979     2.8362    -1.3359     4.0530
    -1.7933     3.0197    -1.6836     3.6570
    -1.4996     3.1115    -1.8530     2.7428
    -1.0459     3.0840    -2.0491     1.9799
    -0.5567     3.0381    -2.1115     1.2833
     0.0036     2.6894    -2.1115     0.6153
     0.5993     2.0568    -1.9778     0.0040
     1.4081     1.4796    -1.7727    -0.4849
     1.9856     0.8388    -1.4875    -1.0299
     2.6696     0.2626    -1.0327    -1.4433
     3.2912    -0.3223    -0.5689    -1.7438
     3.6907    -0.7972     0.0199    -1.8565
     3.7617    -1.1896     0.5643    -1.8753
     3.7351    -1.4451     1.1981    -1.8941
     3.7440    -1.6822     1.6981    -1.8377
     3.3711    -1.8098     2.1894    -1.8659
     2.7140    -1.8828     2.6003    -1.8283
     1.9590    -1.9010     2.8505    -1.6217
     1.1503    -1.8737     2.9399    -1.3494
     0.5281    -1.8098     2.9220    -0.9736
    -0.1209    -1.6548     2.7344    -0.6259
    -0.7612    -1.4633     2.4842    -0.2969
    -1.1704    -1.1075     2.1001     0.1262
    -1.5441    -0.6419     1.6803     0.5965
    -1.7844    -0.1395     1.1177     1.0198
    -1.9178     0.5095     0.6000     1.4904
    -1.9890     1.2415     0.1894     1.8764
    -1.9979     2.0568    -0.2924     2.2719
    -2.0068     2.9371    -0.6492     2.7334
    -1.9890     3.1482    -0.9346     3.0632
    -1.8111     3.3869    -1.2111     3.1574
    -1.6242     3.4420    -1.4340     2.8559
    -1.2861     3.3961    -1.6747     2.5733
    -0.8769     3.0840    -1.8619     2.1965
    -0.3877     2.3684    -1.9778     1.7351
     0.1014     1.8094    -1.9599     1.1986
     0.8037     1.2324    -1.8619     0.6811
     1.5769     0.7108    -1.7193     0.1920
     2.1100     0.0707    -1.5499    -0.2311
     2.7850    -0.4502    -1.3359    -0.6071
     3.4066    -0.8337    -1.1397    -0.9360
     3.7173    -1.1166    -0.8811    -1.3681
     3.7617    -1.3082    -0.5778    -1.7250
     3.7617    -1.5180    -0.2032    -2.1006
     3.6375    -1.7460     0.2162    -2.4386
     3.1580    -1.8554     0.6357    -2.6638
     2.4209    -1.9375     1.0642    -2.7108
     1.6036    -1.9557     1.5017    -2.7389
     0.8482    -1.8098     1.8768    -2.5512
     0.1903    -1.7916     2.1715    -2.2790
    -0.3877    -1.6640     2.4038    -1.9035
    -1.0103    -1.4268     2.5110    -1.4621
    -1.4195    -1.0619     2.5289    -0.9924
    -1.6954    -0.7241     2.4842    -0.2593
    -1.9979    -0.4228     2.3145     0.4930
    -2.1581    -0.0025     2.0911     1.2833
    -2.1759     0.4638     1.7874     2.0741
    -2.1848     0.8480     1.4213     2.8371
    -2.1937     1.3331     0.8499     3.5250
    -2.1670     1.7361     0.1805     3.8833
    -1.9801     2.2768    -0.3637     3.7795
    -1.8022     2.6252    -0.7830     3.2799
    -1.4551     2.9463    -1.1575     2.6957
    -0.9747     2.8546    -1.4429     2.0741
    -0.4410     2.6619    -1.7371     1.4245
     0.1014     2.2493    -1.9689     0.7846
     0.8482     1.8002    -1.9778     0.1168
     1.6213     1.2324    -1.8619    -0.4285
     2.2255     0.7199    -1.7727    -0.9642
     2.8294     0.1438    -1.6034    -1.4245
     3.4066    -0.4136    -1.4161    -1.7908
     3.6641    -0.8976    -1.0149    -1.8847
     3.7262    -1.2991    -0.5332    -2.0537
     3.7173    -1.6001     0.0378    -2.2039
     3.3711    -1.8828     0.6982    -2.3166
     2.6607    -2.1289     1.1713    -2.3447
     2.0034    -2.2291     1.6088    -2.2790
     1.1415    -2.3476     2.0018    -2.1382
     0.4392    -2.3840     2.3502    -1.9974
    -0.1387    -2.2929     2.6718    -1.7250
    -0.7523    -2.1653     2.8952    -1.3869
    -1.3573    -1.8828     2.8863    -0.9830
    -1.7399    -1.5363     2.8863    -0.5601
    -2.0513    -1.0984     2.7076    -0.0430
    -2.2649    -0.6145     2.4931     0.4366
    -2.3540    -0.0756     2.1001     1.0010
    -2.4252     0.5553     1.5910     1.5469
    -2.4430     1.3606     0.9303     2.0459
    -2.4163     2.0934     0.4126     2.5168
    -2.2649     2.8179    -0.0961     2.8747
    -2.1581     3.2675    -0.5778     2.9077
    -1.8822     3.2584    -0.9435     2.9407
    -1.4551     3.0931    -1.1486     2.7334
    -1.0192     2.7169    -1.4250     2.3755
    -0.5300     2.2126    -1.6479     1.9705
     0.0303     1.7727    -1.7638     1.4339
     0.7504     1.2415    -1.7906     0.8411
     1.3814     0.8114    -1.7014     0.3801
     1.9590     0.3449    -1.5142    -0.0712
     2.5985    -0.1761    -1.3181    -0.4849
     3.1491    -0.5963    -1.1040    -0.7668
     3.5132    -0.8702    -0.7205    -1.0769
     3.6818    -1.1988    -0.3548    -1.3306
     3.6108    -1.3721     0.1091    -1.6030
     3.3001    -1.4633     0.6268    -1.8377
     2.8383    -1.5910     1.2159    -1.9974
     2.1899    -1.6548     1.5910    -2.1288
     1.4170    -1.6275     1.9393    -2.1476
     0.7148    -1.6366     2.2609    -2.1194
     0.1192    -1.5636     2.3949    -2.1664
    -0.5211    -1.3174     2.5557    -2.0443
    -1.0815    -1.0801     2.6986    -1.7344
    -1.4729    -0.8611     2.6272    -1.4057
    -1.7221    -0.6237     2.5110    -0.9454
    -1.9267    -0.3679     2.3413    -0.2405
    -2.1759    -0.0116     2.0822     0.5024
    -2.2916     0.3541     1.7339     1.3398
    -2.3540     0.6833     1.2338     2.2907
    -2.3629     0.9761     0.6625     3.4967
    -2.3362     1.3697     0.1805     4.0907
    -2.1759     1.7544    -0.3013     4.1944
    -1.8911     2.0476    -0.6670     4.1661
    -1.4729     2.3868    -0.9078     3.5344
    -1.0548     2.6894    -1.1040     2.8842
    -0.5833     2.7903    -1.3983     2.1965
    -0.1476     2.7812    -1.5231     1.5469
     0.6170     2.7078    -1.6301     0.8317
     1.2214     2.4693    -1.6301     0.1920
     1.9234     2.1484    -1.5320    -0.3157
     2.5541     1.6353    -1.4518    -0.8420
     3.1669     0.8754    -1.3091    -1.2742
     3.5753     0.1346    -1.1130    -1.4809
     3.7173    -0.6054    -0.9168    -1.7157
     3.7262    -1.2170    -0.6759    -1.9129
     3.5664    -1.6366    -0.2834    -2.0349
     3.1314    -2.1380     0.1894    -2.1006
     2.4919    -2.4387     0.7606    -2.0819
     1.7990    -2.5480     1.3588    -1.9316
     1.0704    -2.5115     1.8589    -1.7720
     0.4748    -2.4295     2.2609    -1.5560
    -0.1743    -2.2109     2.7612    -1.3400
    -0.6901    -1.9830     2.9131    -1.0017
    -1.1971    -1.5363     2.9667    -0.5789
    -1.4907    -0.9706     2.9488    -0.0900
    -1.7666    -0.3497     2.8952     0.3895
    -1.9534     0.1986     2.5021     0.8411
    -2.0602     1.1775     1.9036     1.4245
    -2.1492     1.8277     1.1177     1.9894
    -2.1537     2.4693     0.3947     2.4226
    -2.1581     3.1207    -0.1764     2.7711
    -2.0691     3.3869    -0.7295     2.9784
    -1.8111     3.3685    -1.0684     2.9219
    -1.4551     3.3777    -1.3537     2.6957
    -1.1171     2.9371    -1.5320     2.4414
    -0.6812     2.3776    -1.6569     2.0082
    -0.2187     1.8185    -1.7906     1.5751
     0.3237     1.3239    -1.8084     1.0669
     0.9637     0.7565    -1.6925     0.6059
     1.6213     0.2809    -1.5499     0.2297
     2.3143    -0.1944    -1.3002    -0.2217
     2.9005    -0.6145    -1.1130    -0.6635
     3.4066    -0.8793    -0.8008    -0.9548
     3.6641    -0.9797    -0.4440    -1.2648
     3.7173    -1.1075    -0.1050    -1.5748
     3.5842    -1.2900     0.3322    -1.8190
     3.1846    -1.3812     0.8856    -1.9692
     2.5186    -1.4724     1.3320    -2.0725
     1.7457    -1.4724     1.7160    -2.1006
     0.9993    -1.4724     2.0286    -2.1382
     0.2792    -1.3539     2.4038    -2.0725
    -0.2988    -1.2261     2.6003    -1.8659
    -0.8769    -1.0345     2.8059    -1.6499
    -1.2772    -0.7606     2.8148    -1.3024
    -1.5886    -0.5415     2.8237    -0.8608
    -1.8467    -0.2766     2.5199    -0.3721
    -2.0602     0.0341     1.8768     0.2485
    -2.2204     0.3815     1.3142     1.0763
    -2.2738     0.7199     0.6089     1.9423
    -2.3005     1.0768    -0.0247     2.9595
    -2.2560     1.4338    -0.5422     4.0718
    -2.0869     1.7178    -1.0684     4.1473
    -1.7933     1.9010    -1.4340     3.9964
    -1.4106     2.0659    -1.6479     3.2894
    -0.9569     2.2309    -1.8619     2.6015
    -0.4233     2.1943    -1.9956     1.9329
     0.0658     2.0659    -2.0847     1.1986
     0.7770     1.9285    -2.1828     0.5683
     1.5147     1.6445    -2.1293     0.0228
     2.1366     1.4155    -2.0134    -0.4191
     2.8827     1.1225    -1.7549    -0.8984
     3.3889     0.7839    -1.4696    -1.3024
     3.6730     0.4089    -1.2111    -1.4903
     3.6996    -0.0390    -0.7919    -1.7814
     3.6818    -0.4958    -0.3637    -2.0349
     3.5043    -0.9341     0.4304    -2.2415
     2.7673    -1.4360     0.9570    -2.3447
     2.0123    -1.9284     1.4213    -2.3729
     1.1948    -2.3111     1.9482    -2.2696
     0.4570    -2.5480     2.4038    -2.1100
    -0.1831    -2.5252     2.6986    -1.9880
    -0.7701    -2.5024     2.8684    -1.7814
    -1.3039    -2.2656     2.9220    -1.4715
    -1.6509    -1.9284     2.8774    -1.1051
    -1.8911    -1.5180     2.8237    -0.6071
    -2.1225    -1.0071     2.5378     0.0604
    -2.2738    -0.4228     2.1090     0.6717
    -2.3629     0.4089     1.5553     1.3116
    -2.4252     1.0951     0.8856     1.9705
    -2.4163     1.8460     0.3501     2.5639
    -2.2293     2.8179    -0.1318     3.0349
    -2.0691     3.3043    -0.5600     3.3271
    -1.7310     3.4328    -0.9346     3.3365
    -1.3573     3.3685    -1.1932     3.0726
    -0.8413     3.2492    -1.3626     2.7711
    -0.2810     2.6527    -1.5142     2.4508
     0.2970     2.0568    -1.5944     1.9611
     1.1859     1.4979    -1.5588     1.3963
     1.8257     0.9761    -1.4875     0.7940
     2.5541     0.4638    -1.3537     0.2861
     3.2202    -0.1030    -1.2200    -0.2029
     3.6375    -0.5963    -0.9346    -0.8138
     3.7351    -0.9797    -0.6938    -1.3306
     3.6818    -1.3721    -0.4262    -1.7344
     3.5132    -1.6275    -0.1585    -2.0537
     2.8827    -1.8190     0.1716    -2.3541
     2.1810    -2.0013     0.5018    -2.5324
     1.4436    -2.0833     0.8588    -2.6638
     0.7326    -2.0833     1.2606    -2.5888
     0.1725    -2.0833     1.6356    -2.4761
    -0.4144    -2.0377     1.9214    -2.2790
    -1.0014    -1.8645     2.2162    -2.0725
    -1.5441    -1.6731     2.3949    -1.7532
    -1.8289    -1.3812     2.5289    -1.3306
    -2.1047    -1.0893     2.5646    -0.7856
    -2.2026    -0.6967     2.5199    -0.1841
    -2.3451    -0.3862     2.2966     0.4272
    -2.3451     0.0798     2.0286     1.0763
    -2.3807     0.5095     1.6535     1.7634
    -2.3005     1.0859     1.1713     2.3284
    -2.1314     1.6262     0.6357     2.7899
    -1.7666     2.2034     0.0378     3.1009
    -1.3751     2.5794    -0.4886     3.2140
    -1.0370     2.7720    -0.8989     3.0067
    -0.5744     2.8362    -1.3002     2.6581
    -0.0053     2.5977    -1.5944     2.2624
     0.7148     2.3134    -1.9065     1.7446
     1.4703     1.9193    -2.1382     1.1892
     2.1544     1.3789    -2.1293     0.6435
     2.8561     0.8297    -2.1204     0.1732
     3.4244     0.2626    -1.9332    -0.2593
     3.6552    -0.2126    -1.7103    -0.5789
     3.7440    -0.7059    -1.3537    -0.9548
     3.7173    -1.0801    -0.8722    -1.2648
     3.6907    -1.4086    -0.1853    -1.5278
     3.2823    -1.5454     0.5107    -1.7250
     2.5808    -1.7551     1.1981    -1.9316
     1.8701    -1.8098     1.7428    -2.0443
     1.2126    -1.8190     2.2519    -2.1006
     0.6082    -1.7734     2.7969    -2.1006
    -0.0320    -1.6822     2.9578    -2.0161
    -0.5922    -1.6092     3.3600    -1.8190
    -1.0993    -1.4268     3.6728    -1.6311
    -1.5174    -1.1349     3.6818    -1.2272
    -1.8022    -0.9067     3.4404    -0.7386
    -1.9890    -0.6693     2.6629    -0.1747
    -2.1225    -0.2675     1.8678     0.3989
    -2.1581     0.0889     1.0820     1.0104
    -2.1759     0.4729     0.4661     1.4998
    -2.1937     1.0493    -0.1050     2.0647
    -2.0602     1.5254    -0.5957     2.5262
    -1.8556     1.9376    -1.1040     2.8747
    -1.6242     2.3409    -1.4518     3.2140
    -1.2594     2.6711    -1.6390     3.2234
    -0.7968     2.9188    -1.8351     2.9690
    -0.3432     2.8087    -1.9065     2.6769
     0.2970     2.5702    -1.9778     2.2059
     0.9459     2.1759    -1.9599     1.7257
     1.5591     1.6994    -1.8351     1.2551
     2.2343     1.2599    -1.7460     0.6905
     2.9271     0.6559    -1.5588     0.2391
     3.4244     0.1255    -1.3002    -0.2593
     3.6463    -0.3497    -1.0059    -0.8608
     3.6508    -0.8337    -0.6849    -1.4527
     3.6552    -1.1531    -0.3548    -1.8377
     3.2912    -1.3630     0.0556    -2.1194
     2.6163    -1.5363     0.6178    -2.3823
     1.9412    -1.7551     1.0552    -2.4667
     1.2303    -2.0286     1.5999    -2.4667
     0.6437    -2.0833     1.9571    -2.3353
     0.0392    -2.1471     2.2877    -2.1100
    -0.5744    -1.9830     2.5378    -1.8190
    -1.1259    -1.7369     2.7791    -1.3869
    -1.5441    -1.4177     2.8059    -0.9924
    -1.8022    -1.0710     2.6808    -0.4285
    -2.0335    -0.6785     2.4485     0.0980
    -2.1937    -0.1487     2.1447     0.6717
    -2.3094     0.5370     1.7339     1.3492
    -2.4252     1.1317     1.2963     2.0459
    -2.4430     1.7544     0.8588     2.6581
    -2.4341     2.2676     0.3769     3.2705
    -2.2916     2.8270     0.0288     3.5627
    -1.9979     3.1482    -0.2834     3.4496
    -1.6420     3.1390    -0.4975     3.1292
    -1.2149     3.1298    -0.7830     2.6392
    -0.7434     2.8637    -1.0951     2.0082
    -0.2454     2.4235    -1.2913     1.4245
     0.3948     1.9926    -1.4607     0.8034
     0.9993     1.4521    -1.5944     0.2391
     1.5502     0.9303    -1.7103    -0.2593
     2.2788     0.4638    -1.7906    -0.6916
     2.8472    -0.0756    -1.8173    -1.1145
     3.3267    -0.5780    -1.6390    -1.3400
     3.5043    -0.9523    -1.4161    -1.4057
     3.4599    -1.2717    -1.1932    -1.6124
     3.2024    -1.6092    -0.8276    -1.8847
     2.6785    -1.8098    -0.3548    -2.1100
     2.0300    -1.9557     0.1984    -2.1476
     1.4081    -2.0651     0.7160    -2.1100
     0.8304    -2.1289     1.3409    -1.9035
     0.2614    -2.1106     1.9482    -1.7814
    -0.2988    -1.9284     2.4395    -1.6217
    -0.7968    -1.7004     3.0561    -1.3775
    -1.1882    -1.3721     3.2974    -1.0205
    -1.4818    -1.0162     3.3242    -0.5883
    -1.7310    -0.5689     3.2527    -0.1559
    -1.8911    -0.0847     2.8774     0.3049
    -2.0602     0.4912     2.3591     0.7752
    -2.1670     1.0402     1.7071     1.2927
    -2.2293     1.6262     0.8945     1.8105
    -2.2115     2.0843     0.2608     2.3284
    -2.0068     2.5152    -0.2745     2.6204
    -1.6954     2.9555    -0.7651     2.8371
    -1.3484     3.1207    -1.1665     2.8182
    -0.9036     3.1298    -1.4161     2.5262
    -0.4677     2.8270    -1.4785     2.1871
    -0.0409     2.3776    -1.6123     1.6504
     0.5370     1.8735    -1.7193     1.1704
     1.1326     1.3239    -1.7460     0.6905
     1.6924     0.7565    -1.7727     0.2673
     2.4031     0.1895    -1.6747    -0.1371
     2.9715    -0.3405    -1.5499    -0.4849
     3.5220    -0.7698    -1.3270    -0.8796
     3.6552    -1.0893    -0.9435    -1.3306
     3.6641    -1.2809    -0.6314    -1.6687
     3.5575    -1.4451    -0.2388    -1.9880
     2.7495    -1.5910     0.3144    -2.1945
     1.9945    -1.7004     0.7696    -2.3729
     1.2392    -1.7916     1.3856    -2.3823
     0.5904    -1.9284     1.8321    -2.3353
    -0.0320    -1.9375     2.2519    -2.2415
    -0.6990    -1.9101     2.6629    -2.0537
    -1.2683    -1.8190     2.9667    -1.7720
    -1.5886    -1.5636     3.1633    -1.4715
    -1.8378    -1.3174     3.2706    -1.0393
    -2.0869    -0.9523     3.2170    -0.5601
    -2.2204    -0.6419     2.7522    -0.0336
    -2.2293    -0.2218     2.1358     0.4366
    -2.2827     0.3358     1.5642     1.0481
    -2.2382     0.8480     1.0017     1.6504
    -2.1759     1.3880     0.4750     2.2154
    -1.9801     1.9926    -0.0872     2.6486
    -1.6242     2.5243    -0.7027     2.9030
    -1.1348     2.9096    -1.0327     2.9595
    -0.6456     3.0931    -1.3894     2.6957
    -0.1743     3.0381    -1.5855     2.2342
     0.3237     2.6527    -1.7638     1.7540
     1.0615     2.2401    -2.0045     1.2551
     1.6036     1.6994    -2.0847     0.7282
     2.2166     1.0859    -2.1382     0.2673
     3.0337     0.4912    -1.9599    -0.0900
     3.5487    -0.0938    -1.7549    -0.5507
     3.6818    -0.5598    -1.4607    -0.9266
     3.8150    -0.9158    -1.1397    -1.3212
     3.7440    -1.2991    -0.6492    -1.6499
     3.2202    -1.4633    -0.0782    -1.8565
     2.4031    -1.6366     0.5643    -2.0255
     1.6924    -1.8190     1.3142    -2.1382
     1.0170    -1.9192     1.9929    -2.1382
     0.3770    -2.0469     2.6808    -2.1570
    -0.2543    -2.0742     3.2795    -2.0537
    -0.9036    -2.0286     3.4851    -1.9129
    -1.3928    -1.8828     3.5566    -1.6687
    -1.7221    -1.6092     3.5745    -1.3587
    -2.0246    -1.2444     3.5119    -0.9360
    -2.2382    -0.7333     3.0918    -0.3815
    -2.3718    -0.2218     2.4574     0.1450
    -2.4608     0.3083     1.8410     0.7752
    -2.4430     0.9487     1.1802     1.5280
    -2.2827     1.6628     0.5821     2.1777
    -2.1670     2.2034     0.1002     2.8559
    -1.9801     2.7078    -0.3102     3.4025
    -1.6242     3.1390    -0.6938     3.6287
    -1.2416     3.3226    -0.9970     3.4967
    -0.7079     3.3502    -1.1486     2.8936
    -0.1920     3.1390    -1.3716     2.2813
     0.4659     2.7445    -1.4429     1.5751
     1.0970     2.2584    -1.5677     0.9634
     1.7280     1.6262    -1.5543     0.3707
     2.3942     1.0036    -1.5410    -0.1088
     3.1846     0.4455    -1.4250    -0.5601
     3.6463    -0.1761    -1.2467    -0.9548
     3.7795    -0.6693    -1.0505    -1.1897
     3.7795    -1.1531    -0.7384    -1.3494
     3.6996    -1.5089    -0.4440    -1.6405
     3.1402    -1.7369    -0.0515    -1.9035
     2.4298    -1.8919     0.2698    -2.0631
     1.8257    -1.9922     0.6982    -2.1006
     1.0792    -2.1380     1.2159    -2.0443
     0.5548    -2.0833     1.6446    -1.8565
    -0.0853    -2.1015     1.9839    -1.6687
    -0.6189    -1.8737     2.2966    -1.4527
    -1.2060    -1.6184     2.5557    -1.2460
    -1.6420    -1.2809     2.5378    -0.9642
    -1.9890    -0.9250     2.5199    -0.6729
    -2.2115    -0.4958     2.2877    -0.3063
    -2.3362    -0.0482     2.1001     0.1920
    -2.3005     0.5278     1.8232     0.6247
    -2.3362     1.1042     1.4302     1.1328
    -2.3629     1.6628     0.9392     1.6128
    -2.2293     2.2584     0.4929     2.0270
    -2.0424     2.7445    -0.0158     2.3849
    -1.7488     3.0931    -0.4262     2.6769
    -1.3662     3.1115    -0.7295     2.6675
    -0.8769     3.1298    -1.0327     2.5262
    -0.3610     2.9004    -1.2824     2.2248
     0.3237     2.4510    -1.5231     1.7822
     0.9370     1.7910    -1.6479     1.3210
     1.5325     1.2690    -1.6925     0.8881
     2.1455     0.6833    -1.7103     0.3707
     2.8294     0.0524    -1.6034    -0.0054
     3.3800    -0.4684    -1.5855    -0.3721
     3.6375    -0.9341    -1.4072    -0.7762
     3.6419    -1.2353    -1.1932    -1.2084
     3.6463    -1.5272    -0.8811    -1.5654
     3.4333    -1.6275    -0.4975    -1.9129
     2.8294    -1.8281    -0.0782    -2.1757
     2.2521    -1.8554     0.3858    -2.3447
     1.6302    -1.9284     0.9213    -2.3917
     0.9904    -2.0469     1.4392    -2.3259
     0.3148    -2.0469     1.8857    -2.2227
    -0.3254    -1.8919     2.3770    -2.1194
    -0.9747    -1.6731     2.8148    -2.0068
    -1.4551    -1.4177     3.0918    -1.7157
    -1.7933    -1.1258     3.1365    -1.3869
    -1.9534    -0.7515     2.9935    -0.8984
    -2.0958    -0.3954     2.6897    -0.2123
    -2.2560     0.0524     2.3413     0.3425
    -2.3718     0.5278     1.8500     0.9822
    -2.3807     0.9578     1.1356     1.6316
    -2.4519     1.3697     0.5196     2.2624
    -2.2827     1.7361    -0.0336     2.8842
    -2.0513     2.1393    -0.5600     3.2234
    -1.5975     2.3684    -0.9614     3.1197
    -1.1348     2.5335    -1.2913     2.7711
    -0.6278     2.5152    -1.5677     2.2813
    -0.1920     2.3501    -1.8084     1.7728
     0.3681     2.0843    -2.0312     1.2833
     0.9726     1.8460    -2.1204     0.7846
     1.4703     1.4155    -2.1293     0.3237
     2.1011     1.0036    -2.0758     0.0322
     2.8472     0.4821    -1.9689    -0.3439
     3.3977     0.0615    -1.7727    -0.7856
     3.6463    -0.4776    -1.4964    -1.1239
     3.6463    -0.8793    -1.1397    -1.3775
     3.6463    -1.1896    -0.7116    -1.5936
     3.1935    -1.4360    -0.1675    -1.7720
     2.4653    -1.7278     0.3858    -1.8471
     1.7901    -2.0286     1.1177    -1.8753
     1.0970    -2.2473     1.5910    -1.9410
     0.4037    -2.2246     2.0733    -1.9316
    -0.2632    -2.2018     2.4663    -1.8002
    -0.9925    -2.0286     2.8684    -1.6781
    -1.4640    -1.7096     3.1365    -1.4339
    -1.7933    -1.3903     3.1723    -1.1239
    -2.0068    -0.9980     2.8684    -0.8420
    -2.1670    -0.5780     2.5735    -0.4191
    -2.2382    -0.1030     2.0465     0.0322
    -2.3094     0.3815     1.4481     0.5118
    -2.3451     0.9761     0.9927     1.0951
    -2.3005     1.5437     0.4393     1.5939
    -2.1581     2.0384     0.0467     2.0082
    -1.8734     2.6069    -0.3905     2.3943
    -1.5085     3.0014    -0.6581     2.5639
    -1.0993     3.2216    -0.8454     2.5544
    -0.6812     3.2400    -0.9792     2.3943
    -0.2276     2.9004    -1.0951     2.0647
     0.3681     2.2768    -1.2467     1.6787
     0.8926     1.6536    -1.2824     1.2833
     1.4792     0.9487    -1.2646     0.7940
     2.0211     0.3724    -1.2467     0.4460
     2.5896    -0.1213    -1.2021     0.0416
     3.1491    -0.5506    -1.0416    -0.3909
     3.4688    -0.9158    -0.8811    -0.7480
     3.4688    -1.1531    -0.6759    -1.1427
     3.4688    -1.2991    -0.3816    -1.4057
     3.0958    -1.3812    -0.0782    -1.7157
     2.4742    -1.5454     0.2430    -1.9598
     1.8612    -1.6731     0.5464    -2.1006
     1.2392    -1.7643     0.8856    -2.1757
     0.6348    -1.7825     1.1802    -2.1570
     0.0036    -1.6640     1.6088    -2.1006
    -0.6189    -1.4360     2.1179    -1.9035
    -1.1348    -1.1440     2.5199    -1.6875
    -1.4818    -0.7972     3.1365    -1.3775
    -1.7132    -0.4958     3.4851    -0.8984
    -1.9178    -0.1578     3.4494    -0.2781
    -2.1136     0.2352     3.1723     0.2767
    -2.1937     0.7291     2.6361     0.8787
    -2.2204     1.1958     1.8410     1.6316
    -2.2026     1.5437     0.9213     2.2719
    -2.1581     1.9376     0.1894     2.9595
    -2.0068     2.4143    -0.5243     3.2234
    -1.7577     2.6894    -0.9970     3.2045
    -1.3395     2.6848    -1.4429     2.9219
    -0.9391     2.6803    -1.8351     2.4226
    -0.4766     2.4418    -2.0580     1.8952
     0.0036     2.1209    -2.0847     1.3116
     0.6704     1.6536    -2.1560     0.7470
     1.3370     1.1317    -2.1382     0.2297
     1.9056     0.5278    -1.9599    -0.1747
     2.6962    -0.0025    -1.6479    -0.6071
     3.3889    -0.5141    -1.2913    -1.0675
     3.7173    -0.8976    -1.0238    -1.3024
     3.7706    -1.2900    -0.6135    -1.4433
     3.7529    -1.5180    -0.0069    -1.7438
     3.3977    -1.7187     0.7249    -1.9880
     2.6163    -1.8919     1.3320    -2.1006
     1.9056    -2.0013     1.7517    -2.1851
     1.1681    -2.0924     2.2162    -2.2133
     0.5104    -2.1015     2.5825    -2.0349
    -0.1120    -2.0013     2.8595    -1.8941
    -0.7079    -1.7643     2.9220    -1.6687
    -1.2950    -1.4086     2.8863    -1.4339
    -1.7221    -1.0527     2.7076    -1.0299
    -1.9089    -0.5506     2.4663    -0.5037
    -2.1581    -0.0207     2.1447     0.0604
    -2.2738     0.6193     1.7249     0.6153
    -2.4074     1.2232     1.1445     1.1892
    -2.4163     1.8185     0.6446     1.8105
    -2.4608     2.4510     0.1359     2.3660
    -2.4252     3.0381    -0.3459     3.0067
    -2.2204     3.2584    -0.7919     3.4025
    -1.9178     3.2675    -1.1040     3.3789
    -1.4373     3.2767    -1.3894     3.3553
    -0.9302     3.0289    -1.5231     2.7617
    -0.3610     2.4235    -1.7460     2.0741
     0.3148     1.7269    -1.8797     1.3680
     0.9904     1.0493    -1.9421     0.7188
     1.6036     0.3632    -1.9689     0.1168
     2.3409    -0.3131    -1.9421    -0.5131
     3.1935    -0.8154    -1.8173    -0.9736
     3.6019    -1.3082    -1.7014    -1.4903
     3.7529    -1.5819    -1.4250    -1.7908
     3.7085    -1.8372    -1.0951    -1.9410
     3.7173    -1.9284    -0.7027    -2.1664
     3.0781    -2.0104    -0.3013    -2.3823
     2.3409    -2.1015     0.1627    -2.3964
     1.7724    -2.1198     0.6178    -2.4104
     1.0704    -2.1653     1.2517    -2.2321
     0.4748    -2.1198     1.6713    -1.9504
    -0.1120    -1.8007     2.0375    -1.6311
    -0.7257    -1.3995     2.3055    -1.2460
    -1.2327    -0.9615     2.5557    -0.8326
    -1.5352    -0.4410     2.8327    -0.2123
    -1.7577     0.0707     3.0203     0.4084
    -1.9623     0.8754     3.0561     0.9728
    -2.0424     1.4888     2.8684     1.5939
    -2.1225     2.0568     2.5021     2.2624
    -2.1848     2.7536     2.1179     2.8559
    -2.1759     3.2308     1.4481     3.1480
    -2.1403     3.3961     0.6803     3.1527
    -2.0157     3.3869    -0.0604     3.1574
    -1.7577     3.3685    -0.6759     2.7899
    -1.3217     2.9738    -1.1665     2.4508
    -0.8591     2.3960    -1.5588     1.9234
    -0.3699     1.8002    -1.7906     1.4245
     0.1370     1.2232    -1.9778     0.8317
     0.6882     0.6193    -2.0045     0.2673
     1.2481     0.0524    -1.8975    -0.1653
     1.7635    -0.5598    -1.7014    -0.5977
     2.4120    -0.9797    -1.4429    -1.0017
     3.0337    -1.3812    -1.1486    -1.2178
     3.5842    -1.6913    -0.8543    -1.3212
     3.6996    -1.8828    -0.4173    -1.6124
     3.7173    -2.0469     0.0645    -1.8377
     3.4954    -2.1380     0.6268    -2.0913
     2.8472    -2.1927     1.0374    -2.2790
     2.2255    -2.1835     1.4302    -2.3917
     1.4880    -2.0924     1.6981    -2.3823
     0.8748    -2.0104     1.9929    -2.2884
     0.1192    -1.7187     2.2162    -2.1006
    -0.4855    -1.3903     2.4127    -1.8283
    -1.0637    -0.9889     2.5110    -1.4339
    -1.4818    -0.5689     2.5199    -1.0675
    -1.7221    -0.1395     2.3859    -0.5319
    -1.8556     0.2718     2.1447     0.0228
    -1.9445     0.5735     1.8410     0.5400
    -2.0780     0.9578     1.3767     1.1516
    -2.1759     1.3606     0.8321     1.8387
    -2.2382     1.7361     0.4750     2.3943
    -2.2115     2.0476     0.0199     2.9313
    -2.0602     2.3960    -0.4440     3.3742
    -1.7666     2.6252    -0.7027     3.4590
    -1.3662     2.7995    -0.9614     3.3176
    -0.9836     2.8454    -1.1219     2.8559
    -0.5478     2.7169    -1.3626     2.2154
    -0.1298     2.5427    -1.4875     1.5751
     0.3770     2.2584    -1.6034     0.8693
     0.8482     1.8827    -1.5944     0.2391
     1.3725     1.3423    -1.5320    -0.2687
     1.9945     0.6742    -1.3805    -0.7386
     2.5186     0.0341    -1.2378    -1.1239
     3.0603    -0.5872    -0.9881    -1.4339
     3.5220    -1.0527    -0.6492    -1.6781
     3.5043    -1.4360    -0.2210    -1.8941
     3.4865    -1.7916     0.2162    -2.0913
     2.9893    -2.0742     0.5911    -2.1945
     2.3054    -2.3567     1.2249    -2.1851
     1.6746    -2.4204     1.7607    -2.1945
     0.8482    -2.4387     2.3323    -2.0913
     0.1636    -2.2473     2.9667    -2.0161
    -0.4499    -1.9648     3.4225    -1.8190
    -0.9569    -1.5363     3.4762    -1.5842
    -1.3395    -1.0893     3.3421    -1.2460
    -1.6331    -0.6237     2.6093    -0.8796
    -1.7844    -0.1304     2.0107    -0.4097
    -1.9356     0.4181     1.4302     0.0698
    -2.0958     0.9487     1.0463     0.5306
    -2.2560     1.3514     0.5643     0.8787
    -2.2471     1.5895     0.0824     1.3398
    -2.2204     1.8277    -0.4262     1.7634
    -2.0424     1.9651    -0.8187     2.1589
    -1.6776     2.0751    -1.1843     2.4226
    -1.3395     2.0751    -1.5410     2.5639
    -0.9480     1.9743    -1.7638     2.4885
    -0.5567     1.7910    -2.0045     2.3378
    -0.1565     1.6903    -2.1739     2.0647
     0.4392     1.4613    -2.1917     1.7446
     1.0526     1.2049    -2.1115     1.3869
     1.5147     0.9303    -1.9421     0.9634
     2.1544     0.5918    -1.7282     0.5118
     2.7673     0.2443    -1.4250     0.1168
     3.3001    -0.0847    -0.9881    -0.3157
     3.6197    -0.3862    -0.5332    -0.6635
     3.6108    -0.5963     0.0645    -0.8890
     3.3267    -0.8793     0.6178    -1.1145
     2.7229    -1.2079     1.1177    -1.3118
     2.0744    -1.3447     1.5463    -1.4903
     1.4170    -1.4724     1.9839    -1.5936
     0.7504    -1.4542     2.3949    -1.7063
     0.1192    -1.3995     2.7612    -1.7250
    -0.4233    -1.3630     2.9131    -1.6687
    -0.9124    -1.2626     2.8416    -1.6311
    -1.3039    -1.0801     2.6182    -1.4996
    -1.5174    -0.8976     2.3145    -1.3400
    -1.7132    -0.6693     1.9571    -1.2084
    -1.8467    -0.3588     1.5731    -0.9454
    -2.0246    -0.0025     1.1445    -0.5319
    -2.1581     0.3724     0.7964    -0.1277
    -2.1937     0.7199     0.4661     0.3237
    -2.2115     0.9670     0.1448     0.9446
    -2.0691     1.2782    -0.1853     2.1589
    -1.7755     1.4705    -0.4351     3.0726
    -1.5263     1.6720    -0.6938     3.1386
    -1.2327     1.7727    -0.9257     2.6769
    -0.8769     1.8277    -1.1486     2.1683
    -0.5211     1.7727    -1.2824     1.7634
     0.0125     1.6536    -1.4429     1.3586
     0.6348     1.5071    -1.5231     0.8505
     1.1415     1.1866    -1.5855     0.4460
     1.7901     0.7199    -1.6212     0.0510
     2.3942     0.1895    -1.5231    -0.3439
     3.0692    -0.2309    -1.3716    -0.7010
     3.5664    -0.6602    -1.1308    -1.0017
     3.5709    -1.0801    -0.8900    -1.0487
     3.5753    -1.4360    -0.4708    -1.1051
     3.0958    -1.6366    -0.0693    -1.1709
     2.4298    -1.7460     0.3233    -1.2366
     1.7546    -1.8463     0.8053    -1.3963
     1.0259    -1.8737     1.2427    -1.4151
     0.4037    -1.7369     1.7785    -1.3963
    -0.2632    -1.5363     2.1983    -1.2554
    -0.8324    -1.1531     2.4753    -1.0581
    -1.2238    -0.7059     2.7165    -0.8326
    -1.5263    -0.2949     2.8059    -0.4943
    -1.7399     0.4181     2.6450    -0.1559
    -1.8911     1.3331     2.4217     0.3519
    -2.0513     1.9651     2.1269     1.0198
    -2.1581     2.9188     1.5999     1.5563
    -2.2293     3.4695     1.0285     2.3001
    -2.2115     3.7726     0.5196     2.8182
    -2.0780     3.7175    -0.0158     3.0538
    -1.8911     3.1666    -0.5243     2.9501
    -1.5441     2.4051    -0.9257     2.2719
    -1.1615     1.7269    -1.1932     1.5280
    -0.8235     1.0493    -1.3983     0.9634
    -0.3788     0.4089    -1.5142     0.3895
     0.1636    -0.2492    -1.6034    -0.0524
     0.7593    -0.7880    -1.6034    -0.3721
     1.4436    -1.2900    -1.6212    -0.6447
     2.1011    -1.7004    -1.5588    -1.0581
     2.8028    -1.9375    -1.3894    -1.4057
     3.3356    -2.1471    -1.1040    -1.5842
     3.6818    -2.1562    -0.7919    -1.7344
     3.6463    -2.2109    -0.4351    -1.8847
     3.4776    -2.0651    -0.0336    -2.0913
     2.9094    -1.9466     0.4036    -2.2602
     2.2343    -1.7643     0.7785    -2.2415
     1.6480    -1.5545     1.0999    -2.0725
     0.9993    -1.2444     1.4749    -1.7908
     0.3326    -0.8337     1.9303    -1.4527
    -0.2899    -0.4593     2.2966    -1.0581
    -0.8413     0.0158     2.8059    -0.7104
    -1.2594     0.5370     3.1723    -0.2687
    -1.4907     1.0036     3.2080     0.1638
    -1.6509     1.5071     3.2438     0.8411
    -1.8645     2.0018     2.6986     1.6504
    -2.0513     2.4785     2.0197     2.4037
    -2.1848     3.0014     1.3409     3.0443
    -2.1937     3.3318     0.7339     3.5533
    -2.1670     3.4420     0.1270     3.5439
    -2.0513     3.0931    -0.3905     3.5344
    -1.8467     2.7445    -0.8276     3.0349
    -1.5886     2.2126    -1.2646     2.3190
    -1.2238     1.7452    -1.6301     1.6034
    -0.8057     1.2415    -1.7906     0.9069
    -0.4055     0.6101    -1.9599     0.2109
     0.1014     0.0707    -2.0223    -0.4191
     0.7504    -0.4776    -2.1204    -0.8796
     1.3814    -0.8428    -2.0936    -1.3024
     1.9590    -1.1349    -2.0312    -1.6875
     2.6429    -1.3630    -1.8084    -1.8565
     3.2823    -1.5819    -1.5320    -1.9410
     3.5398    -1.8737    -1.2021    -2.0161
     3.5664    -2.0377    -0.8187    -2.1851
     3.3711    -2.0833    -0.2299    -2.1476
     2.8383    -2.1015     0.4482    -2.1006
     2.1722    -2.1198     1.1624    -2.0068
     1.6124    -1.8737     1.8768    -1.8471
     0.9193    -1.6822     2.7522    -1.6217
     0.2970    -1.4177     3.2348    -1.3212
    -0.2365    -0.9889     3.4851    -0.9642
    -0.7523    -0.5050     3.4717    -0.5695
    -1.1704     0.0341     3.4583    -0.1747
    -1.3484     0.5735     3.1097     0.3143
    -1.5708     1.0036     2.3949     0.6717
    -1.7132     1.3514     1.6981     1.1422
    -1.8911     1.6536     1.1088     1.5751
    -2.0424     1.9376     0.5464     1.9988
    -2.0691     2.1118     0.0824     2.3849
    -2.0780     2.2401    -0.3816     2.5639
    -1.9445     2.2768    -0.8365     2.5497
    -1.7755     2.3226    -1.2021     2.5356
    -1.5797     2.2126    -1.4429     2.3095
    -1.2683     2.0201    -1.6390     2.0176
    -0.9569     1.8552    -1.8173     1.6222
    -0.5833     1.6628    -1.9065     1.2833
    -0.1387     1.3423    -1.9599     0.8411
     0.4037     0.9303    -1.8619     0.4836
     0.9282     0.5187    -1.7282     0.1168
     1.5502     0.1164    -1.4429    -0.3251
     2.1633    -0.2492    -1.1843    -0.6635
     2.8294    -0.5506    -0.8633    -1.0205
     3.3889    -0.8702    -0.5957    -1.2272
     3.7085    -1.1896    -0.2478    -1.3681
     3.6907    -1.4998     0.0645    -1.5560
     3.5309    -1.7004     0.5018    -1.7250
     2.8916    -1.8098     0.9749    -1.7720
     2.0744    -1.7916     1.4124    -1.8377
     1.3547    -1.6822     1.7517    -1.8471
     0.5993    -1.5454     2.1001    -1.8424
     0.0125    -1.3721     2.3145    -1.8377
    -0.5833    -1.1531     2.4574    -1.6593
    -1.0993    -0.8702     2.4931    -1.4245
    -1.4106    -0.5780     2.4038    -1.1615
    -1.6954    -0.2857     2.2162    -0.7950
    -1.9000     0.1712     2.0375    -0.4191
    -2.0691     0.5735     1.7428    -0.0430
    -2.1937     0.9395     1.4570     0.3425
    -2.1937     1.2507     1.0731     0.8599
    -2.0691     1.4430     0.6625     1.3774
    -1.9534     1.6353     0.2787     1.9611
    -1.7933     1.7727    -0.0693     2.4226
    -1.5174     1.8735    -0.3548     2.8559
    -1.1971     1.8918    -0.6581     2.9784
    -0.8413     1.8185    -0.8722     2.9313
    -0.4144     1.6811    -1.0951     2.7899
     0.0836     1.4796    -1.2646     2.4508
     0.7859     1.2324    -1.3537     2.0553
     1.3636     0.9120    -1.4072     1.6034
     1.9856     0.6010    -1.5499     1.0198
     2.6518     0.2809    -1.6212     0.5024
     3.1846    -0.0664    -1.6034     0.0416
     3.5575    -0.3314    -1.5231    -0.4567
     3.6375    -0.5232    -1.3091    -0.8420
     3.4954    -0.7515    -0.9970    -1.1333
     3.1402    -0.9980    -0.6403    -1.2930
     2.5186    -1.1714    -0.3102    -1.5278
     1.8435    -1.2079     0.1716    -1.8283
     1.1770    -1.2626     0.5732    -1.9786
     0.5015    -1.2991     0.9838    -2.0068
    -0.0409    -1.2809     1.3767    -1.9129
    -0.6723    -1.2261     1.7428    -1.8190
    -1.1882    -1.0801     2.1983    -1.6311
    -1.5263    -0.8154     2.7969    -1.4339
    -1.7488    -0.5780     3.0471    -1.1709
    -2.0335    -0.3131     3.0695    -0.7950
    -2.1937     0.0798     3.0918    -0.3533
    -2.2738     0.4547     2.7701    -0.0054
    -2.2560     0.8571     2.1626     0.4084
    -2.1581     1.2599     1.5374     0.7846
    -2.0691     1.6078     0.9124     1.2551
    -1.8556     2.0110     0.3769     1.7446
    -1.5886     2.3043    -0.1496     2.1118
    -1.2594     2.3501    -0.6759     2.4885
    -0.7879     2.2309    -1.1397     2.6675
    -0.3432     1.9102    -1.4785     2.6581
     0.2259     1.5620    -1.6301     2.4979
     0.8393     1.1042    -1.8084     2.2530
     1.3725     0.5553    -1.9065     1.8481
     1.9412     0.0889    -1.9154     1.2080
     2.5097    -0.4593    -1.8619     0.6153
     2.9626    -0.9250    -1.6747     0.0604
     3.3090    -1.2717    -1.3983    -0.5225
     3.3356    -1.4542    -1.0416    -0.9454
     3.1846    -1.6184    -0.6046    -1.3212
     2.7939    -1.7096    -0.2656    -1.5466
     2.2432    -1.7460     0.1359    -1.6030
     1.7368    -1.8007     0.6178    -1.6593
     1.1059    -1.7096     1.1088    -1.6593
     0.5548    -1.5454     1.5820    -1.6311
    -0.0142    -1.2353     1.8857    -1.6311
    -0.5833    -0.8702     2.2073    -1.4996
    -1.0548    -0.5689     2.4217    -1.3024
    -1.3840    -0.1852     2.4663    -0.9736
    -1.5797     0.2992     2.4217    -0.4849
    -1.8467     0.7382     2.3145    -0.0148
    -2.0424     1.1958     2.1090     0.4836
    -2.1403     1.6078     1.8321     0.9446
    -2.1759     2.0659     1.4927     1.6034
    -2.1492     2.6803     1.0731     2.0364
    -2.0246     3.1390     0.6357     2.4226
    -1.7666     3.2859     0.1805     2.9219
    -1.5441     3.2492    -0.2656     3.2045
    -1.1704     2.8729    -0.6581     3.2894
    -0.7434     2.1943    -0.9078     3.0726
    -0.3076     1.5895    -1.2111     2.6957
     0.2881     0.9120    -1.4161     2.0270
     0.8304     0.2718    -1.6212     1.1986
     1.3636    -0.2766    -1.6836     0.5212
     1.9678    -0.7880    -1.6970    -0.0618
     2.4919    -1.1623    -1.7103    -0.5883
     3.0248    -1.4633    -1.6301    -1.1051
     3.3622    -1.7004    -1.3894    -1.6405
     3.4776    -1.9192    -1.0862    -2.0537
     3.4865    -1.9375    -0.7116    -2.2509
     3.2468    -2.0195    -0.2478    -2.1851
     2.7939    -2.0104     0.3412    -2.1664
     2.1633    -2.0013     1.0017    -2.1757
     1.5058    -1.7916     1.6892    -2.1664
     0.8304    -1.4724     2.4753    -2.0725
     0.2170    -1.0893     3.2259    -1.8659
    -0.4055    -0.6693     3.4940    -1.5560
    -1.0103    -0.1304     3.4851    -1.0205
    -1.4640     0.5095     3.3332    -0.3063
    -1.8022     1.1317     2.5914     0.4554
    -2.1136     1.7269     1.8857     1.3492
    -2.3629     2.1484     1.3052     2.1400
    -2.4786     2.5885     0.6357     2.7711
    -2.4786     2.8454     0.0288     3.2988
    -2.3451     2.9922    -0.4797     3.4779
    -2.2382     2.9647    -0.9881     3.4967
    -2.0513     2.7720    -1.4250     3.2611
    -1.7488     2.4693    -1.7193     2.8371
    -1.4284     2.0384    -1.9510     2.1871
    -0.9480     1.6445    -2.0491     1.4810
    -0.4144     1.2415    -2.0357     0.8693
     0.1281     0.7016    -2.0223     0.2673
     0.7859     0.0524    -1.8797    -0.1747
     1.3636    -0.4136    -1.7014    -0.5601
     2.0744    -0.8154    -1.3537    -1.0111
     2.6785    -1.2626    -0.8633    -1.3400
     3.1402    -1.5272    -0.1675    -1.6124
     3.4776    -1.7096     0.5375    -1.8565
     3.5132    -1.9101     1.1713    -2.0725
     3.3178    -2.0742     1.7874    -2.1570
     2.8294    -2.0924     2.5646    -2.1476
     2.1633    -2.1380     3.2170    -2.1100
     1.5591    -2.0560     3.5119    -1.9410
     0.9370    -1.8554     3.5477    -1.7908
     0.3592    -1.5910     3.5477    -1.6124
    -0.2276    -1.1531     3.5477    -1.3024
    -0.8057    -0.7424     3.0382    -1.0393
    -1.2594    -0.2766     2.1805    -0.6635
    -1.5975     0.2535     1.3767    -0.2123
    -1.7933     0.7839     0.6803     0.1920
    -1.9623     1.2965     0.0645     0.5965
    -2.1403     1.7269    -0.4797     1.0387
    -2.2204     2.2401    -0.9792     1.5469
    -2.2115     2.6252    -1.4429     1.9894
    -2.1759     2.9830    -1.7549     2.4320
    -1.9801     2.9922    -1.8708     2.6769
    -1.7666     2.7995    -1.9689     2.7334
    -1.4818     2.5518    -2.0580     2.5921
    -1.0993     2.1668    -2.0758     2.2436
    -0.6100     1.7361    -2.0758     1.9140
    -0.1476     1.1775    -1.9510     1.4810
     0.4481     0.6925    -1.7638     1.0763
     1.1059     0.1712    -1.5231     0.7188
     1.6658    -0.2492    -1.3002     0.2673
     2.2432    -0.6967    -1.0149    -0.1088
     2.8650    -1.0071    -0.7295    -0.4943
     3.2468    -1.1896    -0.3637    -0.9266
     3.4510    -1.3721     0.0199    -1.1521
     3.4421    -1.5089     0.6357    -1.3306
     3.2379    -1.6640     1.1713    -1.4527
     2.7939    -1.6776     1.7696    -1.6687
     2.2876    -1.6913     2.2966    -1.8377
     1.7546    -1.6731     2.7165    -1.9504
     1.1681    -1.5089     2.9935    -2.0349
     0.5548    -1.3265     3.1991    -2.0161
    -0.1031    -1.1258     3.2616    -1.9410
    -0.6812    -0.9341     3.1008    -1.8096
    -1.2238    -0.6328     2.8774    -1.6030
    -1.5441    -0.3771     2.5825    -1.3587
    -1.7577    -0.0664     2.2877    -1.0111
    -1.9267     0.3358     1.8946    -0.5789
    -2.1314     0.6376     1.4302    -0.2029
    -2.2560     0.9670     0.8945     0.1638
    -2.3273     1.3972     0.3947     0.6435
    -2.3183     1.7452    -0.0604     1.1610
    -2.2293     2.0293    -0.4619     1.6504
    -1.9445     2.1576    -0.7741     2.1965
    -1.6954     2.1576    -1.0595     2.6675
    -1.3306     1.9926    -1.3002     2.9219
    -0.9213     1.8460    -1.6034     2.9219
    -0.4499     1.6170    -1.7906     2.8182
     0.0836     1.4064    -1.9778     2.6581
     0.7770     1.0676    -2.0312     2.2530
     1.3103     0.7016    -2.0402     1.8481
     1.9501     0.2626    -1.9956     1.3586
     2.5008    -0.0482    -1.8351     0.7752
     3.0070    -0.3131    -1.6747     0.2861
     3.3356    -0.6054    -1.3537    -0.1559
     3.4954    -0.8611    -1.0416    -0.6071
     3.4421    -1.1988    -0.8097    -1.0393
     3.0870    -1.3995    -0.4797    -1.3963
     2.4475    -1.5272    -0.1407    -1.6311
     1.9056    -1.6731     0.2251    -1.9786
     1.1859    -1.7096     0.5821    -2.2227
     0.5015    -1.7004     1.0374    -2.3541
    -0.0853    -1.5910     1.4749    -2.3541
    -0.6723    -1.3356     2.0822    -2.2415
    -1.2149    -1.0710     2.5110    -2.1476
    -1.5263    -0.7789     3.0293    -1.8847
    -1.7666    -0.4593     3.2259    -1.6405
    -1.9178    -0.0938     3.3063    -1.2084
    -2.0691     0.3266     3.0293    -0.6823
    -2.2204     0.7748     2.6361    -0.2499
    -2.2738     1.2049     2.1447     0.2297
    -2.2827     1.5346     1.5820     0.6529
    -2.1848     1.7910     1.1356     1.1892
    -1.9267     1.9835     0.6178     1.7446
    -1.6153     2.0384     0.1359     2.3001
    -1.2060     1.9926    -0.2834     2.6392
    -0.8413     1.8185    -0.5600     2.9690
    -0.3699     1.5437    -0.7384     2.9690
     0.1459     1.2965    -0.8365     2.7240
     0.8393     0.8754    -0.9078     2.4320
     1.4170     0.5004    -0.9970     2.0459
     1.8968     0.0615    -1.0505     1.5939
     2.5452    -0.2583    -1.1040     1.1328
     2.9893    -0.5141    -1.0951     0.6059
     3.1047    -0.7333    -1.0862     0.1262
     3.1491    -0.9432    -0.9703    -0.3345
     3.0514    -1.2079    -0.9257    -0.7104
     2.6962    -1.3721    -0.8811    -1.0393
     2.3054    -1.4451    -0.8097    -1.2460
     1.8079    -1.4268    -0.7384    -1.4057
     1.3903    -1.2535    -0.6135    -1.5372
     0.8393    -1.1714    -0.4440    -1.7063
     0.3415    -1.0801    -0.2478    -1.8096
    -0.1565    -0.8519    -0.0426    -1.8659
    -0.6367    -0.6328     0.1805    -1.8377
    -1.0281    -0.3223     0.4304    -1.6875
    -1.3039     0.0615     0.6357    -1.4621
    -1.6509     0.5644     0.8856    -1.1803
    -1.9267     0.9761     1.0552    -0.8420
    -2.0780     1.4247     1.2517    -0.4285
    -2.2649     1.7727     1.4213     0.0322
    -2.2916     2.2401     1.5642     0.4460
    -2.2560     2.6344     1.5731     0.9352
    -2.0780     2.9647     1.3231     1.5280
    -1.8378     2.9830     1.1088     2.1212
    -1.6153     2.8087     0.8856     2.8276
    -1.2950     2.3684     0.6892     3.2799
    -0.7879     1.8094     0.4839     3.1197
    -0.3254     1.1409     0.3233     2.5356
     0.3859     0.4455     0.2162     1.8387
     1.0881    -0.3497     0.1270     1.3022
     1.7280    -0.8885     0.1270     0.7846
     2.4564    -1.4542     0.1002     0.3237
     3.1402    -1.8919     0.1805    -0.0994
     3.5842    -2.1198     0.1984    -0.4755
     3.7617    -2.2291     0.1359    -0.9266
     3.6996    -2.3476     0.1181    -1.3118
     3.5043    -2.3384     0.0378    -1.5466
     2.8028    -2.1653    -0.0069    -1.7532
     2.1189    -1.8919    -0.0782    -1.8283
     1.4525    -1.5819    -0.1496    -1.9504
     0.7593    -1.3356    -0.2567    -1.9316
     0.1370    -0.8702    -0.3370    -1.8190
    -0.3966    -0.4410    -0.4262    -1.6687
    -0.9836     0.1895    -0.5154    -1.3963
    -1.2950     0.7748    -0.5778    -1.1709
    -1.6064     1.4155    -0.5957    -0.7856
    -1.8200     1.9743    -0.6046    -0.2687
    -2.0424     2.4968    -0.5422     0.2861
    -2.2115     2.7078    -0.4619     0.9540
    -2.2738     2.6848    -0.3994     1.6316
    -2.3005     2.6619    -0.2656     2.3190
    -2.2115     2.4235    -0.1407     3.1103
    -1.9801     2.1301    -0.0336     3.6287
    -1.7577     1.7361     0.1091     3.7607
    -1.4017     1.3880     0.2787     3.1197
    -1.0548     0.9487     0.3590     2.2624
    -0.6367     0.5187     0.4750     1.4339
    -0.1654     0.1346     0.4929     0.6811
     0.4126    -0.2218     0.4929     0.0698
     1.0081    -0.5050     0.5018    -0.5037
     1.5325    -0.7880     0.4482    -0.9642
     2.1100    -0.9341     0.3858    -1.4433
     2.6074    -1.1623     0.2608    -1.7344
     3.1314    -1.3082     0.2519    -2.0161
     3.4421    -1.3995     0.2162    -2.1570
     3.4510    -1.4816     0.3412    -2.2039
     3.4599    -1.4679     0.5911    -2.1851
     3.1047    -1.4542     1.4749    -2.1945
     2.5452    -1.2991     2.1894    -2.2415
     1.9678    -1.1440     2.6272    -2.0819
     1.3192    -0.9889     2.5110    -1.7908
     0.6882    -0.8702     2.3323    -1.5184
     0.0925    -0.6876     2.0107    -1.2366
    -0.4677    -0.3679     1.8500    -0.8702
    -1.0548    -0.1030     1.3142    -0.4567
    -1.5085     0.2352     0.8588     0.0886
    -1.8289     0.5918     0.4929     0.6529
    -2.0958     0.9578    -0.0158     1.1328
    -2.3094     1.2232    -0.4440     1.5469
    -2.4430     1.5071    -0.7830     1.9140
    -2.4608     1.5987    -1.2289     2.2813
    -2.4430     1.7269    -1.5231     2.5356
    -2.2293     1.8185    -1.6569     2.5827
    -1.9534     1.8185    -1.8351     2.5450
    -1.6242     1.6628    -2.1649     2.3190
    -1.1971     1.4613    -2.3343     2.0553
    -0.6901     1.1592    -2.4947     1.7916
    -0.1120     0.7382    -2.4323     1.5280
     0.4837     0.3449    -2.1917     1.1328
     1.0615    -0.0847    -1.8351     0.6905
     1.7280    -0.3497    -1.2646     0.3519
     2.2610    -0.5689    -0.8543     0.0604
     2.7140    -0.7972    -0.3281    -0.3909
     3.1136    -1.0893     0.3501    -0.9266
     3.3711    -1.3812     0.8231    -1.3024
     3.4155    -1.5363     1.4213    -1.5654
     3.1669    -1.5500     2.0733    -1.8283
     2.8383    -1.5636     2.5199    -2.0068
     2.3054    -1.4724     2.8595    -2.2039
     1.7280    -1.3812     3.2259    -2.2602
     1.1326    -1.2353     3.2259    -2.2555
     0.5548    -0.9797     3.2616    -2.2509
    -0.0320    -0.7241     3.0203    -1.9880
    -0.6189    -0.4136     2.7701    -1.6687
    -1.1437    -0.0116     2.4306    -1.2084
    -1.4640     0.4272     2.0286    -0.6823
    -1.7577     0.9120     1.6088    -0.1841
    -2.0513     1.3239     1.0999     0.2203
    -2.3005     1.8185     0.6446     0.7376
    -2.4786     2.2126     0.2519     1.2927
    -2.5142     2.6803    -0.1407     1.7069
    -2.3985     2.8454    -0.4975     2.1589
    -2.2560     2.7903    -0.7384     2.5262
    -2.0513     2.5977    -0.9257     2.7428
    -1.7755     2.1943    -1.1219     2.6298
    -1.3751     1.6445    -1.2200     2.4885
    -0.9213     1.0768    -1.3537     2.2719
    -0.3165     0.4455    -1.5142     1.9894
     0.3326    -0.1304    -1.6569     1.6034
     1.0259    -0.6145    -1.8262     1.1516
     1.7280    -1.1258    -1.8307     0.7000
     2.5008    -1.4816    -1.8351     0.3049
     3.1846    -1.7004    -1.6836    -0.1371
     3.6818    -1.9375    -1.4875    -0.5319
     3.7884    -2.0104    -1.2735    -0.8326
     3.7884    -2.0195    -1.0505    -1.0487
     3.6907    -2.0286    -0.6670    -1.2272
     2.9538    -1.8554    -0.1675    -1.4339
     2.1366    -1.6822     0.2519    -1.5748
     1.4614    -1.3630     0.6982    -1.7063
     0.7948    -1.0619     1.0820    -1.8002
     0.1547    -0.7150     1.4838    -1.8002
    -0.4055    -0.3314     1.8589    -1.7157
    -0.9836     0.2443     2.1358    -1.5748
    -1.3751     0.6833     2.3591    -1.2930
    -1.7132     1.1225     2.3770    -0.9454
    -1.9178     1.5895     2.3949    -0.5695
    -2.0691     1.9743     2.2519    -0.2029
    -2.2204     2.3043     2.0643     0.1450
    -2.2560     2.5610     1.8410     0.5494
    -2.1937     2.6711     1.5106     0.9822
    -2.0335     2.6069     1.1981     1.4433
    -1.8734     2.4418     0.8231     1.8293
    -1.6242     2.2034     0.5196     2.1589
    -1.2950     1.8369     0.1538     2.6110
    -0.9302     1.4430    -0.1229     2.7805
    -0.4144     1.0036    -0.3370     2.7146
     0.1192     0.5644    -0.4708     2.4979
     0.7326     0.0798    -0.7027     2.2342
     1.3192    -0.3223    -0.8811     1.8481
     1.9234    -0.5780    -1.0416     1.2833
     2.4298    -0.7972    -1.0505     0.7282
     2.8472    -1.0801    -1.0595     0.2109
     3.2113    -1.2717    -1.0238    -0.3063
     3.3977    -1.4998    -1.0416    -0.8326
     3.3001    -1.6366    -1.0149    -1.3024
     3.0337    -1.6731    -0.9346    -1.6124
     2.6962    -1.7096    -0.7295    -1.9035
     2.3054    -1.6822    -0.5689    -2.1288
     1.8435    -1.5272    -0.1675    -2.2978
     1.2214    -1.3995     0.1894    -2.3259
     0.6259    -1.1075     0.4929    -2.2227
    -0.0587    -0.8154     0.7874    -2.0443
    -0.6545    -0.3862     0.9570    -1.7626
    -1.1171     0.0798     1.1088    -1.3681
    -1.4195     0.5461     1.1133    -0.9548
    -1.7488     1.0768     1.1177    -0.4567
    -1.9623     1.5254     1.0552     0.0322
    -2.1314     1.9102     0.9303     0.6529
    -2.2827     2.2768     0.8499     1.3680
    -2.3094     2.6619     0.7339     2.1024
    -2.2560     2.8821     0.6982     3.0255
    -2.1759     2.9188     0.6089     3.5533
    -1.8822     2.6527     0.6000     3.5109
    -1.5886     2.2584     0.5554     3.4685
    -1.1437     1.8643     0.4839     2.7805
    -0.6812     1.3789     0.4750     1.9894
    -0.0942     0.8297     0.3322     1.2551
     0.5637     0.2901     0.2162     0.5965
     1.1948    -0.2400     0.0645     0.0322
     1.7901    -0.6602    -0.0782    -0.3815
     2.3054    -1.0254    -0.2210    -0.8890
     2.9804    -1.2353    -0.3548    -1.2554
     3.4510    -1.5180    -0.4619    -1.4151
     3.7440    -1.6913    -0.4574    -1.4996
     3.7351    -1.8098    -0.4529    -1.6781
     3.6463    -1.8007    -0.4619    -1.8941
     3.1047    -1.7096    -0.3905    -1.9504
     2.3676    -1.6001    -0.3459    -1.9880
     1.6480    -1.4451    -0.2388    -1.9786
     0.8837    -1.2170    -0.1496    -1.8190
     0.2348    -0.8246    -0.0515    -1.7157
    -0.3877    -0.4410     0.0824    -1.3775
    -0.9302    -0.0025     0.1984    -1.0393
    -1.3484     0.4729     0.3501    -0.5695
    -1.6153     0.9212     0.5107    -0.0148
    -1.8734     1.3056     0.6714     0.5118
    -2.0068     1.5804     0.8321     0.8599
    -2.1848     1.8277     0.9570     1.2551
    -2.2471     2.0659     1.0552     1.6316
    -2.2382     2.0934     1.0463     1.9140
    -2.1848     2.0751     0.9481     2.1306
    -2.0157     1.9743     0.8410     2.2719
    -1.7488     1.7544     0.6446     2.2436
    -1.4551     1.5620     0.4929     2.0364
    -1.0370     1.3514     0.2251     1.8199
    -0.5478     1.0859     0.0199     1.5186
    -0.0231     0.7931    -0.1585     1.1516
     0.5459     0.5370    -0.2924     0.8128
     1.1948     0.2718    -0.3994     0.4930
     1.8346    -0.0207    -0.4619     0.1544
     2.3942    -0.2492    -0.5332    -0.2405
     3.0337    -0.5141    -0.6849    -0.5883
     3.5043    -0.7972    -0.6759    -0.8890
     3.6375    -1.1440    -0.5422    -1.0863
     3.6108    -1.4086    -0.4529    -1.3212
     3.2379    -1.6366    -0.2210    -1.4621
     2.6074    -1.7460     0.5464    -1.6124
     2.0833    -1.8098     0.9838    -1.6687
     1.4436    -1.8645     2.3949    -1.5748
     0.7948    -1.8372     2.4931    -1.4903
     0.1992    -1.6913     2.3234    -1.2836
    -0.4144    -1.3903     2.2162    -1.0675
    -0.9036    -1.1075     1.7874    -0.8796
    -1.3306    -0.7515     1.2338    -0.6729
    -1.5708    -0.2857     0.7517    -0.5131
    -1.7755     0.3083     0.3412    -0.2029
    -1.9890     0.9120     0.0645     0.0134
    -2.1581     1.5254    -0.3102     0.3237
    -2.2204     2.0751    -0.6314     0.5306
    -2.1937     2.5427    -0.8989     0.8787
    -2.1225     2.8729    -1.2378     1.1986
    -1.9623     2.8729    -1.4161     1.5186
    -1.7399     2.8729    -1.5677     1.7446
    -1.4729     2.5702    -1.6390     1.9705
    -0.9925     2.1209    -1.6747     1.9705
    -0.4410     1.6720    -1.5944     1.9705
     0.1014     1.1042    -1.4964     1.7446
     0.6793     0.6193    -1.3359     1.4904
     1.3103     0.1438    -1.1932     1.0763
     1.8790    -0.3862    -0.9435     0.6435
     2.4298    -0.7515    -0.6314     0.2391
     2.9182    -0.9980    -0.0158    -0.2217
     3.3090    -1.3265     0.8410    -0.7292
     3.2779    -1.6640     1.2963    -1.1427
     3.2468    -1.8919     1.8410    -1.4433
     2.9360    -2.0286     2.3502    -1.6687
     2.3942    -2.1380     2.6361    -1.9035
     1.8346    -2.0924     2.9578    -1.9880
     1.3281    -1.9010     2.9846    -2.0725
     0.7237    -1.8281     2.8327    -2.0913
     0.1192    -1.5272     2.6718    -2.0068
    -0.4499    -1.1623     2.3591    -1.8847
    -0.9925    -0.6328     2.0018    -1.6875
    -1.3306    -0.0573     1.6624    -1.3869
    -1.5975     0.5370     1.2159    -0.8984
    -1.8734     1.1042     0.8231    -0.3439
    -2.0602     1.6445     0.4215     0.2955
    -2.2204     2.0201     0.0110     1.0481
    -2.3362     2.2951    -0.3905     2.0364
    -2.3094     2.5518    -0.7205     3.2517
    -2.2204     2.5427    -1.0327     4.3736
    -1.9267     2.5335    -1.2646     4.3548
    -1.6420     2.3776    -1.4161     3.6193
    -1.2861     2.1484    -1.5410     2.8465
    -0.8769     1.7910    -1.6747     2.0835
    -0.3254     1.3880    -1.8173     1.4151
     0.3415     0.9670    -1.9778     0.7282
     0.9193     0.4821    -2.0402     0.1732
     1.5502     0.0615    -2.0491    -0.3815
     2.2166    -0.3862    -1.9154    -0.8326
     2.8383    -0.6693    -1.7638    -1.2084
     3.3800    -0.8337    -1.5499    -1.5278
     3.6463    -1.0436    -1.2913    -1.7814
     3.7173    -1.3174    -0.9078    -1.9880
     3.5664    -1.5728    -0.4083    -2.1757
     3.0870    -1.6640     0.1270    -2.3072
     2.4564    -1.6913     0.6089    -2.2884
     1.7191    -1.6548     1.1088    -2.1194
     1.0704    -1.5545     1.6178    -1.9035
     0.3592    -1.5454     2.1090    -1.7438
    -0.2454    -1.4177     2.3859    -1.4621
    -0.8324    -1.1714     2.6272    -1.1239
    -1.3128    -0.8793     2.6272    -0.6823
    -1.6509    -0.4502     2.5467    -0.1935
    -1.8822    -0.0482     2.4663     0.2955
    -2.0602     0.3449     2.2430     0.7846
    -2.2204     0.7199     2.0465     1.2833
    -2.3718     1.1592     1.7785     1.7257
    -2.3629     1.6170     1.5285     2.1683
    -2.2649     2.0476     1.2784     2.5639
    -2.0246     2.3684     0.9481     2.8465
    -1.7933     2.6803     0.5464     2.8182
    -1.3840     2.6803     0.1181     2.7899
    -0.9302     2.6160    -0.2745     2.5168
    -0.4677     2.4051    -0.6492     2.2342
     0.0392     1.9926    -0.8722     1.8387
     0.6348     1.6078    -1.1219     1.4057
     1.1592     1.0859    -1.3626     1.0575
     1.6658     0.5370    -1.6658     0.5588
     2.1988    -0.0482    -1.6836     0.0980
     2.6607    -0.5141    -1.4875    -0.3909
     3.0159    -0.8976    -1.3359    -0.7480
     3.1935    -1.1896    -1.1397    -0.9830
     3.2468    -1.5180    -1.0951    -1.2554
     3.0958    -1.8463    -0.9524    -1.4057
     2.8294    -2.0104    -0.8633    -1.5936
     2.3232    -1.9922    -0.6224    -1.6593
     1.7635    -1.8645    -0.3994    -1.7157
     1.1859    -1.7187    -0.2032    -1.6875
     0.6348    -1.4724     0.0556    -1.6687
    -0.0053    -1.2353     0.2787    -1.4809
    -0.6723    -0.9615     0.6089    -1.2460
    -1.1793    -0.4958     0.8231    -1.1145
    -1.5886    -0.0390     1.0463    -0.8514
    -1.8200     0.5187     1.2517    -0.5413
    -2.0602     0.9212     1.3499    -0.1088
    -2.2115     1.3972     1.4481     0.1826
    -2.3094     1.8369     1.4302     0.5306
    -2.2560     2.2401     1.3588     0.9540
    -2.2026     2.5335     1.2784     1.3774
    -2.0424     2.6803     1.0909     1.8952
    -1.7666     2.6711     0.9392     2.4414
    -1.3573     2.6619     0.6803     2.6581
    -0.9658     2.4235     0.5196     2.7240
    -0.4855     2.1209     0.3055     2.5827
     0.0392     1.8094     0.1984     2.3378
     0.6259     1.4338     0.0467     1.8481
     1.1592     0.9303    -0.0604     1.3116
     1.6658     0.4364    -0.1942     0.7564
     2.2876    -0.0025    -0.2924     0.2391
     2.8206    -0.4410    -0.3459    -0.2311
     3.3267    -0.8246    -0.3370    -0.5601
     3.6641    -1.1349    -0.3727    -0.9548
     3.6641    -1.3995    -0.3459    -1.1709
     3.6641    -1.6913    -0.3637    -1.3306
     3.1580    -1.8098    -0.3459    -1.5184
     2.3765    -1.7962    -0.2299    -1.6593
     1.7191    -1.7825    -0.1139    -1.6593
     1.0081    -1.6913    -0.0069    -1.6217
     0.3681    -1.5454     0.1627    -1.4903
    -0.2810    -1.3903     0.2965    -1.3400
    -0.9302    -1.1714     0.5107    -1.2084
    -1.3751    -0.9158     0.6446    -0.9548
    -1.6509    -0.5872     0.8053    -0.7292
    -1.9623    -0.1487     0.8678    -0.4379
    -2.1314     0.2626     0.8678    -0.0524
    -2.2916     0.6650     0.8142     0.3331
    -2.3362     1.1409     0.6178     0.6905
    -2.3451     1.6170     0.4572     1.1233
    -2.2738     1.9468     0.2787     1.5092
    -2.0602     2.3409     0.1359     1.9517
    -1.7666     2.6344    -0.0515     2.3284
    -1.3039     2.7445    -0.1407     2.6015
    -0.8947     2.7169    -0.2924     2.5874
    -0.4677     2.4877    -0.3816     2.5733
     0.1459     2.1026    -0.5154     2.2624
     0.6348     1.7269    -0.7027     1.7822
     1.1859     1.2232    -0.8187     1.1704
     1.6302     0.7657    -0.9168     0.5777
     2.1455     0.2169    -0.9703    -0.0524
     2.5719    -0.3497    -0.9257    -0.7668
     2.9715    -0.7333    -0.8097    -1.3587
     3.2202    -1.0254    -0.6759    -1.7814
     3.3001    -1.2170    -0.4529    -2.1570
     3.1136    -1.4177    -0.2567    -2.2790
     2.7673    -1.6275     0.0110    -2.2884
     2.2343    -1.7187     0.3947    -2.2978
     1.6746    -1.6640     0.7785    -2.0913
     0.9637    -1.5910     1.1624    -1.8283
     0.2881    -1.4907     1.7517    -1.5748
    -0.2810    -1.3265     2.9399    -1.2648
    -0.8502    -1.2261     3.4672    -0.8326
    -1.3039    -1.0345     3.2438    -0.4661
    -1.5619    -0.7333     3.2616    -0.0524
    -1.7577    -0.3679     2.5735     0.3049
    -1.9712     0.0798     1.8678     0.8223
    -2.1670     0.4821     1.2695     1.2833
    -2.2115     0.9670     0.6357     1.7634
    -2.2026     1.3972     0.0378     2.1965
    -2.0424     1.8277    -0.4619     2.5544
    -1.8022     2.1209    -0.8900     2.8088
    -1.5441     2.4143    -1.2289     2.7994
    -1.1348     2.6436    -1.5410     2.4791
    -0.7612     2.6160    -1.7727     2.1024
    -0.3432     2.4693    -1.9421     1.5751
     0.1636     2.2768    -1.9510     1.0104
     0.6882     1.9193    -2.0312     0.5400
     1.1859     1.4979    -2.1204     0.0322
     1.6569     0.9853    -1.9243    -0.3251
     2.1633     0.5095    -1.7460    -0.7480
     2.8117    -0.0207    -1.3448    -1.1521
     3.3800    -0.4593    -1.0595    -1.4527
     3.6641    -0.8611    -0.7205    -1.6969
     3.6508    -1.2535    -0.2032    -1.7250
     3.6375    -1.5454     0.2787    -1.7438
     3.1402    -1.9010     0.8142    -1.6875
     2.5719    -2.0651     1.3677    -1.4996
     1.8968    -2.2018     1.9393    -1.3212
     1.0615    -2.2473     2.3234    -1.1897
     0.4126    -2.2109     2.7076    -1.0393
    -0.3165    -2.0377     2.7522    -0.9360
    -1.0370    -1.7734     2.6093    -0.7762
    -1.4996    -1.4542     2.3859    -0.5319
    -1.8289    -0.9523     2.0911    -0.2123
    -2.0246    -0.4228     1.6981     0.0792
    -2.2382     0.1895     1.3142     0.3613
    -2.3718     0.9395     0.9838     0.5965
    -2.4697     1.6078     0.5554     0.8034
    -2.4341     2.2768     0.1448     1.1422
    -2.2649     2.8729    -0.1853     1.4433
    -1.9890     3.2216    -0.5065     1.7446
    -1.6865     3.4052    -0.7027     1.9329
    -1.2238     3.4144    -0.9346     1.9423
    -0.6901     3.1941    -1.1130     1.9517
    -0.2454     2.8179    -1.2200     1.7446
     0.5015     2.2309    -1.2155     1.4245
     1.0348     1.6811    -1.2111     1.1045
     1.6391     1.0768    -1.0951     0.6435
     2.2343     0.4364    -1.0238     0.2203
     2.8028    -0.1670    -0.9168    -0.1653
     3.3356    -0.7333    -0.8187    -0.5789
     3.5575    -1.1623    -0.6581    -0.9078
     3.5398    -1.4542    -0.4619    -1.1991
     3.1935    -1.7004    -0.2121    -1.3024
     2.7140    -1.8372     0.0645    -1.3400
     2.1189    -1.9557     0.3322    -1.3869
     1.4969    -2.0469     0.6000    -1.4715
     0.9282    -2.0514     0.8499    -1.5936
     0.4215    -2.0560     1.0731    -1.6405
    -0.1209    -1.8372     1.2695    -1.6405
    -0.6367    -1.6366     1.4481    -1.5842
    -1.0281    -1.3082     1.5285    -1.4621
    -1.2683    -0.8519     1.6356    -1.2648
    -1.4640    -0.3679     1.5999    -0.9266
    -1.6687     0.1164     1.4481    -0.6071
    -1.7488     0.6833     1.2874    -0.0900
    -1.8378     1.1225     1.1177     0.3707
    -1.8734     1.6720     0.8945     0.8693
    -1.8289     2.0476     0.6625     1.4998
    -1.7488     2.3776     0.3769     2.2059
    -1.5619     2.6344     0.1538     2.7805
    -1.3573     2.6206    -0.0782     3.2140
    -1.0637     2.6069    -0.2567     3.3365
    -0.6456     2.3318    -0.5065     3.0255
    -0.3521     2.1118    -0.7384     2.5168
     0.0836     1.7819    -0.8722     1.9611
     0.6526     1.4430    -1.0416     1.2927
     1.1770     1.0127    -1.0951     0.6905
     1.6569     0.5644    -1.1665     0.1168
     2.1455     0.0432    -1.1798    -0.4003
     2.6341    -0.3314    -1.1932    -0.9266
     3.0248    -0.5780    -1.1308    -1.3681
     3.2024    -0.8611    -0.9435    -1.7438
     3.1846    -1.0527    -0.7205    -1.9504
     3.0159    -1.3356    -0.4619    -2.1757
     2.5896    -1.5545    -0.1853    -2.2884
     2.0922    -1.7916     0.1448    -2.3166
     1.4880    -1.8098     0.5643    -2.2602
     0.9104    -1.8281     0.9303    -2.0913
     0.2437    -1.7734     1.2874    -1.8283
    -0.3254    -1.5728     1.8232    -1.5372
    -0.8413    -1.4086     2.3145    -1.2366
    -1.2683    -1.1075     2.8237    -0.8608
    -1.5263    -0.7515     3.1633    -0.4567
    -1.7488    -0.3497     3.1455     0.1638
    -1.9267     0.1529     2.8327     0.6529
    -2.1670     0.6193     2.3502     1.1798
    -2.2827     1.1134     1.7160     1.7069
    -2.3362     1.5254     1.0285     2.1777
    -2.1403     1.8827     0.4215     2.5921
    -1.9089     2.2493    -0.1407     2.9784
    -1.7221     2.6160    -0.7027     3.3271
    -1.4818     2.8179    -1.1486     3.4119
    -1.1437     2.8362    -1.4696     3.1951
    -0.6901     2.6894    -1.5855     2.7523
    -0.0587     2.4235    -1.7817     2.2436
     0.6259     2.1026    -1.9332     1.6316
     1.1770     1.7361    -1.9956     0.9916
     1.8879     1.3056    -1.9510     0.3519
     2.5541     0.7657    -1.8797    -0.2593
     3.2379     0.2352    -1.6123    -0.7574
     3.6375    -0.2126    -1.3626    -1.1709
     3.7173    -0.5780    -1.0416    -1.5090
     3.5398    -0.8976    -0.6135    -1.6875
     3.0514    -1.1896    -0.2924    -1.8096
     2.4120    -1.5180     0.0913    -1.8659
     1.7724    -1.8372     0.6625    -1.8753
     1.1059    -1.9648     1.1802    -1.8565
     0.4748    -1.9557     1.7517    -1.7344
    -0.0853    -1.9557     2.2609    -1.6217
    -0.6545    -1.8098     2.7791    -1.3681
    -1.1704    -1.7551     3.0650    -1.1145
    -1.3928    -1.5272     3.1097    -0.8326
    -1.7043    -1.2900     2.9757    -0.5037
    -1.9000    -0.8976     2.5914     0.0228
    -2.0246    -0.3314     2.1805     0.4460
    -2.1047     0.2626     1.7696     0.7658
    -2.2115     0.8754     1.3945     1.1704
    -2.2471     1.5346     0.9035     1.5469
    -2.0157     2.0659     0.4750     1.8481
    -1.7666     2.6527     0.0467     2.1118
    -1.4551     3.1482    -0.3905     2.3660
    -1.1437     3.2675    -0.7384     2.5073
    -0.8235     3.3134    -1.0059     2.4697
    -0.3610     3.1207    -1.3002     2.2436
     0.2437     2.8362    -1.5231     1.9799
     0.7859     2.2951    -1.7638     1.5751
     1.2214     1.8460    -1.8886     1.1610
     1.6746     1.2873    -1.9510     0.6905
     2.1810     0.6742    -1.7995     0.2391
     2.5630     0.0707    -1.6836    -0.2217
     2.8383    -0.4776    -1.5231    -0.5695
     2.9360    -0.7880    -1.3002    -0.8890
     2.9360    -1.1440    -1.0059    -1.1521
     2.7229    -1.3630    -0.7205    -1.3681
     2.3321    -1.6731    -0.3727    -1.6124
     1.8968    -1.9101     0.0378    -1.7157
     1.4258    -2.0469     0.4304    -1.7110
     0.8926    -2.0651     0.9927    -1.7063
     0.3592    -1.9375     1.5463    -1.6781
    -0.1476    -1.6640     2.0107    -1.5560
    -0.6456    -1.4177     2.3681    -1.3775
    -1.0014    -1.0619     2.3636    -1.2084
    -1.1971    -0.7515     2.3591    -0.8984
    -1.4462    -0.3497     2.2073    -0.5507
    -1.7132    -0.0207     1.9571    -0.0524
    -1.9267     0.4181     1.7696     0.3707
    -2.0602     0.8205     1.5106     0.8693
    -2.1403     1.2415     1.2159     1.2927
    -2.1314     1.6262     0.9035     1.7446
    -2.0157     1.9193     0.5196     2.0835
    -1.8822     2.2493     0.2251     2.4697
    -1.6420     2.4510    -0.0782     2.7711
    -1.3039     2.5243    -0.3816     2.7994
    -0.8591     2.3684    -0.6403     2.8276
    -0.3610     2.0476    -0.9346     2.4697
     0.3148     1.7636    -1.2289     1.9799
     0.9015     1.4247    -1.3716     1.3869
     1.4703     1.1042    -1.5588     0.7376
     2.0389     0.6467    -1.7371     0.1638
     2.5985     0.2443    -1.7817    -0.4661
     3.0781    -0.1852    -1.6301    -0.9830
     3.3622    -0.4410    -1.4785    -1.4996
     3.4421    -0.7789    -1.1932    -1.8377
     3.3090    -1.1440    -0.8633    -2.1100
     2.9449    -1.4816    -0.4619    -2.3259
     2.3942    -1.6913    -0.1496    -2.4198
     1.9412    -1.8007     0.2965    -2.4010
     1.2748    -1.8463     0.7785    -2.2133
     0.6437    -1.8098     1.1802    -1.9880
     0.0303    -1.7004     1.5374    -1.7250
    -0.6100    -1.5089     1.8321    -1.3681
    -1.0281    -1.3174     2.0733    -1.0017
    -1.3395    -0.9889     2.0643    -0.5319
    -1.5619    -0.5780     2.0554    -0.0430
    -1.7577    -0.1213     1.9929     0.5494
    -1.9267     0.5095     1.8410     1.2175
    -2.0602     1.0585     1.6624     1.8670
    -2.1047     1.6170     1.3677     2.5356
    -2.0246     2.1759     1.1267     3.2140
    -1.9000     2.7812     0.7517     3.6004
    -1.6865     3.1757     0.3769     3.7324
    -1.3751     3.3502    -0.0247     3.4307
    -1.0370     3.2767    -0.3637     2.7805
    -0.5833     3.0105    -0.5778     2.0929
    -0.0409     2.5427    -0.8276     1.3963
     0.4570     1.9193    -1.1040     0.6529
     0.9815     1.3056    -1.2913     0.0792
     1.4436     0.7291    -1.5231    -0.4097
     1.9767     0.0615    -1.6301    -0.8138
     2.4831    -0.5689    -1.6479    -1.2084
     2.9094    -1.0527    -1.6836    -1.5748
     3.2290    -1.3447    -1.5677    -1.8283
     3.2290    -1.6184    -1.3626    -2.0161
     3.2290    -1.8281    -1.1843    -2.1757
     2.9360    -2.0013    -0.9168    -2.2321
     2.4386    -2.0833    -0.5778    -2.2039
     1.8701    -2.1927    -0.1675    -2.1100
     1.2126    -2.1927     0.3769    -1.8659
     0.5904    -2.1927     0.9303    -1.5936
    -0.0053    -1.9648     1.4749    -1.1991
    -0.6278    -1.7096     2.1179    -0.8608
    -1.1793    -1.3174     2.8863    -0.4097
    -1.5708    -0.7972     3.2616     0.0604
    -1.7666    -0.3497     3.3510     0.4084
    -2.0335     0.3266     3.1812     0.7376
    -2.1937     0.8937     2.7880     1.1516
    -2.3540     1.4979     2.2341     1.5186
    -2.3362     2.0843     1.7071     1.8293
    -2.2382     2.6527     1.1624     2.1118
    -2.0335     3.0197     0.6625     2.3190
    -1.7577     3.0518     0.0734     2.3331
    -1.4551     3.0840    -0.4440     2.3472
    -1.0192     2.9004    -0.9257     2.2436
    -0.5744     2.4785    -1.2467     1.9894
    -0.0142     2.0659    -1.4340     1.6598
     0.5815     1.6078    -1.5855     1.2363
     1.1148     1.1317    -1.7014     0.7564
     1.5591     0.6101    -1.7282     0.3425
     2.0034     0.0707    -1.6836    -0.1277
     2.4475    -0.4045    -1.6390    -0.5507
     2.8827    -0.7789    -1.5320    -0.9548
     3.2202    -1.0619    -1.4250    -1.3118
     3.2290    -1.2809    -1.1040    -1.5184
     3.2379    -1.4177    -0.6759    -1.7908
     2.9182    -1.5454    -0.2299    -1.9598
     2.4742    -1.6275     0.1627    -2.0443
     1.9323    -1.8007     0.6535    -1.9974
     1.3459    -1.8372     1.2070    -1.8659
     0.7148    -1.8281     1.7249    -1.7344
     0.0836    -1.6731     2.2162    -1.5560
    -0.5567    -1.4268     2.5289    -1.2836
    -1.1882    -1.1896     2.7076    -1.0581
    -1.5619    -0.8428     2.7880    -0.7198
    -1.8378    -0.4776     2.6361    -0.3721
    -2.0602    -0.0482     2.4485     0.0980
    -2.2738     0.3815     2.1894     0.4930
    -2.4341     0.8388     1.8142     1.0010
    -2.4608     1.3423     1.4034     1.4433
    -2.3985     1.8185     0.9660     1.8387
    -2.1937     2.2126     0.5375     2.3001
    -1.8822     2.5427     0.1448     2.6015
    -1.5174     2.8087    -0.2388     2.7428
    -1.1171     2.8087    -0.6224     2.6769
    -0.6545     2.6711    -0.8900     2.4979
    -0.1031     2.2584    -1.1575     2.1965
     0.5015     1.7819    -1.3894     1.7728
     0.9459     1.2415    -1.4696     1.3304
     1.3814     0.7016    -1.5588     0.7940
     1.8612     0.1986    -1.5855     0.1638
     2.1899    -0.2857    -1.6925    -0.3533
     2.4919    -0.8519    -1.7014    -0.8514
     2.7495    -1.1623    -1.6301    -1.3212
     2.9271    -1.4724    -1.4518    -1.6405
     3.0070    -1.7004    -1.1932    -1.8471
     2.8206    -1.9375    -0.8900    -2.1100
     2.4564    -2.0377    -0.5154    -2.2602
     2.0211    -2.1562    -0.0426    -2.3259
     1.4969    -2.1471     0.5286    -2.3072
     0.8570    -1.9192     1.0463    -2.1945
     0.2170    -1.7004     1.6356    -1.9880
    -0.4055    -1.4268     2.2162    -1.7157
    -0.9658    -1.1896     2.7522    -1.2836
    -1.3484    -0.8793     3.1544    -0.7010
    -1.6242    -0.4958     3.2885    -0.1935
    -1.8645    -0.0756     3.2170     0.4366
    -2.0157     0.3906     3.0382     1.0104
    -2.2026     0.9670     2.4395     1.6128
    -2.1893     1.5712     1.8857     2.3660
    -2.1759     2.1576     1.2784     3.0067
    -2.0869     2.6160     0.7249     3.4402
    -1.8289     2.9647     0.0913     3.5344
    -1.5619     2.9371    -0.3994     3.2799
    -1.2416     2.9096    -0.8365     2.7711
    -0.8413     2.4785    -1.2289     2.1494
    -0.3877     1.9102    -1.4696     1.5375
     0.1547     1.3423    -1.6123     0.8411
     0.7059     0.7931    -1.7460     0.3049
     1.1148     0.1986    -1.7549    -0.1841
     1.6036    -0.2857    -1.7014    -0.6071
     2.1988    -0.8063    -1.5410    -0.9830
     2.8472    -1.0984    -1.3805    -1.3306
     3.4244    -1.2900    -1.2556    -1.5654
     3.7262    -1.5180    -1.0238    -1.6781
     3.6197    -1.6822    -0.7027    -1.8190
     2.9005    -1.8372    -0.4440    -1.8847
     2.1988    -1.9010    -0.0158    -1.8941
     1.5591    -1.8919     0.3858    -1.8847
     0.8659    -1.8828     0.7964    -1.7814
     0.3148    -1.7096     1.1892    -1.4996
    -0.2721    -1.5089     1.5463    -1.2460
    -0.8413    -1.2353     1.8053    -0.9830
    -1.3928    -0.9250     2.0286    -0.6447
    -1.7132    -0.5598     2.0554    -0.2593
    -1.8911    -0.1761     1.9571     0.1920
    -2.0513     0.2078     1.7785     0.5965
    -2.0958     0.7839     1.6088     0.9446
    -2.0424     1.2324     1.4124     1.3586
    -1.9534     1.7086     1.1713     1.8105
    -1.8289     2.2218     0.9124     2.2248
    -1.7221     2.5518     0.5643     2.4697
    -1.4462     2.7903     0.1894     2.5921
    -1.1348     2.8179    -0.0872     2.5639
    -0.7079     2.7078    -0.2924     2.3755
    -0.4321     2.3501    -0.5154     2.0647
    -0.0498     1.9468    -0.7562     1.7351
     0.4304     1.4979    -0.8633     1.3304
     0.7770     1.0859    -0.9703     0.8881
     1.2126     0.6467    -1.0595     0.4930
     1.5947     0.1529    -1.1130     0.0980
     2.0478    -0.2766    -1.1219    -0.3627
     2.5008    -0.6328    -1.1308    -0.8138
     2.9538    -0.9158    -1.0416    -1.1897
     3.2734    -1.1440    -0.8454    -1.4809
     3.3445    -1.3903    -0.6403    -1.7438
     3.1047    -1.5728    -0.4708    -1.9504
     2.7673    -1.7825    -0.2032    -2.1194
     2.3143    -1.9648     0.1538    -2.1335
     1.6480    -2.0013     0.4126    -2.1476
     0.9993    -1.9739     0.6446    -1.9786
     0.3948    -1.7916     0.8678    -1.7157
    -0.2187    -1.4724     0.9749    -1.4433
    -0.8146    -1.2079     1.0909    -1.2366
    -1.2950    -0.8976     1.1356    -0.8796
    -1.5708    -0.4776     1.0999    -0.4943
    -1.8378     0.0341     1.0731    -0.0148
    -2.0958     0.6193     1.0195     0.3989
    -2.2115     1.1592     0.9481     0.9257
    -2.1848     1.7452     0.9124     1.4527
    -2.2293     2.2126     0.8588     2.0082
    -2.1225     2.6527     0.6982     2.4131
    -1.9534     2.9555     0.5732     2.7899
    -1.6331     3.0105     0.4393     2.7994
    -1.2505     2.8821     0.1448     2.6298
    -0.8947     2.5518    -0.1585     2.2436
    -0.3966     2.0018    -0.4173     1.7540
     0.0925     1.4247    -0.7741     1.1892
     0.6970     0.8480    -1.0149     0.6905
     1.2837     0.2718    -1.2735     0.2767
     1.9145    -0.2126    -1.4696    -0.1183
     2.5008    -0.7150    -1.5410    -0.5789
     3.0426    -1.1531    -1.5766    -1.0393
     3.4688    -1.4086    -1.4964    -1.4057
     3.4510    -1.5910    -1.4696    -1.7250
     3.4333    -1.8098    -1.3448    -1.8283
     3.0603    -1.9648    -1.1219    -2.0443
     2.5541    -2.1198    -0.8454    -2.1382
     1.9945    -2.2564    -0.3905    -2.1523
     1.2659    -2.2291     0.2876    -2.1664
     0.6170    -2.0286     1.0552    -2.0631
     0.0125    -1.7460     2.0554    -1.8096
    -0.5833    -1.3447     2.8774    -1.5184
    -1.1171    -0.9523     3.1008    -1.1333
    -1.4195    -0.5506     3.0293    -0.7386
    -1.6242    -0.0756     2.8059    -0.3345
    -1.8111     0.6010     2.3770     0.1544
    -1.9801     1.1592     1.9571     0.6247
    -2.0246     1.6903     1.5820     1.1798
    -2.0602     2.3043     1.1177     1.7634
    -1.9534     2.7353     0.6357     2.3660
    -1.8289     2.8913     0.2519     2.7523
    -1.6687     2.9922    -0.2121     3.0443
    -1.4195     2.9371    -0.6581     2.9690
    -1.0993     2.7445    -0.9524     2.6486
    -0.8235     2.3318    -1.2378     2.1024
    -0.4410     1.6994    -1.4161     1.5375
    -0.0320     1.0402    -1.5231     0.8505
     0.4748     0.4089    -1.5588     0.3049
     1.0259    -0.0847    -1.4964    -0.1747
     1.5147    -0.6237    -1.4429    -0.5883
     2.0567    -1.1714    -1.3626    -0.9360
     2.5719    -1.4451    -1.3181    -1.2648
     3.0248    -1.7187    -1.2021    -1.5748
     3.2468    -1.9101    -1.0773    -1.8002
     3.2024    -2.0742    -0.8008    -1.9129
     2.9182    -2.2291    -0.4619    -2.0537
     2.5985    -2.2656    -0.0247    -2.1194
     2.0922    -2.2838     0.4661    -2.1570
     1.5414    -2.1562     1.1088    -2.0725
     0.9904    -1.8737     1.6713    -1.9410
     0.4392    -1.5910     2.1894    -1.6969
    -0.1831    -1.1258     2.5199    -1.3775
    -0.7523    -0.6054     2.6986    -1.0299
    -1.1793    -0.0938     2.6361    -0.5507
    -1.5263     0.5644     2.4217     0.0416
    -1.8378     1.1592     2.0286     0.5306
    -2.1314     1.8735     1.6803     1.0292
    -2.2115     2.4510     1.2249     1.5657
    -2.3629     2.7353     0.7785     2.1306
    -2.3495     3.0105     0.2787     2.7334
    -2.3362     3.0243    -0.1139     3.1574
    -2.1136     3.0381    -0.4708     3.3836
    -1.8378     2.8179    -0.8365     3.4967
    -1.5619     2.3684    -0.9881     3.2517
    -1.2060     1.8369    -1.1754     2.8559
    -0.7434     1.3697    -1.3537     2.1024
    -0.1654     0.8022    -1.5320     1.3774
     0.4570     0.2718    -1.5588     0.6341
     1.0170    -0.2949    -1.5543     0.0604
     1.5858    -0.7424    -1.5499    -0.4849
     2.1189    -1.1896    -1.3626    -0.9172
     2.5719    -1.3995    -1.2289    -1.4996
     2.8738    -1.5636    -1.0149    -1.9786
     3.1314    -1.7460    -0.5778    -2.3353
     3.0781    -1.8007    -0.2210    -2.4104
     2.8294    -1.8372     0.1538    -2.5043
     2.4742    -1.9648     0.6803    -2.4761
     1.9856    -1.9648     1.0374    -2.4198
     1.4614    -1.8828     1.4481    -2.1664
     0.8748    -1.7643     1.8946    -1.8753
     0.3326    -1.4998     2.2073    -1.5654
    -0.2365    -1.1349     2.5199    -1.1991
    -0.7790    -0.7972     2.8148    -0.7668
    -1.2238    -0.4410     2.9042    -0.2123
    -1.5263    -0.0299     2.8684     0.3331
    -1.7132     0.6010     2.6718     0.8693
    -1.9979     1.0768     2.1894     1.3869
    -2.1403     1.5529     1.5731     1.9611
    -2.2471     2.0201     0.9927     2.4697
    -2.3094     2.5152     0.4036     2.7899
    -2.1937     2.8179    -0.0426     2.9595
    -1.9890     2.8224    -0.4797     2.9219
    -1.7844     2.8270    -0.9078     2.6486
    -1.4818     2.6527    -1.1932     2.2059
    -1.1348     2.2034    -1.3805     1.6881
    -0.6100     1.7361    -1.6301     1.1986
    -0.1831     1.2965    -1.8708     0.6905
     0.5370     0.7291    -1.9599     0.2485
     1.0437     0.1804    -1.9510    -0.1088
     1.6480    -0.3223    -1.9332    -0.4191
     2.2432    -0.7424    -1.7371    -0.8044
     2.7406    -1.0801    -1.5499    -1.2084
     3.0248    -1.2991    -1.2646    -1.4809
     3.1580    -1.5363    -0.9346    -1.6499
     3.1314    -1.6822    -0.6046    -1.7626
     2.8561    -1.8372    -0.2656    -1.8190
     2.4120    -1.9466     0.1359    -1.8471
     1.9234    -1.9284     0.4393    -1.8471
     1.3370    -1.9101     0.7428    -1.7157
     0.7859    -1.6822     1.0374    -1.4715
     0.2081    -1.4633     1.3142    -1.1709
    -0.3788    -1.1075     1.5285    -0.8702
    -0.8858    -0.6145     1.7785    -0.5319
    -1.3751    -0.2126     1.9482    -0.2029
    -1.6598     0.2352     2.1179     0.1826
    -1.8822     0.8297     2.2073     0.5965
    -2.0869     1.2690     2.2251     0.9916
    -2.1848     1.8552     2.1983     1.4810
    -2.3273     2.3776     1.9929     1.9423
    -2.3183     2.7536     1.7339     2.3943
    -2.1225     2.9463     1.4124     2.6769
    -1.9000     2.9555     0.9927     2.6769
    -1.6420     2.9647     0.5554     2.6769
    -1.3128     2.6436     0.0824     2.4131
    -0.9658     2.1209    -0.2924     1.9894
    -0.5033     1.5437    -0.5957     1.3492
    -0.0320     0.9487    -0.8722     0.7470
     0.6170     0.3175    -1.0862     0.2955
     1.1592    -0.1487    -1.2646    -0.1371
     1.7813    -0.7059    -1.3359    -0.5319
     2.3321    -1.1349    -1.4161    -1.0111
     2.7051    -1.4451    -1.4072    -1.4809
     3.0070    -1.6275    -1.3983    -1.8002
     3.0870    -1.7187    -1.2289    -1.9786
     3.0603    -1.8098    -0.9614    -2.1100
     2.7939    -1.8645    -0.6670    -2.1476
     2.5008    -1.9648    -0.3281    -2.1757
     2.0922    -1.9101    -0.0069    -2.1757
     1.6302    -1.8828     0.2430    -2.0631
     1.0615    -1.6640     0.5643    -1.8377
     0.5281    -1.3903     0.7517    -1.5184
    -0.0853    -0.9706     0.9124    -1.1803
    -0.5833    -0.6328     1.0374    -0.7762
    -1.0726    -0.3040     1.0463    -0.2405
    -1.3751     0.1346     1.0195     0.3707
    -1.6064     0.7565     1.0017     1.0857
    -1.8200     1.3056     1.0106     1.8481
    -1.9623     1.9010     0.9838     2.4320
    -2.0958     2.6344     1.0285     3.1292
    -2.1403     3.0014     1.0642     3.5344
    -2.1136     3.3134     0.9124     3.5627
    -2.0246     3.5246     0.7874     3.5910
    -1.7755     3.4052     0.6089     2.9030
    -1.5352     3.1115     0.3947     2.1400
    -1.2505     2.4051     0.0913     1.5092
    -0.9391     1.7086    -0.0872     0.8317
    -0.4766     0.9395    -0.2567     0.2203
    -0.0142     0.2443    -0.4262    -0.3345
     0.6704    -0.3223    -0.5243    -0.7950
     1.1503    -0.8428    -0.6403    -1.1991
     1.7368    -1.3903    -0.8365    -1.5372
     2.2166    -1.6366    -0.9703    -1.7157
     2.6163    -1.9010    -1.0595    -1.8283
     2.9094    -2.0013    -1.0461    -2.0349
     2.9449    -2.1106    -1.0327    -2.2415
     2.7762    -2.0651    -0.9078    -2.3729
     2.4742    -1.9648    -0.6670    -2.3635
     2.0478    -1.8737    -0.2745    -2.1757
     1.4969    -1.8007     0.2519    -2.0537
     1.0081    -1.5180     0.6803    -1.7626
     0.4659    -1.2170     1.3499    -1.4057
     0.0214    -0.8519     1.9750    -0.9454
    -0.4499    -0.4867     2.5110    -0.4661
    -0.7968    -0.1487     2.8148     0.1732
    -1.0815     0.3541     2.7969     0.6341
    -1.2505     0.8937     2.4217     1.1422
    -1.4907     1.3697     1.9571     1.5939
    -1.6865     1.8094     1.5553     2.1400
    -1.8111     2.2034     1.0999     2.5921
    -1.7933     2.4968     0.6803     2.9313
    -1.7132     2.5243     0.2965     2.9030
    -1.5352     2.5518    -0.1853     2.8747
    -1.4195     2.3501    -0.6938     2.5733
    -1.3395     2.0293    -1.1219     2.0741
    -1.1793     1.6445    -1.4607     1.5469
    -0.8680     1.2782    -1.7817     1.0669
    -0.5478     0.8937    -2.0134     0.5494
    -0.1743     0.5004    -2.1471     0.1356
     0.2614    -0.0116    -2.2719    -0.2875
     0.7593    -0.3679    -2.2184    -0.7574
     1.3281    -0.6602    -2.0580    -1.1427
     1.9234    -0.9341    -1.8084    -1.3869
     2.3942    -1.1714    -1.4964    -1.4809
     2.9094    -1.4268    -1.0684    -1.6405
     3.2468    -1.5910    -0.6135    -1.8190
     3.1314    -1.7643    -0.1229    -1.9222
     2.7939    -1.8190     0.5821    -1.9129
     2.3321    -1.7734     1.3320    -1.8190
     1.7635    -1.6184     2.0465    -1.7344
     1.1770    -1.4816     2.5467    -1.5090
     0.6170    -1.3812     2.8684    -1.2648
     0.0569    -1.1714     2.8416    -0.9548
    -0.5389    -0.9341     2.8148    -0.6353
    -1.0014    -0.6328     2.6361    -0.3251
    -1.3217    -0.2949     2.2966     0.0604
    -1.5797     0.1529     1.9303     0.3707
    -1.7933     0.6010     1.5731     0.8034
          3          3          3          3
