    4   2048 0.020000  2016   1  19  12  52
         16         10         11         42
     1.7061    -2.3213    -1.6783    -2.0840
     1.2884    -2.4488    -1.5535    -2.1122
     0.8885    -2.5035    -1.4375    -2.1497
     0.4885    -2.4852    -1.3306    -2.0652
     0.2218    -2.4397    -1.1701    -1.9714
    -0.0716    -2.4033    -0.9293    -1.7742
    -0.4274    -2.1846    -0.6617    -1.5957
    -0.8365    -1.9659    -0.4119    -1.3515
    -1.1567    -1.6741    -0.1354    -1.0885
    -1.4147    -1.3093     0.1412    -0.7690
    -1.6639    -0.9625     0.4000    -0.4776
    -1.8241    -0.5608     0.6945    -0.1392
    -2.0287    -0.1315     0.9356     0.1899
    -2.1978     0.4079     1.1766     0.5473
    -2.3314     0.7920     1.3641     0.8765
    -2.3225     1.1947     1.5070     1.2247
    -2.2067     1.5335     1.6588     1.5353
    -2.0821     1.8816     1.7927     1.8177
    -1.9664     2.2299     1.8731     2.0908
    -1.8508     2.5049     1.9089     2.2508
    -1.6728     2.7526     1.9178     2.4298
    -1.3881     3.0095     1.9044     2.4675
    -1.0856     3.1104     1.8910     2.5146
    -0.7742     3.1196     1.7302     2.4486
    -0.3651     2.9544     1.5963     2.2697
     0.0528     2.8076     1.4534     2.1002
     0.5063     2.5233     1.2659     1.8836
     0.9152     2.1932     1.0963     1.6577
     1.3240     1.8358     0.9088     1.3094
     1.7594     1.4786     0.7213     0.9988
     2.1414     1.0208     0.5607     0.6319
     2.4790     0.5176     0.3286     0.3027
     2.7188     0.1153     0.1323     0.0206
     2.8076    -0.1680    -0.0640    -0.1862
     2.8342    -0.4695    -0.3138    -0.4682
     2.8342    -0.8073    -0.5190    -0.7408
     2.8165    -1.1816    -0.7152    -1.0133
     2.7099    -1.5921    -0.8133    -1.3139
     2.5145    -1.7927    -0.9382    -1.4736
     2.1592    -1.9203    -1.0452    -1.7272
     1.7772    -2.0935    -1.1165    -1.8587
     1.3773    -2.1573    -1.2236    -2.0652
     0.9863    -2.1937    -1.2771    -2.1685
     0.5329    -2.1573    -1.2592    -2.1967
     0.2307    -2.1208    -1.2146    -2.2061
    -0.0805    -2.1482    -1.1968    -2.0934
    -0.4096    -2.1026    -1.1522    -1.9526
    -0.7920    -1.9659    -1.0452    -1.7460
    -1.1656    -1.8291    -0.9471    -1.4830
    -1.4503    -1.5373    -0.7598    -1.2482
    -1.6995    -1.1633    -0.5101    -0.9381
    -1.8864    -0.7617    -0.2960    -0.6280
    -2.1266    -0.3781    -0.0194    -0.3178
    -2.2869     0.1244     0.2394     0.0864
    -2.4204     0.6182     0.4714     0.4344
    -2.3759     0.9384     0.7570     0.8201
    -2.3136     1.2771     1.0248     1.2435
    -2.1889     1.6068     1.2480     1.6012
    -2.1800     1.9274     1.4713     1.8365
    -2.0287     2.2482     1.5963     2.1002
    -1.8419     2.5233     1.7213     2.3262
    -1.5482     2.7159     1.8195     2.4392
    -1.2813     2.9544     1.8553     2.5240
    -0.9166     3.0187     1.8374     2.5428
    -0.5608     2.8535     1.7302     2.4015
    -0.1606     2.6884     1.6409     2.2414
     0.2929     2.3949     1.5873     1.9589
     0.7196     2.1107     1.4891     1.6482
     1.1196     1.7533     1.3641     1.2906
     1.5906     1.3687     1.2302     0.8765
     1.9993     0.9293     1.0605     0.4344
     2.2658     0.4719     0.7660     0.0582
     2.5589     0.0056     0.4625    -0.3648
     2.7365    -0.3964     0.1145    -0.6280
     2.8076    -0.6978    -0.2335    -0.8912
     2.8076    -0.9717    -0.5814    -1.2012
     2.7632    -1.3275    -0.8758    -1.4361
     2.6477    -1.6833    -1.1344    -1.6896
     2.4345    -2.0023    -1.3751    -1.9056
     2.1059    -2.1937    -1.5445    -2.1310
     1.7327    -2.4215    -1.7496    -2.2155
     1.2884    -2.4579    -1.8298    -2.3093
     0.8263    -2.4944    -1.9011    -2.2906
     0.3996    -2.4761    -1.9368    -2.2906
     0.1684    -2.4488    -1.9189    -2.1685
    -0.1339    -2.3122    -1.8298    -2.0277
    -0.5341    -2.0935    -1.6337    -1.8211
    -0.8810    -1.8929    -1.4375    -1.6615
    -1.2368    -1.6559    -1.1433    -1.3891
    -1.4859    -1.4005    -0.8133    -1.0791
    -1.7440    -1.0264    -0.5190    -0.7502
    -1.9842    -0.6704    -0.1711    -0.4118
    -2.1800    -0.2320     0.1145    -0.0358
    -2.4115     0.1610     0.4268     0.2651
    -2.4827     0.6274     0.7124     0.6413
    -2.4827     1.0208     0.9713     1.0459
    -2.4293     1.4145     1.2659     1.4035
    -2.3670     1.7625     1.5070     1.7047
    -2.2334     2.1474     1.7392     1.9966
    -2.0643     2.4683     2.0428     2.2038
    -1.8864     2.6609     2.3376     2.3639
    -1.6550     2.9820     2.5520     2.5146
    -1.3703     3.1288     2.6324     2.5428
    -1.0233     3.0829     2.6235     2.5240
    -0.6141     3.0187     2.5610     2.4204
    -0.2495     2.8535     2.4538     2.3168
     0.1329     2.6242     2.2751     2.0719
     0.5774     2.3307     2.0339     1.7800
     1.0307     1.9366     1.7034     1.4976
     1.4040     1.5335     1.3284     1.1306
     1.7949     1.0391     0.9534     0.7448
     2.1325     0.6182     0.4803     0.4062
     2.4434     0.2524     0.0609     0.0770
     2.6921    -0.0583    -0.2781    -0.2332
     2.7898    -0.4421    -0.6171    -0.5152
     2.7543    -0.8439    -0.9828    -0.7972
     2.7632    -1.1359    -1.2236    -1.0979
     2.6744    -1.4553    -1.5000    -1.3797
     2.3990    -1.5921    -1.6783    -1.5957
     2.0615    -1.7653    -1.8655    -1.8117
     1.7416    -1.9932    -1.9457    -1.9244
     1.3151    -2.1390    -2.0526    -1.9995
     0.8618    -2.3122    -2.0526    -2.0277
     0.4529    -2.3486    -2.0081    -2.0277
     0.1418    -2.3577    -1.8922    -2.0183
    -0.1784    -2.2666    -1.6872    -1.9244
    -0.5252    -2.0935    -1.4465    -1.7929
    -0.8899    -1.9112    -1.1790    -1.5957
    -1.2279    -1.7106    -0.9204    -1.3985
    -1.4770    -1.4644    -0.6439    -1.0885
    -1.7529    -1.1359    -0.3049    -0.8160
    -1.9486    -0.7708     0.0252    -0.4682
    -2.1889    -0.3873     0.3911    -0.0828
    -2.3136    -0.0218     0.6678     0.2651
    -2.4026     0.4262     0.9802     0.6978
    -2.4115     0.8469     1.3462     1.1023
    -2.3581     1.2680     1.6320     1.5259
    -2.2690     1.6892     1.9089     1.8554
    -2.1444     2.0557     2.1590     2.1849
    -2.0198     2.4132     2.4091     2.4392
    -1.7618     2.6884     2.5252     2.5899
    -1.5037     2.9361     2.5610     2.7124
    -1.2101     3.0921     2.5431     2.6935
    -0.9166     3.0737     2.4984     2.6747
    -0.5252     2.9911     2.3198     2.5711
    -0.1161     2.8168     2.0696     2.3168
     0.3018     2.5508     1.7392     2.0531
     0.7018     2.2482     1.3998     1.7047
     1.1018     1.8908     1.0784     1.3470
     1.5195     1.4786     0.7124     0.9236
     1.8927     0.9934     0.3554     0.5190
     2.2480     0.5725     0.0163     0.1429
     2.6033     0.1153    -0.2960    -0.2520
     2.7809    -0.2959    -0.6082    -0.5246
     2.7809    -0.6065    -0.9382    -0.8066
     2.8165    -0.9717    -1.1611    -1.0321
     2.7987    -1.3549    -1.3395    -1.2952
     2.8253    -1.6741    -1.5356    -1.5582
     2.7188    -1.9385    -1.6693    -1.7648
     2.3368    -2.0844    -1.7852    -1.9526
     2.0082    -2.1937    -1.8476    -2.0746
     1.5550    -2.3304    -1.9100    -2.1967
     1.1196    -2.4124    -1.8744    -2.2812
     0.7107    -2.4488    -1.8565    -2.2906
     0.4351    -2.4579    -1.7050    -2.1873
     0.0884    -2.4033    -1.4910    -2.0934
    -0.2851    -2.3213    -1.2592    -1.8681
    -0.6052    -2.0935    -1.0095    -1.6239
    -0.9166    -1.8656    -0.7687    -1.3891
    -1.1834    -1.5373    -0.4922    -1.1354
    -1.4770    -1.1633    -0.1711    -0.9100
    -1.7173    -0.8073     0.1948    -0.6562
    -1.9220    -0.4695     0.4803    -0.3836
    -2.0732    -0.0766     0.7927    -0.0358
    -2.1889     0.3164     1.0784     0.3686
    -2.2067     0.6640     1.3641     0.6884
    -2.1622     0.9567     1.6320     1.0835
    -2.0732     1.3137     1.8463     1.3847
    -2.0198     1.6984     1.9982     1.6765
    -1.8152     1.9824     2.0607     1.9966
    -1.6550     2.3216     2.0652     2.2226
    -1.4592     2.5141     2.0696     2.3733
    -1.1834     2.7434     2.0250     2.4863
    -0.8632     2.8443     1.9535     2.5146
    -0.5074     2.8076     1.8642     2.3921
    -0.1339     2.6517     1.7481     2.2320
     0.3374     2.4774     1.5695     2.0248
     0.8174     2.2024     1.3016     1.7047
     1.1907     1.8908     0.9802     1.3941
     1.5995     1.5976     0.6856     1.0553
     1.9904     1.1947     0.4089     0.7166
     2.3635     0.7554     0.2126     0.2933
     2.6477     0.3073    -0.0194    -0.0734
     2.7898    -0.1132    -0.2960    -0.4400
     2.7987    -0.4238    -0.5011    -0.7126
     2.8342    -0.7982    -0.7598    -0.9475
     2.8076    -1.2546    -0.9560    -1.2388
     2.7543    -1.5647    -1.1076    -1.4548
     2.6299    -1.8838    -1.2414    -1.6333
     2.3635    -2.0844    -1.4108    -1.8117
     2.0082    -2.2302    -1.5089    -1.9714
     1.5195    -2.3759    -1.5802    -2.1310
     1.0840    -2.3759    -1.5668    -2.1873
     0.7018    -2.3759    -1.5535    -2.1873
     0.3551    -2.3213    -1.4732    -2.1310
     0.0973    -2.2575    -1.3662    -1.9995
    -0.2673    -2.1299    -1.1968    -1.8305
    -0.6141    -1.9568    -1.0006    -1.6896
    -0.9521    -1.7106    -0.8401    -1.5018
    -1.2902    -1.3640    -0.6617    -1.2670
    -1.5304    -1.0355    -0.4030    -1.0415
    -1.7529    -0.7343    -0.1621    -0.7032
    -1.9664    -0.5060     0.1234    -0.3366
    -2.1800    -0.1406     0.4000     0.0300
    -2.3225     0.2799     0.6767     0.5096
    -2.3225     0.6823     0.9534     0.9142
    -2.3225     1.0025     1.2302     1.3094
    -2.2512     1.4694     1.4891     1.6577
    -2.0732     1.7900     1.7302     1.8836
    -1.9753     2.1657     1.8463     2.1473
    -1.7796     2.4591     2.0071     2.3168
    -1.5482     2.6792     2.1411     2.4957
    -1.2457     2.8718     2.1768     2.5428
    -0.8810     2.9453     2.1947     2.5146
    -0.5252     2.9453     2.1500     2.4769
    -0.0539     2.8718     2.0071     2.3262
     0.3374     2.6242     1.8821     2.1002
     0.7818     2.4041     1.6231     1.8648
     1.1818     2.0832     1.3284     1.5259
     1.5906     1.7442     0.9534     1.1118
     1.9548     1.2588     0.6499     0.7448
     2.3191     0.8378     0.3822     0.3403
     2.6122     0.4079     0.0788    -0.0264
     2.7454    -0.0675    -0.1800    -0.3366
     2.7987    -0.4603    -0.4565    -0.6280
     2.8165    -0.8712    -0.7509    -0.9100
     2.7720    -1.2637    -1.0185    -1.2388
     2.7632    -1.5465    -1.2236    -1.5018
     2.6033    -1.8109    -1.4732    -1.7460
     2.2480    -1.9750    -1.6693    -1.9714
     1.8749    -2.1117    -1.8298    -2.1216
     1.4395    -2.2575    -1.9635    -2.2342
     1.0751    -2.3942    -1.9903    -2.2624
     0.7107    -2.4579    -2.0081    -2.2812
     0.4529    -2.4579    -1.9813    -2.2155
     0.0973    -2.4761    -1.8120    -2.0934
    -0.2495    -2.3486    -1.7318    -1.9620
    -0.6230    -2.1937    -1.5356    -1.7178
    -1.0322    -2.0388    -1.2949    -1.5112
    -1.3169    -1.7653    -1.0452    -1.2294
    -1.5482    -1.4735    -0.7509    -0.9100
    -1.7529    -1.1086    -0.4298    -0.6280
    -1.9664    -0.7526    -0.0640    -0.2520
    -2.0999    -0.2594     0.2394     0.1240
    -2.2067     0.1336     0.6142     0.4908
    -2.2601     0.5451     1.0248     0.8859
    -2.2690     0.9842     1.4266     1.2812
    -2.1088     1.3778     1.6766     1.6200
    -2.0109     1.7808     1.9178     1.7894
    -1.8330     2.1932     2.0518     2.0060
    -1.6817     2.4499     2.2840     2.1943
    -1.4414     2.7434     2.3555     2.2979
    -1.1389     2.9636     2.3466     2.3168
    -0.7920     2.9911     2.3376     2.3074
    -0.4096     2.9453     2.2126     2.2320
    -0.0183     2.7893     2.0607     2.1096
     0.4618     2.5875     1.8463     1.9307
     0.8263     2.3491     1.5248     1.7141
     1.1729     2.0374     1.1766     1.4129
     1.6083     1.6709     0.8284     1.1400
     1.9904     1.3137     0.5339     0.8013
     2.3280     0.8835     0.1769     0.4814
     2.6211     0.3896    -0.1443     0.1523
     2.7632    -0.0035    -0.4655    -0.1486
     2.7898    -0.3964    -0.7509    -0.4118
     2.7720    -0.6887    -0.9828    -0.7126
     2.7632    -1.0355    -1.1790    -0.9757
     2.7454    -1.3367    -1.3662    -1.3233
     2.5855    -1.5465    -1.5178    -1.6051
     2.2658    -1.7653    -1.6604    -1.7929
     1.8660    -2.0023    -1.8031    -1.9995
     1.4662    -2.1208    -1.7942    -2.0934
     1.0663    -2.2666    -1.8120    -2.1779
     0.6396    -2.3942    -1.7496    -2.1310
     0.3551    -2.4852    -1.6604    -2.1028
     0.0351    -2.4761    -1.5089    -1.9901
    -0.3029    -2.3577    -1.3127    -1.8587
    -0.6675    -2.2393    -1.0898    -1.6709
    -1.0233    -2.0114    -0.8401    -1.4548
    -1.3169    -1.7015    -0.5903    -1.2012
    -1.6105    -1.3732    -0.3495    -1.0133
    -1.8508    -0.9625    -0.0372    -0.7126
    -2.0821    -0.6247     0.2929    -0.4400
    -2.3225    -0.2228     0.6053    -0.0264
    -2.4293     0.1153     0.9266     0.3027
    -2.4204     0.6182     1.1588     0.7354
    -2.3670     1.0483     1.4445     1.1212
    -2.3403     1.4145     1.7124     1.4694
    -2.2512     1.8633     1.9624     1.7612
    -2.0643     2.2757     2.0964     2.0531
    -1.9042     2.5600     2.2215     2.2320
    -1.7262     2.8627     2.2930     2.4392
    -1.4503     3.0462     2.2930     2.5051
    -1.1567     3.0737     2.2483     2.5240
    -0.7298     3.0278     2.0964     2.5146
    -0.3918     2.9453     1.9356     2.3639
     0.0439     2.7067     1.7213     2.1661
     0.4707     2.4591     1.4891     1.9024
     0.8529     2.1290     1.2123     1.6388
     1.2440     1.7625     0.9088     1.2717
     1.6083     1.3412     0.5964     0.8577
     2.0170     0.9110     0.2929     0.5285
     2.3013     0.4353     0.0074     0.1335
     2.6211    -0.0127    -0.2781    -0.2144
     2.7365    -0.3416    -0.5190    -0.5152
     2.7898    -0.6704    -0.7687    -0.7784
     2.7365    -0.9443    -0.9739    -1.0603
     2.6477    -1.2637    -1.2057    -1.3327
     2.4079    -1.5465    -1.3841    -1.5863
     2.0970    -1.7927    -1.4910    -1.7742
     1.7594    -2.0023    -1.5980    -1.9150
     1.3418    -2.1117    -1.7228    -1.9714
     0.9418    -2.2848    -1.7407    -2.0371
     0.4796    -2.3577    -1.7318    -2.0371
     0.2573    -2.3577    -1.6337    -2.0089
    -0.0628    -2.3577    -1.5535    -1.8868
    -0.3918    -2.3031    -1.4375    -1.7366
    -0.7475    -2.1299    -1.2771    -1.5957
    -1.1034    -1.9385    -1.1165    -1.3985
    -1.3525    -1.6650    -0.8847    -1.1824
    -1.6639    -1.3458    -0.6706    -0.9100
    -1.8330    -0.9534    -0.3673    -0.6374
    -2.0910    -0.5973    -0.0818    -0.3930
    -2.2779    -0.2046     0.2305    -0.0170
    -2.3581     0.2707     0.5964     0.3027
    -2.3937     0.5908     0.8284     0.6601
    -2.3581     0.9934     1.1141     1.0647
    -2.3225     1.4236     1.3730     1.4129
    -2.1889     1.7625     1.6141     1.7047
    -2.0465     2.1657     1.8017     1.9872
    -1.8953     2.4224     2.0428     2.2226
    -1.6194     2.7067     2.1232     2.4015
    -1.3525     2.9177     2.2304     2.4675
    -1.0322     3.0278     2.2930     2.5051
    -0.6764     3.0278     2.2572     2.4580
    -0.2584     2.9085     2.0964     2.3733
     0.1329     2.6792     1.9267     2.1661
     0.5863     2.3857     1.7302     1.9024
     0.9952     2.0007     1.3820     1.5729
     1.4217     1.6801     1.1052     1.2153
     1.8038     1.2222     0.7660     0.8389
     2.1059     0.7646     0.3822     0.4250
     2.4079     0.2616     0.0877     0.0488
     2.7099    -0.0858    -0.2246    -0.2426
     2.7898    -0.4055    -0.5457    -0.5246
     2.7720    -0.7434    -0.7777    -0.7690
     2.7898    -1.0903    -1.0274    -1.0791
     2.7720    -1.3914    -1.2414    -1.3139
     2.6744    -1.6468    -1.3930    -1.5769
     2.4168    -1.9112    -1.5713    -1.7742
     2.0348    -2.0206    -1.6515    -1.9432
     1.6528    -2.1755    -1.7318    -2.0277
     1.1818    -2.2848    -1.7763    -2.0371
     0.8174    -2.3213    -1.7407    -2.0183
     0.5329    -2.3304    -1.6872    -1.9244
     0.1951    -2.3304    -1.6426    -1.9150
    -0.1339    -2.2211    -1.5000    -1.8023
    -0.4451    -2.0206    -1.2771    -1.6803
    -0.8098    -1.7927    -1.0720    -1.4830
    -1.1034    -1.5191    -0.8223    -1.2858
    -1.3792    -1.2089    -0.5547    -1.0791
    -1.6283    -0.8804    -0.2781    -0.8066
    -1.8953    -0.5334    -0.0283    -0.4776
    -2.0198    -0.1497     0.2662    -0.1110
    -2.1266     0.2616     0.5785     0.2369
    -2.1889     0.6823     0.8999     0.6225
    -2.1622     1.0574     1.1945     1.0459
    -2.1355     1.4694     1.5248     1.4317
    -2.0643     1.8358     1.7927     1.7989
    -1.9397     2.1840     1.9892     2.0343
    -1.7885     2.5600     2.1679     2.2885
    -1.5482     2.8168     2.2126     2.4392
    -1.3080     3.0645     2.2840     2.5805
    -1.0411     3.1013     2.3198     2.5617
    -0.6675     3.1380     2.1858     2.5240
    -0.2851     3.0003     2.0696     2.4298
     0.0973     2.7526     1.8642     2.2508
     0.5685     2.5141     1.6499     1.9683
     0.9418     2.1840     1.3462     1.6294
     1.3329     1.7900     0.9802     1.2623
     1.7416     1.3412     0.6142     0.9142
     2.0970     0.8195     0.2572     0.5285
     2.4345     0.4079    -0.0640     0.1711
     2.6921    -0.0401    -0.3852    -0.1956
     2.7898    -0.3873    -0.6528    -0.5152
     2.8165    -0.7252    -0.8758    -0.7596
     2.8165    -1.0629    -1.0720    -1.0791
     2.7898    -1.3914    -1.2592    -1.3985
     2.6832    -1.6468    -1.4019    -1.6239
     2.3635    -1.8200    -1.5535    -1.7366
     1.9637    -1.9659    -1.6693    -1.8117
     1.6083    -2.1482    -1.6872    -1.8399
     1.1551    -2.2119    -1.7407    -1.8868
     0.7107    -2.2666    -1.7674    -1.9244
     0.3551    -2.3213    -1.6783    -1.9338
     0.0884    -2.2666    -1.6069    -1.9432
    -0.2317    -2.1482    -1.4910    -1.8681
    -0.5608    -1.9750    -1.3306    -1.7272
    -0.8721    -1.7106    -1.1611    -1.4830
    -1.1923    -1.5191    -0.8758    -1.2670
    -1.4770    -1.2089    -0.6349    -0.9757
    -1.6550    -0.8439    -0.3941    -0.6938
    -1.8864    -0.5517    -0.1265    -0.4024
    -2.0910    -0.2046     0.1501    -0.1016
    -2.2156     0.2341     0.4446     0.2087
    -2.2512     0.6182     0.7749     0.5473
    -2.2601     0.9751     1.0695     0.9518
    -2.1978     1.3320     1.3462     1.2906
    -2.1444     1.7075     1.6499     1.6482
    -1.9664     2.0832     1.8285     1.8554
    -1.8063     2.3491     2.0518     2.0908
    -1.6016     2.6425     2.2215     2.2791
    -1.3525     2.8994     2.3555     2.4110
    -1.0322     2.9085     2.3466     2.4392
    -0.7298     2.9177     2.3376     2.4110
    -0.3117     2.8351     2.2215     2.2414
     0.1062     2.6609     2.0428     2.0343
     0.6041     2.3766     1.8463     1.7894
     0.9418     2.0099     1.5338     1.4600
     1.3418     1.7167     1.2659     1.0835
     1.7061     1.2405     0.8909     0.6884
     2.0170     0.7920     0.5607     0.2839
     2.4079     0.3256     0.1680    -0.0546
     2.6033    -0.1589    -0.1265    -0.4494
     2.7543    -0.5517    -0.4119    -0.6844
     2.7809    -0.9351    -0.6617    -0.9475
     2.7454    -1.2728    -0.9025    -1.2012
     2.7099    -1.5921    -1.1165    -1.3985
     2.6122    -1.9021    -1.2681    -1.6239
     2.2747    -2.0297    -1.4732    -1.8399
     1.9282    -2.2119    -1.5445    -2.0277
     1.5373    -2.2757    -1.6783    -2.1404
     1.0574    -2.3942    -1.6872    -2.2342
     0.6574    -2.4488    -1.6693    -2.2906
     0.3107    -2.4670    -1.5980    -2.1967
    -0.0272    -2.4397    -1.4643    -2.1404
    -0.3384    -2.3395    -1.2949    -1.9995
    -0.6764    -2.2028    -1.1165    -1.8023
    -0.9699    -1.9568    -0.9649    -1.6521
    -1.2635    -1.7197    -0.7509    -1.3985
    -1.4859    -1.4461    -0.4476    -1.1824
    -1.7173    -1.0994    -0.1532    -0.9475
    -1.9753    -0.7434     0.1948    -0.5998
    -2.1889    -0.3873     0.4982    -0.2802
    -2.3136    -0.0035     0.8106     0.1240
    -2.3759     0.3987     1.0605     0.5096
    -2.3492     0.7920     1.3552     0.9330
    -2.3492     1.2222     1.6945     1.3094
    -2.2334     1.6434     1.9714     1.6200
    -2.0999     1.9916     2.2036     1.9213
    -1.9397     2.3307     2.3734     2.1096
    -1.7796     2.6242     2.4716     2.2979
    -1.5126     2.8810     2.4627     2.3921
    -1.2546     3.0003     2.4538     2.4675
    -0.8899     3.0462     2.3555     2.4863
    -0.4896     3.0278     2.2215     2.3921
    -0.1250     2.8168     1.9803     2.2320
     0.3107     2.5783     1.7034     2.0060
     0.7196     2.2757     1.4177     1.7235
     1.1196     1.8724     1.0784     1.3659
     1.5284     1.4419     0.7749     1.0083
     1.8927     0.9934     0.4803     0.6319
     2.2125     0.5085     0.1234     0.2839
     2.5322     0.0696    -0.1800    -0.0734
     2.7010    -0.3142    -0.4387    -0.3460
     2.7276    -0.6978    -0.6706    -0.5998
     2.7365    -1.0629    -0.8758    -0.9100
     2.6832    -1.3914    -1.0452    -1.2482
     2.5589    -1.6285    -1.2503    -1.4830
     2.3102    -1.8838    -1.3573    -1.6521
     1.9815    -1.9750    -1.4554    -1.8305
     1.5461    -2.1117    -1.5089    -1.8775
     1.0485    -2.1664    -1.5713    -1.9526
     0.6307    -2.2484    -1.5445    -1.9526
     0.3374    -2.2347    -1.4643    -1.9244
    -0.0361    -2.2211    -1.3662    -1.8681
    -0.3384    -2.2028    -1.2681    -1.7460
    -0.6764    -1.9932    -1.1255    -1.6333
    -0.9521    -1.8383    -0.9739    -1.4548
    -1.2101    -1.6194    -0.7598    -1.2482
    -1.4503    -1.3549    -0.5011    -1.0697
    -1.7440    -1.0903    -0.2246    -0.8066
    -2.0020    -0.7891     0.0609    -0.5716
    -2.1800    -0.4147     0.3465    -0.2332
    -2.3314    -0.0401     0.5964     0.0864
    -2.3047     0.3256     0.9266     0.4344
    -2.3225     0.7920     1.2034     0.8389
    -2.2690     1.2130     1.5159     1.1965
    -2.1978     1.6343     1.8106     1.5729
    -2.0999     1.9458     2.0518     1.8459
    -1.8508     2.3307     2.2304     2.1378
    -1.6906     2.6425     2.3644     2.3827
    -1.4059     2.8168     2.3734     2.5240
    -1.1656     3.0187     2.4180     2.6182
    -0.8009     3.0187     2.3287     2.6276
    -0.3562     3.0003     2.2126     2.5805
     0.0262     2.8810     2.0071     2.3639
     0.4351     2.6425     1.8017     2.1096
     0.8885     2.2665     1.4713     1.7894
     1.2884     1.8999     1.1230     1.4035
     1.7327     1.5335     0.8017     1.0083
     2.0703     1.0300     0.4357     0.6413
     2.4612     0.4993     0.1412     0.1993
     2.7010     0.0330    -0.1711    -0.1486
     2.7720    -0.3507    -0.4744    -0.4494
     2.7676    -0.7252    -0.7509    -0.7126
     2.7632    -1.0812    -0.9471    -1.0321
     2.7498    -1.4461    -1.1433    -1.2670
     2.7365    -1.6650    -1.3484    -1.4830
     2.6122    -1.8747    -1.4910    -1.6803
     2.2480    -2.0844    -1.5891    -1.8305
     1.7505    -2.2119    -1.7139    -1.9056
     1.3240    -2.2666    -1.7318    -1.9714
     0.8796    -2.2757    -1.7763    -1.9807
     0.5152    -2.2757    -1.7228    -2.0089
     0.2307    -2.2484    -1.6337    -1.9432
    -0.1072    -2.1573    -1.5178    -1.7836
    -0.4807    -2.0297    -1.3395    -1.6615
    -0.8187    -1.8383    -1.1611    -1.4548
    -1.1123    -1.5829    -0.9560    -1.2106
    -1.3614    -1.2272    -0.7420    -1.0133
    -1.5749    -0.9534    -0.4744    -0.7784
    -1.8152    -0.5973    -0.1978    -0.4964
    -2.0109    -0.2228     0.1323    -0.1862
    -2.1444     0.2616     0.4536     0.1335
    -2.1622     0.6365     0.7749     0.4720
    -2.1622     0.9842     1.0963     0.8953
    -2.1177     1.3595     1.3909     1.3188
    -2.0732     1.7259     1.6499     1.6482
    -1.9486     2.1107     1.8553     1.9966
    -1.7707     2.4132     2.0607     2.2508
    -1.5215     2.7159     2.1232     2.4580
    -1.2635     2.9544     2.1858     2.6653
    -1.0055     3.0554     2.2036     2.7030
    -0.6141     3.1196     2.1143     2.7312
    -0.2050     3.1013     2.0071     2.6182
     0.1951     2.9269     1.8106     2.4486
     0.6396     2.6884     1.5963     2.1849
     1.1018     2.3857     1.3016     1.8365
     1.5728     2.0007     1.0070     1.5165
     1.9726     1.6343     0.6231     1.1023
     2.3457     1.1856     0.3108     0.6601
     2.6477     0.6640    -0.0462     0.2839
     2.7720     0.2250    -0.2960    -0.0640
     2.8076    -0.1315    -0.5814    -0.3742
     2.8431    -0.5608    -0.7866    -0.6750
     2.8964    -0.9260    -1.0630    -1.0133
     2.9141    -1.2637    -1.2414    -1.2764
     2.8875    -1.5647    -1.4375    -1.5112
     2.7010    -1.8109    -1.6069    -1.6615
     2.2569    -2.0206    -1.7496    -1.8493
     1.8038    -2.1937    -1.8476    -1.9526
     1.3684    -2.2939    -1.9011    -2.0089
     0.8885    -2.3122    -1.8565    -2.0652
     0.4885    -2.2757    -1.8120    -2.0465
     0.2218    -2.2393    -1.7228    -1.9995
    -0.0805    -2.0570    -1.6515    -1.8868
    -0.4718    -1.9659    -1.4732    -1.6990
    -0.8009    -1.7835    -1.3216    -1.5300
    -1.1389    -1.6377    -1.0452    -1.2952
    -1.4059    -1.3823    -0.8312    -1.1167
    -1.6194    -1.0629    -0.5993    -0.9006
    -1.8241    -0.7617    -0.2781    -0.6750
    -2.0376    -0.3781     0.0074    -0.4400
    -2.2156     0.0148     0.3286    -0.0640
    -2.2512     0.4079     0.6321     0.2745
    -2.1978     0.8103     0.9713     0.6413
    -2.1533     1.0940     1.3016     1.0459
    -2.0465     1.5243     1.5695     1.4223
    -1.9220     1.8908     1.8195     1.6859
    -1.7885     2.1565     1.9624     1.9778
    -1.6283     2.5049     2.1411     2.2226
    -1.3792     2.7342     2.2751     2.4110
    -1.0945     2.8627     2.3198     2.5051
    -0.7298     2.9269     2.2304     2.5051
    -0.3206     2.9085     2.0607     2.4015
     0.0706     2.7067     1.9267     2.2038
     0.4885     2.4958     1.7213     1.9589
     0.8529     2.1749     1.4891     1.6482
     1.2529     1.8908     1.1855     1.2906
     1.6528     1.4419     0.8284     0.9236
     2.0348     0.9384     0.5428     0.5190
     2.3635     0.5268     0.1769     0.1523
     2.5678     0.0056    -0.0997    -0.1956
     2.7809    -0.3325    -0.4298    -0.4588
     2.7898    -0.7160    -0.6349    -0.7126
     2.7898    -1.1086    -0.8847    -1.0039
     2.7188    -1.4735    -1.0809    -1.2952
     2.5767    -1.8109    -1.2503    -1.5394
     2.3368    -1.9841    -1.3841    -1.7554
     1.9815    -2.1026    -1.5535    -1.8868
     1.5639    -2.2302    -1.6515    -2.0277
     1.0574    -2.3759    -1.7318    -2.0934
     0.6041    -2.3942    -1.7585    -2.1497
     0.1684    -2.3668    -1.6783    -2.1591
    -0.1072    -2.3122    -1.6515    -2.1216
    -0.4185    -2.2211    -1.5624    -2.0089
    -0.7209    -2.1390    -1.3751    -1.8117
    -1.0500    -1.9294    -1.2325    -1.6427
    -1.2991    -1.7471    -0.9917    -1.4079
    -1.5393    -1.4644    -0.7420    -1.1448
    -1.7974    -1.1268    -0.4833    -0.9287
    -2.0020    -0.8256    -0.1532    -0.6562
    -2.1889    -0.4329     0.2037    -0.3930
    -2.3492    -0.0949     0.4446    -0.0358
    -2.3136     0.3530     0.7838     0.2839
    -2.2690     0.7646     1.1498     0.6978
    -2.2601     1.0940     1.4534     1.0271
    -2.2156     1.4694     1.6856     1.3847
    -2.0821     1.7900     1.9178     1.6577
    -1.9220     2.1749     2.0964     1.9118
    -1.7351     2.4132     2.2840     2.1661
    -1.4948     2.6517     2.3734     2.3733
    -1.2368     2.8810     2.3734     2.4957
    -0.8632     2.9269     2.3198     2.4769
    -0.5163     2.9453     2.2036     2.4298
    -0.1784     2.7526     1.9714     2.2697
     0.2751     2.5600     1.7660     2.0719
     0.7107     2.3124     1.5248     1.8177
     1.1551     1.9366     1.2927     1.4506
     1.5373     1.5610     0.9623     1.1118
     1.8660     1.1123     0.6321     0.7354
     2.1325     0.6365     0.3197     0.3121
     2.4612     0.1336    -0.0462     0.0206
     2.6388    -0.2685    -0.3495    -0.3178
     2.7099    -0.6613    -0.6171    -0.5810
     2.7543    -1.0447    -0.8579    -0.9100
     2.7365    -1.4005    -1.0630    -1.2670
     2.6299    -1.6559    -1.2325    -1.5112
     2.3990    -1.8929    -1.3841    -1.7460
     2.0526    -2.0206    -1.5267    -1.9338
     1.6883    -2.1573    -1.6248    -2.0465
     1.3062    -2.2939    -1.7228    -2.1216
     0.8352    -2.3577    -1.7407    -2.1122
     0.3818    -2.3759    -1.6961    -2.0652
     0.0439    -2.3395    -1.5891    -2.0652
    -0.2406    -2.2393    -1.4821    -1.9244
    -0.5608    -2.0935    -1.3306    -1.7554
    -0.8721    -1.8565    -1.1344    -1.6051
    -1.2012    -1.6650    -0.9649    -1.3327
    -1.4147    -1.3640    -0.6795    -1.0885
    -1.6194    -1.1359    -0.4476    -0.8724
    -1.8775    -0.7891    -0.1086    -0.6374
    -2.0821    -0.4786     0.1769    -0.3742
    -2.1889    -0.0583     0.4893     0.0018
    -2.2334     0.4262     0.8909     0.3403
    -2.2245     0.8286     1.1945     0.7730
    -2.2112     1.1398     1.4802     1.1682
    -2.1978     1.5793     1.7302     1.4882
    -2.0999     1.9091     1.9535     1.8083
    -1.9042     2.2207     2.1768     2.1002
    -1.7707     2.5141     2.2572     2.2979
    -1.5037     2.7251     2.3823     2.4957
    -1.2546     2.8902     2.3287     2.6464
    -0.8988     2.9911     2.2840     2.6370
    -0.5608     3.0278     2.1947     2.6276
    -0.1784     2.8718     2.0518     2.4298
     0.2840     2.6609     1.8910     2.1943
     0.7374     2.4407     1.6588     1.8836
     1.2262     2.0557     1.4266     1.5353
     1.6261     1.6801     1.1141     1.1682
     2.0170     1.2588     0.7749     0.7448
     2.3013     0.7097     0.3822     0.3403
     2.5678     0.2799     0.0698     0.0018
     2.8076    -0.2137    -0.2781    -0.3084
     2.8076    -0.5608    -0.5368    -0.5998
     2.8165    -0.9443    -0.7955    -0.8724
     2.8697    -1.2728    -1.0185    -1.2200
     2.8165    -1.5829    -1.2146    -1.4642
     2.6655    -1.8109    -1.3930    -1.6709
     2.3280    -2.0570    -1.5980    -1.8493
     1.9371    -2.1937    -1.7407    -1.9526
     1.4751    -2.2848    -1.7942    -2.0465
     0.9152    -2.2666    -1.7852    -2.0277
     0.4974    -2.3031    -1.8120    -2.0183
     0.1151    -2.2211    -1.7318    -1.9338
    -0.2050    -2.1208    -1.6159    -1.8587
    -0.5519    -2.0206    -1.5000    -1.7272
    -0.9077    -1.8018    -1.3306    -1.5206
    -1.1389    -1.5191    -1.0898    -1.3703
    -1.4236    -1.2910    -0.8936    -1.1448
    -1.6639    -1.0082    -0.6439    -0.9100
    -1.8152    -0.6613    -0.3317    -0.6092
    -2.0198    -0.3507    -0.0194    -0.3178
    -2.1622     0.0422     0.2840     0.0488
    -2.2067     0.4353     0.6231     0.3874
    -2.1978     0.8469     0.9713     0.7824
    -2.1622     1.1856     1.3105     1.1965
    -2.1088     1.5701     1.5784     1.5259
    -2.0109     1.9274     1.8017     1.8459
    -1.8686     2.2757     1.9982     2.1284
    -1.6283     2.4958     2.1679     2.3262
    -1.3792     2.7342     2.1679     2.4863
    -1.1212     3.0003     2.1679     2.5711
    -0.8009     3.0645     2.1054     2.5617
    -0.3829     3.0737     2.0071     2.4486
     0.0173     2.9453     1.8999     2.3168
     0.4974     2.7985     1.7392     2.0908
     0.8707     2.4591     1.5427     1.7518
     1.3418     2.1382     1.1855     1.4129
     1.6972     1.7259     0.8731     1.0929
     2.0526     1.2222     0.5160     0.7072
     2.3990     0.7006     0.2572     0.3309
     2.6211     0.2341    -0.0551    -0.0170
     2.7720    -0.2411    -0.3852    -0.3742
     2.8609    -0.6339    -0.6706    -0.5998
     2.8697    -1.0173    -0.9025    -0.9006
     2.7987    -1.3367    -1.1165    -1.1636
     2.7632    -1.6194    -1.2949    -1.4361
     2.6122    -1.8565    -1.4643    -1.6990
     2.3013    -2.0388    -1.5891    -1.8681
     1.8749    -2.1664    -1.6693    -2.0277
     1.3329    -2.2575    -1.7585    -2.1497
     0.8174    -2.2757    -1.7942    -2.1685
     0.3374    -2.3122    -1.8387    -2.1685
    -0.0005    -2.2848    -1.7318    -2.0840
    -0.3117    -2.1937    -1.6693    -1.9150
    -0.7298    -2.0661    -1.5178    -1.7929
    -1.0589    -1.9203    -1.3306    -1.6145
    -1.3347    -1.7106    -1.1344    -1.3891
    -1.5482    -1.5009    -0.8847    -1.2294
    -1.8152    -1.1998    -0.6349    -0.9945
    -2.0465    -0.8804    -0.3495    -0.7690
    -2.2067    -0.5243    -0.0551    -0.5058
    -2.3403    -0.1315     0.2394    -0.1486
    -2.3848     0.2616     0.5874     0.1711
    -2.3759     0.6274     0.9445     0.5567
    -2.3136     1.0300     1.2837     0.9706
    -2.3225     1.4419     1.6231     1.3094
    -2.1800     1.7625     1.8106     1.5729
    -2.0554     2.0649     1.9356     1.8648
    -1.8686     2.3857     2.0786     2.0719
    -1.6461     2.6609     2.2215     2.2226
    -1.3347     2.8994     2.3108     2.3262
    -1.0322     2.9728     2.3108     2.3544
    -0.6319     3.0003     2.1858     2.3074
    -0.2495     2.8351     2.0696     2.1755
     0.2307     2.6425     1.9267     1.9683
     0.6752     2.3857     1.6766     1.7141
     1.1640     1.9916     1.3730     1.4223
     1.5728     1.6159     1.0516     1.0553
     1.9015     1.0666     0.6410     0.7072
     2.2480     0.5725     0.3018     0.3027
     2.5500     0.0970    -0.0194    -0.0170
     2.7543    -0.3416    -0.3227    -0.3084
     2.7809    -0.7617    -0.5814    -0.6280
     2.8165    -1.0903    -0.8758    -0.9100
     2.8697    -1.3823    -1.0452    -1.2200
     2.8342    -1.6559    -1.2146    -1.4736
     2.6655    -1.9203    -1.4019    -1.7084
     2.3724    -2.1117    -1.5356    -1.9150
     1.9726    -2.2666    -1.6515    -2.0652
     1.5106    -2.3577    -1.7228    -2.1028
     0.9863    -2.4033    -1.7674    -2.1591
     0.4618    -2.4306    -1.7674    -2.1216
     0.1062    -2.4488    -1.7050    -2.0183
    -0.1784    -2.3577    -1.5356    -1.9244
    -0.4718    -2.2666    -1.3930    -1.7648
    -0.8365    -2.1117    -1.2414    -1.5863
    -1.1301    -1.9021    -1.0274    -1.4267
    -1.3792    -1.6377    -0.7955    -1.1918
    -1.5393    -1.2910    -0.5547    -1.0133
    -1.7885    -0.9899    -0.2514    -0.8066
    -1.9397    -0.6613     0.0163    -0.4870
    -2.0821    -0.2046     0.3465    -0.2144
    -2.1355     0.1610     0.7303     0.1335
    -2.1800     0.6182     1.0784     0.5190
    -2.0643     0.9567     1.3998     0.8765
    -2.0554     1.3961     1.6499     1.2059
    -1.9309     1.7991     1.9089     1.5353
    -1.8686     2.0741     2.0786     1.8459
    -1.6194     2.4041     2.2572     2.0719
    -1.4147     2.6609     2.3466     2.2791
    -1.1301     2.8351     2.3198     2.4298
    -0.7742     2.9911     2.2662     2.5051
    -0.4451     2.9636     2.2483     2.5051
     0.0262     2.8627     2.0518     2.3921
     0.4529     2.6884     1.9089     2.2038
     0.8707     2.3949     1.6677     1.9307
     1.2973     2.0557     1.3820     1.6482
     1.7327     1.7625     1.0963     1.3282
     2.0703     1.3137     0.7570     0.9518
     2.3990     0.8561     0.4089     0.5943
     2.6566     0.3896     0.0788     0.2181
     2.8165    -0.0583    -0.2424    -0.0828
     2.8076    -0.4147    -0.5725    -0.3930
     2.8253    -0.7526    -0.8401    -0.6844
     2.8253    -1.0629    -1.0274    -1.0039
     2.8165    -1.3823    -1.2414    -1.2858
     2.6921    -1.6833    -1.3662    -1.5206
     2.3546    -1.8929    -1.5000    -1.6803
     1.9015    -2.0388    -1.6426    -1.8305
     1.3773    -2.1208    -1.7139    -1.9432
     0.9063    -2.1390    -1.7585    -1.9714
     0.3196    -2.2757    -1.7451    -1.9807
    -0.0094    -2.2848    -1.7318    -1.8868
    -0.3473    -2.2757    -1.6426    -1.8023
    -0.6675    -2.1482    -1.4821    -1.6803
    -1.0055    -1.9659    -1.3395    -1.5300
    -1.2457    -1.7288    -1.1522    -1.3233
    -1.4770    -1.4461    -0.9204    -1.1448
    -1.7084    -1.1177    -0.6617    -0.9381
    -1.9664    -0.7252    -0.3317    -0.7220
    -2.1622    -0.3873    -0.0283    -0.4682
    -2.3136    -0.0583     0.2394    -0.1298
    -2.3314     0.4079     0.5874     0.1993
    -2.2869     0.8012     0.9713     0.5755
    -2.2423     1.1581     1.3016     1.0083
    -2.1978     1.4969     1.5695     1.3376
    -2.1622     1.8908     1.8553     1.6577
    -2.0376     2.1840     2.0607     1.9495
    -1.7974     2.4591     2.1590     2.1378
    -1.5571     2.7067     2.2662     2.3262
    -1.3080     2.8718     2.3019     2.4580
    -0.9966     2.9544     2.3108     2.5146
    -0.6497     2.9544     2.2036     2.5240
    -0.2139     2.8810     2.1232     2.3921
     0.2929     2.6792     1.9178     2.2414
     0.7552     2.4407     1.6588     2.0248
     1.2085     2.1290     1.4088     1.7424
     1.5906     1.7900     1.1409     1.3659
     1.9904     1.3595     0.8106     0.9800
     2.3457     0.8835     0.4803     0.5473
     2.6033     0.4262     0.1323     0.1523
     2.7809    -0.0035    -0.1800    -0.1674
     2.8609    -0.3325    -0.5101    -0.4494
     2.8875    -0.7252    -0.8044    -0.7314
     2.8253    -1.1177    -1.0006    -1.0415
     2.8342    -1.3823    -1.2146    -1.3609
     2.7543    -1.7015    -1.3751    -1.5863
     2.4434    -1.9021    -1.5178    -1.7366
     1.9993    -1.9750    -1.6604    -1.8868
     1.5373    -2.0935    -1.7674    -1.9244
     1.0485    -2.1755    -1.8298    -1.9338
     0.5685    -2.2484    -1.8476    -1.9244
     0.1951    -2.2939    -1.7763    -1.8399
    -0.1784    -2.2393    -1.6961    -1.7178
    -0.5697    -2.1026    -1.5713    -1.6145
    -0.8810    -1.8747    -1.4108    -1.4361
    -1.2012    -1.6103    -1.2146    -1.3233
    -1.4681    -1.3640    -0.9739    -1.1824
    -1.7173    -0.9808    -0.7598    -1.0227
    -1.9397    -0.6430    -0.4655    -0.8442
    -2.1444    -0.3051    -0.1621    -0.6186
    -2.2601     0.0056     0.1858    -0.2896
    -2.3047     0.3439     0.5250     0.0582
    -2.2601     0.7371     0.8106     0.4438
    -2.2423     1.0757     1.1588     0.8483
    -2.2245     1.4145     1.5070     1.2435
    -2.1622     1.8083     1.7481     1.5729
    -1.9664     2.1199     1.9267     1.8648
    -1.7529     2.4499     2.1143     2.1190
    -1.5215     2.6975     2.1858     2.3168
    -1.2101     2.8718     2.2394     2.4580
    -0.8899     2.9177     2.1947     2.4957
    -0.4896     2.9269     2.1411     2.4769
    -0.1339     2.7893     2.0875     2.3262
     0.3018     2.6058     1.9446     2.1190
     0.7907     2.3491     1.7302     1.8083
     1.2440     2.0282     1.4355     1.4506
     1.6705     1.6434     1.0784     1.0835
     2.0703     1.1581     0.7660     0.6884
     2.4168     0.7280     0.4625     0.3027
     2.6655     0.2159     0.1412    -0.0264
     2.7720    -0.1863    -0.1175    -0.3554
     2.8520    -0.5973    -0.4476    -0.6092
     2.8609    -0.9169    -0.6795    -0.9193
     2.8609    -1.3002    -0.9382    -1.2106
     2.8342    -1.5829    -1.1344    -1.4736
     2.8076    -1.7835    -1.2681    -1.6990
     2.5056    -2.0479    -1.4554    -1.8305
     2.0970    -2.1846    -1.6069    -1.9995
     1.5817    -2.3304    -1.6872    -2.0559
     1.0040    -2.3759    -1.7496    -2.0934
     0.4796    -2.4215    -1.7763    -2.1122
     0.0617    -2.4124    -1.7407    -2.0277
    -0.2673    -2.3486    -1.6604    -1.9150
    -0.6141    -2.2302    -1.5089    -1.8117
    -0.9432    -2.0935    -1.3216    -1.6709
    -1.2546    -1.8109    -1.1701    -1.4924
    -1.5037    -1.5647    -0.9025    -1.3515
    -1.7440    -1.2454    -0.6349    -1.1261
    -1.9309    -0.8895    -0.3495    -0.8536
    -2.1177    -0.4786    -0.0194    -0.6186
    -2.2690    -0.1132     0.3018    -0.2802
    -2.2958     0.2981     0.6588     0.1052
    -2.2601     0.7554     1.0070     0.4626
    -2.2334     1.1123     1.3462     0.8859
    -2.1177     1.4877     1.7034     1.2812
    -2.0999     1.8908     1.9089     1.6012
    -1.9664     2.1840     2.1411     1.9401
    -1.7707     2.4499     2.3019     2.2132
    -1.4859     2.7067     2.3644     2.3921
    -1.2101     2.8535     2.4180     2.5051
    -0.8276     2.9453     2.3644     2.6370
    -0.5163     2.9453     2.2930     2.5711
    -0.0805     2.8535     2.2126     2.5146
     0.4174     2.6700     2.0696     2.2697
     0.8441     2.4132     1.8374     1.9966
     1.2707     2.1107     1.5516     1.6953
     1.6883     1.7717     1.2123     1.3282
     2.0348     1.3137     0.8909     0.8859
     2.4523     0.7920     0.5607     0.5096
     2.7276     0.3622     0.2483     0.1052
     2.8076    -0.1223    -0.0908    -0.2426
     2.8342    -0.5151    -0.3763    -0.4964
     2.8431    -0.8439    -0.6439    -0.7878
     2.8875    -1.1633    -0.9025    -1.0603
     2.8786    -1.4735    -1.0809    -1.2952
     2.7720    -1.7288    -1.2414    -1.5394
     2.4434    -1.9112    -1.4019    -1.7178
     1.9637    -2.0388    -1.5535    -1.8023
     1.4573    -2.2211    -1.6337    -1.8775
     0.9685    -2.3122    -1.7139    -1.8962
     0.4263    -2.3577    -1.7407    -1.9056
     0.0173    -2.3395    -1.7139    -1.9150
    -0.3206    -2.2848    -1.6515    -1.8587
    -0.6675    -2.1390    -1.5624    -1.7366
    -1.0233    -1.9750    -1.4286    -1.5582
    -1.3169    -1.7471    -1.2503    -1.4454
    -1.5304    -1.5009    -1.0006    -1.2294
    -1.7173    -1.1998    -0.7420    -1.0227
    -1.9309    -0.8530    -0.4476    -0.8066
    -2.1266    -0.4329    -0.0908    -0.4870
    -2.2601    -0.0218     0.2394    -0.1674
    -2.2423     0.3530     0.5785     0.1617
    -2.2512     0.7920     1.0070     0.5379
    -2.1978     1.1398     1.3641     0.9142
    -2.1533     1.5335     1.6320     1.2812
    -2.0643     1.8816     1.8910     1.5823
    -1.8775     2.2390     2.1500     1.8836
    -1.6728     2.4407     2.3108     2.1378
    -1.4236     2.6792     2.3823     2.3168
    -1.2012     2.8627     2.3823     2.4863
    -0.7920     2.9911     2.3287     2.5428
    -0.4807     2.9820     2.3108     2.4957
    -0.1072     2.8718     2.1858     2.3921
     0.4351     2.6792     2.0250     2.2132
     0.8441     2.4316     1.8106     1.9213
     1.2529     2.0557     1.4891     1.5918
     1.6261     1.7075     1.1677     1.2341
     2.0792     1.1947     0.8017     0.8577
     2.3990     0.7097     0.4536     0.4438
     2.6744     0.2799     0.1145     0.0394
     2.8165    -0.1863    -0.1800    -0.2896
     2.8431    -0.5791    -0.5011    -0.5622
     2.8609    -0.8986    -0.7866    -0.8630
     2.8697    -1.2272    -1.0185    -1.1261
     2.8875    -1.5556    -1.2057    -1.3703
     2.7365    -1.7471    -1.3127    -1.5676
     2.4168    -2.0114    -1.5000    -1.7272
     2.0348    -2.1664    -1.6515    -1.8868
     1.4751    -2.3395    -1.7763    -1.9244
     0.9418    -2.4306    -1.8387    -2.0277
     0.4529    -2.4306    -1.8209    -2.0559
     0.0884    -2.4670    -1.8387    -2.0371
    -0.2940    -2.3668    -1.7674    -1.9714
    -0.6319    -2.2575    -1.6961    -1.8868
    -0.9788    -2.1208    -1.5624    -1.7554
    -1.3169    -1.8838    -1.3751    -1.5676
    -1.4859    -1.6741    -1.1968    -1.3233
    -1.7618    -1.3367    -0.9917    -1.1073
    -1.9664    -0.9717    -0.6974    -0.8442
    -2.1266    -0.6156    -0.3673    -0.5998
    -2.2779    -0.2594    -0.0105    -0.2426
    -2.2869     0.2250     0.3018     0.0864
    -2.2423     0.5633     0.7035     0.3686
    -2.1978     0.9384     1.0516     0.7824
    -2.1533     1.3595     1.3730     1.1494
    -2.0465     1.6892     1.6320     1.4788
    -1.9042     2.0007     1.8910     1.7800
    -1.7440     2.3307     2.1232     2.0343
    -1.4859     2.5416     2.2304     2.1943
    -1.2546     2.7159     2.2394     2.3827
    -0.9166     2.7709     2.2394     2.4486
    -0.5430     2.7985     2.2394     2.4957
    -0.1961     2.6517     2.1143     2.4015
     0.2396     2.5508     1.9535     2.2885
     0.6752     2.2849     1.7034     2.0343
     1.0929     2.0374     1.4266     1.7424
     1.5284     1.6892     1.1141     1.3941
     1.9726     1.3046     0.7481     0.9706
     2.3457     0.8469     0.4357     0.5943
     2.5944     0.3530     0.1501     0.2275
     2.7720    -0.0309    -0.1800    -0.1862
     2.8786    -0.4603    -0.3941    -0.4776
     2.8253    -0.7343    -0.7152    -0.7032
     2.8431    -1.0994    -0.9114    -0.9851
     2.8431    -1.3640    -1.0898    -1.2482
     2.6921    -1.5738    -1.3038    -1.4548
     2.4079    -1.7927    -1.4465    -1.6333
     2.0170    -1.9932    -1.5713    -1.8211
     1.5106    -2.1573    -1.6783    -1.8493
     0.9774    -2.2575    -1.7318    -1.9150
     0.4974    -2.2666    -1.7139    -1.9526
     0.1506    -2.2484    -1.6693    -1.9338
    -0.2495    -2.1573    -1.6248    -1.8962
    -0.6586    -2.0661    -1.5535    -1.8117
    -1.0144    -1.9568    -1.4375    -1.6333
    -1.2902    -1.7106    -1.2236    -1.4361
    -1.5571    -1.4370    -1.0095    -1.2294
    -1.7440    -1.1359    -0.7777    -1.0415
    -1.9575    -0.8439    -0.5457    -0.8630
    -2.1177    -0.4238    -0.2246    -0.5998
    -2.2601    -0.0127     0.0788    -0.2896
    -2.2690     0.3439     0.4625     0.0582
    -2.2779     0.7463     0.8731     0.3780
    -2.2067     1.1123     1.2302     0.7448
    -2.1355     1.4786     1.5070     1.0835
    -2.0554     1.8083     1.7481     1.4694
    -1.9131     2.1657     2.0250     1.7330
    -1.6906     2.4316     2.1858     2.0248
    -1.5037     2.5691     2.2751     2.1943
    -1.2012     2.7526     2.3287     2.3544
    -0.8187     2.8260     2.3466     2.4015
    -0.5341     2.8718     2.3287     2.4392
    -0.1339     2.7342     2.2483     2.3921
     0.3729     2.5875     2.0696     2.3074
     0.8085     2.3216     1.8553     2.0719
     1.2085     2.1015     1.5873     1.8083
     1.6528     1.7167     1.2480     1.4506
     2.0703     1.3778     0.8999     1.0271
     2.4168     0.9110     0.5250     0.6601
     2.6744     0.4445     0.1948     0.2651
     2.7809     0.0513    -0.0818    -0.1580
     2.8964    -0.3233    -0.3584    -0.4400
     2.8609    -0.7252    -0.6706    -0.7408
     2.9053    -1.0355    -0.8758    -1.0603
     2.8697    -1.3275    -1.0630    -1.2670
     2.8076    -1.6285    -1.2949    -1.4830
     2.4612    -1.8291    -1.4286    -1.6896
     2.0615    -2.0388    -1.5445    -1.7929
     1.5995    -2.1846    -1.6604    -1.8868
     1.0840    -2.2757    -1.7496    -1.9714
     0.5685    -2.2712    -1.7852    -2.0183
     0.1595    -2.2666    -1.7763    -1.9807
    -0.2762    -2.2028    -1.6783    -1.8962
    -0.6141    -2.0388    -1.6159    -1.7272
    -1.0233    -1.9112    -1.4732    -1.5957
    -1.3080    -1.7015    -1.2860    -1.3891
    -1.5838    -1.5191    -1.0987    -1.2106
    -1.7529    -1.2089    -0.8579    -1.0321
    -1.9664    -0.8073    -0.6082    -0.8348
    -2.1622    -0.4877    -0.3049    -0.6186
    -2.2958    -0.0766     0.0163    -0.3930
    -2.3225     0.3073     0.3375    -0.0264
    -2.2779     0.6457     0.7124     0.3121
    -2.2423     1.0117     1.0338     0.6601
    -2.2156     1.3504     1.3284     1.0083
    -2.1266     1.7075     1.6409     1.4035
    -1.9753     2.0557     1.8285     1.7141
    -1.7707     2.3491     2.0339     1.9401
    -1.5215     2.5875     2.1768     2.1567
    -1.1745     2.7434     2.2840     2.3356
    -0.8721     2.8718     2.2840     2.4486
    -0.4985     2.8902     2.1768     2.4863
    -0.1072     2.7893     2.1054     2.4580
     0.3107     2.6884     1.9714     2.3544
     0.7285     2.4224     1.7570     2.1473
     1.1818     2.1565     1.4980     1.8554
     1.6528     1.7900     1.2034     1.5165
     2.0615     1.4236     0.8641     1.1306
     2.4257     1.0025     0.5250     0.7260
     2.7099     0.5725     0.2215     0.3592
     2.8076     0.1336    -0.1175    -0.0452
     2.8431    -0.2502    -0.4209    -0.3930
     2.8609    -0.5973    -0.6795    -0.6468
     2.9053    -0.9990    -0.8847    -0.9663
     2.8875    -1.3093    -1.0987    -1.2294
     2.8520    -1.5465    -1.2681    -1.4548
     2.5322    -1.8474    -1.4465    -1.5957
     2.1148    -1.9932    -1.5624    -1.7272
     1.6083    -2.1299    -1.6693    -1.8681
     1.0751    -2.2757    -1.7763    -1.8962
     0.5685    -2.3486    -1.8476    -1.9150
     0.1329    -2.3304    -1.8209    -1.8681
    -0.2228    -2.2119    -1.7228    -1.7554
    -0.5341    -2.1482    -1.6783    -1.5957
    -0.9166    -2.0388    -1.5267    -1.4924
    -1.2368    -1.8565    -1.3662    -1.3797
    -1.5215    -1.5465    -1.1879    -1.1824
    -1.7262    -1.3275    -0.9471    -1.0133
    -1.9575    -1.0173    -0.6706    -0.8630
    -2.0999    -0.6156    -0.3941    -0.6280
    -2.2423    -0.2046    -0.1086    -0.4118
    -2.2423     0.1793     0.2483    -0.1204
    -2.2601     0.5085     0.6321     0.2369
    -2.2067     0.8927     0.9802     0.6037
    -2.1444     1.2222     1.3284     0.9706
    -2.0376     1.5701     1.6409     1.4035
    -1.8864     1.9549     1.8553     1.6953
    -1.6906     2.2757     2.0250     1.9307
    -1.4414     2.5049     2.2036     2.1755
    -1.1389     2.6792     2.2572     2.3168
    -0.8543     2.8168     2.2751     2.3544
    -0.5074     2.7893     2.2662     2.4204
    -0.0716     2.7251     2.2036     2.3827
     0.3196     2.5508     2.0696     2.2791
     0.7641     2.3032     1.9267     2.0908
     1.1818     2.0099     1.6766     1.8083
     1.5639     1.6984     1.3909     1.4223
     1.9460     1.3320     1.0516     1.0553
     2.2924     0.9293     0.7124     0.6601
     2.6299     0.4902     0.4179     0.2369
     2.7898     0.0970     0.0520    -0.1392
     2.8520    -0.3690    -0.1889    -0.4212
     2.9053    -0.6795    -0.5011    -0.6844
     2.8609    -1.0264    -0.7420    -1.0133
     2.8342    -1.3823    -0.9293    -1.2388
     2.7454    -1.6559    -1.1344    -1.4830
     2.5234    -1.8929    -1.2592    -1.7366
     2.0615    -2.0297    -1.3930    -1.8493
     1.5639    -2.1573    -1.5000    -1.9807
     1.0129    -2.2484    -1.5802    -1.9854
     0.5863    -2.2484    -1.6693    -1.9901
     0.0706    -2.2484    -1.6426    -1.8868
    -0.1339    -2.1846    -1.6069    -1.8399
    -0.5697    -2.0661    -1.5624    -1.6990
    -0.8988    -1.9203    -1.3751    -1.5676
    -1.2190    -1.7197    -1.2057    -1.4454
    -1.5126    -1.5100    -0.9917    -1.3233
    -1.7796    -1.3002    -0.7777    -1.0979
    -2.0020    -0.9078    -0.5457    -0.9006
    -2.2156    -0.5517    -0.2692    -0.6938
    -2.2779    -0.1406     0.0431    -0.4024
    -2.2690     0.2067     0.4179    -0.0452
    -2.2245     0.5542     0.7660     0.2463
    -2.2423     0.9842     1.0605     0.6507
    -2.1978     1.3229     1.3998     0.9894
    -2.0465     1.6801     1.6945     1.3470
    -1.9131     1.9549     1.9356     1.6106
    -1.6550     2.3216     2.0428     1.8459
    -1.4059     2.5233     2.1590     2.0719
    -1.0945     2.7159     2.2751     2.2132
    -0.7742     2.8351     2.2840     2.3356
    -0.4807     2.8260     2.2126     2.3544
    -0.0716     2.7526     2.1500     2.3639
     0.3285     2.6150     2.0518     2.2508
     0.7818     2.3857     1.7927     2.0719
     1.1907     2.0924     1.5516     1.8177
     1.6261     1.7442     1.2927     1.4882
     2.0170     1.3320     0.9445     1.0929
     2.3635     0.8835     0.5964     0.6696
     2.6122     0.4170     0.3018     0.2745
     2.8076    -0.0127    -0.0194    -0.0922
     2.8342    -0.4329    -0.3406    -0.4400
     2.8786    -0.8073    -0.5993    -0.7690
     2.8875    -1.1451    -0.8668    -1.0415
     2.8431    -1.4370    -1.0541    -1.3421
     2.7809    -1.7197    -1.2681    -1.5488
     2.4523    -1.9841    -1.3930    -1.7366
     2.0082    -2.1573    -1.5445    -1.8962
     1.5906    -2.2575    -1.6604    -2.0183
     1.0840    -2.3759    -1.7228    -2.0652
     0.5952    -2.3850    -1.7318    -2.0183
     0.1684    -2.3714    -1.7496    -1.9807
    -0.1695    -2.3577    -1.6872    -1.8775
    -0.4985    -2.2119    -1.6159    -1.7836
    -0.9077    -2.1117    -1.4554    -1.6896
    -1.2190    -1.9112    -1.2860    -1.5018
    -1.5393    -1.6194    -1.0720    -1.3139
    -1.7707    -1.3367    -0.8758    -1.1261
    -2.0020    -1.0264    -0.5993    -0.8818
    -2.1800    -0.6247    -0.3049    -0.6280
    -2.3581    -0.1771     0.0074    -0.3366
    -2.3136     0.2616     0.3465     0.0394
    -2.3403     0.5633     0.7838     0.3309
    -2.3225     0.9384     1.1409     0.7166
    -2.2334     1.3870     1.4266     1.0553
    -2.1711     1.7442     1.6945     1.3376
    -1.9575     2.0557     1.9356     1.6577
    -1.7440     2.3949     2.0964     1.9213
    -1.4948     2.5600     2.2840     2.1096
    -1.2012     2.7434     2.3287     2.2979
    -0.8721     2.8627     2.3287     2.4392
    -0.5163     2.8351     2.2751     2.4675
    -0.2050     2.7893     2.2304     2.4486
     0.2218     2.5966     2.0875     2.3639
     0.6574     2.3766     1.8553     2.1849
     1.0485     2.1657     1.6141     1.8930
     1.5461     1.8175     1.2659     1.5447
     1.9548     1.4786     0.9088     1.1776
     2.3013     0.9842     0.5785     0.7260
     2.6299     0.5542     0.2394     0.3497
     2.8076     0.1427    -0.0908    -0.0170
     2.8520    -0.2228    -0.3852    -0.3930
     2.9053    -0.6247    -0.6795    -0.7032
     2.8964    -0.9717    -0.9293    -0.9757
     2.8520    -1.3458    -1.1522    -1.2576
     2.7365    -1.6285    -1.3395    -1.5112
     2.4257    -1.9112    -1.4910    -1.6709
     2.0170    -2.0297    -1.5802    -1.8117
     1.5995    -2.2211    -1.6961    -1.9526
     1.1018    -2.3395    -1.7674    -1.9995
     0.5863    -2.3258    -1.8031    -2.0089
     0.1684    -2.3122    -1.7942    -2.0089
    -0.1784    -2.3213    -1.7852    -1.9244
    -0.5608    -2.2393    -1.6693    -1.7836
    -0.9521    -2.1117    -1.4910    -1.5957
    -1.2279    -1.8747    -1.3395    -1.4454
    -1.4859    -1.6285    -1.1344    -1.2106
    -1.7262    -1.3549    -0.8847    -0.9945
    -2.0020    -1.0447    -0.5725    -0.7972
    -2.1889    -0.5973    -0.2870    -0.6280
    -2.3136    -0.2137     0.0877    -0.3554
    -2.3670     0.2159     0.4536    -0.0828
    -2.3136     0.6274     0.8374     0.2181
    -2.2601     0.9567     1.2391     0.5661
    -2.1978     1.3687     1.5070     0.8953
    -2.1266     1.6159     1.8285     1.2812
    -1.9131     1.9458     2.0428     1.5729
    -1.7440     2.2024     2.2215     1.8271
    -1.4859     2.4591     2.2930     2.0719
    -1.1212     2.5875     2.3823     2.2132
    -0.8187     2.7159     2.3466     2.3639
    -0.4718     2.6792     2.3376     2.3827
    -0.1339     2.6517     2.3108     2.3544
     0.3374     2.5416     2.1590     2.2979
     0.7285     2.4041     1.9535     2.0719
     1.1818     2.1932     1.7034     1.7894
     1.6261     1.8175     1.4088     1.4600
     2.0170     1.4419     1.0159     1.1118
     2.3901     1.0300     0.6588     0.7072
     2.7099     0.6091     0.3554     0.3403
     2.8609     0.1884     0.0252    -0.0264
     2.8697    -0.2868    -0.2960    -0.3554
     2.9053    -0.6613    -0.5547    -0.7032
     2.8964    -1.0629    -0.8312    -1.0039
     2.8875    -1.3640    -1.0720    -1.2388
     2.7365    -1.6377    -1.2325    -1.4736
     2.4079    -1.8565    -1.4108    -1.6709
     2.0526    -1.9659    -1.5000    -1.7554
     1.5906    -2.0935    -1.6248    -1.8775
     1.0929    -2.1573    -1.7318    -1.9807
     0.5596    -2.2666    -1.8298    -1.9995
     0.2307    -2.2302    -1.8120    -1.9150
    -0.1517    -2.2028    -1.7674    -1.8399
    -0.5074    -2.1755    -1.6604    -1.6896
    -0.9699    -1.9750    -1.5535    -1.5394
    -1.2635    -1.8474    -1.3484    -1.4267
    -1.5749    -1.5465    -1.1879    -1.2106
    -1.7796    -1.3184    -0.9204    -1.0039
    -2.0376    -0.8986    -0.6885    -0.8536
    -2.2423    -0.5791    -0.3941    -0.6280
    -2.4026    -0.1771    -0.0551    -0.3836
    -2.3848     0.2524     0.3554    -0.0828
    -2.3670     0.6548     0.6767     0.2557
    -2.2958     0.9476     1.0784     0.5849
    -2.2869     1.3687     1.3820     0.8859
    -2.1978     1.6801     1.6499     1.2812
    -2.0109     1.9732     1.8999     1.5918
    -1.7440     2.3216     2.0518     1.8271
    -1.5660     2.4591     2.2304     2.0343
    -1.2279     2.5875     2.2930     2.2320
    -0.8988     2.6975     2.3287     2.3356
    -0.5163     2.7434     2.2930     2.3733
    -0.1961     2.6517     2.2751     2.3639
     0.1684     2.5691     2.1768     2.2791
     0.6218     2.4132     1.9714     2.1096
     0.9952     2.1199     1.6856     1.8459
     1.4128     1.7900     1.3820     1.5823
     1.8482     1.4328     1.0248     1.2341
     2.2658     1.0208     0.6588     0.8013
     2.6388     0.6091     0.3375     0.3780
     2.8520     0.1976     0.0252     0.0206
     2.8875    -0.2046    -0.2514    -0.3178
     2.8964    -0.5882    -0.5011    -0.6374
     2.8520    -1.0082    -0.7955    -0.9475
     2.8165    -1.3184    -1.0006    -1.2294
     2.7099    -1.5647    -1.1701    -1.4548
     2.4523    -1.8018    -1.3395    -1.6521
     2.0703    -1.9841    -1.4643    -1.7648
     1.6350    -2.1026    -1.5535    -1.8399
     1.0929    -2.2028    -1.7050    -1.9620
     0.6041    -2.2939    -1.7050    -1.9807
     0.2484    -2.3213    -1.7228    -1.9150
    -0.0983    -2.2939    -1.6872    -1.8117
    -0.4451    -2.2119    -1.5980    -1.7366
    -0.8187    -2.0570    -1.4465    -1.5394
    -1.1478    -1.8474    -1.2771    -1.3609
    -1.4325    -1.5829    -1.0809    -1.2200
    -1.6728    -1.3002    -0.8579    -1.0321
    -1.9042    -0.9534    -0.6260    -0.8066
    -2.1355    -0.5151    -0.3673    -0.6280
    -2.3047    -0.1589    -0.0640    -0.3836
    -2.3403     0.2616     0.2662    -0.0828
    -2.2779     0.6365     0.6767     0.2463
    -2.1889     1.0300     1.0159     0.5849
    -2.1711     1.4145     1.2748     0.9236
    -1.9931     1.7075     1.5695     1.3282
    -1.8330     2.0649     1.7570     1.6294
    -1.6372     2.3307     1.9803     1.8648
    -1.4325     2.5049     2.1500     2.1190
    -1.1123     2.7251     2.2304     2.2791
    -0.7653     2.7893     2.2930     2.3544
    -0.4451     2.8351     2.2840     2.4015
    -0.0983     2.7434     2.2930     2.3450
     0.2662     2.6058     2.1411     2.2697
     0.6752     2.4316     1.9624     2.1473
     1.1196     2.1565     1.7392     1.9307
     1.5461     1.8724     1.4623     1.6859
     1.9193     1.5152     1.0873     1.3000
     2.2924     1.0849     0.7035     0.9142
     2.6744     0.6640     0.3643     0.4814
     2.8609     0.2890     0.0609     0.0582
     2.9053    -0.1223    -0.2246    -0.3460
     2.8520    -0.5882    -0.5547    -0.6562
     2.8520    -0.9443    -0.7955    -0.9945
     2.8786    -1.2363    -0.9560    -1.2670
     2.7543    -1.5373    -1.1255    -1.4830
     2.4612    -1.8109    -1.2681    -1.6709
     2.0526    -2.0023    -1.3841    -1.8493
     1.5728    -2.1208    -1.5000    -1.9526
     1.0840    -2.2848    -1.5713    -1.9714
     0.5774    -2.4124    -1.6159    -2.0183
     0.2307    -2.4124    -1.6693    -1.9807
    -0.1517    -2.4397    -1.6159    -1.8775
    -0.5341    -2.3395    -1.5445    -1.7742
    -0.9432    -2.1573    -1.4465    -1.6615
    -1.2991    -1.9841    -1.3216    -1.4924
    -1.6105    -1.6285    -1.1344    -1.3139
    -1.8686    -1.3549    -0.9204    -1.1261
    -2.1177    -0.9625    -0.6617    -0.8912
    -2.3492    -0.5608    -0.4119    -0.6656
    -2.4738    -0.1680    -0.0818    -0.4118
    -2.4738     0.2524     0.3108    -0.1392
    -2.3937     0.6091     0.6678     0.1805
    -2.3225     0.9842     1.0248     0.5096
    -2.2958     1.3229     1.3373     0.9142
    -2.2067     1.6617     1.6141     1.3000
    -2.0020     1.9366     1.8106     1.6012
    -1.7618     2.2665     2.0250     1.8742
    -1.4414     2.4958     2.1322     2.0908
    -1.1656     2.6884     2.2751     2.2603
    -0.8365     2.7893     2.2840     2.3733
    -0.4896     2.7985     2.2394     2.3921
    -0.1339     2.7251     2.2483     2.4015
     0.2751     2.5691     2.1500     2.3262
     0.6841     2.4132     1.9356     2.2132
     1.1107     2.1474     1.7392     2.0248
     1.5550     1.8541     1.4266     1.7612
     1.9815     1.5243     1.0963     1.3564
     2.3901     1.1032     0.7838     0.9800
     2.7632     0.6457     0.4179     0.5379
     2.8609     0.2707     0.0698     0.0864
     2.8875    -0.1589    -0.2335    -0.3084
     2.8786    -0.4969    -0.5368    -0.5810
     2.8786    -0.8530    -0.7777    -0.8912
     2.8964    -1.2089    -1.0095    -1.1730
     2.8431    -1.5009    -1.1611    -1.4267
     2.5589    -1.8109    -1.2949    -1.6145
     2.1236    -1.9476    -1.4375    -1.7272
     1.6350    -2.1482    -1.5980    -1.8211
     1.1462    -2.2302    -1.6604    -1.8775
     0.6307    -2.3213    -1.7139    -1.9056
     0.3285    -2.3167    -1.7095    -1.8962
    -0.0361    -2.3122    -1.7050    -1.8962
    -0.4185    -2.2028    -1.6337    -1.7648
    -0.8009    -2.0844    -1.5178    -1.6521
    -1.2012    -1.9021    -1.3751    -1.4454
    -1.4681    -1.6012    -1.1611    -1.2576
    -1.7618    -1.3367    -0.9471    -1.0603
    -1.9931    -0.9260    -0.7063    -0.8724
    -2.2423    -0.5608    -0.4030    -0.6280
    -2.3403    -0.1771    -0.0818    -0.3648
    -2.4382     0.2981     0.2394    -0.0546
    -2.4204     0.6274     0.5874     0.2275
    -2.3136     0.9567     0.9981     0.6319
    -2.2869     1.2863     1.3105     0.9330
    -2.1355     1.6709     1.5695     1.2717
    -2.0020     1.9458     1.7927     1.6200
    -1.7529     2.2207     2.0160     1.8365
    -1.4770     2.4499     2.1500     2.0908
    -1.2457     2.6333     2.2751     2.2414
    -0.8810     2.7251     2.2572     2.3356
    -0.4807     2.7251     2.2751     2.3733
    -0.1695     2.6884     2.2751     2.3544
     0.1684     2.5783     2.2215     2.2697
     0.6129     2.4132     2.0786     2.1284
     1.0040     2.0924     1.8463     1.9307
     1.4040     1.7808     1.5427     1.6577
     1.7860     1.5060     1.2302     1.3376
     2.2125     1.0483     0.8374     0.8859
     2.5767     0.6548     0.4893     0.5096
     2.8342     0.2707     0.1591     0.1335
     2.8609    -0.1771    -0.1978    -0.2708
     2.8786    -0.5151    -0.4922    -0.5716
     2.8786    -0.8530    -0.7420    -0.8724
     2.8786    -1.2089    -0.9649    -1.2012
     2.7720    -1.4917    -1.1255    -1.4454
     2.4701    -1.7562    -1.2949    -1.6239
     2.0615    -1.9750    -1.4732    -1.7366
     1.5461    -2.1664    -1.6426    -1.8493
     1.0396    -2.2393    -1.7228    -1.9432
     0.5952    -2.3122    -1.7852    -1.9432
     0.2307    -2.3942    -1.7763    -1.9056
    -0.0983    -2.3577    -1.7407    -1.8775
    -0.4807    -2.2028    -1.6783    -1.7836
    -0.8365    -2.0479    -1.5267    -1.6145
    -1.1745    -1.8929    -1.4197    -1.4361
    -1.4859    -1.6468    -1.2592    -1.2482
    -1.8063    -1.3275    -1.0274    -1.0039
    -2.0821    -0.9717    -0.7866    -0.8160
    -2.2423    -0.5517    -0.4922    -0.5716
    -2.3403    -0.1680    -0.1711    -0.3554
    -2.4115     0.1976     0.1501    -0.0640
    -2.4026     0.6182     0.5428     0.2369
    -2.3403     0.9659     0.8463     0.5379
    -2.2601     1.3687     1.2123     0.9048
    -2.1088     1.6709     1.4891     1.2341
    -1.9309     1.9549     1.7124     1.5635
    -1.6728     2.2574     1.9356     1.7989
    -1.4059     2.4683     2.1054     1.9966
    -1.0678     2.6058     2.2394     2.1661
    -0.7831     2.7067     2.3019     2.2414
    -0.3740     2.7067     2.2840     2.3168
    -0.0272     2.7067     2.2751     2.2791
     0.3018     2.5875     2.2036     2.2132
     0.6574     2.3949     2.0339     2.1002
     1.0485     2.0924     1.8285     1.8742
     1.4928     1.8450     1.5427     1.6294
     1.8660     1.4511     1.2212     1.3188
     2.2835     1.0208     0.8374     0.9236
     2.5855     0.6091     0.4536     0.4908
     2.8786     0.2707     0.1055     0.0770
     2.9141    -0.1223    -0.2424    -0.2990
     2.8875    -0.5151    -0.4922    -0.6468
     2.8875    -0.8073    -0.8044    -0.9663
     2.8520    -1.1359    -1.0185    -1.2670
     2.8076    -1.4553    -1.2146    -1.4924
     2.5056    -1.7380    -1.3662    -1.6803
     2.1236    -1.9476    -1.5267    -1.8399
     1.6439    -2.1026    -1.6337    -1.9338
     1.1374    -2.2757    -1.7496    -1.9526
     0.6574    -2.3850    -1.8031    -2.0089
     0.3640    -2.4033    -1.7852    -1.9714
    -0.0539    -2.3850    -1.7674    -1.9150
    -0.4007    -2.3031    -1.6783    -1.8587
    -0.8543    -2.1482    -1.5178    -1.6803
    -1.1745    -2.0114    -1.4197    -1.4736
    -1.5126    -1.6924    -1.2146    -1.2670
    -1.7796    -1.4188    -1.0452    -1.0791
    -2.0465    -1.0355    -0.7687    -0.8912
    -2.2601    -0.5791    -0.5279    -0.6750
    -2.4115    -0.2502    -0.1711    -0.3930
    -2.4204     0.2250     0.1591    -0.1016
    -2.4115     0.5816     0.5517     0.2463
    -2.3759     1.0208     0.8641     0.5755
    -2.3047     1.3504     1.1945     0.9518
    -2.1355     1.6801     1.4713     1.3094
    -1.9397     1.9366     1.7213     1.5918
    -1.7173     2.1932     1.9624     1.8177
    -1.4414     2.4316     2.1054     2.0531
    -1.1656     2.5600     2.2483     2.1943
    -0.8187     2.6517     2.2930     2.2791
    -0.4718     2.7434     2.2930     2.3544
    -0.0716     2.7251     2.2572     2.3544
     0.2662     2.5875     2.2126     2.2414
     0.6929     2.4316     2.0518     2.1190
     1.1018     2.1107     1.7927     1.9118
     1.4484     1.8083     1.5427     1.6671
     1.8394     1.4328     1.1766     1.3188
     2.1947     1.0483     0.7927     0.9236
     2.5589     0.6640     0.4714     0.5379
     2.8697     0.2250     0.1145     0.1617
     2.9053    -0.0766    -0.1443    -0.1956
     2.9319    -0.4421    -0.4209    -0.5716
     2.9141    -0.7800    -0.7063    -0.8536
     2.8964    -1.1177    -0.9114    -1.1824
     2.8964    -1.5009    -1.1522    -1.4454
     2.6299    -1.7653    -1.2860    -1.6709
     2.1592    -1.9476    -1.4465    -1.8211
     1.7061    -2.1482    -1.5980    -1.9056
     1.2440    -2.2939    -1.6783    -2.0277
     0.7018    -2.4215    -1.7139    -2.0559
     0.3196    -2.4852    -1.7050    -2.0934
     0.0173    -2.4488    -1.7139    -2.0183
    -0.3562    -2.3577    -1.6248    -1.9432
    -0.8187    -2.2757    -1.5178    -1.7929
    -1.1745    -2.0661    -1.3662    -1.6333
    -1.4859    -1.7927    -1.1968    -1.4173
    -1.7173    -1.4370    -0.9471    -1.1636
    -1.9842    -1.0903    -0.7331    -0.9663
    -2.1978    -0.7252    -0.4298    -0.7032
    -2.3314    -0.3416    -0.1621    -0.5152
    -2.3670     0.0605     0.1769    -0.1580
    -2.3581     0.4627     0.5607     0.1805
    -2.3492     0.8652     0.8552     0.4908
    -2.2958     1.2222     1.1677     0.8671
    -2.1533     1.5793     1.4266     1.2341
    -1.9575     1.8633     1.6499     1.5353
    -1.7796     2.1657     1.8821     1.7894
    -1.4948     2.3399     2.0250     2.0437
    -1.2279     2.5600     2.1590     2.2226
    -0.8988     2.6792     2.2483     2.2697
    -0.4985     2.6792     2.2572     2.3733
    -0.0805     2.6792     2.1947     2.3450
     0.3018     2.5508     2.0518     2.3262
     0.7196     2.4041     1.9446     2.1755
     1.1018     2.1474     1.7749     1.9495
     1.5195     1.7991     1.4802     1.7141
     1.9015     1.4969     1.1320     1.3847
     2.2480     1.1306     0.7838     0.9988
     2.5944     0.7371     0.4179     0.6601
     2.8431     0.3804     0.0966     0.2745
     2.8697     0.0330    -0.2335    -0.1298
     2.9497    -0.3142    -0.5190    -0.4400
     2.9497    -0.6887    -0.8401    -0.7878
     2.9497    -1.0721    -1.0363    -1.0697
     2.9230    -1.3640    -1.2236    -1.3327
     2.6566    -1.6924    -1.3841    -1.5957
     2.2480    -1.9203    -1.5356    -1.7178
     1.7061    -2.0844    -1.6248    -1.8305
     1.2262    -2.2211    -1.7496    -1.9244
     0.6841    -2.2666    -1.7852    -1.9526
     0.2396    -2.4033    -1.7139    -1.9714
    -0.0628    -2.3486    -1.7050    -1.9244
    -0.4096    -2.3668    -1.5802    -1.8305
    -0.8632    -2.2211    -1.4465    -1.7366
    -1.2190    -1.9750    -1.2949    -1.5300
    -1.4859    -1.7380    -1.1790    -1.3891
    -1.7618    -1.4279    -0.9560    -1.1448
    -1.9486    -0.9990    -0.6885    -0.9381
    -2.1889    -0.6704    -0.4655    -0.7408
    -2.2958    -0.2868    -0.1532    -0.4776
    -2.3848     0.1519     0.1858    -0.1392
    -2.3670     0.5542     0.5517     0.1899
    -2.3403     0.9751     0.8731     0.5096
    -2.2423     1.2954     1.1766     0.8765
    -2.1622     1.6526     1.4355     1.2059
    -2.0109     1.8816     1.6320     1.5259
    -1.7974     2.1015     1.8374     1.7612
    -1.5482     2.3674     2.0786     1.9495
    -1.2457     2.4958     2.2036     2.0625
    -0.9166     2.6242     2.2840     2.1943
    -0.5519     2.6058     2.2483     2.2320
    -0.0805     2.6425     2.2840     2.2414
     0.3551     2.4866     2.2215     2.1849
     0.7374     2.2757     2.0518     2.0813
     1.1018     2.0466     1.8463     1.9118
     1.4928     1.7900     1.5606     1.6294
     1.8571     1.4786     1.2480     1.2906
     2.1503     1.0849     0.8552     0.9330
     2.4790     0.6365     0.5071     0.5473
     2.8076     0.3073     0.1412     0.1523
     2.9319    -0.0949    -0.1889    -0.2144
     3.0118    -0.4512    -0.4744    -0.5058
     3.0385    -0.8165    -0.7777    -0.8066
     2.9497    -1.0994    -0.9917    -1.1542
     2.9674    -1.4826    -1.2236    -1.4361
     2.7276    -1.7471    -1.3930    -1.6427
     2.2125    -1.9021    -1.4910    -1.7929
     1.7150    -2.0661    -1.6069    -1.8962
     1.1196    -2.2484    -1.7050    -1.9714
     0.6129    -2.3213    -1.7050    -1.9995
     0.2218    -2.3577    -1.7496    -1.9714
    -0.1072    -2.4124    -1.6426    -1.9056
    -0.4896    -2.3668    -1.5713    -1.8305
    -0.9077    -2.1755    -1.4732    -1.6709
    -1.2279    -2.0479    -1.3484    -1.5300
    -1.4948    -1.7653    -1.1879    -1.3045
    -1.7618    -1.4005    -0.9560    -1.1354
    -1.9575    -1.0721    -0.7420    -0.9287
    -2.2156    -0.7069    -0.4565    -0.6656
    -2.3848    -0.2594    -0.1443    -0.4400
    -2.3848     0.1702     0.2572    -0.1580
    -2.3937     0.6365     0.5607     0.1993
    -2.3759     0.9842     0.9266     0.5473
    -2.2958     1.3961     1.2034     0.8765
    -2.2512     1.7075     1.5338     1.2153
    -2.0376     1.9641     1.7570     1.5353
    -1.8152     2.2390     1.8910     1.7894
    -1.5482     2.4316     2.0964     1.9778
    -1.2635     2.5325     2.1858     2.1190
    -0.9432     2.5875     2.2572     2.2320
    -0.5697     2.6333     2.2751     2.3356
    -0.1428     2.5416     2.2394     2.3168
     0.3107     2.4591     2.2215     2.2508
     0.6663     2.2757     2.1054     2.1378
     1.0218     2.0649     1.9089     1.9589
     1.4217     1.7442     1.6052     1.6953
     1.7772     1.4053     1.2302     1.3659
     2.1059     1.0574     0.8909     0.9800
     2.3813     0.6457     0.4714     0.5755
     2.6832     0.2890     0.1412     0.2181
     2.9497    -0.1315    -0.2157    -0.1768
     2.9941    -0.4421    -0.4922    -0.5246
     3.0118    -0.7708    -0.7420    -0.8254
     2.9941    -1.1359    -0.9739    -1.0979
     2.9230    -1.4826    -1.2057    -1.3985
     2.6832    -1.6924    -1.3662    -1.6333
     2.2036    -1.9385    -1.4910    -1.7742
     1.7594    -2.1390    -1.6159    -1.9056
     1.1729    -2.1937    -1.7585    -1.9526
     0.6485    -2.2757    -1.8031    -2.0089
     0.1951    -2.3759    -1.7407    -1.9901
    -0.0894    -2.3395    -1.7228    -1.9432
    -0.4540    -2.2939    -1.6069    -1.8399
    -0.8276    -2.2119    -1.5267    -1.7178
    -1.1389    -1.9659    -1.3306    -1.5394
    -1.4770    -1.7380    -1.1968    -1.3515
    -1.7529    -1.4735    -0.9560    -1.1354
    -1.9575    -1.0538    -0.7241    -0.9006
    -2.2245    -0.6795    -0.4387    -0.6750
    -2.3670    -0.2411    -0.1711    -0.4118
    -2.4026     0.1793     0.1948    -0.1486
    -2.4026     0.6457     0.5160     0.1429
    -2.3314     1.0025     0.8999     0.5096
    -2.3136     1.4419     1.1588     0.8953
    -2.2067     1.7442     1.4534     1.2529
    -2.0109     1.9916     1.7034     1.5918
    -1.7618     2.2482     1.8910     1.8554
    -1.5304     2.3857     2.1232     2.0625
    -1.2813     2.5325     2.2126     2.1755
    -0.9432     2.6150     2.3019     2.2603
    -0.5430     2.6150     2.2840     2.3168
    -0.1161     2.6150     2.2662     2.3262
     0.3196     2.4774     2.2483     2.2791
     0.7018     2.3216     2.1590     2.1473
     1.0840     2.1199     1.9714     1.9589
     1.4751     1.8266     1.6945     1.7141
     1.7772     1.4786     1.3820     1.4412
     2.0970     1.1123     0.9891     1.0459
     2.4523     0.7006     0.6053     0.6319
     2.7099     0.2890     0.2126     0.2463
     2.9141    -0.1040    -0.1086    -0.1110
     2.9674    -0.3964    -0.3852    -0.5152
     3.0118    -0.7982    -0.6528    -0.8348
     3.0029    -1.1086    -0.8490    -1.1542
     2.9674    -1.4370    -1.0541    -1.3515
     2.7365    -1.6833    -1.2592    -1.5676
     2.2658    -1.9203    -1.4197    -1.7836
     1.7505    -2.0844    -1.5891    -1.9244
     1.1729    -2.2666    -1.6693    -1.9995
     0.6574    -2.3395    -1.7407    -2.0371
     0.1951    -2.3577    -1.7318    -2.0465
    -0.0183    -2.3850    -1.6872    -2.0277
    -0.3740    -2.3122    -1.5802    -1.8868
    -0.7831    -2.2028    -1.4108    -1.7460
    -1.1567    -2.0114    -1.3127    -1.5863
    -1.4503    -1.7471    -1.1433    -1.3515
    -1.6639    -1.4917    -0.9560    -1.1918
    -1.9220    -1.1816    -0.7420    -0.8912
    -2.1800    -0.7343    -0.5190    -0.6562
    -2.3136    -0.3233    -0.2335    -0.4400
    -2.4204     0.1244     0.1145    -0.1392
    -2.3848     0.5359     0.5071     0.1523
    -2.3225     1.0300     0.8374     0.5379
    -2.2423     1.3870     1.1498     0.8953
    -2.1711     1.7533     1.4623     1.2153
    -1.9575     1.9916     1.6677     1.5447
    -1.8063     2.2849     1.9267     1.8271
    -1.5927     2.4316     2.1232     2.0248
    -1.2991     2.6242     2.2304     2.2038
    -1.0144     2.6792     2.2572     2.3262
    -0.6675     2.6654     2.2572     2.4015
    -0.2406     2.6517     2.2840     2.4204
     0.2040     2.5049     2.2662     2.3450
     0.6485     2.3491     2.1679     2.2791
     1.0307     2.1199     1.9803     2.1284
     1.4040     1.8266     1.7124     1.8554
     1.7772     1.5518     1.3462     1.5259
     2.1059     1.1581     0.9177     1.1306
     2.4257     0.7371     0.5696     0.7166
     2.6566     0.3896     0.1412     0.3215
     2.9141    -0.0583    -0.1354    -0.0452
     2.9674    -0.3599    -0.4476    -0.4400
     3.0118    -0.6887    -0.7331    -0.7502
     2.9674    -1.0447    -0.9114    -1.0509
     3.0029    -1.3640    -1.0898    -1.3609
     2.8431    -1.6468    -1.2592    -1.5769
     2.3990    -1.8383    -1.4465    -1.7742
     1.8482    -2.0297    -1.5535    -1.8962
     1.3151    -2.2028    -1.6248    -1.9807
     0.7552    -2.3668    -1.7050    -2.0746
     0.2840    -2.3759    -1.6783    -2.0840
    -0.0539    -2.3942    -1.6783    -2.0089
    -0.4185    -2.2939    -1.5535    -1.8868
    -0.7742    -2.2028    -1.4643    -1.7554
    -1.1567    -1.9932    -1.3395    -1.5863
    -1.4236    -1.8018    -1.1433    -1.3797
    -1.7262    -1.5009    -1.0185    -1.1824
    -1.9309    -1.2181    -0.7509    -0.9757
    -2.1177    -0.8530    -0.5279    -0.7972
    -2.2779    -0.4055    -0.1978    -0.5434
    -2.2913     0.0056     0.1145    -0.2802
    -2.3047     0.5176     0.5250     0.0582
    -2.3225     0.8927     0.8106     0.4062
    -2.2334     1.3229     1.1320     0.7448
    -2.1177     1.7167     1.4266     1.1494
    -2.0287     2.0557     1.7213     1.4412
    -1.7707     2.2482     1.8999     1.6953
    -1.5482     2.4683     2.1411     1.9024
    -1.2991     2.5875     2.2483     2.1096
    -1.0411     2.6425     2.2751     2.2226
    -0.5963     2.6058     2.2572     2.3074
    -0.2317     2.5783     2.2840     2.2791
     0.2218     2.4499     2.1947     2.2508
     0.6129     2.2757     2.1054     2.1755
     1.0040     2.1015     1.9267     2.0154
     1.3773     1.8450     1.6677     1.7612
     1.8038     1.5243     1.3195     1.4882
     2.1059     1.1673     0.9981     1.1212
     2.4079     0.7737     0.5785     0.7166
     2.6832     0.4262     0.2126     0.3215
     2.8786     0.0239    -0.0908    -0.0734
     2.9852    -0.3507    -0.4209    -0.4588
     2.9763    -0.7160    -0.6349    -0.8066
     2.9319    -1.0812    -0.9382    -1.0979
     2.9852    -1.3275    -1.0630    -1.3421
     2.8786    -1.6194    -1.2681    -1.5582
     2.3901    -1.8656    -1.4197    -1.7084
     1.8571    -2.0661    -1.6069    -1.8587
     1.3151    -2.2393    -1.6604    -2.0089
     0.7463    -2.3304    -1.6738    -2.0652
     0.2218    -2.4306    -1.6872    -2.0465
    -0.1872    -2.4033    -1.6515    -1.9807
    -0.4807    -2.2939    -1.5891    -1.8587
    -0.8365    -2.1755    -1.5356    -1.7366
    -1.2101    -2.0114    -1.3751    -1.5582
    -1.4948    -1.7927    -1.1879    -1.3703
    -1.7351    -1.5373    -1.0185    -1.1730
    -1.9931    -1.2363    -0.8133    -1.0039
    -2.2601    -0.8621    -0.5547    -0.7690
    -2.3759    -0.5425    -0.2781    -0.5716
    -2.4916    -0.0858     0.0341    -0.2802
    -2.4471     0.3439     0.3822     0.0206
    -2.3225     0.8103     0.7570     0.3686
    -2.2869     1.2313     1.0338     0.7260
    -2.2512     1.5885     1.3552     1.1212
    -2.1088     1.9091     1.5873     1.4412
    -1.8686     2.1565     1.8195     1.7141
    -1.6194     2.3491     2.0428     1.9118
    -1.3436     2.4591     2.1768     2.0625
    -1.0322     2.5691     2.2394     2.1567
    -0.6141     2.5691     2.2304     2.2508
    -0.2851     2.5508     2.2572     2.2132
     0.1418     2.3857     2.1858     2.1567
     0.5863     2.2482     2.0964     2.0531
     0.9863     2.0374     1.8999     1.9401
     1.3862     1.8175     1.6588     1.7047
     1.7683     1.5060     1.3016     1.4129
     2.1947     1.1673     0.9356     1.0459
     2.5411     0.7554     0.5339     0.6601
     2.7632     0.3713     0.1769     0.2557
     2.9497    -0.0492    -0.1800    -0.1392
     2.9852    -0.4147    -0.4655    -0.4964
     3.0118    -0.7069    -0.6974    -0.7972
     2.9585    -1.0538    -0.9471    -1.0321
     2.9763    -1.3002    -1.1701    -1.2858
     2.8520    -1.5921    -1.3662    -1.5206
     2.3724    -1.8018    -1.5178    -1.7554
     1.8660    -2.0570    -1.5980    -1.8962
     1.2440    -2.1937    -1.7228    -1.9620
     0.7285    -2.3850    -1.7496    -1.9995
     0.2218    -2.4215    -1.7763    -1.9620
    -0.1695    -2.3850    -1.6961    -1.9244
    -0.4896    -2.3122    -1.6426    -1.8117
    -0.8454    -2.1755    -1.5178    -1.6521
    -1.2457    -2.0388    -1.3573    -1.5018
    -1.5571    -1.8109    -1.1879    -1.3139
    -1.7529    -1.5100    -1.0452    -1.1261
    -2.0376    -1.1633    -0.8133    -0.9193
    -2.2512    -0.8439    -0.5190    -0.6750
    -2.4560    -0.4421    -0.2603    -0.4682
    -2.4649    -0.0127     0.0877    -0.2426
    -2.4738     0.4170     0.4089     0.0770
    -2.4293     0.7829     0.7660     0.4250
    -2.3759     1.1673     1.0605     0.7730
    -2.2601     1.5427     1.4088     1.1682
    -2.1088     1.8724     1.6766     1.4882
    -1.8775     2.1107     1.8910     1.7989
    -1.6283     2.3399     2.0786     2.0437
    -1.3703     2.5508     2.2036     2.1849
    -1.0767     2.6333     2.2572     2.3074
    -0.6675     2.6471     2.2483     2.3074
    -0.3206     2.6609     2.2394     2.3356
     0.1151     2.5141     2.2304     2.2697
     0.4885     2.3766     2.0786     2.1284
     0.8885     2.1382     1.8999     1.9966
     1.2884     1.9091     1.6141     1.7800
     1.7061     1.6159     1.2927     1.4788
     2.0703     1.2222     0.9177     1.0929
     2.4168     0.8195     0.5785     0.6790
     2.7099     0.4536     0.2483     0.2745
     2.8875     0.0970    -0.1175    -0.0922
     2.9585    -0.2868    -0.4209    -0.4024
     2.9674    -0.6613    -0.7331    -0.7032
     2.9408    -1.0355    -0.9471    -0.9945
     2.9319    -1.3367    -1.1522    -1.2576
     2.8431    -1.5738    -1.3306    -1.5206
     2.4434    -1.7744    -1.4821    -1.6990
     1.8927    -2.0023    -1.6515    -1.8681
     1.3684    -2.2302    -1.7407    -2.0089
     0.8085    -2.3486    -1.7540    -2.0652
     0.2840    -2.3395    -1.7674    -2.0371
    -0.0539    -2.3668    -1.7228    -1.9714
    -0.4007    -2.2666    -1.6248    -1.8587
    -0.7742    -2.1664    -1.5445    -1.7178
    -1.2012    -2.0570    -1.3662    -1.5676
    -1.4770    -1.8747    -1.2057    -1.3985
    -1.6995    -1.5738    -1.0095    -1.2200
    -1.9309    -1.2728    -0.7866    -1.0133
    -2.1711    -0.8530    -0.5190    -0.7878
    -2.3403    -0.4695    -0.2692    -0.5340
    -2.3670    -0.0766     0.0788    -0.2614
    -2.3759     0.3987     0.4446     0.0582
    -2.3136     0.7737     0.7392     0.4344
    -2.2601     1.1947     1.0963     0.8201
    -2.1622     1.5518     1.3730     1.1870
    -2.0198     1.8724     1.6499     1.4788
    -1.7885     2.0832     1.8374     1.7330
    -1.5660     2.3399     2.0696     1.9589
    -1.3080     2.5325     2.2126     2.1473
    -0.9877     2.6150     2.2662     2.2697
    -0.6408     2.6242     2.2394     2.3168
    -0.2584     2.6609     2.2394     2.3262
     0.2040     2.5416     2.1947     2.2603
     0.6307     2.4224     2.1232     2.2226
     0.9863     2.1199     1.9624     2.0437
     1.4306     1.8450     1.6945     1.8459
     1.8127     1.5701     1.3641     1.4882
     2.1681     1.2680     0.9802     1.1023
     2.4257     0.8378     0.6321     0.7448
     2.7276     0.4993     0.2751     0.3403
     2.9230     0.0787    -0.0462    -0.0452
     2.9408    -0.2411    -0.3673    -0.4400
     2.9408    -0.6704    -0.6349    -0.7408
     2.9319    -0.9351    -0.8758    -1.0227
     2.9230    -1.2363    -1.1165    -1.2670
     2.7543    -1.4644    -1.2503    -1.4924
     2.2924    -1.7106    -1.4019    -1.7554
     1.8394    -1.9476    -1.5445    -1.9056
     1.3240    -2.1755    -1.6515    -1.9995
     0.7463    -2.2848    -1.7318    -2.0652
     0.2307    -2.3577    -1.7674    -2.0934
    -0.0716    -2.3668    -1.7228    -2.0840
    -0.4274    -2.2939    -1.6159    -1.9807
    -0.8009    -2.1573    -1.5000    -1.8117
    -1.1834    -2.0297    -1.3751    -1.6803
    -1.4503    -1.8747    -1.2414    -1.4548
    -1.7351    -1.6012    -1.0185    -1.2482
    -1.9131    -1.2637    -0.8133    -1.0509
    -2.1978    -0.8712    -0.5011    -0.8442
    -2.3314    -0.5243    -0.2335    -0.5810
    -2.3937    -0.1406     0.1412    -0.2896
    -2.4115     0.3164     0.4536     0.0394
    -2.4293     0.6914     0.7838     0.4250
    -2.3314     1.1398     1.0695     0.8013
    -2.1800     1.5701     1.3462     1.1588
    -2.0376     1.8724     1.6231     1.4412
    -1.8063     2.1107     1.8999     1.7047
    -1.5571     2.2940     2.1054     1.9307
    -1.2724     2.4958     2.1679     2.1096
    -1.0055     2.5233     2.2304     2.2226
    -0.6052     2.5279     2.2304     2.2697
    -0.1784     2.5325     2.2483     2.2885
     0.2484     2.4224     2.2304     2.2979
     0.6841     2.2940     2.1947     2.2414
     1.0840     2.0832     1.9803     2.0813
     1.4928     1.7991     1.7124     1.8177
     1.9104     1.5518     1.4177     1.5353
     2.2302     1.2130     1.0605     1.1306
     2.5500     0.8195     0.6588     0.7542
     2.8431     0.4627     0.2929     0.3027
     2.9053     0.1702    -0.0640    -0.0452
     2.9852    -0.2137    -0.3852    -0.4400
     2.9585    -0.6339    -0.6706    -0.7502
     2.9408    -0.9899    -0.8668    -1.0227
     2.9141    -1.2363    -1.0987    -1.2670
     2.8431    -1.5282    -1.2771    -1.5018
     2.3368    -1.7197    -1.4910    -1.6803
     1.8749    -2.0206    -1.5891    -1.8305
     1.2795    -2.1755    -1.6693    -1.9807
     0.8174    -2.3304    -1.7585    -2.0465
     0.2484    -2.4397    -1.8031    -2.1122
    -0.0450    -2.4488    -1.7763    -2.0746
    -0.4096    -2.3759    -1.6604    -1.9995
    -0.7387    -2.1846    -1.5891    -1.8962
    -1.1745    -2.1208    -1.4197    -1.7460
    -1.4859    -1.8838    -1.2949    -1.5676
    -1.7084    -1.7015    -1.0452    -1.3609
    -2.0109    -1.3549    -0.8668    -1.1261
    -2.2512    -0.9717    -0.5636    -0.9006
    -2.4293    -0.5699    -0.2246    -0.6562
    -2.5272    -0.1863     0.0788    -0.3648
    -2.5628     0.2250     0.4000    -0.0170
    -2.5361     0.6182     0.7481     0.3497
    -2.4026     1.0574     1.1052     0.7448
    -2.2512     1.4419     1.3909     1.1306
    -2.0821     1.7075     1.6499     1.4506
    -1.8508     2.0007     1.9089     1.6765
    -1.6016     2.2757     2.1232     1.8930
    -1.3614     2.4132     2.2036     2.1096
    -1.0233     2.5783     2.2930     2.2508
    -0.6141     2.6242     2.2751     2.3544
    -0.2050     2.5783     2.2751     2.3544
     0.2751     2.4683     2.2304     2.3356
     0.6663     2.3216     2.1947     2.3074
     1.0663     2.1290     2.0250     2.1567
     1.5461     1.8266     1.7749     1.9118
     1.9015     1.5976     1.4713     1.5447
     2.2924     1.2680     1.0784     1.2153
     2.5500     0.8835     0.6410     0.7824
     2.7809     0.5725     0.3018     0.3780
     2.9230     0.2250    -0.0551     0.0206
     2.9319    -0.2046    -0.3852    -0.3460
     2.9497    -0.5608    -0.6974    -0.6562
     2.9674    -0.8256    -0.9025    -0.9193
     2.9763    -1.1268    -1.1701    -1.1824
     2.8253    -1.4279    -1.3395    -1.3703
     2.4168    -1.7197    -1.5000    -1.6051
     1.8571    -1.9476    -1.6426    -1.7460
     1.3062    -2.1117    -1.8031    -1.9150
     0.7996    -2.2666    -1.8833    -1.9901
     0.3018    -2.3942    -1.8565    -2.0652
    -0.0361    -2.3759    -1.8744    -2.0840
    -0.3918    -2.2757    -1.7496    -1.9995
    -0.7831    -2.2484    -1.6783    -1.8962
    -1.1389    -2.1299    -1.5445    -1.7366
    -1.4414    -1.9385    -1.3751    -1.5206
    -1.7262    -1.6650    -1.1790    -1.3609
    -1.9931    -1.3640    -0.8936    -1.1261
    -2.2423    -0.9899    -0.6439    -0.9006
    -2.3848    -0.6247    -0.3138    -0.6374
    -2.5361    -0.2320     0.0252    -0.3742
    -2.5272     0.2433     0.3375    -0.0170
    -2.5005     0.6274     0.7124     0.3027
    -2.4471     0.9842     1.0516     0.6790
    -2.3403     1.3870     1.3105     1.0365
    -2.1088     1.7167     1.6052     1.3847
    -1.9131     2.0191     1.8731     1.6953
    -1.6461     2.2482     2.0786     1.8930
    -1.4325     2.3766     2.2126     2.1002
    -1.1123     2.5325     2.2394     2.1849
    -0.6141     2.5508     2.2930     2.2885
    -0.2050     2.5966     2.2572     2.3262
     0.1862     2.4866     2.2572     2.3074
     0.6218     2.2940     2.2304     2.2508
     1.0396     2.1107     2.0339     2.1096
     1.4395     1.8633     1.7660     1.8459
     1.8394     1.5335     1.4891     1.5353
     2.2214     1.1856     1.1320     1.1965
     2.6033     0.8561     0.7392     0.8295
     2.8609     0.5085     0.3732     0.3780
     2.9141     0.1884     0.0431     0.0488
     2.9941    -0.0949    -0.3227    -0.3272
     2.9852    -0.4603    -0.5636    -0.6092
     2.9408    -0.7343    -0.8579    -0.8630
     2.9408    -1.0629    -1.0987    -1.0697
     2.7720    -1.3184    -1.3038    -1.2576
     2.3546    -1.6468    -1.5089    -1.4736
     1.8305    -1.8929    -1.6515    -1.6145
     1.3151    -2.0479    -1.7139    -1.7554
     0.7907    -2.1390    -1.7852    -1.8587
     0.4263    -2.2028    -1.7986    -1.9056
     0.0351    -2.2484    -1.8120    -1.9432
    -0.3918    -2.2939    -1.7050    -1.8587
    -0.8187    -2.2302    -1.6426    -1.7554
    -1.2012    -2.0752    -1.5000    -1.6145
    -1.5037    -1.8474    -1.3127    -1.4736
    -1.7084    -1.6194    -1.1433    -1.2670
    -1.9842    -1.3002    -0.9382    -1.0979
    -2.1978    -0.9534    -0.6706    -0.8724
    -2.3848    -0.5517    -0.3584    -0.6280
    -2.5094    -0.1680    -0.0462    -0.2802
    -2.5628     0.2524     0.3197     0.0394
    -2.5539     0.6182     0.6856     0.4156
    -2.4560     1.0300     1.0338     0.7636
    -2.3314     1.4328     1.3552     1.1588
    -2.1711     1.7533     1.6320     1.4976
    -1.9575     2.0557     1.8463     1.7706
    -1.7262     2.3032     2.0339     1.9401
    -1.4414     2.4774     2.1947     2.1002
    -1.1923     2.5416     2.2483     2.2320
    -0.7920     2.5554     2.2662     2.3168
    -0.3384     2.5691     2.2930     2.3544
     0.0884     2.4499     2.2840     2.3450
     0.6041     2.2940     2.2394     2.2603
     1.0218     2.0741     2.1143     2.0813
     1.4306     1.8450     1.8463     1.8554
     1.8038     1.5152     1.5248     1.5729
     2.1769     1.1673     1.1230     1.2153
     2.4967     0.8744     0.7035     0.7824
     2.7188     0.5359     0.3465     0.4062
     2.9408     0.2159     0.0341    -0.0076
     2.9585    -0.1132    -0.2781    -0.3460
     2.9674    -0.4695    -0.5368    -0.6750
     2.9585    -0.7252    -0.8133    -0.9193
     2.8964    -1.0355    -1.0630    -1.1918
     2.7543    -1.4279    -1.2592    -1.3891
     2.2569    -1.6741    -1.4197    -1.5769
     1.7505    -1.9476    -1.6159    -1.7272
     1.2173    -2.1117    -1.6961    -1.8305
     0.6574    -2.2211    -1.7585    -1.9620
     0.2929    -2.2757    -1.7852    -2.0277
    -0.0183    -2.2575    -1.8031    -2.0183
    -0.3651    -2.2757    -1.7407    -1.9526
    -0.8098    -2.2393    -1.6426    -1.8305
    -1.1656    -2.1026    -1.4643    -1.6803
    -1.4859    -1.8929    -1.3216    -1.5582
    -1.7440    -1.6194    -1.1076    -1.3891
    -1.9842    -1.3367    -0.9382    -1.2012
    -2.1978    -0.9808    -0.6439    -0.9757
    -2.4115    -0.6065    -0.3495    -0.6844
    -2.5628    -0.2320    -0.0462    -0.3836
    -2.5895     0.2341     0.2483    -0.0170
    -2.5094     0.6823     0.6142     0.3403
    -2.4293     1.0940     0.9623     0.6790
    -2.2869     1.4511     1.3552     1.1023
    -2.1444     1.7991     1.6231     1.4506
    -1.9486     2.0466     1.8910     1.7518
    -1.7084     2.3216     2.0428     1.9589
    -1.4059     2.4591     2.2036     2.1190
    -1.1123     2.5325     2.2394     2.2508
    -0.6942     2.5691     2.2662     2.2885
    -0.3918     2.5600     2.2751     2.3168
     0.1506     2.4683     2.2662     2.3262
     0.6485     2.3032     2.2394     2.2697
     1.0307     2.1382     2.0518     2.1096
     1.4128     1.8450     1.7927     1.8648
     1.8927     1.5793     1.4534     1.5447
     2.2214     1.1947     1.0873     1.1776
     2.5234     0.8286     0.7213     0.7824
     2.7720     0.4810     0.3643     0.3686
     2.9141     0.2159    -0.0283     0.0112
     2.9497    -0.1315    -0.2870    -0.3460
     2.9852    -0.3964    -0.5993    -0.6186
     2.9674    -0.7617    -0.8312    -0.9100
     2.9141    -1.0355    -1.0987    -1.1448
     2.7720    -1.3367    -1.2681    -1.3515
     2.4168    -1.6468    -1.4554    -1.5206
     1.8482    -1.8929    -1.6069    -1.6521
     1.3506    -2.0388    -1.7139    -1.8117
     0.8618    -2.1390    -1.7852    -1.9056
     0.3551    -2.2302    -1.8209    -1.9338
     0.0795    -2.2484    -1.7852    -1.8962
    -0.2673    -2.2666    -1.6783    -1.8775
          3          3          3          3
