    4   2048 0.020000  2016   1  19  13  13
         16         10         11         42
    -1.8001     1.4363     2.1113     1.8118
    -1.4264     1.7477     1.6290     2.1226
    -1.1506     2.0134     1.1647     2.4616
    -0.7236     2.3342     0.7005     2.7254
    -0.2878     2.6277     0.2722     2.9703
     0.0412     2.8111    -0.0669     3.1305
     0.4324     3.0497    -0.4594     3.1965
     0.7969     3.0589    -0.9143     3.2012
     1.2146     3.0497    -1.3513     3.2059
     1.6500     3.0589    -1.7703     3.1493
     1.9610     3.0681    -2.0644     2.9797
     2.3608     2.9212    -2.3050     2.8478
     2.6805     2.6827    -2.5367     2.5746
     2.9470     2.4534    -2.7327     2.3297
     3.1423     2.1784    -2.8931     2.0472
     3.3021     1.9218    -3.0445     1.6706
     3.2933     1.5737    -3.0891     1.3036
     3.2933     1.2623    -3.0846     0.9742
     3.3199     0.9054    -3.0802     0.6167
     3.2222     0.5943    -3.0356     0.3534
     3.0269     0.2834    -2.9465     0.0995
     2.7338    -0.0091    -2.7595    -0.2296
     2.4229    -0.3655    -2.5902    -0.5962
     2.0054    -0.6760    -2.3407    -0.9627
     1.6412    -0.9864    -2.0644    -1.2257
     1.2057    -1.2419    -1.7792    -1.4794
     0.7880    -1.4244    -1.3958    -1.7611
     0.4858    -1.6980    -1.0124    -1.9301
     0.1835    -1.8712    -0.6022    -2.1179
    -0.1100    -1.9350    -0.1918    -2.2306
    -0.4301    -1.9988     0.4239    -2.3432
    -0.8303    -2.1082     0.8701    -2.5028
    -1.1417    -2.1720     1.3879    -2.5121
    -1.4531    -2.1720     1.8523    -2.5403
    -1.7823    -2.1720     2.3793    -2.4840
    -2.0048    -2.1446     2.8617    -2.5309
    -2.2006    -2.0991     3.2996    -2.4464
    -2.4231    -2.0170     3.4784    -2.3901
    -2.5477    -1.9350     3.5678    -2.2399
    -2.6991    -1.8165     3.6661    -2.0052
    -2.8860    -1.6615     3.8628    -1.7799
    -2.9751    -1.4609     3.9254    -1.6015
    -3.0463    -1.2784     3.9254    -1.3291
    -3.0196    -0.9773     3.8986    -1.0097
    -2.9127    -0.7582     3.8717    -0.6996
    -2.8148    -0.4477     3.7823    -0.3800
    -2.6902    -0.1462     3.4069     0.0148
    -2.6190     0.2559     2.8439     0.3440
    -2.4231     0.5211     2.3078     0.7672
    -2.2095     0.8962     1.7987     1.1342
    -1.9336     1.2440     1.2094     1.4636
    -1.5866     1.5920     0.6113     1.7742
    -1.2396     1.9035     0.0491     2.1414
    -0.8214     2.1601    -0.4148     2.4239
    -0.4034     2.4259    -0.8073     2.6971
    -0.0566     2.6827    -1.1194     2.9515
     0.2902     2.9121    -1.4850     3.1399
     0.7080     3.0772    -1.8505     3.3190
     1.1791     3.0589    -2.2337     3.4415
     1.6056     3.1140    -2.4743     3.4698
     1.9432     3.0956    -2.7773     3.4038
     2.3519     3.1231    -2.9465     3.2247
     2.6716     3.0864    -3.0891     3.0740
     2.9114     2.9671    -3.1603     2.8949
     3.1423     2.6827    -3.1960     2.6217
     3.2400     2.4168    -3.2316     2.3297
     3.2355     2.0317    -3.1692     1.9625
     3.2311     1.7019    -3.0802     1.5859
     3.1512     1.3630    -2.9733     1.1718
     3.0091     0.9786    -2.7862     0.7202
     2.8493     0.5943    -2.5813     0.3251
     2.5295     0.2742    -2.2872     0.0148
     2.2453    -0.1554    -2.0555    -0.3800
     1.9877    -0.4660    -1.6900    -0.7654
     1.6145    -0.7856    -1.4137    -1.1694
     1.2235    -1.0959    -1.0659    -1.5545
     0.8680    -1.3788    -0.6557    -1.8550
     0.5480    -1.6797    -0.2097    -2.0428
     0.2190    -1.8530     0.3971    -2.2399
    -0.1366    -2.0262     0.9237    -2.4277
    -0.4657    -2.1538     1.3879    -2.6154
    -0.8481    -2.2449     1.8255    -2.6717
    -1.1595    -2.3724     2.2185    -2.7468
    -1.5243    -2.4726     2.6562    -2.8031
    -1.8268    -2.5182     3.0762    -2.8124
    -2.0493    -2.4726     3.4695    -2.8124
    -2.2540    -2.4453     3.7198    -2.7937
    -2.4320    -2.3815     3.7823    -2.6717
    -2.6190    -2.2995     3.8002    -2.5309
    -2.7614    -2.1264     3.8092    -2.3807
    -2.8771    -1.9441     3.7555    -2.1367
    -2.9840    -1.7709     3.7823    -1.7329
    -2.9795    -1.5156     3.7376    -1.2915
    -2.9751    -1.2054     3.6304    -0.8687
    -2.9662    -0.9408     3.3443    -0.5492
    -2.8237    -0.6030     2.8886    -0.1920
    -2.7080    -0.1736     2.4418     0.1935
    -2.5299     0.2377     1.9684     0.4850
    -2.3074     0.5760     1.5308     0.8519
    -2.0671     0.9603     1.0397     1.2094
    -1.7912     1.3173     0.5667     1.5953
    -1.5065     1.7019     0.1561     1.9625
    -1.1417     1.9951    -0.1651     2.2544
    -0.6969     2.2792    -0.4594     2.5464
    -0.3412     2.5726    -0.8697     2.7913
     0.0412     2.8020    -1.1818     2.9986
     0.4413     2.9579    -1.4672     3.1493
     0.8413     3.0130    -1.7257     3.1965
     1.2857     3.1140    -1.9842     3.1682
     1.6945     3.0956    -2.1981     3.1493
     2.0410     3.0405    -2.3139     3.0363
     2.3608     2.9946    -2.4743     2.8384
     2.7072     2.8020    -2.5456     2.6406
     2.9292     2.5451    -2.6704     2.4145
     3.1334     2.3067    -2.6258     2.1696
     3.2400     2.0042    -2.5545     1.8118
     3.2489     1.6561    -2.4922     1.4447
     3.2489     1.2715    -2.4031     1.0401
     3.2577     0.8505    -2.2337     0.6355
     3.1689     0.5120    -2.0644     0.2875
     2.9647     0.2285    -1.9040     0.0054
     2.6894    -0.0823    -1.6900    -0.2766
     2.3519    -0.4660    -1.4404    -0.6808
     1.9788    -0.7856    -1.1729    -1.0848
     1.6056    -1.0959    -0.8697    -1.4606
     1.2146    -1.3331    -0.5130    -1.7048
     0.9391    -1.6250    -0.1472    -1.9583
     0.6635    -1.8439     0.2900    -2.1367
     0.3168    -2.0079     0.6202    -2.3432
    -0.0121    -2.1720     0.9326    -2.5309
    -0.4479    -2.3360     1.3076    -2.6435
    -0.7325    -2.4089     1.6915    -2.8031
    -1.1417    -2.5546     2.0309    -2.8687
    -1.4531    -2.6001     2.3793    -2.8875
    -1.6933    -2.5546     2.6920    -2.9157
    -1.9425    -2.5091     3.0583    -2.9157
    -2.1294    -2.4362     3.2818    -2.8781
    -2.3074    -2.3998     3.4158    -2.7843
    -2.5121    -2.2449     3.5231    -2.6342
    -2.6279    -2.0626     3.5052    -2.3432
    -2.7703    -1.9715     3.4337    -2.0710
    -2.8059    -1.7709     3.3533    -1.7517
    -2.8860    -1.5794     3.1298    -1.4042
    -2.8682    -1.3331     2.9332    -1.1412
    -2.8237    -1.0412     2.6562    -0.8781
    -2.6546    -0.7399     2.3971    -0.6432
    -2.5121    -0.4203     2.0756    -0.3424
    -2.3252    -0.1097     1.7540     0.0242
    -2.1116     0.3017     1.4415     0.4004
    -1.9514     0.6034     1.1469     0.7484
    -1.6666     0.9694     0.8791     1.0401
    -1.3997     1.2806     0.5488     1.3977
    -1.0260     1.5920     0.2543     1.7648
    -0.5635     1.9493    -0.0758     2.1320
    -0.1455     2.2151    -0.4059     2.4145
     0.2013     2.4259    -0.6914     2.7254
     0.5391     2.6093    -0.9500     2.9232
     0.9302     2.8295    -1.1908     3.0740
     1.3835     2.9763    -1.4939     3.1870
     1.7389     2.9671    -1.7346     3.2153
     2.1209     2.9946    -1.8951     3.1399
     2.4674     2.8754    -2.0733     3.1022
     2.8226     2.7011    -2.1981     2.8949
     3.0890     2.5360    -2.2783     2.7254
     3.2489     2.3526    -2.2961     2.3863
     3.2844     2.0042    -2.3852     2.0472
     3.2933     1.7385    -2.3674     1.6895
     3.3021     1.3905    -2.3050     1.2565
     3.2933     0.9328    -2.1981     0.7954
     3.2933     0.5303    -2.0733     0.3440
     3.0713     0.2011    -1.9396    -0.0792
     2.7693    -0.1097    -1.7970    -0.4082
     2.4407    -0.4386    -1.6544    -0.6714
     2.0943    -0.7491    -1.4850    -1.0097
     1.7300    -1.0229    -1.2264    -1.4512
     1.3301    -1.3149    -0.9767    -1.8081
     1.1080    -1.6159    -0.6111    -2.0897
     0.8058    -1.7892    -0.2810    -2.3432
     0.4769    -2.0170     0.0312    -2.5028
     0.1212    -2.2358     0.2989    -2.6717
    -0.3323    -2.4362     0.6381    -2.8312
    -0.6791    -2.5182     1.0397    -2.9626
    -1.0171    -2.6548     1.3522    -3.0001
    -1.2485    -2.6912     1.7362    -3.0283
    -1.4798    -2.6275     2.0041    -2.9626
    -1.7645    -2.5091     2.3078    -2.9063
    -1.9336    -2.4089     2.5490    -2.7561
    -2.1650    -2.2813     2.7724    -2.6623
    -2.3341    -2.1811     2.9779    -2.4371
    -2.4943    -2.0353     3.1388    -2.2024
    -2.5833    -1.8803     3.1745    -1.8456
    -2.7080    -1.6797     3.1924    -1.5827
    -2.6991    -1.4609     3.1835    -1.2539
    -2.7080    -1.1780     3.0673    -0.9627
    -2.6279    -0.8312     2.9779    -0.6244
    -2.5388    -0.5390     2.7724    -0.2860
    -2.4142    -0.2193     2.6026     0.0900
    -2.2273     0.2011     2.2989     0.4568
    -2.0938     0.5486     2.0309     0.8331
    -1.8535     1.0060     1.6826     1.2189
    -1.6132     1.2898     1.2986     1.5577
    -1.3374     1.6561     0.9237     1.8966
    -0.9994     1.9584     0.5577     2.2261
    -0.5457     2.3251     0.2632     2.4710
    -0.1455     2.5451    -0.1115     2.7630
     0.2457     2.8111    -0.5308     2.9797
     0.5391     2.9671    -0.9322     3.1211
     0.9658     3.0589    -1.2799     3.1493
     1.4279     3.1048    -1.6009     3.1493
     1.8277     3.0864    -1.8861     3.1493
     2.2275     3.0314    -2.0733     3.0174
     2.5917     2.9304    -2.2783     2.8949
     2.9292     2.7928    -2.4922     2.7254
     3.1512     2.6369    -2.6704     2.5370
     3.2844     2.3434    -2.7773     2.2827
     3.2755     2.0684    -2.8842     1.9437
     3.3554     1.6927    -2.9376     1.6518
     3.3554     1.3447    -2.9020     1.2565
     3.3377     1.0152    -2.8040     0.8989
     3.3377     0.6492    -2.7060     0.5697
     3.1956     0.3657    -2.5724     0.2875
     2.8137     0.1188    -2.4209    -0.0604
     2.4851    -0.1919    -2.2337    -0.3988
     2.1653    -0.5208    -1.9574    -0.8311
     1.7478    -0.7582    -1.7346    -1.1882
     1.3746    -1.0320    -1.3780    -1.5169
     1.1524    -1.3696    -1.0838    -1.7893
     0.8147    -1.5977    -0.6735    -2.0616
     0.4858    -1.9077    -0.2186    -2.1930
     0.0590    -2.1082     0.1918    -2.3995
    -0.3501    -2.2449     0.5934    -2.5778
    -0.6613    -2.3633     1.0933    -2.6717
    -0.9994    -2.3633     1.4683    -2.7186
    -1.2662    -2.4362     1.8969    -2.7749
    -1.5154    -2.4362     2.3257    -2.8687
    -1.8001    -2.4453     2.7188    -2.8500
    -2.0404    -2.3815     3.0494    -2.7843
    -2.2184    -2.2540     3.4873    -2.6154
    -2.4231    -2.1902     3.6214    -2.5028
    -2.5744    -2.0170     3.6929    -2.2775
    -2.7436    -1.8256     3.6661    -2.0146
    -2.7881    -1.6889     3.6929    -1.6672
    -2.7970    -1.4335     3.6840    -1.3948
    -2.8059    -1.1872     3.6393    -1.0191
    -2.6991    -0.9225     3.4963    -0.6808
    -2.6279    -0.6577     3.1745    -0.3988
    -2.5388    -0.3107     2.8260    -0.0228
    -2.3697     0.0548     2.4329     0.2781
    -2.2006     0.4571     2.0220     0.7014
    -2.0137     0.8779     1.6201     1.0777
    -1.6933     1.1799     1.1022     1.4824
    -1.4353     1.5920     0.6916     1.8401
    -1.1239     1.9493     0.2275     2.2073
    -0.7325     2.2976    -0.1204     2.4993
    -0.3501     2.5543    -0.4327     2.8196
     0.0056     2.8387    -0.8697     3.0457
     0.3880     3.0222    -1.2799     3.2436
     0.7880     3.0589    -1.6276     3.3284
     1.1880     3.0956    -1.8594     3.3755
     1.6678     3.0405    -2.1179     3.3378
     2.0232     3.0681    -2.2961     3.2059
     2.3874     3.0681    -2.4298     3.0834
     2.7605     2.9212    -2.5991     2.8572
     3.0269     2.6919    -2.6525     2.5840
     3.2045     2.3709    -2.7684     2.2921
     3.2933     2.0684    -2.7773     1.9531
     3.2933     1.7111    -2.7060     1.6142
     3.3288     1.3722    -2.6169     1.1812
     3.2666     0.9420    -2.4743     0.7672
     3.2045     0.6309    -2.2783     0.3722
     2.9736     0.3199    -2.1090     0.0806
     2.6450     0.0091    -1.8505    -0.2578
     2.2897    -0.3015    -1.5920    -0.5962
     1.9166    -0.6121    -1.2443    -1.0191
     1.5523    -0.9134    -0.9678    -1.3291
     1.1880    -1.2237    -0.6735    -1.6578
     0.8502    -1.4973    -0.4059    -1.8362
     0.5747    -1.6797     0.0402    -2.0991
     0.2724    -1.9715     0.5131    -2.2681
    -0.1366    -2.0991     0.9505    -2.4840
    -0.4746    -2.2540     1.3254    -2.6342
    -0.8481    -2.4089     1.6737    -2.7561
    -1.2485    -2.5364     2.0488    -2.7937
    -1.4976    -2.5819     2.3257    -2.8218
    -1.7912    -2.5546     2.7009    -2.8594
    -1.9870    -2.5910     2.9869    -2.8781
    -2.2006    -2.5000     3.2728    -2.8031
    -2.3964    -2.4180     3.4963    -2.6623
    -2.5744    -2.2449     3.6125    -2.5121
    -2.7258    -2.1355     3.6304    -2.3150
    -2.8949    -1.9259     3.5678    -2.0428
    -2.9840    -1.7071     3.5231    -1.7235
    -2.9662    -1.5612     3.3354    -1.4042
    -2.9662    -1.2875     3.0941    -1.1036
    -2.8682    -0.9316     2.8796    -0.7748
    -2.7703    -0.6212     2.5490    -0.4364
    -2.6724    -0.3472     2.2631    -0.1074
    -2.5121     0.0274     1.8880     0.2311
    -2.3163     0.4022     1.5219     0.5603
    -2.0671     0.7224     1.1379     0.9554
    -1.8446     1.1067     0.7987     1.2753
    -1.4887     1.3905     0.4774     1.6236
    -1.1506     1.7477     0.1472     1.9907
    -0.7414     1.9859    -0.1829     2.2638
    -0.3056     2.3251    -0.5843     2.5746
     0.0768     2.4993    -0.8965     2.8007
     0.3969     2.6552    -1.2532     2.9703
     0.8058     2.7836    -1.5028     3.0834
     1.2413     2.8754    -1.7970     3.1588
     1.6856     2.9304    -1.9574     3.1682
     2.0321     2.9029    -2.1892     3.1117
     2.3785     2.8295    -2.3139     2.9892
     2.7427     2.6460    -2.4654     2.7630
     3.0535     2.4901    -2.5545     2.5370
     3.2400     2.2151    -2.6704     2.2167
     3.2933     1.9401    -2.7149     1.8778
     3.3377     1.6469    -2.6615     1.4824
     3.3021     1.3173    -2.6080     1.0777
     3.2933     0.9145    -2.4654     0.7014
     3.0890     0.5303    -2.3763     0.2875
     2.8581     0.2011    -2.2070    -0.0886
     2.6184    -0.1005    -2.0198    -0.3800
     2.3430    -0.3929    -1.7881    -0.6526
     2.0321    -0.6943    -1.5920    -1.0191
     1.6678    -1.0138    -1.3156    -1.3854
     1.3479    -1.3058    -1.0392    -1.7329
     1.0013    -1.5429    -0.7181    -1.9583
     0.6813    -1.7983    -0.4059    -2.1930
     0.3346    -1.9897    -0.0223    -2.3432
    -0.0299    -2.1902     0.3257    -2.5403
    -0.4568    -2.3451     0.7005    -2.6248
    -0.7770    -2.4817     1.1112    -2.7092
    -1.0972    -2.6092     1.4683    -2.7749
    -1.4620    -2.6639     1.7808    -2.8500
    -1.7200    -2.6184     2.1202    -2.8218
    -1.9425    -2.5637     2.4776    -2.8124
    -2.2095    -2.4362     2.8081    -2.7186
    -2.3608    -2.3542     3.0583    -2.5966
    -2.4854    -2.2266     3.2996    -2.4652
    -2.6724    -2.0535     3.5142    -2.2306
    -2.7703    -1.8256     3.5946    -1.9207
    -2.8504    -1.5429     3.6304    -1.5545
    -2.8860    -1.2875     3.6036    -1.2070
    -2.7881    -1.0594     3.4873    -0.8781
    -2.7258    -0.7764     3.3354    -0.5680
    -2.6012    -0.4477     3.0226    -0.2296
    -2.4409    -0.1554     2.7367     0.1371
    -2.2985     0.1645     2.4329     0.4944
    -2.0493     0.5211     2.0577     0.8801
    -1.8268     0.9237     1.7183     1.2753
    -1.5866     1.1799     1.2986     1.6236
    -1.3196     1.5370     0.9058     1.9437
    -0.9994     1.8302     0.5131     2.2732
    -0.5813     2.0959     0.2275     2.5558
    -0.2433     2.3892    -0.1651     2.8384
     0.1568     2.5726    -0.4862     3.0834
     0.4946     2.7653    -0.8697     3.2719
     0.7969     2.9946    -1.2264     3.4227
     1.2324     3.0681    -1.4850     3.4981
     1.6856     3.0589    -1.7703     3.5263
     2.1032     3.0222    -2.0198     3.4415
     2.5118     2.9488    -2.2337     3.2907
     2.9025     2.8111    -2.3941     3.0928
     3.2045     2.6460    -2.5189     2.8572
     3.2844     2.4443    -2.6169     2.6029
     3.3199     2.1601    -2.6971     2.2544
     3.2933     1.8576    -2.7238     1.8213
     3.2933     1.5553    -2.6704     1.4165
     3.3288     1.2349    -2.5456     0.9836
     3.2400     0.9145    -2.4476     0.5603
     3.0002     0.6126    -2.3318     0.2217
     2.7516     0.2651    -2.0911    -0.0604
     2.3963    -0.0366    -1.8772    -0.3706
     2.0587    -0.4294    -1.6187    -0.7936
     1.7300    -0.6669    -1.3334    -1.1694
     1.4190    -0.9773    -0.9946    -1.5169
     1.1169    -1.2967    -0.6468    -1.7705
     0.7169    -1.5521    -0.2810    -2.0146
     0.3257    -1.8074     0.1026    -2.2306
    -0.0032    -2.0262     0.6381    -2.4371
    -0.3945    -2.1902     1.0308    -2.6154
    -0.7770    -2.2813     1.4772    -2.6529
    -1.1061    -2.3724     1.9327    -2.7561
    -1.3997    -2.4544     2.3525    -2.7655
    -1.6577    -2.4544     2.7277    -2.7561
    -1.9069    -2.3998     3.0852    -2.7515
    -2.0849    -2.3360     3.3980    -2.7468
    -2.2807    -2.2813     3.6125    -2.5685
    -2.4854    -2.1446     3.6751    -2.4464
    -2.6190    -2.0170     3.6393    -2.2024
    -2.7258    -1.8165     3.6482    -1.9959
    -2.8415    -1.5977     3.6393    -1.6860
    -2.8237    -1.3058     3.6036    -1.2915
    -2.8415    -1.0320     3.5052    -0.9815
    -2.7347    -0.7947     3.2192    -0.6996
    -2.6813    -0.4568     2.9064    -0.4270
    -2.5566    -0.1371     2.5669    -0.0792
    -2.4231     0.1828     2.1828     0.2875
    -2.2184     0.5760     1.7273     0.6826
    -2.0493     0.8779     1.2986     1.0118
    -1.8179     1.2532     0.8433     1.4071
    -1.4887     1.6103     0.4149     1.7177
    -1.2129     1.8760     0.0937     2.0566
    -0.7859     2.1051    -0.2097     2.4051
    -0.3856     2.2884    -0.5843     2.6406
    -0.0833     2.5451    -0.9411     2.9044
     0.2902     2.7011    -1.2710     3.0457
     0.6902     2.8111    -1.6098     3.1493
     1.1080     2.8754    -1.8327     3.2342
     1.5612     2.8570    -2.0198     3.1870
     1.9610     2.8478    -2.2248     3.0928
     2.3341     2.7744    -2.3763     2.9420
     2.7160     2.6185    -2.4654     2.8007
     3.0180     2.4443    -2.5456     2.5087
     3.1778     2.2242    -2.6436     2.2544
     3.2666     1.9493    -2.6436     1.8966
     3.3465     1.7019    -2.5991     1.5671
     3.3110     1.3722    -2.5189     1.1436
     3.3199     0.9694    -2.4120     0.6543
     3.2133     0.6217    -2.2605     0.2217
     2.9558     0.3474    -2.0466    -0.1732
     2.7249     0.0183    -1.8416    -0.4834
     2.3608    -0.2467    -1.5652    -0.8029
     2.0587    -0.6121    -1.3602    -1.2164
     1.6412    -0.9316    -1.0392    -1.5639
     1.3835    -1.2510    -0.7359    -1.8926
     1.0102    -1.5612    -0.4416    -2.1555
     0.7524    -1.7709    -0.1204    -2.3526
     0.3969    -2.0444     0.2900    -2.4371
    -0.0032    -2.1538     0.6738    -2.6248
    -0.3767    -2.2904     1.0754    -2.7280
    -0.7236    -2.4089     1.4861    -2.8124
    -1.1239    -2.4908     1.7898    -2.7843
    -1.4798    -2.5637     2.0577    -2.8594
    -1.7022    -2.5728     2.3971    -2.8594
    -1.9870    -2.4726     2.6473    -2.8124
    -2.2184    -2.3724     2.9332    -2.6998
    -2.3786    -2.2722     3.1835    -2.5966
    -2.5566    -2.1264     3.4069    -2.4652
    -2.6991    -1.9715     3.5320    -2.2399
    -2.8682    -1.7436     3.5410    -1.9301
    -2.9662    -1.4882     3.5767    -1.6015
    -2.9484    -1.2237     3.5320    -1.2727
    -2.9484    -0.9499     3.3354    -0.9439
    -2.8949    -0.6304     3.1566    -0.6150
    -2.7792    -0.3015     2.9243    -0.2202
    -2.6279    -0.0274     2.7188     0.1559
    -2.5655     0.4114     2.3971     0.5697
    -2.3786     0.8047     2.1202     0.9742
    -2.1383     1.1799     1.8076     1.3600
    -1.9069     1.4729     1.3879     1.6989
    -1.6310     1.7752     0.9951     2.0566
    -1.2929     2.0592     0.6470     2.4239
    -0.8748     2.3526     0.3257     2.6877
    -0.5101     2.6002    -0.0758     2.9420
    -0.1900     2.7836    -0.4684     3.1588
     0.1746     2.9946    -0.9054     3.3001
     0.5835     3.0222    -1.2353     3.3378
     0.9569     3.0405    -1.5206     3.3520
     1.4012     3.0864    -1.8505     3.3661
     1.8544     3.0772    -2.1000     3.2719
     2.2364     2.9579    -2.2783     3.1117
     2.6095     2.8478    -2.4654     2.9232
     2.9114     2.6185    -2.5991     2.7630
     3.0979     2.3984    -2.6793     2.4616
     3.2577     2.0959    -2.7506     2.1508
     3.3288     1.8302    -2.7862     1.7836
     3.3110     1.5095    -2.6971     1.3883
     3.2311     1.1067    -2.6080     0.9554
     3.1512     0.8139    -2.5011     0.5885
     2.9292     0.5211    -2.3228     0.2405
     2.6983     0.1828    -2.1803    -0.0322
     2.4674    -0.1828    -1.9485    -0.3894
     2.1209    -0.4842    -1.6544    -0.7842
     1.7744    -0.8038    -1.3958    -1.1882
     1.4723    -1.0868    -1.0927    -1.5263
     1.1257    -1.3058    -0.7716    -1.7705
     0.8058    -1.5521    -0.3256    -1.9865
     0.3880    -1.8074     0.0312    -2.1742
     0.0768    -1.9715     0.5220    -2.4277
    -0.2967    -2.1173     0.9683    -2.5778
    -0.6169    -2.2904     1.4147    -2.6905
    -1.0171    -2.3906     1.7808    -2.7374
    -1.3018    -2.3998     2.2185    -2.8031
    -1.6132    -2.4362     2.5490    -2.8124
    -1.8357    -2.3724     2.8617    -2.7749
    -2.0048    -2.3815     3.1835    -2.8124
    -2.2006    -2.2540     3.4873    -2.6623
    -2.3964    -2.1811     3.5767    -2.5028
    -2.5210    -2.0535     3.6393    -2.2775
    -2.6635    -1.9350     3.6393    -1.9865
    -2.7525    -1.6797     3.5946    -1.6766
    -2.7703    -1.5247     3.5410    -1.3197
    -2.7258    -1.2054     3.3980    -1.0097
    -2.6368    -0.8951     3.1745    -0.6432
    -2.5744    -0.5664     2.8796    -0.3048
    -2.4676    -0.2559     2.5490     0.0524
    -2.2807     0.0457     2.2185     0.3816
    -2.1205     0.4388     1.8255     0.7390
    -1.9781     0.7498     1.3701     1.0871
    -1.7111     1.1250     0.9683     1.3883
    -1.3730     1.4363     0.5310     1.7648
    -1.0972     1.7019     0.1740     2.0472
    -0.7592     2.0042    -0.1026     2.3768
    -0.2967     2.2059    -0.4505     2.5746
     0.0857     2.4259    -0.8162     2.7630
     0.3791     2.6277    -1.1997     2.9420
     0.8147     2.7102    -1.4761     3.0457
     1.2502     2.7836    -1.7435     3.0740
     1.6234     2.7882    -2.0377     3.0645
     2.0587     2.7928    -2.1892     3.0457
     2.4496     2.7102    -2.3496     2.9515
     2.8137     2.5451    -2.4654     2.7442
     3.0802     2.4626    -2.5991     2.5558
     3.3288     2.1876    -2.6169     2.3392
     3.3110     2.0134    -2.6214     2.0566
     3.3820     1.7202    -2.6258     1.6518
     3.3465     1.4363    -2.5724     1.2565
     3.3465     1.1159    -2.4476     0.8331
     3.3643     0.7590    -2.2694     0.4192
     3.2311     0.4480    -2.1179     0.0712
     2.9825     0.1554    -1.9040    -0.2954
     2.6628    -0.2467    -1.6900    -0.6244
     2.3164    -0.5756    -1.4047    -1.0660
     1.9877    -0.8860    -1.1194    -1.4606
     1.6589    -1.2510    -0.8697    -1.7799
     1.4012    -1.5794    -0.5130    -1.9865
     1.0191    -1.7800    -0.2275    -2.1555
     0.7080    -2.0170     0.1740    -2.3714
     0.2991    -2.1902     0.6291    -2.5215
    -0.1011    -2.3724     0.9772    -2.6998
    -0.4301    -2.4635     1.3254    -2.8124
    -0.8037    -2.5364     1.6469    -2.8594
    -1.1951    -2.5091     1.9862    -2.9344
    -1.4086    -2.4908     2.3078    -2.9438
    -1.6488    -2.4362     2.6116    -2.9532
    -1.8980    -2.3633     2.9243    -2.8687
    -2.1205    -2.2813     3.2103    -2.7655
    -2.2985    -2.1355     3.4248    -2.5497
    -2.4053    -2.0353     3.4873    -2.2775
    -2.5744    -1.8530     3.5231    -1.9207
    -2.6991    -1.6524     3.5320    -1.4981
    -2.6813    -1.4426     3.4516    -1.1788
    -2.6813    -1.1598     3.3086    -0.8781
    -2.6012    -0.7764     3.1924    -0.5680
    -2.5032    -0.4294     2.9600    -0.2296
    -2.4320    -0.1554     2.6920     0.1089
    -2.2718     0.2468     2.4507     0.4662
    -2.1561     0.6034     2.0845     0.7860
    -1.9603     0.9694     1.7005     1.1059
    -1.6755     1.2532     1.3611     1.4447
    -1.3908     1.5645     0.9415     1.7083
    -1.1239     1.7843     0.5488     2.0472
    -0.7770     2.0226     0.1829     2.2921
    -0.3767     2.2976    -0.1829     2.5370
    -0.0744     2.4901    -0.6022     2.7630
     0.3346     2.6002    -1.0035     2.9232
     0.7435     2.7744    -1.2978     3.0268
     1.0991     2.8754    -1.6276     3.0928
     1.4901     2.9029    -1.9129     3.1305
     1.9610     2.8937    -2.1179     3.0363
     2.3164     2.7928    -2.3496     2.9515
     2.7072     2.6919    -2.4743     2.8667
     3.0802     2.5268    -2.6080     2.6406
     3.2400     2.3251    -2.7595     2.4333
     3.3732     2.1234    -2.7862     2.1320
     3.3643     1.8668    -2.7862     1.7742
     3.3465     1.5279    -2.7595     1.3600
     3.3465     1.1799    -2.6525     0.9648
     3.2755     0.8505    -2.5100     0.5132
     3.1068     0.5120    -2.3852     0.0995
     2.8226     0.1371    -2.1535    -0.2014
     2.5651    -0.2376    -1.9040    -0.5962
     2.2186    -0.5390    -1.6722    -0.9439
     1.8988    -0.8769    -1.3513    -1.3291
     1.4368    -1.2784    -1.0838    -1.6202
     1.1702    -1.5156    -0.7003    -1.9020
     0.8502    -1.7983    -0.3613    -2.1273
     0.5480    -2.0079     0.0402    -2.3338
     0.1657    -2.1993     0.4685    -2.5028
    -0.1989    -2.3633     0.8880    -2.6905
    -0.4924    -2.4453     1.2986    -2.8124
    -0.8837    -2.5546     1.6290    -2.8875
    -1.2040    -2.5910     2.0220    -2.9344
    -1.4709    -2.6184     2.3703    -2.9250
    -1.6933    -2.6001     2.6920    -2.9720
    -1.9158    -2.5364     2.9690    -2.8687
    -2.0938    -2.4726     3.1656    -2.7561
    -2.2451    -2.2904     3.2996    -2.5778
    -2.4320    -2.1264     3.4248    -2.2869
    -2.4943    -1.8712     3.4337    -1.9865
    -2.5566    -1.7071     3.3711    -1.5827
    -2.6635    -1.4153     3.2818    -1.2539
    -2.6546    -1.2054     3.1030    -0.9439
    -2.5299    -0.8586     2.8439    -0.5774
    -2.4676    -0.5847     2.6384    -0.2766
    -2.2807    -0.2924     2.3167     0.0618
    -2.1294     0.0274     1.9952     0.3910
    -1.9692     0.4022     1.6647     0.7108
    -1.7734     0.7498     1.2986     1.0589
    -1.5332     1.0518     0.8880     1.3130
    -1.2129     1.4088     0.5667     1.6612
    -0.9282     1.6378     0.3078     1.9342
    -0.5635     1.9126    -0.0401     2.2167
    -0.1633     2.1417    -0.3970     2.4804
     0.1835     2.3801    -0.7984     2.7065
     0.5035     2.6002    -1.1729     2.9044
     0.8947     2.7194    -1.4761     3.0551
     1.3390     2.9121    -1.7257     3.1776
     1.7744     2.9671    -1.9574     3.2153
     2.1653     2.9396    -2.1624     3.2153
     2.5473     2.9304    -2.3318     3.1870
     2.9114     2.8387    -2.4298     3.1211
     3.1867     2.7286    -2.5813     2.9420
     3.3554     2.5451    -2.6525     2.6500
     3.3643     2.3709    -2.7238     2.3863
     3.3288     2.0867    -2.7684     1.9907
     3.3554     1.7843    -2.6704     1.5577
     3.3998     1.3813    -2.5456     1.0965
     3.3110     0.9969    -2.4832     0.6449
     3.1512     0.5943    -2.3139     0.1747
     2.8670     0.2377    -2.0911    -0.2108
     2.5562    -0.1554    -1.9574    -0.5304
     2.2275    -0.5208    -1.6633    -0.9439
     1.8722    -0.8130    -1.3334    -1.3291
     1.6056    -1.1780    -1.0748    -1.6484
     1.2946    -1.4517    -0.7181    -1.9020
     0.9035    -1.6524    -0.4148    -2.1273
     0.5835    -1.8347    -0.0312    -2.3526
     0.1568    -2.0991     0.3346    -2.5215
    -0.1722    -2.2631     0.7809    -2.6811
    -0.5457    -2.3451     1.1826    -2.8031
    -0.9549    -2.5000     1.6112    -2.8124
    -1.2751    -2.5273     2.0220    -2.8500
    -1.5510    -2.5273     2.3703    -2.7655
    -1.7912    -2.5273     2.6920    -2.7280
    -2.0493    -2.4362     3.0226    -2.5966
    -2.2184    -2.2722     3.2371    -2.4746
    -2.4053    -2.1082     3.4516    -2.2963
    -2.5655    -1.9624     3.5678    -2.0803
    -2.6813    -1.7618     3.6036    -1.8362
    -2.8059    -1.5977     3.5410    -1.4888
    -2.8237    -1.2875     3.5499    -1.2070
    -2.8326    -1.0412     3.4337    -0.8593
    -2.7881    -0.6760     3.2103    -0.5680
    -2.7080    -0.4020     2.9154    -0.2202
    -2.5210    -0.0731     2.6384     0.0995
    -2.3875     0.2194     2.2899     0.3345
    -2.2451     0.5760     1.9505     0.6826
    -2.0315     0.9145     1.5754     0.9554
    -1.7912     1.1525     1.1379     1.2753
    -1.5243     1.4363     0.7362     1.5389
    -1.2307     1.6927     0.4328     1.8401
    -0.8481     1.9126     0.0402     2.1885
    -0.4568     2.1692    -0.3613     2.4522
    -0.1811     2.3617    -0.7538     2.7254
     0.1835     2.5360    -1.1105     2.9326
     0.5480     2.7378    -1.4672     3.1588
     0.9835     2.8111    -1.7346     3.2719
     1.3124     2.9579    -2.0198     3.3378
     1.7656     3.0038    -2.2694     3.3284
     2.1920     2.9671    -2.4209     3.3190
     2.5118     2.9212    -2.5367     3.2247
     2.7960     2.8478    -2.6793     2.9797
     3.0890     2.6552    -2.7773     2.7348
     3.2222     2.4168    -2.8486     2.4145
     3.2355     2.0959    -2.8218     1.9625
     3.2489     1.7752    -2.7684     1.5200
     3.2222     1.3813    -2.6258     1.0589
     3.0446     0.9786    -2.5545     0.6355
     2.8937     0.5669    -2.3763     0.1935
     2.6894     0.1737    -2.1446    -0.1356
     2.3697    -0.1919    -1.9396    -0.5022
     2.0854    -0.5025    -1.6989    -0.9251
     1.6945    -0.8677    -1.4226    -1.3197
     1.3390    -1.1507    -1.1016    -1.6484
     1.0813    -1.4335    -0.7538    -1.8926
     0.7347    -1.6524    -0.3702    -2.0803
     0.3880    -1.8986     0.0669    -2.2775
     0.0590    -2.0170     0.4506    -2.3995
    -0.2789    -2.1993     0.8076    -2.5309
    -0.6080    -2.3178     1.1915    -2.5685
    -0.9816    -2.3906     1.5933    -2.6060
    -1.2662    -2.4544     1.8969    -2.6435
    -1.5866    -2.4271     2.2096    -2.6905
    -1.8179    -2.4635     2.5580    -2.7186
    -1.9870    -2.3998     2.7992    -2.6811
    -2.1917    -2.3086     3.0852    -2.5872
    -2.4231    -2.2266     3.2639    -2.5309
    -2.5833    -2.0535     3.3801    -2.2869
    -2.7258    -1.8621     3.4605    -2.0428
    -2.8148    -1.6980     3.4695    -1.7423
    -2.8415    -1.3970     3.4605    -1.3291
    -2.7792    -1.1233     3.3443    -0.9909
    -2.7436    -0.7673     3.2281    -0.6432
    -2.5833    -0.4386     2.9600    -0.3330
    -2.4765    -0.1736     2.7456     0.0336
    -2.3608     0.2194     2.4776     0.3440
    -2.1472     0.5669     2.1470     0.6920
    -1.9692     0.9786     1.8255     1.0871
    -1.7111     1.2806     1.4504     1.3600
    -1.4175     1.5279     1.0040     1.6801
    -1.0794     1.8393     0.6916     1.9719
    -0.7147     2.0409     0.3257     2.2732
    -0.3767     2.2609    -0.1026     2.5275
    -0.0477     2.4993    -0.5308     2.8196
     0.3257     2.6644    -0.8786     3.0457
     0.6724     2.7744    -1.2621     3.1399
     1.0635     2.8845    -1.5652     3.2059
     1.4901     2.9579    -1.8416     3.2436
     1.8899     2.9579    -2.0644     3.2059
     2.2808     2.8845    -2.2426     3.0928
     2.6361     2.8295    -2.4031     2.8949
     2.9736     2.6369    -2.5724     2.7254
     3.2489     2.4259    -2.6882     2.4333
     3.3110     2.1967    -2.6971     2.1037
     3.3554     1.9218    -2.7060     1.7554
     3.3377     1.5370    -2.6525     1.3130
     3.3909     1.2074    -2.5991     0.8989
     3.2933     0.7498    -2.4654     0.5132
     3.1601     0.3565    -2.3139     0.1183
     2.8759     0.0548    -2.1624    -0.1920
     2.6184    -0.2376    -1.9307    -0.5210
     2.2453    -0.5116    -1.6900    -0.8593
     1.9077    -0.9134    -1.3958    -1.2257
     1.5345    -1.1689    -1.0659    -1.6015
     1.1613    -1.4609    -0.7627    -1.8644
     0.8324    -1.6889    -0.4148    -2.0616
     0.5302    -1.8894     0.0402    -2.2306
     0.1568    -1.9897     0.3971    -2.3807
    -0.1722    -2.0991     0.8433    -2.5121
    -0.4924    -2.2084     1.1915    -2.5778
    -0.8659    -2.3086     1.5844    -2.5778
    -1.2218    -2.2904     1.9862    -2.5591
    -1.4976    -2.2813     2.2989    -2.5872
    -1.7289    -2.2722     2.5848    -2.6248
    -2.0048    -2.1993     2.8707    -2.6154
    -2.1917    -2.1446     3.0762    -2.4652
    -2.3964    -2.0170     3.2460    -2.2869
    -2.5121    -1.8074     3.3711    -2.1179
    -2.6101    -1.6615     3.4248    -1.7799
    -2.7169    -1.4882     3.3890    -1.4700
    -2.7525    -1.1963     3.2550    -1.1130
    -2.7614    -0.8951     3.1566    -0.8029
    -2.6724    -0.6851     2.9511    -0.5492
    -2.5744    -0.3929     2.7367    -0.2390
    -2.4765    -0.0640     2.5401     0.1277
    -2.3074     0.3017     2.2631     0.5321
    -2.1650     0.6034     1.8969     0.8613
    -1.9247     0.9511     1.5487     1.2000
    -1.6844     1.3081     1.1915     1.5483
    -1.3374     1.5645     0.8076     1.8495
    -1.0260     1.8302     0.4417     2.1226
    -0.6347     2.1417     0.0848     2.3768
    -0.3412     2.3526    -0.2186     2.5935
     0.0501     2.5726    -0.6289     2.8101
     0.4057     2.8020    -1.0213     2.9609
     0.8235     2.9304    -1.3513     3.1022
     1.2502     3.0038    -1.6365     3.2247
     1.6767     3.0497    -1.9218     3.2436
     2.0765     3.0772    -2.0911     3.2719
     2.4851     3.0038    -2.2694     3.2059
     2.8226     2.8937    -2.4120     3.0551
     3.1246     2.7744    -2.5100     2.8478
     3.3377     2.5451    -2.6080     2.5370
     3.3377     2.3342    -2.7060     2.1885
     3.3820     2.0409    -2.7238     1.7742
     3.4264     1.6744    -2.6347     1.3130
     3.3820     1.2623    -2.5367     0.8519
     3.3554     0.8322    -2.4387     0.3251
     3.1867     0.5120    -2.2605    -0.0886
     2.9025     0.1097    -2.1090    -0.4646
     2.5917    -0.3107    -1.8861    -0.8217
     2.2364    -0.6851    -1.6455    -1.1976
     1.8544    -1.0594    -1.3334    -1.6015
     1.5967    -1.3696    -1.0124    -1.9113
     1.3124    -1.6524    -0.6289    -2.2118
     0.9302    -1.9168    -0.3167    -2.4089
     0.5747    -2.1811     0.0848    -2.5121
     0.1657    -2.3451     0.5042    -2.6623
    -0.2344    -2.4544     0.8612    -2.7749
    -0.5724    -2.4817     1.2629    -2.8781
    -0.9104    -2.6092     1.6737    -2.8875
    -1.2573    -2.6639     2.0666    -2.9532
    -1.5599    -2.6730     2.4150    -2.9720
    -1.8268    -2.5819     2.7635    -2.9344
    -2.0404    -2.4544     3.0583    -2.8406
    -2.1917    -2.3724     3.2907    -2.7186
    -2.4409    -2.2540     3.4605    -2.5309
    -2.5566    -2.0626     3.5410    -2.2869
    -2.6813    -1.8986     3.5857    -1.8738
    -2.7703    -1.6068     3.5410    -1.5451
    -2.8771    -1.4244     3.5320    -1.2257
    -2.8593    -1.0959     3.4605    -0.9345
    -2.7525    -0.8312     3.2639    -0.6056
    -2.6724    -0.5116     3.0673    -0.2578
    -2.5655    -0.1554     2.7456     0.0524
    -2.4053     0.1737     2.4507     0.3251
    -2.2451     0.5486     2.0845     0.7108
    -2.0938     0.8688     1.7451     1.0495
    -1.8446     1.2074     1.3344     1.3600
    -1.5599     1.5370     0.9326     1.6330
    -1.1684     1.8393     0.4774     1.9342
    -0.8570     2.1417     0.2275     2.2732
    -0.4835     2.3801    -0.1294     2.5275
    -0.1544     2.5543    -0.5576     2.8290
     0.2457     2.7744    -0.8965     3.0080
     0.5569     2.8845    -1.2799     3.1493
     0.9569     3.0130    -1.5652     3.3284
     1.3924     3.1140    -1.8327     3.3850
     1.8011     3.0772    -2.1000     3.4321
     2.1476     3.0405    -2.2426     3.3473
     2.5295     3.0130    -2.3674     3.2624
     2.8937     2.8662    -2.5100     3.0080
     3.1512     2.6093    -2.5634     2.6783
     3.2755     2.3434    -2.5813     2.3109
     3.3554     2.0592    -2.5857     1.8778
     3.3377     1.7019    -2.5902     1.4447
     3.3199     1.2989    -2.4743     0.9366
     3.1956     0.8688    -2.3228     0.4944
     2.9381     0.4845    -2.1803     0.0806
     2.6983     0.1828    -1.9574    -0.2108
     2.3430    -0.2193    -1.7257    -0.5116
     2.0054    -0.5664    -1.4582    -0.9063
     1.6678    -0.8403    -1.1283    -1.3009
     1.4101    -1.2054    -0.8519    -1.6202
     1.1080    -1.5065    -0.5040    -1.8738
     0.8235    -1.6889    -0.1651    -2.0240
     0.4858    -1.9897     0.2454    -2.2399
     0.1035    -2.1264     0.6738    -2.3807
    -0.2344    -2.2813     1.1022    -2.5028
    -0.5724    -2.4180     1.5308    -2.6248
    -0.9371    -2.5455     1.8969    -2.6623
    -1.2485    -2.6092     2.2899    -2.7280
    -1.5243    -2.5728     2.5937    -2.8406
    -1.7823    -2.5455     2.8975    -2.7843
    -1.9692    -2.4453     3.1924    -2.7468
    -2.1650    -2.3178     3.4069    -2.6529
    -2.3875    -2.2084     3.4963    -2.5028
    -2.5744    -2.0262     3.5410    -2.2869
    -2.6902    -1.8074     3.5410    -1.9771
    -2.7970    -1.6159     3.5320    -1.6672
    -2.7703    -1.4061     3.5052    -1.3385
    -2.7703    -1.2328     3.4158    -0.9909
    -2.7258    -0.9225     3.2639    -0.7278
    -2.5655    -0.6851     2.9600    -0.4458
    -2.4587    -0.3746     2.6741    -0.1638
    -2.2985    -0.0457     2.3793     0.2405
    -2.1383     0.2651     2.0130     0.5509
    -1.9692     0.6583     1.6379     0.9178
    -1.7111     0.9877     1.2004     1.3412
    -1.4086     1.3905     0.7541     1.6236
    -1.1328     1.6469     0.4506     2.0096
    -0.7948     1.9309     0.1026     2.3109
    -0.4212     2.2517    -0.3078     2.6311
    -0.0655     2.4809    -0.6914     2.8855
     0.2635     2.7011    -1.0748     3.0740
     0.6458     2.8387    -1.3691     3.2153
     1.0902     2.9488    -1.6365     3.2719
     1.5256     3.0772    -1.9485     3.3096
     1.9077     3.0589    -2.1446     3.2907
     2.3252     3.0405    -2.3496     3.2153
     2.6272     2.8754    -2.4298     3.0457
     2.9381     2.7286    -2.5278     2.8761
     3.2400     2.5910    -2.6347     2.5935
     3.3820     2.3434    -2.6793     2.3203
     3.3909     2.0042    -2.6882     1.8966
     3.3909     1.7111    -2.6080     1.4730
     3.3643     1.3630    -2.5011     1.0401
     3.3199     0.9877    -2.3852     0.5885
     3.1601     0.5669    -2.1981     0.2029
     2.9292     0.3199    -2.0198    -0.0980
     2.6272    -0.0274    -1.8505    -0.4082
     2.2719    -0.3746    -1.5474    -0.7748
     1.8988    -0.7217    -1.3067    -1.1882
     1.6767    -1.0229    -0.9946    -1.4794
     1.3746    -1.3240    -0.6735    -1.7799
     1.0191    -1.5429    -0.3702    -1.9489
     0.7169    -1.7527     0.0758    -2.1273
     0.3079    -1.9715     0.5042    -2.2963
    -0.0566    -2.0991     0.9148    -2.4746
    -0.3767    -2.2449     1.2451    -2.5309
    -0.7503    -2.2995     1.6112    -2.6154
    -1.0616    -2.3906     2.0220    -2.6529
    -1.3107    -2.3724     2.3614    -2.6576
    -1.5954    -2.3633     2.6384    -2.6623
    -1.7823    -2.2449     2.9511    -2.6248
    -1.9514    -2.2175     3.1745    -2.4464
    -2.1828    -2.0170     3.3622    -2.2212
    -2.2985    -1.8530     3.4248    -1.9865
    -2.4587    -1.6433     3.4605    -1.6860
    -2.5210    -1.4153     3.5052    -1.3385
    -2.5744    -1.1233     3.4069    -1.0379
    -2.5655    -0.9134     3.2639    -0.6902
    -2.4676    -0.5938     3.0852    -0.4364
    -2.3786    -0.3655     2.7992    -0.1450
    -2.2184    -0.0823     2.5044     0.1277
    -2.0938     0.2559     2.1649     0.4286
    -1.9514     0.5669     1.7898     0.7578
    -1.7467     0.9420     1.4236     1.0307
    -1.4976     1.2074     1.0040     1.3600
    -1.2485     1.5920     0.5577     1.6518
    -0.9015     1.8027     0.2543     1.9060
    -0.5368     2.0226    -0.0937     2.2073
    -0.2078     2.2517    -0.4773     2.4899
     0.1212     2.5085    -0.9143     2.7065
     0.4858     2.6460    -1.2532     2.9232
     0.8502     2.8754    -1.5920     3.1399
     1.2590     2.9946    -1.8683     3.2342
     1.7389     3.0038    -2.1179     3.3096
     2.1209     3.0038    -2.3139     3.3190
     2.4585     2.9946    -2.4565     3.2624
     2.8315     2.8845    -2.6169     3.1305
     3.1157     2.7378    -2.6882     2.8761
     3.3288     2.5176    -2.7951     2.6029
     3.3909     2.2426    -2.8486     2.2356
     3.3643     1.8943    -2.8664     1.8118
     3.3820     1.6103    -2.7595     1.3224
     3.4176     1.1616    -2.7149     0.8801
     3.3732     0.7864    -2.5724     0.3628
     3.2133     0.4297    -2.3674    -0.0322
     2.9292     0.0183    -2.2426    -0.4270
     2.6095    -0.2467    -1.9753    -0.7842
     2.2808    -0.5756    -1.7703    -1.1130
     1.9788    -0.8312    -1.4493    -1.5075
     1.6323    -1.2237    -1.1373    -1.8550
     1.3124    -1.5156    -0.8251    -2.1179
     0.9302    -1.7800    -0.4505    -2.2775
     0.5658    -1.9532    -0.0937    -2.3807
     0.1924    -2.1446     0.3168    -2.5309
    -0.1900    -2.2358     0.7987    -2.6248
    -0.5368    -2.3633     1.1826    -2.6811
    -0.9015    -2.4180     1.6022    -2.7561
    -1.2129    -2.5455     1.9952    -2.7280
    -1.5332    -2.5091     2.2899    -2.8031
    -1.8090    -2.5546     2.6652    -2.7937
    -1.9781    -2.5000     2.9243    -2.7843
    -2.2006    -2.4180     3.1566    -2.6811
    -2.3697    -2.2449     3.3801    -2.4934
    -2.5833    -2.0626     3.4516    -2.2869
    -2.7080    -1.8803     3.5052    -2.0710
    -2.8148    -1.6433     3.5142    -1.7048
    -2.8771    -1.3696     3.4695    -1.2915
    -2.8593    -1.0229     3.3622    -0.9721
    -2.7970    -0.7673     3.2192    -0.6244
    -2.7436    -0.4842     2.9690    -0.3048
    -2.6190    -0.1919     2.6830     0.0430
    -2.4231     0.1737     2.3078     0.3910
    -2.3163     0.5211     1.9505     0.7390
    -2.1027     0.8505     1.5576     1.0871
    -1.8624     1.1250     1.1558     1.3883
    -1.5599     1.4912     0.7541     1.6706
    -1.1862     1.7019     0.3792     1.9154
    -0.8214     1.9493     0.0312     2.2167
    -0.5101     2.1967    -0.3167     2.4239
    -0.1633     2.3801    -0.7270     2.6877
     0.2013     2.5818    -1.0838     2.8667
     0.5747     2.6735    -1.4315     3.0174
     0.9658     2.8478    -1.6722     3.1211
     1.3746     2.8478    -1.9753     3.1965
     1.8366     2.8478    -2.1803     3.1588
     2.1565     2.8111    -2.3674     3.0928
     2.5473     2.7011    -2.4832     2.9703
     2.8493     2.5726    -2.5813     2.7442
     3.1068     2.3617    -2.7060     2.4522
     3.2844     2.1601    -2.7862     2.1131
     3.3110     1.8485    -2.7506     1.7083
     3.3110     1.5370    -2.6704     1.3130
     3.3110     1.2165    -2.5902     0.8049
     3.2489     0.7590    -2.4476     0.3534
     3.0535     0.4022    -2.2961    -0.0416
     2.7605     0.0731    -2.1446    -0.3612
     2.4585    -0.2924    -1.9129    -0.7184
     2.1920    -0.5756    -1.6098    -1.1130
     1.8633    -0.9773    -1.3334    -1.4700
     1.5878    -1.2967    -1.0124    -1.8362
     1.2324    -1.5429    -0.6468    -2.0616
     0.9035    -1.7983    -0.3078    -2.2869
     0.5391    -2.0535     0.0758    -2.4840
     0.1390    -2.1993     0.4149    -2.5966
    -0.2078    -2.2995     0.8166    -2.6905
    -0.5457    -2.4089     1.2719    -2.7280
    -0.9015    -2.5182     1.6558    -2.7843
    -1.2485    -2.5819     2.0398    -2.7937
    -1.5599    -2.5455     2.4507    -2.8218
    -1.8535    -2.5091     2.7456    -2.7937
    -2.0849    -2.4089     3.0852    -2.7937
    -2.2629    -2.3542     3.3711    -2.6248
    -2.4854    -2.2813     3.4873    -2.4746
    -2.5922    -2.0900     3.5231    -2.2493
    -2.7525    -1.8986     3.5320    -1.9959
    -2.8326    -1.6159     3.5589    -1.6202
    -2.9216    -1.3514     3.5142    -1.2633
    -2.8860    -1.1233     3.4248    -0.9345
    -2.8148    -0.7491     3.2639    -0.6338
    -2.6991    -0.5025     3.0405    -0.3236
    -2.5833    -0.2467     2.7188     0.0054
    -2.4943     0.1188     2.3971     0.3345
    -2.3074     0.4571     2.0220     0.6732
    -2.0938     0.8139     1.6290     1.0495
    -1.8446     1.0701     1.2540     1.4259
    -1.5688     1.4271     0.8076     1.6801
    -1.2485     1.6653     0.5310     2.0566
    -0.8837     1.9768     0.1918     2.3580
    -0.5279     2.2242    -0.2097     2.6688
    -0.2078     2.4901    -0.5754     2.9797
     0.1390     2.7102    -0.9678     3.1588
     0.5569     2.8845    -1.2353     3.3284
     0.9924     3.0405    -1.5474     3.4132
     1.3657     3.1231    -1.8059     3.4415
     1.7744     3.0864    -1.9931     3.4698
     2.1653     3.0681    -2.2159     3.3567
     2.5651     3.0772    -2.3585     3.2436
     2.9114     2.9671    -2.4387     2.9515
     3.1689     2.6919    -2.5634     2.6971
     3.2933     2.3801    -2.6347     2.2827
     3.3199     2.1051    -2.5991     1.8872
     3.3465     1.7111    -2.6080     1.3977
     3.3643     1.2898    -2.5189     0.9554
     3.3021     0.8962    -2.4031     0.4474
     3.0890     0.4663    -2.2783     0.0618
     2.8315     0.1828    -2.0822    -0.3142
     2.5207    -0.2193    -1.8861    -0.6526
     2.2186    -0.6121    -1.6455    -1.0472
     1.8988    -0.9499    -1.3869    -1.4042
     1.5967    -1.2784    -1.0927    -1.7705
     1.2857    -1.5703    -0.7716    -2.0240
     0.9480    -1.8165    -0.4327    -2.2306
     0.5480    -1.9624    -0.0312    -2.3714
     0.2279    -2.1264     0.2989    -2.5121
    -0.1900    -2.2540     0.6827    -2.6342
    -0.5457    -2.3633     1.0933    -2.7468
    -0.8926    -2.5000     1.4951    -2.8031
    -1.2040    -2.5455     1.8612    -2.8406
    -1.4620    -2.5182     2.2364    -2.8312
    -1.7200    -2.4544     2.5848    -2.8687
    -1.9425    -2.3815     2.8886    -2.7843
    -2.1205    -2.3178     3.2103    -2.5778
    -2.3608    -2.1629     3.3711    -2.3901
    -2.4943    -2.0444     3.4605    -2.1648
    -2.5744    -1.8074     3.4695    -1.8268
    -2.6902    -1.5977     3.4605    -1.4888
    -2.6991    -1.2967     3.4695    -1.1318
    -2.7080    -1.0503     3.3354    -0.8217
    -2.6546    -0.6851     3.1566    -0.5586
    -2.4943    -0.3838     2.8617    -0.2860
    -2.3697    -0.0640     2.6026     0.0524
    -2.2273     0.3108     2.2810     0.4004
    -2.1027     0.6583     1.8612     0.7390
    -1.9336     1.0152     1.5040     1.0683
    -1.6933     1.3264     1.0844     1.4353
    -1.4175     1.6011     0.6202     1.7177
    -1.0438     1.8485     0.3078     2.0378
    -0.7236     2.1417    -0.0580     2.3863
    -0.4123     2.4076    -0.3881     2.6594
    -0.0566     2.6093    -0.7449     2.9326
     0.3079     2.8111    -1.0838     3.1776
     0.6635     2.9396    -1.3869     3.3190
     1.0458     3.0130    -1.6989     3.3755
     1.3924     3.1048    -1.9218     3.4038
     1.8100     3.0681    -2.1713     3.4227
     2.1298     3.0956    -2.3139     3.3001
     2.4851     3.0589    -2.4565     3.1022
     2.7960     2.8937    -2.6080     2.8290
     3.0890     2.6644    -2.6882     2.5087
     3.2311     2.3067    -2.7149     2.1414
     3.2666     1.9584    -2.7149     1.7365
     3.2711     1.6653    -2.7238     1.2659
     3.2755     1.2257    -2.6080     0.8519
     3.0713     0.8230    -2.5189     0.4098
     2.8315     0.4114    -2.3941     0.0054
     2.5739     0.0640    -2.1713    -0.3424
     2.2986    -0.2467    -1.9753    -0.6714
     1.9699    -0.5756    -1.7168    -1.0660
     1.6945    -0.8951    -1.4850    -1.4512
     1.4457    -1.2602    -1.1373    -1.7987
     1.0902    -1.5247    -0.8162    -2.0334
     0.6991    -1.7709    -0.4862    -2.2399
     0.3524    -1.9988    -0.1383    -2.3807
    -0.0032    -2.2540     0.1918    -2.5778
    -0.3234    -2.3815     0.6827    -2.7468
    -0.6969    -2.4817     1.0665    -2.8124
    -1.0349    -2.6001     1.5129    -2.9157
    -1.3374    -2.6730     1.8791    -2.9344
    -1.6132    -2.6548     2.2274    -2.9907
    -1.8713    -2.6092     2.6384    -2.9907
    -2.1472    -2.5728     2.9422    -2.9063
    -2.3341    -2.4635     3.2281    -2.7843
    -2.4409    -2.3542     3.3622    -2.6154
    -2.5744    -2.1355     3.4605    -2.3714
    -2.6902    -1.9624     3.4873    -2.0897
    -2.7792    -1.8074     3.4873    -1.7799
    -2.8504    -1.5703     3.4427    -1.4042
    -2.8237    -1.2510     3.2818    -1.0660
    -2.7258    -0.9864     3.1298    -0.7748
    -2.6813    -0.7125     2.8260    -0.4646
    -2.5210    -0.4112     2.5312    -0.1262
    -2.3697    -0.0457     2.2185     0.1935
    -2.1472     0.3291     1.8612     0.5415
    -1.9781     0.6949     1.4861     0.9272
    -1.7200     1.0792     1.0665     1.2565
    -1.4620     1.3356     0.6916     1.6330
    -1.1061     1.6103     0.3614     1.9813
    -0.8126     1.9126     0.0312     2.2921
    -0.4034     2.1692    -0.3078     2.5464
    -0.0922     2.4076    -0.6468     2.7913
     0.2902     2.5635    -1.0213     2.9986
     0.6635     2.7286    -1.3156     3.1399
     1.0813     2.8203    -1.5385     3.1870
     1.5434     2.9121    -1.7524     3.2012
     1.9788     2.9121    -2.0020     3.2153
     2.3252     2.9121    -2.1535     3.1399
     2.6450     2.7928    -2.3050     3.0268
     2.9825     2.6735    -2.4209     2.8101
     3.2222     2.4076    -2.5278     2.5275
     3.3465     2.1784    -2.5634     2.1885
     3.3288     1.8943    -2.5545     1.7836
     3.3820     1.5279    -2.5367     1.3600
     3.3554     1.2074    -2.4031     0.8425
     3.3110     0.7681    -2.3407     0.4568
     3.1689     0.3931    -2.1981     0.0242
     2.8759     0.1097    -2.0109    -0.2578
     2.6006    -0.2285    -1.8059    -0.5868
     2.2364    -0.5482    -1.5563    -1.0003
     1.9788    -0.9134    -1.3156    -1.3103
     1.7478    -1.1872    -0.9767    -1.6109
     1.4368    -1.5521    -0.7092    -1.8362
     0.9835    -1.8074    -0.3435    -2.0616
     0.6013    -2.0808    -0.0223    -2.3244
     0.1746    -2.1902     0.3257    -2.4840
    -0.1989    -2.3998     0.8076    -2.6905
    -0.5457    -2.4817     1.1915    -2.7937
    -0.9104    -2.5546     1.6379    -2.8124
    -1.2573    -2.5728     1.9684    -2.9250
    -1.5599    -2.5910     2.3257    -2.8875
    -1.8090    -2.5364     2.7009    -2.8500
    -2.1116    -2.5000     3.0137    -2.7280
    -2.3163    -2.4544     3.2192    -2.5591
    -2.4498    -2.2540     3.3622    -2.3150
    -2.5388    -2.0991     3.4158    -2.1085
    -2.6546    -1.8439     3.4248    -1.8081
    -2.7970    -1.6341     3.4605    -1.5451
    -2.8059    -1.3788     3.3980    -1.2351
    -2.7970    -1.0503     3.2907    -0.9533
    -2.7347    -0.8038     3.0852    -0.6244
    -2.6457    -0.4751     2.8260    -0.3424
    -2.5299    -0.1919     2.4597    -0.0322
    -2.4320     0.1188     2.1024     0.2499
    -2.2718     0.5394     1.7451     0.6355
    -2.0849     0.8413     1.3076     0.9272
    -1.7912     1.2074     0.9772     1.2941
    -1.5866     1.4546     0.5488     1.6801
    -1.2396     1.7111     0.2811     1.9719
    -0.8748     1.9584     0.0134     2.2827
    -0.4835     2.2151    -0.3613     2.5464
    -0.1455     2.4443    -0.7449     2.7913
     0.2457     2.6552    -1.0748     3.0551
     0.5747     2.8295    -1.3156     3.1776
     0.9746     3.0038    -1.6098     3.3473
     1.3924     3.0222    -1.8327     3.3850
     1.7744     3.0589    -2.0555     3.3944
     2.1742     3.0314    -2.2516     3.3661
     2.4851     2.9121    -2.3496     3.2436
     2.8759     2.8111    -2.4922     3.0740
     3.1334     2.5543    -2.5902     2.7819
     3.2933     2.3067    -2.6704     2.3674
     3.2933     2.0134    -2.6615     3.2436
     3.3021     1.7019    -2.6258     1.4353
     3.2666     1.3264    -2.5456     0.9742
     3.2045     0.8871    -2.4120     0.4944
     3.0180     0.5120    -2.2426     0.0712
     2.7782     0.1645    -2.1090    -0.2484
     2.4318    -0.0731    -1.8772    -0.5962
     2.1387    -0.4020    -1.6276    -1.0097
     1.9166    -0.7491    -1.3513    -1.3291
     1.6589    -1.0503    -0.9946    -1.6109
     1.2857    -1.3514    -0.6557    -1.8550
     0.9569    -1.6615    -0.3435    -2.0710
     0.5480    -1.8621    -0.0045    -2.2212
     0.1657    -2.0535     0.3971    -2.4183
    -0.2344    -2.1629     0.8880    -2.5497
    -0.5635    -2.2540     1.2719    -2.5591
    -0.9282    -2.3815     1.7005    -2.6060
    -1.2485    -2.4089     2.0756    -2.6905
    -1.5688    -2.4817     2.4776    -2.6998
    -1.8268    -2.4544     2.7903    -2.6998
    -2.0671    -2.3998     3.0673    -2.6811
    -2.2896    -2.3086     3.2818    -2.6154
    -2.4409    -2.1538     3.3711    -2.4464
    -2.6279    -1.9806     3.4248    -2.2118
    -2.7436    -1.8165     3.3801    -1.9865
    -2.7970    -1.5065     3.4069    -1.6484
    -2.8326    -1.2602     3.3801    -1.3103
    -2.7792    -0.9225     3.2192    -0.9533
    -2.7614    -0.6851     2.9958    -0.5680
    -2.6546    -0.3381     2.6920    -0.2296
    -2.5121    -0.1097     2.4329     0.0806
    -2.3519     0.2925     2.0577     0.4192
    -2.1828     0.6309     1.7540     0.6637
    -1.9870     0.9237     1.3879     1.0024
    -1.7378     1.2623     0.9505     1.2941
    -1.4976     1.4821     0.6113     1.6330
    -1.1773     1.7202     0.2632     1.9154
    -0.8303     1.9768    -0.0491     2.2073
    -0.4924     2.1417    -0.3970     2.4993
    -0.1366     2.3526    -0.8430     2.7254
     0.2635     2.5360    -1.1016     2.9326
     0.6724     2.7194    -1.4047     3.0551
     1.0191     2.8754    -1.6455     3.1399
     1.4190     2.9396    -1.9129     3.1776
     1.8277     2.9029    -2.1535     3.1117
     2.2009     2.8203    -2.3139     3.0174
     2.5828     2.7378    -2.5011     2.8761
     2.8581     2.5176    -2.5724     2.6971
     3.1334     2.3526    -2.7149     2.4428
     3.2577     2.0959    -2.7506     2.1037
     3.3288     1.7569    -2.7862     1.7459
     3.3465     1.4546    -2.7327     1.2847
     3.3021     1.0792    -2.6080     0.8425
     3.2400     0.6766    -2.5278     0.3251
     3.0713     0.3474    -2.3318    -0.0134
     2.8493    -0.0183    -2.1535    -0.3706
     2.5029    -0.3472    -1.9307    -0.7278
     2.1742    -0.6304    -1.6187    -1.1224
     1.8722    -0.9955    -1.3513    -1.5169
     1.5967    -1.2693    -0.9946    -1.7799
     1.2946    -1.5521    -0.6557    -2.0240
     0.9035    -1.8256    -0.3524    -2.2024
     0.5124    -1.9988     0.0669    -2.4371
     0.1568    -2.1629     0.4596    -2.5966
    -0.2789    -2.2631     0.9148    -2.7092
    -0.5813    -2.3906     1.3254    -2.7561
    -0.9549    -2.4908     1.7005    -2.7749
    -1.2485    -2.5455     2.0220    -2.8031
    -1.5154    -2.5455     2.3703    -2.8218
    -1.8179    -2.4453     2.7635    -2.7749
    -2.0849    -2.4453     3.0583    -2.7655
    -2.2540    -2.3633     3.2996    -2.6342
    -2.4676    -2.2358     3.4069    -2.4840
    -2.5566    -2.0900     3.4605    -2.2493
    -2.6190    -1.8803     3.4695    -1.9489
    -2.7347    -1.6250     3.4516    -1.6390
    -2.7302    -1.3605     3.4248    -1.2915
    -2.7258    -1.0868     3.3890    -0.9533
    -2.6902    -0.7856     3.1835    -0.6526
    -2.6101    -0.4934     2.9690    -0.3800
    -2.4765    -0.1736     2.6116     0.0054
    -2.3608     0.1371     2.2989     0.2687
    -2.1917     0.4754     1.9505     0.6261
    -2.0137     0.8139     1.5308     0.9460
    -1.7823     1.1342     1.1558     1.2753
    -1.4976     1.4546     0.7273     1.6424
    -1.2307     1.6927     0.4149     1.9719
    -0.8214     1.8851     0.1383     2.3203
    -0.4924     2.1692    -0.2543     2.6123
    -0.1188     2.4351    -0.6557     2.8761
     0.2635     2.5726    -0.9589     3.1117
     0.6635     2.7561    -1.3067     3.2059
     1.0546     2.9121    -1.6009     3.3284
     1.4012     2.9946    -1.8327     3.3143
     1.7922     3.0038    -2.1000     3.3001
     2.1831     2.9946    -2.2961     3.2153
     2.4851     2.9671    -2.4120     3.1305
     2.8581     2.8020    -2.5456     2.9044
     3.0890     2.6185    -2.6169     2.5746
     3.2400     2.3342    -2.7060     2.2544
     3.2533     2.0042    -2.7060     1.8589
     3.2666     1.6011    -2.5991     1.4447
     3.2844     1.2074    -2.5100     0.9554
     3.1778     0.8413    -2.3852     0.5321
     3.0091     0.4388    -2.2337     0.0806
     2.7072     0.1097    -1.9842    -0.2860
     2.4052    -0.2376    -1.7792    -0.6150
     2.0943    -0.5208    -1.5206    -1.0566
     1.8722    -0.9225    -1.1818    -1.3854
     1.6767    -1.1963    -0.9143    -1.6766
     1.3479    -1.5429    -0.5486    -1.9207
     0.9480    -1.7527    -0.2453    -2.1179
     0.4946    -1.9988     0.1472    -2.3620
     0.0857    -2.1082     0.5488    -2.4840
    -0.2878    -2.2449     0.9326    -2.6717
    -0.6169    -2.3360     1.3344    -2.7561
    -0.9015    -2.4362     1.7273    -2.8124
    -1.2396    -2.4362     2.1381    -2.8969
    -1.4709    -2.4180     2.5222    -2.9250
    -1.7912    -2.3998     2.8707    -2.8500
    -2.0404    -2.3815     3.1477    -2.7937
    -2.2451    -2.2813     3.3801    -2.5872
    -2.4409    -2.1993     3.4337    -2.3807
    -2.5388    -2.1173     3.5052    -2.1930
    -2.6190    -1.8986     3.4784    -1.8550
    -2.6546    -1.7253     3.5231    -1.5639
    -2.7347    -1.4700     3.5052    -1.2445
    -2.6902    -1.1689     3.4248    -0.9439
    -2.6635    -0.8677     3.2550    -0.6526
    -2.5744    -0.4568     2.9422    -0.4270
    -2.4765    -0.1188     2.5848    -0.0886
    -2.2718     0.1737     2.2542     0.2123
    -2.1116     0.5943     1.8255     0.5885
    -1.9247     0.8962     1.3879     0.8707
    -1.8001     1.2532     0.9772     1.2189
    -1.4620     1.5187     0.6202     1.5859
    -1.1506     1.7202     0.2722     1.9531
    -0.7325     1.9218    -0.0312     2.2450
    -0.4301     2.1784    -0.4238     2.5558
    -0.0477     2.3801    -0.8162     2.8384
     0.2813     2.4901    -1.1640     3.0363
     0.7258     2.6827    -1.4672     3.1493
     1.0635     2.8295    -1.7792     3.2153
     1.4634     2.8570    -2.0287     3.2059
     1.8544     2.8662    -2.2961     3.1682
     2.1742     2.8478    -2.4743     3.1211
     2.5473     2.7653    -2.5991     2.9797
     2.8226     2.5635    -2.7327     2.7536
     3.0979     2.3342    -2.8129     2.5181
     3.2400     2.0409    -2.8664     2.1791
     3.2755     1.7202    -2.8931     1.7742
     3.2489     1.3997    -2.8575     1.3694
     3.2045     1.0243    -2.8129     0.9366
     3.1068     0.6675    -2.6436     0.4944
     2.9025     0.2742    -2.4832     0.0995
     2.6450    -0.0548    -2.2694    -0.1826
     2.3252    -0.3929    -2.1000    -0.5398
     2.0321    -0.6212    -1.8059    -0.9627
     1.7922    -1.0229    -1.5385    -1.3385
     1.5079    -1.2784    -1.1997    -1.6860
     1.1435    -1.6159    -0.8876    -1.9207
     0.7880    -1.8165    -0.5219    -2.1179
     0.3969    -2.0900    -0.1115    -2.3807
    -0.0032    -2.2084     0.2900    -2.5591
    -0.4123    -2.3360     0.7719    -2.7092
    -0.7503    -2.4544     1.2094    -2.7937
    -1.0705    -2.5728     1.6379    -2.8687
    -1.3997    -2.6001     2.0398    -2.9063
    -1.6577    -2.5364     2.4954    -2.8781
    -1.9069    -2.4726     2.8349    -2.8406
    -2.1739    -2.3998     3.1835    -2.7561
    -2.3786    -2.2722     3.4158    -2.6342
    -2.4676    -2.1902     3.4516    -2.4558
    -2.6279    -2.0353     3.4695    -2.2306
    -2.7347    -1.8256     3.5052    -1.9113
    -2.7970    -1.6433     3.5142    -1.6484
    -2.7970    -1.4153     3.4873    -1.3197
    -2.7881    -1.1598     3.4069    -0.9909
    -2.7970    -0.8495     3.1924    -0.6808
    -2.6991    -0.4660     2.8528    -0.3800
    -2.4943    -0.1462     2.5580    -0.0416
    -2.3252     0.3108     2.2096     0.2593
    -2.1561     0.6492     1.8969     0.6261
    -1.9603     0.9786     1.5129     0.9178
    -1.7645     1.3539     1.1290     1.2941
    -1.5243     1.6103     0.7184     1.6801
    -1.0972     1.7843     0.4060     2.0378
    -0.7147     2.0042     0.0580     2.3297
    -0.3590     2.2609    -0.2900     2.6971
    -0.0121     2.4259    -0.6468     2.9232
     0.3435     2.5726    -1.0570     3.1305
     0.7435     2.7561    -1.3869     3.2059
     1.1435     2.9671    -1.6455     3.2200
     1.5256     2.9946    -1.9485     3.2342
     1.9255     3.0130    -2.1446     3.2059
     2.3164     3.0405    -2.3674     3.1305
     2.6361     2.9212    -2.4565     3.0080
     2.9114     2.7469    -2.6169     2.8572
     3.1778     2.4993    -2.7060     2.6029
     3.2577     2.2517    -2.7595     2.2827
     3.3288     1.9584    -2.7684     1.9060
     3.3377     1.5828    -2.7595     1.4353
     3.3110     1.2257    -2.5991     1.0401
     3.2577     0.8505    -2.5011     0.5321
     3.1157     0.4480    -2.3585     0.1465
     2.7693     0.1554    -2.1624    -0.2014
     2.4674    -0.2102    -1.9396    -0.5774
     2.1120    -0.5847    -1.6544    -0.9721
     1.8189    -0.8951    -1.3780    -1.3103
     1.5967    -1.2967    -1.0035    -1.6484
     1.2679    -1.5612    -0.7181    -1.9489
     0.9035    -1.8165    -0.3435    -2.2118
     0.5213    -2.0717     0.0312    -2.4464
     0.0857    -2.1720     0.4417    -2.6435
    -0.3234    -2.2995     0.8701    -2.7937
    -0.7058    -2.4726     1.2361    -2.9157
    -1.0972    -2.5455     1.6469    -2.9626
    -1.3463    -2.6092     2.0488    -2.9720
    -1.6666    -2.6184     2.4418    -2.9344
    -1.8980    -2.5546     2.8260    -2.8875
    -2.1561    -2.5273     3.1120    -2.7280
    -2.3964    -2.4362     3.3265    -2.5497
    -2.5655    -2.2540     3.4158    -2.3995
    -2.6635    -2.0535     3.4695    -2.1555
    -2.7258    -1.8530     3.4605    -1.8832
    -2.7881    -1.5977     3.4605    -1.5451
    -2.8059    -1.3605     3.4069    -1.2539
    -2.7970    -1.0685     3.3980    -0.9909
    -2.7792    -0.7308     3.1120    -0.6902
    -2.6724    -0.4020     2.8528    -0.3424
    -2.4854    -0.0640     2.5133    -0.0228
    -2.3430     0.3382     2.1649     0.2499
    -2.1739     0.7590     1.7540     0.5603
    -2.0226     1.1067     1.3611     0.8707
    -1.8001     1.4363     0.9505     1.2189
    -1.4976     1.6378     0.5934     1.6142
    -1.1506     1.9218     0.1918     1.9342
    -0.7503     2.0684    -0.0937     2.3203
    -0.3945     2.2792    -0.4594     2.6217
    -0.1188     2.4718    -0.8073     2.9044
     0.2813     2.7378    -1.1729     3.1117
     0.6991     2.9396    -1.4226     3.1588
     1.1613     2.9855    -1.7524     3.2436
     1.5345     3.0405    -1.9753     3.3096
     1.9877     3.0864    -2.2426     3.2624
     2.3519     3.0222    -2.4298     3.2342
     2.6184     2.9488    -2.5902     3.1682
     2.8937     2.7561    -2.6793     3.0268
     3.1956     2.5635    -2.7595     2.7630
     3.2755     2.2334    -2.8664     2.3957
     3.3110     1.9676    -2.8218     1.9625
     3.2933     1.6286    -2.8040     1.5200
     3.3288     1.2165    -2.7238     1.0589
     3.3021     0.8962    -2.5634     0.5885
     3.1423     0.4663    -2.4209     0.1465
     2.8226     0.1737    -2.1892    -0.2390
     2.5473    -0.2102    -1.9574    -0.6244
     2.1920    -0.5847    -1.7079    -1.0191
     1.9699    -0.9590    -1.4047    -1.3573
     1.7478    -1.3149    -1.0927    -1.6484
     1.3746    -1.6068    -0.7538    -1.8926
     1.0635    -1.8712    -0.4238    -2.1085
     0.6547    -2.0170    -0.0491    -2.3338
     0.1924    -2.2358     0.3346    -2.4652
    -0.1989    -2.3269     0.7630    -2.5966
    -0.6080    -2.4726     1.1647    -2.6435
    -0.9193    -2.5910     1.5844    -2.6998
    -1.2307    -2.6366     1.9952    -2.7655
    -1.5510    -2.6821     2.4061    -2.8031
    -1.8535    -2.6275     2.7009    -2.7843
    -2.0849    -2.6092     3.0137    -2.7655
    -2.3252    -2.5000     3.2550    -2.6435
    -2.4320    -2.3815     3.4427    -2.5028
    -2.5299    -2.1446     3.4427    -2.3057
    -2.6457    -1.9532     3.4784    -2.0052
    -2.6991    -1.6706     3.4605    -1.6672
    -2.7792    -1.3331     3.4248    -1.3103
    -2.7881    -1.0685     3.3622    -0.8969
    -2.7436    -0.7308     3.1656    -0.5868
    -2.6368    -0.3746     2.8707    -0.2766
    -2.5210    -0.0366     2.5401     0.0712
    -2.4409     0.3565     2.1738     0.4004
    -2.2184     0.6949     1.8433     0.7108
    -2.0048     1.0335     1.4504     0.9742
    -1.7556     1.3081     1.1022     1.3224
    -1.4976     1.6378     0.6648     1.6612
    -1.1328     1.8576     0.3346     1.9719
    -0.7592     2.0684     0.0402     2.2827
    -0.4034     2.2426    -0.3078     2.6500
    -0.0655     2.5451    -0.6914     2.8667
     0.2457     2.6552    -1.0124     3.0268
     0.6547     2.8754    -1.2799     3.1588
     1.0191     2.9855    -1.5385     3.1493
     1.3924     3.0038    -1.8416     3.1776
     1.7833     3.0130    -2.0733     3.1588
     2.2364     2.9855    -2.2605     3.1211
     2.5651     2.8662    -2.4120     2.9986
     2.8937     2.6277    -2.4832     2.8667
     3.1423     2.4626    -2.5991     2.5275
     3.2755     2.2334    -2.5991     2.2356
     3.3377     1.9218    -2.6258     1.8401
     3.3554     1.5553    -2.6347     1.3977
     3.3465     1.1433    -2.5634     0.9742
     3.2844     0.8047    -2.4209     0.5132
     3.1246     0.3840    -2.2516     0.0806
     2.8137     0.1371    -2.0466    -0.2766
     2.5207    -0.2559    -1.8327    -0.6620
     2.2275    -0.6030    -1.5741    -1.0848
     1.9521    -0.9955    -1.2532    -1.4136
     1.6856    -1.2419    -0.9857    -1.7048
     1.3657    -1.5703    -0.5932    -1.9865
     1.0458    -1.8530    -0.2097    -2.2399
     0.6635    -2.0626     0.1829    -2.4371
     0.2546    -2.1629     0.6113    -2.5685
    -0.1455    -2.3451     0.9772    -2.7092
    -0.5813    -2.4362     1.3522    -2.7843
    -0.9193    -2.5455     1.7451    -2.7749
    -1.2840    -2.5546     2.1649    -2.8312
    -1.5243    -2.5546     2.5580    -2.8406
    -1.7823    -2.5546     2.8796    -2.8031
    -2.0137    -2.4726     3.1835    -2.8031
    -2.2540    -2.3633     3.3890    -2.6811
    -2.3519    -2.2449     3.4158    -2.5309
    -2.5032    -2.0717     3.4337    -2.3057
    -2.5744    -1.9532     3.4248    -2.0428
    -2.6991    -1.7436     3.4158    -1.7235
    -2.7169    -1.4882     3.3980    -1.3573
    -2.7436    -1.2328     3.2907    -1.0097
    -2.6813    -0.8403     3.0673    -0.7372
    -2.6190    -0.5208     2.7545    -0.4458
    -2.4587    -0.2010     2.4418    -0.1356
    -2.3163     0.0823     2.1292     0.1559
    -2.2006     0.4571     1.7808     0.5038
    -1.9959     0.7864     1.3790     0.8519
    -1.7111     1.0975     0.9594     1.2189
    -1.4264     1.4454     0.5934     1.5389
    -1.1328     1.6653     0.2454     1.9060
    -0.7592     1.9401    -0.0312     2.3109
    -0.3856     2.1234    -0.4148     2.6594
    -0.1011     2.3526    -0.7805     2.9232
     0.2813     2.5451    -1.0927     3.0740
     0.6458     2.7836    -1.3958     3.1493
     1.0902     2.9304    -1.6544     3.2059
     1.4546     2.9946    -1.8951     3.1870
     1.8455     2.9946    -2.1179     3.1776
     2.2808     2.9671    -2.3050     3.1399
     2.6095     2.9121    -2.4476     3.0551
     2.9025     2.7928    -2.4922     2.9138
     3.0979     2.5268    -2.6169     2.6406
     3.2400     2.2976    -2.6436     2.2450
     3.3021     1.9768    -2.6971     1.8495
     3.3377     1.6744    -2.6793     1.4259
     3.3110     1.2623    -2.5367     0.8989
     3.2045     0.8230    -2.4120     0.4662
     3.0358     0.4754    -2.2694     0.0430
     2.7427     0.1737    -2.0287    -0.3236
     2.4318    -0.2467    -1.8505    -0.7466
     2.1653    -0.5756    -1.5831    -1.0754
     1.9255    -0.9134    -1.2621    -1.4230
     1.6500    -1.3058    -0.9946    -1.6484
     1.3213    -1.5521    -0.6022    -1.9207
     0.9835    -1.7983    -0.2186    -2.1555
     0.5569    -1.9806     0.1651    -2.3526
     0.1568    -2.1355     0.6024    -2.5403
    -0.2611    -2.3086     0.9415    -2.6998
    -0.5902    -2.4362     1.3344    -2.7843
    -0.9460    -2.4635     1.7273    -2.8124
    -1.2573    -2.5455     2.1381    -2.8312
    -1.5954    -2.5637     2.5312    -2.8312
    -1.8713    -2.4817     2.8260    -2.7374
    -2.1027    -2.3998     3.1298    -2.6342
    -2.2896    -2.3178     3.3175    -2.5403
    -2.4409    -2.2540     3.4248    -2.3057
    -2.5922    -2.1082     3.4605    -2.0991
    -2.6546    -1.9077     3.4873    -1.9020
    -2.7169    -1.6524     3.4337    -1.5921
    -2.7614    -1.3970     3.4516    -1.2727
    -2.7703    -1.1324     3.3622    -0.9439
    -2.6902    -0.7673     3.1835    -0.5680
    -2.6101    -0.4842     2.9243    -0.2766
    -2.5210    -0.2010     2.5937     0.0242
    -2.3163     0.1920     2.2096     0.3251
    -2.2095     0.5760     1.8344     0.6732
    -1.9692     0.9694     1.4326     1.0213
    -1.7734     1.2440     1.0308     1.3506
    -1.4709     1.5095     0.6916     1.6424
    -1.1417     1.8302     0.2722     1.9813
    -0.7325     2.0226     0.0045     2.3297
    -0.3945     2.2701    -0.3702     2.6311
    -0.1011     2.4901    -0.7449     2.9044
     0.2724     2.7194    -1.0748     3.0740
     0.6813     2.8478    -1.4137     3.0834
     1.0902     2.9212    -1.7079     3.0975
     1.5168     3.0130    -1.9129     3.1117
     1.9610     3.0314    -2.1713     3.0928
     2.2986     2.9763    -2.3674     3.0363
     2.6539     2.8387    -2.5278     2.8949
     2.9292     2.6552    -2.6347     2.6971
     3.1956     2.4809    -2.6793     2.4428
     3.3377     2.2242    -2.7684     2.0755
     3.3820     1.8485    -2.7595     1.7177
     3.3377     1.5187    -2.7060     1.2847
     3.3643     1.1616    -2.5902     0.8143
     3.3199     0.7132    -2.4031     0.3345
     3.1334     0.3657    -2.2872    -0.0228
     2.7693     0.0000    -2.0733    -0.3518
     2.5295    -0.3198    -1.8416    -0.7090
     2.1565    -0.6395    -1.5563    -1.0754
     1.8189    -0.9955    -1.2710    -1.4512
     1.5967    -1.2693    -0.9322    -1.7423
     1.3479    -1.5521    -0.6022    -1.9395
     0.9391    -1.8347    -0.2364    -2.1461
     0.5924    -2.0262     0.2008    -2.3620
     0.2013    -2.1264     0.6827    -2.5403
    -0.2611    -2.2449     1.0933    -2.6435
    -0.5991    -2.4089     1.4772    -2.7092
    -0.9460    -2.4271     1.8433    -2.7655
    -1.2751    -2.5273     2.2721    -2.7655
    -1.5777    -2.5364     2.6473    -2.7937
    -1.8090    -2.4635     2.9690    -2.7374
    -2.0849    -2.3178     3.2550    -2.5966
    -2.2985    -2.2722     3.4427    -2.5215
    -2.4498    -2.1082     3.4605    -2.2963
    -2.5833    -1.9350     3.4605    -2.0897
    -2.6368    -1.7892     3.4605    -1.8738
    -2.6457    -1.6250     3.4605    -1.5545
    -2.7436    -1.4061     3.4784    -1.2164
    -2.7525    -1.0868     3.3890    -0.8875
    -2.7525    -0.7856     3.1298    -0.5774
    -2.6546    -0.4203     2.7992    -0.2766
    -2.5299    -0.1279     2.4686     0.0336
    -2.3786     0.2925     2.1202     0.3910
    -2.2273     0.7132     1.7183     0.7108
    -2.0582     1.0335     1.3611     1.0965
    -1.8802     1.3722     0.9683     1.4259
    -1.5510     1.6469     0.5845     1.7742
    -1.2662     1.8943     0.2097     2.1037
    -0.8748     2.0959    -0.1383     2.4051
    -0.5101     2.3892    -0.4594     2.6877
    -0.0922     2.5268    -0.8697     2.9326
     0.2813     2.7378    -1.1729     3.0080
     0.6280     2.8111    -1.5028     3.0645
     1.0546     2.9121    -1.7881     3.0928
     1.4368     2.9396    -2.0020     3.1305
     1.8633     2.9763    -2.2605     3.0551
     2.1742     2.8845    -2.4387     2.9797
     2.5473     2.7194    -2.5813     2.8761
     2.8226     2.5910    -2.6258     2.6311
     3.1157     2.3709    -2.7060     2.3580
     3.2844     2.1417    -2.8040     2.0849
     3.3021     1.7935    -2.7506     1.6801
     3.3021     1.5279    -2.7238     1.2659
     3.3199     1.1616    -2.5813     0.8049
     3.2045     0.7773    -2.4031     0.4004
     3.0535     0.3657    -2.2426    -0.0040
     2.7960     0.1097    -2.0198    -0.2860
     2.5384    -0.2559    -1.8059    -0.6338
     2.2275    -0.6030    -1.5117    -0.9909
     1.8988    -0.9316    -1.1997    -1.3291
     1.5878    -1.2967    -0.8430    -1.6296
     1.2946    -1.5338    -0.5130    -1.8362
     0.9480    -1.8530    -0.1918    -2.1555
     0.5924    -2.0170     0.2632    -2.3432
     0.1657    -2.1811     0.7541    -2.5028
    -0.2344    -2.3086     1.1647    -2.6529
    -0.6169    -2.3269     1.5844    -2.7092
    -0.9994    -2.4635     1.8969    -2.7843
    -1.2751    -2.4362     2.3078    -2.7796
    -1.5510    -2.4225     2.6473    -2.7749
    -1.8357    -2.4089     3.0226    -2.7280
    -2.0315    -2.3633     3.2907    -2.5966
    -2.2896    -2.1993     3.4516    -2.4089
    -2.3875    -2.0535     3.4516    -2.2399
    -2.5210    -1.8894     3.4695    -2.0334
    -2.5210    -1.6524     3.4784    -1.7611
    -2.5566    -1.4426     3.5320    -1.4606
    -2.6368    -1.2237     3.4873    -1.1412
    -2.6368    -0.9408     3.4873    -0.8123
    -2.6546    -0.6304     3.2460    -0.5398
    -2.5566    -0.3107     2.8886    -0.2484
    -2.4854     0.0274     2.5669     0.0524
    -2.3519     0.3748     2.1738     0.3440
    -2.1650     0.7407     1.7451     0.6543
    -2.0137     1.1067     1.3254     0.9742
    -1.8001     1.4180     0.9148     1.3694
    -1.5777     1.6927     0.5042     1.6895
    -1.2040     1.8485     0.0848     2.0002
    -0.8214     2.1142    -0.2186     2.3392
    -0.4479     2.3159    -0.5576     2.5652
    -0.1277     2.4809    -0.8876     2.8196
     0.2190     2.6185    -1.2443     3.0080
     0.6635     2.7653    -1.5385     3.0834
     1.0546     2.8662    -1.8416     3.1399
     1.4279     2.9763    -2.0287     3.1399
     1.8100     2.9763    -2.2872     3.1305
     2.1298     2.9396    -2.4298     3.0645
     2.4762     2.8845    -2.5991     3.0268
     2.7782     2.7194    -2.6793     2.8101
     3.0358     2.4993    -2.7327     2.5181
     3.1956     2.2151    -2.7595     2.2073
     3.2933     1.8668    -2.8218     1.7648
     3.3110     1.5279    -2.7149     1.3600
     3.2311     1.1250    -2.5813     0.8989
     3.1157     0.7773    -2.4565     0.3722
     2.9203     0.3840    -2.2516     0.0148
     2.6716     0.0366    -2.0466    -0.3706
     2.3963    -0.2741    -1.7613    -0.7466
     2.1120    -0.7217    -1.4939    -1.1036
     1.8455    -1.0868    -1.1640    -1.4324
     1.5967    -1.4153    -0.8341    -1.7235
     1.2057    -1.6797    -0.5040    -1.9677
     0.8858    -1.9168    -0.1561    -2.2118
     0.4502    -2.0808     0.3435    -2.3901
     0.0501    -2.2084     0.7630    -2.5591
    -0.3056    -2.3633     1.2451    -2.6623
    -0.6969    -2.4180     1.6379    -2.7186
    -1.0260    -2.5637     2.0130    -2.8031
    -1.3196    -2.6366     2.3703    -2.8406
    -1.5599    -2.6548     2.6830    -2.8406
    -1.7556    -2.5910     3.0047    -2.8312
    -2.0493    -2.4908     3.2907    -2.7374
    -2.2629    -2.3906     3.4427    -2.6060
    -2.4409    -2.2266     3.4516    -2.4652
    -2.5032    -2.0991     3.5142    -2.2306
    -2.6012    -1.8439     3.4963    -1.9771
    -2.6368    -1.6250     3.4963    -1.6296
    -2.6190    -1.3331     3.4873    -1.2539
    -2.6368    -0.9408     3.4337    -0.8593
    -2.6101    -0.6577     3.2013    -0.5398
    -2.5922    -0.3015     2.8528    -0.1826
    -2.4231     0.0457     2.4686     0.1277
    -2.2807     0.3657     2.1292     0.4756
    -2.1294     0.7590     1.7094     0.7766
    -1.9336     1.0884     1.3433     1.1342
    -1.7467     1.4546     0.9058     1.5106
    -1.4887     1.6836     0.5131     1.8118
    -1.1684     1.9493     0.1829     2.1602
    -0.7770     2.2059    -0.1204     2.4899
    -0.3856     2.4168    -0.5219     2.8007
    -0.0655     2.6369    -0.8430     3.0080
     0.3346     2.8203    -1.2086     3.0928
     0.7347     2.9671    -1.5206     3.1305
     1.1524     3.0130    -1.7613     3.1776
     1.5345     3.0314    -2.0644     3.1399
     1.9255     3.0497    -2.2694     3.1682
     2.2986     3.0772    -2.4298     3.0740
     2.6272     2.9855    -2.5991     3.0551
     2.8937     2.7744    -2.6436     2.8478
     3.1157     2.5268    -2.7684     2.5840
     3.2222     2.2151    -2.8396     2.2167
     3.2666     1.8760    -2.8218     1.7742
     3.3021     1.5095    -2.7416     1.3318
     3.2755     1.1250    -2.5545     0.9178
     3.1512     0.7315    -2.4565     0.4004
     2.9292     0.3291    -2.2337     0.0148
     2.7160     0.0457    -2.0287    -0.3330
     2.4141    -0.3564    -1.7168    -0.7184
     2.0410    -0.6943    -1.4315    -1.0848
     1.7656    -1.0868    -1.1551    -1.4042
     1.4990    -1.3696    -0.7805    -1.7517
     1.2324    -1.6706    -0.4773    -1.9959
     0.8769    -1.9350    -0.0937    -2.2212
     0.4858    -2.0991     0.2989    -2.4183
     0.0857    -2.1993     0.7630    -2.5497
    -0.3678    -2.3633     1.2004    -2.6342
    -0.7503    -2.4726     1.5665    -2.7843
    -1.0616    -2.5910     1.9684    -2.8218
    -1.3819    -2.5728     2.3078    -2.8594
    -1.6132    -2.6092     2.6830    -2.8406
    -1.8624    -2.4908     2.9511    -2.7186
    -2.1205    -2.4544     3.2818    -2.6623
    -2.3430    -2.3178     3.4337    -2.5403
    -2.4765    -2.2175     3.4873    -2.3620
    -2.6101    -2.0444     3.4605    -2.1742
    -2.7080    -1.8347     3.4695    -1.8926
    -2.7347    -1.6341     3.4784    -1.5827
    -2.7614    -1.3514     3.4695    -1.2821
    -2.7792    -1.0685     3.3980    -0.9345
    -2.7614    -0.6851     3.1030    -0.5774
    -2.6724    -0.3655     2.8081    -0.2390
    -2.5299    -0.0366     2.4597     0.0900
    -2.3875     0.3017     2.1024     0.3910
    -2.2362     0.7041     1.6737     0.7014
    -2.0493     1.0335     1.2897     1.0777
    -1.7734     1.3630     0.8880     1.4165
    -1.4798     1.5920     0.4596     1.7459
    -1.1862     1.8302     0.1205     2.1226
    -0.7236     2.1509    -0.1651     2.4616
    -0.3678     2.3617    -0.4951     2.8290
    -0.0032     2.6460    -0.8786     3.0363
     0.3702     2.8203    -1.1908     3.0834
     0.7524     2.9946    -1.5474     3.1682
     1.1257     3.0589    -1.7792     3.1588
     1.5345     3.0681    -2.0555     3.1870
     1.9255     3.0497    -2.2516     3.1211
     2.3341     3.0405    -2.4209     3.0834
     2.6006     3.0405    -2.5634     2.9892
     2.8937     2.8478    -2.6793     2.7913
     3.1512     2.6002    -2.7506     2.4993
     3.2577     2.3434    -2.8040     2.1696
     3.3288     1.9401    -2.7773     1.7742
     3.3288     1.6011    -2.7327     1.3788
     3.3110     1.1891    -2.5813     0.8707
     3.2489     0.8413    -2.4387     0.4192
     3.0713     0.5120    -2.2516    -0.0228
     2.7782     0.1371    -2.0466    -0.4082
     2.4762    -0.2833    -1.7881    -0.7372
     2.1831    -0.6395    -1.5028    -1.0848
     1.9077    -0.9955    -1.2086    -1.4136
     1.6323    -1.3240    -0.8786    -1.6860
     1.3213    -1.7071    -0.6022    -1.9489
     0.9391    -1.9077    -0.2364    -2.2212
     0.5302    -2.1811     0.0758    -2.3995
     0.0857    -2.2995     0.5934    -2.6060
    -0.3501    -2.4089     1.0754    -2.7561
    -0.6880    -2.5728     1.4594    -2.8406
    -1.0616    -2.5910     1.8791    -2.8875
    -1.3018    -2.6366     2.2185    -2.9157
    -1.5688    -2.6001     2.5758    -2.8218
    -1.8624    -2.5273     2.8886    -2.7468
    -2.1472    -2.5091     3.0941    -2.6623
    -2.3786    -2.4180     3.3711    -2.5121
    -2.5477    -2.2631     3.4695    -2.3526
    -2.6101    -2.0900     3.4695    -2.1367
    -2.6457    -1.9441     3.4605    -1.9301
    -2.7080    -1.6524     3.4873    -1.6766
    -2.7614    -1.3696     3.4695    -1.3385
    -2.7703    -1.0868     3.3265    -0.9345
    -2.6991    -0.7764     3.0405    -0.5586
    -2.6457    -0.4020     2.7903    -0.2296
    -2.5655    -0.0457     2.4686     0.0806
    -2.4409     0.2834     2.0756     0.3534
    -2.2896     0.6492     1.7273     0.7484
    -2.1027     1.0609     1.3165     1.0307
    -1.8802     1.3630     0.9415     1.3788
    -1.5510     1.6561     0.5756     1.7083
    -1.1862     1.9676     0.1651     2.0755
    -0.7770     2.2609    -0.1472     2.3957
    -0.3856     2.5176    -0.4684     2.6500
    -0.0388     2.6735    -0.8162     2.9326
     0.4057     2.8570    -1.1818     3.0551
     0.8147     3.0038    -1.4761     3.1117
     1.1702     3.0497    -1.7792     3.1117
     1.5701     3.0405    -1.9753     3.1588
     1.9521     3.0497    -2.2337     3.0928
     2.3430     3.0222    -2.4120     3.0551
     2.6450     3.0405    -2.5100     2.9703
     2.9025     2.8478    -2.6793     2.8007
     3.1512     2.5910    -2.7238     2.4804
     3.2222     2.2884    -2.8218     2.1508
     3.3288     1.9951    -2.8218     1.7365
     3.2666     1.6378    -2.7416     1.3130
     3.3021     1.2257    -2.5991     0.8801
     3.2133     0.8322    -2.4743     0.4192
     3.0180     0.4480    -2.3050    -0.0040
     2.7871     0.1371    -2.0822    -0.3706
     2.4674    -0.2650    -1.8505    -0.7184
     2.1565    -0.6669    -1.5028    -1.0191
     1.8455    -0.9590    -1.2264    -1.3667
     1.5523    -1.3149    -0.8965    -1.6390
     1.2768    -1.6980    -0.5308    -1.9113
     0.9213    -1.9350    -0.2453    -2.1555
     0.5035    -2.2266     0.2454    -2.4277
     0.0857    -2.3360     0.6470    -2.5685
    -0.2433    -2.4908     1.0933    -2.6998
    -0.6613    -2.6184     1.5129    -2.8124
    -1.0171    -2.7549     1.9595    -2.8781
    -1.2751    -2.7640     2.3167    -2.9157
    -1.5866    -2.6639     2.6562    -2.8875
    -1.8535    -2.6275     2.9332    -2.8218
    -2.1294    -2.4908     3.1835    -2.7843
    -2.3430    -2.4362     3.3622    -2.6342
    -2.5299    -2.2995     3.4427    -2.4558
    -2.6190    -2.1264     3.4873    -2.2869
    -2.6635    -1.9350     3.4516    -2.0052
    -2.7525    -1.7344     3.4605    -1.6954
    -2.7881    -1.5429     3.4516    -1.3760
    -2.7614    -1.2510     3.3175    -0.9439
    -2.6902    -0.9225     3.0137    -0.6432
    -2.6368    -0.5938     2.7277    -0.2954
    -2.5210    -0.1554     2.3614     0.0430
    -2.3697     0.2102     2.0220     0.3628
    -2.2629     0.6400     1.5933     0.7014
    -2.0493     0.9969     1.1915     1.0683
    -1.8268     1.4180     0.8166     1.4353
    -1.5510     1.6561     0.4060     1.7930
    -1.2573     1.9676     0.0669     2.1414
    -0.8303     2.1967    -0.2097     2.3957
    -0.3767     2.4351    -0.5040     2.6877
    -0.0121     2.6552    -0.8430     2.9609
     0.4057     2.8754    -1.1908     3.0551
     0.7702     3.0130    -1.4761     3.1493
     1.1613     3.0405    -1.7613     3.1588
     1.5790     3.0681    -2.0198     3.1399
     1.9877     3.0772    -2.2248     3.1493
     2.2897     3.0681    -2.3585     3.1399
     2.5828     3.0314    -2.5011     2.9986
     2.8670     2.9121    -2.6258     2.8761
     3.1423     2.6919    -2.7149     2.6123
     3.2844     2.4168    -2.7238     2.2261
     3.3110     2.1142    -2.7951     1.8966
     3.3110     1.7019    -2.6525     1.4165
     3.3110     1.3447    -2.5813     0.9836
     3.2489     0.9145    -2.4031     0.5697
     3.0446     0.5760    -2.2516     0.1089
     2.7338     0.2102    -2.0466    -0.2390
     2.5029    -0.2010    -1.7970    -0.5962
     2.1476    -0.5573    -1.5206    -0.9909
     1.8544    -0.9499    -1.1640    -1.3103
     1.6056    -1.2875    -0.9054    -1.6390
     1.3568    -1.6159    -0.5932    -1.9113
     0.9746    -1.9168    -0.2453    -2.1836
     0.5658    -2.0991     0.1561    -2.3901
     0.1390    -2.3360     0.6291    -2.6154
    -0.2611    -2.4180     1.0397    -2.7280
    -0.5902    -2.6275     1.4861    -2.8687
    -0.9282    -2.6912     1.8166    -2.9157
    -1.2396    -2.7549     2.2006    -2.9250
    -1.5421    -2.7914     2.4597    -2.9344
    -1.8357    -2.7185     2.8081    -2.8031
    -2.1650    -2.6001     3.0941    -2.6717
    -2.3163    -2.5000     3.3086    -2.5966
    -2.4676    -2.3451     3.4248    -2.3526
    -2.5833    -2.1538     3.4337    -2.1461
    -2.6279    -1.9259     3.4873    -1.9207
    -2.6457    -1.7436     3.4337    -1.5733
    -2.6813    -1.5247     3.4069    -1.2633
    -2.6368    -1.2145     3.3086    -0.9627
    -2.6457    -0.9408     3.0852    -0.6808
    -2.5833    -0.5573     2.8439    -0.3518
    -2.4320    -0.1919     2.5401    -0.0040
    -2.3697     0.2651     2.1560     0.3063
    -2.2451     0.6675     1.7719     0.6355
    -2.0849     1.0060     1.3611     0.9554
    -1.8001     1.3447     0.9505     1.2941
    -1.5243     1.6469     0.5042     1.6801
    -1.1684     1.8943     0.1740     2.0002
    -0.7681     2.1051    -0.1740     2.3392
    -0.3501     2.4168    -0.4327     2.6123
     0.0056     2.6002    -0.7716     2.8572
     0.3791     2.8020    -1.0838     3.0268
     0.7791     2.9671    -1.3869     3.1022
     1.1880     3.0405    -1.6722     3.1776
     1.5345     3.0589    -1.9129     3.1493
     1.9077     3.0956    -2.1446     3.1305
     2.2186     3.0589    -2.3050     3.1305
     2.5384     3.0130    -2.4298     3.0928
     2.8137     2.8662    -2.5813     2.9326
     3.0535     2.6552    -2.6347     2.7348
     3.2045     2.4259    -2.7060     2.3203
     3.2577     2.0592    -2.7060     1.9719
     3.2844     1.6836    -2.6169     1.5012
     3.2666     1.3173    -2.5278     1.0213
     3.1334     1.0152    -2.3852     0.5697
     2.8937     0.6766    -2.1892     0.1183
     2.7072     0.2559    -2.0109    -0.2578
     2.4585    -0.1279    -1.7881    -0.5962
     2.1209    -0.5573    -1.5117    -1.0191
     1.8899    -0.8769    -1.2175    -1.3573
     1.5701    -1.2237    -0.8786    -1.6202
     1.2590    -1.5794    -0.5219    -1.8550
     0.8680    -1.8256    -0.2632    -2.1367
     0.5035    -2.0535     0.2008    -2.2869
     0.0768    -2.2084     0.6202    -2.4840
    -0.2878    -2.3542     1.0308    -2.6060
    -0.6524    -2.5546     1.4861    -2.7092
    -1.0527    -2.7003     1.8701    -2.8031
    -1.3107    -2.7640     2.2006    -2.8171
    -1.5777    -2.7549     2.4597    -2.8312
    -1.8980    -2.6912     2.7367    -2.8031
    -2.1205    -2.6457     3.0405    -2.7843
    -2.3252    -2.5091     3.2460    -2.6529
    -2.4854    -2.3542     3.3890    -2.5215
    -2.6101    -2.1446     3.4069    -2.2775
    -2.6902    -1.9988     3.4114    -1.9865
    -2.7258    -1.7071     3.4158    -1.6954
    -2.7436    -1.4791     3.4337    -1.2915
    -2.7703    -1.1233     3.3086    -0.9251
    -2.7080    -0.7947     3.0583    -0.6056
    -2.6012    -0.3929     2.7813    -0.2108
    -2.5477    -0.0366     2.4776     0.0995
    -2.4231     0.3199     2.1560     0.4004
    -2.2540     0.6766     1.7273     0.7672
    -2.0137     1.0426     1.3344     1.0307
    -1.7912     1.3630     0.9237     1.3883
    -1.4531     1.7111     0.5042     1.7648
    -1.1150     1.9126     0.1651     2.0378
    -0.7859     2.2334    -0.1651     2.3674
    -0.4123     2.4443    -0.4059     2.6783
    -0.0477     2.6827    -0.7449     2.8949
     0.3435     2.8478    -1.1194     3.0174
     0.7258     2.9946    -1.4047     3.1211
     1.1080     3.0956    -1.7079     3.1117
     1.5079     3.0589    -1.9129     3.1493
     1.8811     3.0772    -2.1713     3.1117
     2.2719     3.0405    -2.3496     3.0834
     2.5651     3.0130    -2.4743     3.0268
     2.8937     2.8570    -2.5456     2.8667
     3.1246     2.5726    -2.6347     2.5840
     3.2666     2.3342    -2.6793     2.2544
     3.3021     1.9859    -2.7060     1.8966
     3.2933     1.6744    -2.5991     1.4541
     3.3288     1.2623    -2.4922     1.0213
     3.2311     0.9420    -2.3941     0.5979
     3.0624     0.5486    -2.1713     0.2217
     2.7871     0.2468    -1.9842    -0.1638
     2.5207    -0.2193    -1.7079    -0.5398
     2.2098    -0.5299    -1.4404    -1.0097
     1.8544    -0.8769    -1.1016    -1.3103
     1.5168    -1.2328    -0.7895    -1.6202
     1.2590    -1.5977    -0.4951    -1.9207
     0.9302    -1.8986    -0.2007    -2.1273
     0.5569    -2.0535     0.2811    -2.3714
     0.1657    -2.3178     0.6827    -2.5309
    -0.3056    -2.4089     1.0933    -2.6529
    -0.6969    -2.5182     1.5308    -2.7937
    -1.0438    -2.6366     1.8969    -2.8406
    -1.3641    -2.6639     2.2542    -2.8594
    -1.5866    -2.6639     2.5848    -2.8875
    -1.8357    -2.5455     2.9600    -2.8218
    -2.1472    -2.4726     3.2639    -2.7468
    -2.3519    -2.4453     3.3711    -2.6248
    -2.4765    -2.3269     3.4248    -2.4840
    -2.6368    -2.1173     3.4873    -2.2212
    -2.7080    -1.9077     3.4784    -1.9771
    -2.7347    -1.7436     3.4427    -1.6860
    -2.7614    -1.4700     3.4427    -1.3291
    -2.8059    -1.1415     3.3265    -1.0097
    -2.7258    -0.8221     3.0494    -0.6338
    -2.6190    -0.4751     2.7813    -0.2954
    -2.5210    -0.1279     2.4954     0.0242
    -2.3964     0.2285     2.1470     0.3345
    -2.2718     0.6034     1.7808     0.6826
    -2.0137     0.9511     1.3254     1.0965
    -1.7645     1.3630     0.9505     1.4071
    -1.5243     1.6836     0.5488     1.7836
    -1.2040     1.9218     0.1561     2.1885
    -0.8126     2.1601    -0.1204     2.5087
    -0.3945     2.4076    -0.4327     2.8572
    -0.0477     2.7011    -0.8430     3.0174
     0.2813     2.9212    -1.1640     3.1305
     0.7169     3.0772    -1.4315     3.2530
     1.1257     3.1140    -1.7168     3.2719
     1.4990     3.1415    -1.9753     3.2624
     1.9521     3.0956    -2.1446     3.2436
     2.3164     3.1415    -2.3496     3.2530
     2.6095     3.1323    -2.4298     3.1305
     2.9203     3.0038    -2.5724     3.0174
     3.2045     2.7928    -2.6169     2.7065
     3.3021     2.4351    -2.6347     2.3203
     3.3021     2.1326    -2.6436     1.9437
     3.3110     1.7111    -2.5545     1.5483
     3.3288     1.3356    -2.4654     1.0495
     3.2133     1.0243    -2.3228     0.6355
     3.0269     0.6309    -2.1090     0.2123
     2.7782     0.3108    -1.9218    -0.1544
     2.4940    -0.1645    -1.6365    -0.5398
     2.1920    -0.5116    -1.3691    -0.9533
     1.8544    -0.8860    -1.1283    -1.3197
     1.5878    -1.2054    -0.8251    -1.5921
     1.2768    -1.5612    -0.5486    -1.8926
     0.9213    -1.7983    -0.1918    -2.1273
     0.5747    -2.0444     0.2008    -2.3432
     0.1568    -2.2449     0.6738    -2.5966
    -0.2344    -2.3633     1.0844    -2.7280
    -0.6347    -2.5546     1.3969    -2.8312
    -1.0083    -2.5910     1.8255    -2.9438
    -1.3285    -2.6047     2.1560    -2.9438
    -1.6310    -2.6184     2.5312    -2.9720
    -1.8357    -2.5728     2.8528    -2.9344
    -2.1116    -2.5000     3.1388    -2.7937
    -2.3608    -2.4453     3.3443    -2.7374
    -2.5299    -2.3178     3.4158    -2.5403
    -2.6012    -2.1173     3.4695    -2.2587
    -2.6902    -1.9350     3.4337    -2.0334
    -2.6813    -1.6889     3.4695    -1.6766
    -2.6724    -1.4791     3.4158    -1.3103
    -2.6991    -1.0868     3.2550    -1.0003
    -2.6457    -0.7764     3.0226    -0.6714
    -2.5655    -0.4568     2.8081    -0.3518
    -2.5210    -0.1279     2.5133    -0.0416
    -2.3964     0.3108     2.1381     0.2875
          3          3          3          3
