    4   2048 0.020000  2016   1  19  13  35
         16         10         11         42
     0.1436    -2.3432    -1.6757    -1.9934
    -0.1053    -2.2886    -1.8005    -2.0216
    -0.3632    -2.2430    -1.8094    -1.9277
    -0.6389    -2.0790    -1.8183    -1.7493
    -1.0037    -1.9514    -1.7826    -1.6085
    -1.2616    -1.7235    -1.6400    -1.3830
    -1.4663    -1.4773    -1.4795    -1.1952
    -1.6887    -1.1854    -1.3101    -0.9039
    -1.9023    -0.8751    -1.1140    -0.6784
    -2.0358    -0.5829    -0.8553    -0.3589
    -2.1248    -0.2450    -0.4807    -0.0580
    -2.1604     0.2760    -0.1774     0.2617
    -2.1515     0.6875     0.2509     0.6755
    -2.0714     1.0626     0.6882     0.9859
    -1.9201     1.4654     1.1881     1.3717
    -1.8756     1.8776     1.5274     1.6541
    -1.7510     2.1984     1.5720     1.9083
    -1.5820     2.4367     1.9025     2.0213
    -1.2883     2.6385     2.3133     2.1814
    -1.0392     2.7394     2.6528     2.2567
    -0.6834     2.7348     2.8852     2.2567
    -0.4077     2.7302     3.0550     2.1249
    -0.0609     2.6201     3.0594     2.0495
     0.3215     2.3817     3.0639     1.8706
     0.7037     2.1892     3.0460     1.6447
     1.0326     1.7677     2.9745     1.2965
     1.4148     1.3739     2.5635     0.9671
     1.7880     0.9345     1.9918     0.6473
     2.1611     0.4863     1.3309     0.3181
     2.2899     0.0566     0.7507     0.0266
     2.4187    -0.3180     0.1616    -0.2461
     2.4365    -0.6012    -0.4361    -0.5280
     2.4631    -0.8659    -0.9802    -0.7536
     2.3832    -1.2218    -1.4082    -1.0073
     2.3388    -1.4864    -1.7024    -1.2515
     2.0812    -1.7691    -2.0500    -1.4488
     1.6813    -1.9423    -2.3798    -1.5803
     1.3081    -2.0790    -2.6827    -1.7024
     0.9260    -2.1519    -2.8342    -1.8338
     0.5259    -2.2612    -2.9946    -1.8526
     0.1614    -2.2794    -3.0391    -1.8808
    -0.0698    -2.2248    -2.9946    -1.8057
    -0.3543    -2.1428    -2.9144    -1.7681
    -0.6745    -1.9787    -2.7362    -1.6460
    -0.9414    -1.7873    -2.5491    -1.4864
    -1.2616    -1.5958    -2.2461    -1.3079
    -1.4841    -1.3678    -1.9609    -1.1388
    -1.6620    -1.0302    -1.5865    -0.9791
    -1.7777    -0.8020    -1.1318    -0.7536
    -1.8934    -0.4916    -0.5878    -0.4904
    -1.9824    -0.2267     0.0367    -0.1991
    -2.0002     0.1389     0.6971     0.0642
    -1.9913     0.4771     1.3577     0.4215
    -1.9735     0.8522     2.0096     0.7696
    -1.8044     1.2091     2.6886     1.0800
    -1.6976     1.5662     3.0103     1.3812
    -1.5998     1.8960     3.0818     1.6353
    -1.3951     2.1434     3.3678     1.8612
    -1.1549     2.3359     3.5287     1.9742
    -0.8524     2.4734     3.5734     2.1531
    -0.5678     2.5651     3.5197     2.2284
    -0.1943     2.5559     3.5197     2.2473
     0.0992     2.5468     3.1622     2.2190
     0.4637     2.4826     2.5903     2.0684
     0.8726     2.2809     1.9918     1.9365
     1.2548     2.0517     1.4024     1.7388
     1.5747     1.7127     0.8667     1.4094
     1.9657     1.3006     0.3758     1.0706
     2.2499     0.9254    -0.1506     0.7037
     2.4187     0.4954    -0.6502     0.3275
     2.4898     0.1297    -1.0069     0.0360
     2.4809    -0.2175    -1.2031    -0.3025
     2.4898    -0.6103    -1.5241    -0.5562
     2.4898    -0.9207    -1.8094    -0.8945
     2.4631    -1.3222    -2.0322    -1.1388
     2.2944    -1.5594    -2.1926    -1.4018
     1.8857    -1.7508    -2.2907    -1.5991
     1.4503    -1.9423    -2.2996    -1.7587
     1.0415    -2.1063    -2.2728    -1.8526
     0.6593    -2.1610    -2.2639    -1.8996
     0.3392    -2.1974    -2.1392    -1.8808
     0.0992    -2.1792    -1.9698    -1.8620
    -0.2032    -2.1428    -1.7826    -1.7775
    -0.4966    -2.0061    -1.5241    -1.6085
    -0.8257    -1.7964    -1.2477    -1.4300
    -1.1460    -1.5594    -0.9178    -1.1670
    -1.3239    -1.2766    -0.5878    -0.9415
    -1.5464    -1.0302    -0.2399    -0.6878
    -1.7243    -0.7929     0.2063    -0.4059
    -1.8489    -0.4550     0.5365    -0.1238
    -1.8667    -0.1627     0.9024     0.1958
    -1.9290     0.2851     1.2684     0.5062
    -1.8845     0.7058     1.7238     0.8636
    -1.8756     1.1084     2.0811     1.2400
    -1.8222     1.5295     2.3491     1.5694
    -1.6976     1.9234     2.5903     1.7953
    -1.5642     2.1892     2.8405     2.0024
    -1.3506     2.4184     2.9745     2.2284
    -1.1460     2.7119     3.1086     2.3791
    -0.8346     2.9320     3.0818     2.4733
    -0.5144     3.0330     2.8852     2.4639
    -0.2565     2.9779     2.6796     2.4262
     0.0725     2.8586     2.4742     2.3038
     0.4370     2.6935     2.0990     2.0966
     0.8371     2.4734     1.6703     1.9177
     1.2104     2.1342     1.2684     1.6447
     1.6103     1.7219     0.9113     1.3717
     1.9923     1.2823     0.5900     0.9577
     2.2855     0.8979     0.3044     0.5908
     2.4809     0.4771     0.0546     0.3275
     2.5253     0.1389    -0.2309     0.0078
     2.5342    -0.2358    -0.5164    -0.2461
     2.4987    -0.5920    -0.7394    -0.6032
     2.4631    -0.9572    -0.9267    -0.8382
     2.4720    -1.2401    -1.1050    -1.1106
     2.2677    -1.4864    -1.2745    -1.3549
     1.9301    -1.6688    -1.4349    -1.5145
     1.5392    -1.8420    -1.4884    -1.6460
     1.0948    -1.9878    -1.4840    -1.7399
     0.7304    -2.0425    -1.4795    -1.8526
     0.4015    -2.0699    -1.4171    -1.8151
     0.1347    -2.0972    -1.4349    -1.8057
    -0.2121    -2.0243    -1.3547    -1.7399
    -0.5500    -1.8785    -1.2477    -1.6460
    -0.8435    -1.6779    -1.1050    -1.4864
    -1.1104    -1.4681    -0.9534    -1.3549
    -1.3684    -1.2127    -0.7840    -1.1388
    -1.6265    -0.9755    -0.5521    -0.9791
    -1.8133    -0.7473    -0.3202    -0.7348
    -1.9557    -0.4642    -0.1328    -0.4717
    -2.0091    -0.1445     0.0992    -0.2085
    -2.0002     0.2668     0.3669     0.0924
    -1.9913     0.6509     0.5989     0.3933
    -1.9112     1.0077     0.8846     0.7601
    -1.8489     1.3189     1.2238     1.1083
    -1.8133     1.6761     1.4917     1.3906
    -1.6887     2.0792     1.7506     1.6729
    -1.5019     2.2809     1.9828     1.8612
    -1.2883     2.4826     2.1615     2.0307
    -0.9859     2.6385     2.2151     2.1154
    -0.6834     2.7210     2.1794     2.2379
    -0.3721     2.6843     2.1258     2.2379
    -0.0431     2.6018     1.9828     2.1249
     0.2770     2.4642     1.7864     2.0401
     0.6326     2.2625     1.6167     1.8424
     0.9615     1.9784     1.3756     1.6729
     1.3526     1.6028     1.0988     1.3341
     1.7080     1.2182     0.9203     0.9295
     2.0989     0.7790     0.7239     0.5626
     2.3565     0.3400     0.5186     0.1770
     2.4631    -0.0988     0.2776    -0.1803
     2.4898    -0.5007     0.0903    -0.5092
     2.4987    -0.7929    -0.1863    -0.8006
     2.4454    -1.1032    -0.4540    -1.1482
     2.3565    -1.3952    -0.6502    -1.4394
     2.1256    -1.6870    -0.8732    -1.6648
     1.8235    -1.8967    -1.0872    -1.8526
     1.4059    -2.0061    -1.2477    -2.0122
     0.9704    -2.1519    -1.4349    -2.0779
     0.6237    -2.2794    -1.5687    -2.0967
     0.2503    -2.2977    -1.6400    -2.0686
    -0.0075    -2.2886    -1.6757    -2.0216
    -0.2832    -2.2157    -1.6935    -1.8996
    -0.6212    -2.0699    -1.6667    -1.7681
    -0.9414    -1.9240    -1.5330    -1.5427
    -1.2439    -1.6597    -1.4260    -1.3737
    -1.4663    -1.3496    -1.3012    -1.1012
    -1.6798    -1.0759    -1.0783    -0.8570
    -1.8756    -0.7746    -0.8553    -0.6032
    -1.9913    -0.3911    -0.5699    -0.2555
    -2.1159     0.0383    -0.2399     0.0454
    -2.1248     0.4771     0.1170     0.3745
    -2.1248     0.8522     0.4026     0.7225
    -2.0892     1.2366     0.6703     1.1177
    -1.9735     1.6028     0.9738     1.4188
    -1.9023     1.9418     1.2952     1.6447
    -1.7688     2.1892     1.5720     1.8895
    -1.6531     2.4459     1.8935     2.0589
    -1.4040     2.6018     2.1794     2.2002
    -1.1371     2.7119     2.3312     2.3414
    -0.8257     2.7119     2.5278     2.3414
    -0.5411     2.6843     2.6082     2.3509
    -0.2209     2.5468     2.5724     2.2096
     0.1347     2.3817     2.5278     2.0966
     0.5348     2.1525     2.4295     1.9271
     0.8993     1.8868     2.2865     1.7294
     1.2903     1.4929     2.0632     1.3812
     1.6369     1.1633     1.8132     1.0424
     1.9834     0.7332     1.4738     0.7131
     2.2411     0.4954     1.0899     0.3651
     2.4276     0.1754     0.7864     0.0830
     2.4454    -0.1536     0.4204    -0.1897
     2.4187    -0.4824     0.0456    -0.5374
     2.4454    -0.7838    -0.2666    -0.8194
     2.2766    -1.0667    -0.5967    -1.0637
     2.1611    -1.3313    -0.9088    -1.2328
     1.8146    -1.5867    -1.2477    -1.4394
     1.3792    -1.7235    -1.4528    -1.5803
     0.9882    -1.9149    -1.6667    -1.7024
     0.6326    -1.9787    -1.8807    -1.7775
     0.2592    -2.0243    -1.9966    -1.8151
    -0.0342    -2.0152    -2.0946    -1.8338
    -0.3454    -1.9605    -2.1080    -1.7869
    -0.6478    -1.9332    -2.1213    -1.6460
    -0.9503    -1.8329    -2.0500    -1.5333
    -1.2439    -1.6049    -1.9253    -1.3079
    -1.4663    -1.4317    -1.7202    -1.0637
    -1.6176    -1.1306    -1.4795    -0.8476
    -1.7866    -0.8385    -1.2210    -0.5374
    -1.9646    -0.5007    -0.9178    -0.2555
    -2.0714    -0.1901    -0.4896     0.0454
    -2.1070     0.2486    -0.1239     0.2993
    -2.0803     0.6235     0.3490     0.6849
    -1.9913     0.9803     0.7507     1.0800
    -1.9290     1.3647     1.2149     1.4470
    -1.7866     1.6852     1.6613     1.7483
    -1.7154     2.0517     1.9918     1.9648
    -1.5286     2.3175     2.2955     2.1154
    -1.3061     2.5284     2.8047     2.3226
    -1.0659     2.7485     3.0996     2.4168
    -0.7457     2.8953     3.2605     2.4074
    -0.4344     2.8770     3.2739     2.3980
    -0.0609     2.7669     3.2873     2.3132
     0.3215     2.6293     3.0728     2.1437
     0.6860     2.4092     2.8762     1.8989
     1.0859     2.0976     2.5814     1.6541
     1.4236     1.7036     2.1347     1.2588
     1.8946     1.1908     1.6077     0.8730
     2.2055     0.7515     1.1524     0.5250
     2.3565     0.2851     0.6793     0.1770
     2.4898    -0.1262     0.1795    -0.1897
     2.4809    -0.4459    -0.3202    -0.4904
     2.4631    -0.7746    -0.7126    -0.7442
     2.4809    -1.0941    -0.9891    -1.0355
     2.4276    -1.4225    -1.2655    -1.3455
     2.3388    -1.7144    -1.5865    -1.5145
     2.0367    -2.0061    -1.8183    -1.7305
     1.6547    -2.1337    -1.9876    -1.8902
     1.2726    -2.2157    -2.1570    -1.9747
     0.8637    -2.3341    -2.2550    -2.0498
     0.5170    -2.3705    -2.2818    -2.0216
     0.2148    -2.3068    -2.2818    -2.0216
    -0.0609    -2.1792    -2.2550    -1.8902
    -0.3543    -2.0516    -2.0857    -1.7587
    -0.6745    -1.8694    -1.9074    -1.6366
    -0.9503    -1.6232    -1.6757    -1.4582
    -1.2261    -1.3952    -1.4082    -1.2046
    -1.4040    -1.1489    -1.1585    -0.9885
    -1.6176    -0.8112    -0.7037    -0.7442
    -1.7510    -0.5372    -0.3202    -0.4529
    -1.8222    -0.1993     0.1170    -0.1521
    -1.8845     0.1663     0.5632     0.1582
    -1.8667     0.5320     0.9470     0.4592
    -1.8133     0.8979     1.4024     0.8072
    -1.7866     1.2640     1.8578     1.1741
    -1.6887     1.6303     2.2419     1.5223
    -1.5553     1.9509     2.4742     1.7012
    -1.4129     2.1709     2.6439     1.9177
    -1.2350     2.3817     2.7779     2.0307
    -0.9681     2.5009     2.8852     2.1625
    -0.5945     2.6110     2.8584     2.1908
    -0.3099     2.5743     2.7065     2.1908
    -0.0075     2.5651     2.5635     2.1249
     0.4193     2.4551     2.3848     1.9930
     0.7660     2.3175     2.1258     1.8895
     1.1215     2.0517     1.8132     1.6918
     1.5125     1.7127     1.4292     1.4000
     1.8590     1.3647     1.0810     1.0612
     2.2233     0.8888     0.7239     0.6755
     2.4098     0.5137     0.3133     0.3087
     2.4542     0.1023     0.0189    -0.0204
     2.4454    -0.1993    -0.2220    -0.3307
     2.4365    -0.6012    -0.5432    -0.6126
     2.4542    -0.9572    -0.8197    -0.9415
     2.4187    -1.2218    -1.0426    -1.2422
     2.3388    -1.5594    -1.2834    -1.4582
     2.0723    -1.7326    -1.4617    -1.6836
     1.6902    -1.9332    -1.5865    -1.8338
     1.2815    -2.0425    -1.7470    -1.9559
     0.8726    -2.1701    -1.8005    -2.0498
     0.5082    -2.1974    -1.8272    -2.0122
     0.1792    -2.1428    -1.8450    -2.0310
    -0.0964    -2.0790    -1.7381    -1.8996
    -0.4077    -2.0334    -1.6222    -1.7587
    -0.7279    -1.9240    -1.4884    -1.6178
    -1.0037    -1.7508    -1.3547    -1.4112
    -1.3150    -1.5411    -1.1407    -1.1952
    -1.5108    -1.2675    -0.9267    -0.9509
    -1.6976    -0.9207    -0.6056    -0.6314
    -1.8400    -0.6103    -0.3469    -0.3965
    -1.9646    -0.2815    -0.0971    -0.0016
    -2.0714     0.1297     0.2330     0.2711
    -2.0269     0.5412     0.6168     0.6661
    -1.9468     0.9803     0.9203     1.0894
    -1.8578     1.3739     1.2417     1.3717
    -1.7688     1.7585     1.6345     1.6541
    -1.6798     2.0151     1.9114     1.8330
    -1.5019     2.2534     2.1436     2.0024
    -1.2616     2.5009     2.3669     2.1343
    -0.9681     2.7119     2.4652     2.2190
    -0.6567     2.8128     2.5814     2.2567
    -0.3632     2.8311     2.6082     2.2096
     0.0014     2.6935     2.5188     2.1154
     0.3837     2.6018     2.3848     2.0024
     0.7660     2.3725     2.2776     1.8141
     1.0682     2.1342     1.9918     1.6071
     1.4592     1.7310     1.6792     1.3906
     1.8768     1.2823     1.2863     0.9953
     2.2233     0.8247     0.9203     0.6473
     2.3832     0.4314     0.5811     0.2993
     2.4542     0.0932     0.2687     0.0548
     2.4720    -0.2906     0.0278    -0.2555
     2.4987    -0.6377    -0.2934    -0.5468
     2.4454    -0.9755    -0.6056    -0.8570
     2.4542    -1.2766    -0.9088    -1.1858
     2.3032    -1.5138    -1.1585    -1.4394
     2.0190    -1.7600    -1.4349    -1.6178
     1.6280    -1.9787    -1.6935    -1.8244
     1.2104    -2.0516    -1.8094    -1.9277
     0.8371    -2.1428    -1.9698    -2.0028
     0.4548    -2.2339    -2.0233    -2.0216
     0.2237    -2.1883    -2.1035    -1.9934
    -0.0609    -2.1701    -2.1481    -1.8996
    -0.3899    -2.1337    -2.0411    -1.7869
    -0.7190    -1.9970    -1.9698    -1.5709
    -1.0037    -1.8876    -1.8005    -1.3737
    -1.2528    -1.6688    -1.6757    -1.1764
    -1.4485    -1.3587    -1.4439    -0.9603
    -1.6709    -1.0941    -1.2299    -0.7160
    -1.7955    -0.7381    -0.8821    -0.4341
    -1.8934    -0.3911    -0.4807    -0.1709
    -1.9646    -0.0257    -0.1060     0.1958
    -1.9557     0.4040     0.2955     0.4780
    -1.8489     0.8522     0.7150     0.8354
    -1.7688     1.1999     1.1434     1.2400
    -1.6442     1.6669     1.5363     1.5129
    -1.5820     2.0151     1.9828     1.7200
    -1.3862     2.3084     2.2597     1.8989
    -1.1816     2.5651     2.5635     2.0495
    -0.8880     2.7577     2.7958     2.2002
    -0.5589     2.9137     2.9030     2.2473
    -0.2832     2.9504     2.9209     2.2473
     0.1170     2.8403     2.8226     2.1437
     0.4104     2.6385     2.6618     2.0119
     0.7837     2.4826     2.4742     1.8424
     1.1570     2.0517     2.2597     1.6447
     1.4681     1.6944     1.8578     1.3812
     1.8768     1.2366     1.4024     1.0424
     2.2144     0.8522     0.9828     0.6661
     2.4187     0.3948     0.5365     0.3275
     2.4987     0.0292     0.1259     0.0642
     2.4987    -0.2541    -0.3202    -0.2461
     2.4898    -0.5829    -0.5788    -0.5562
     2.4454    -0.8751    -0.8643    -0.8476
     2.4809    -1.1671    -1.1496    -1.1106
     2.3921    -1.4408    -1.3993    -1.3643
     2.0812    -1.5594    -1.6311    -1.5709
     1.6191    -1.7508    -1.8450    -1.7118
     1.2548    -1.9149    -1.9787    -1.8057
     0.7926    -2.0425    -2.0679    -1.8244
     0.4726    -2.1154    -2.1035    -1.8432
     0.1614    -2.0972    -2.0679    -1.8057
    -0.1765    -2.1428    -2.0322    -1.7587
    -0.4877    -2.0516    -1.9342    -1.6460
    -0.8168    -1.9878    -1.7381    -1.5333
    -1.1104    -1.8420    -1.5687    -1.3643
    -1.3595    -1.5958    -1.3280    -1.1482
    -1.6176    -1.3496    -1.0426    -0.9697
    -1.7866    -1.0393    -0.7751    -0.7724
    -1.9646    -0.7473    -0.3737    -0.4623
    -2.0625    -0.4276    -0.0079    -0.2179
    -2.0892    -0.0165     0.4115     0.1112
    -2.1159     0.3948     0.7685     0.4874
    -2.0536     0.8522     1.1970     0.8919
    -1.9824     1.1908     1.5810     1.2965
    -1.9023     1.6669     1.9828     1.5976
    -1.8044     2.0701     2.2597     1.7765
    -1.6887     2.4001     2.4920     2.0119
    -1.4396     2.5651     2.6350     2.2002
    -1.1638     2.8311     2.8047     2.3980
    -0.8702     2.9687     2.8405     2.4450
    -0.5767     2.9596     2.7601     2.4450
    -0.2565     2.9504     2.6618     2.3603
     0.1259     2.8495     2.5278     2.2379
     0.4904     2.6201     2.2687     2.0495
     0.8548     2.2809     1.9561     1.7953
     1.1748     1.8410     1.5631     1.4659
     1.5925     1.4654     1.1702     1.0800
     1.9212     0.9894     0.7685     0.6849
     2.2233     0.5046     0.4026     0.3275
     2.4010     0.1206     0.0992    -0.0016
     2.4143    -0.1993    -0.2131    -0.3307
     2.4276    -0.4916    -0.4896    -0.6126
     2.4098    -0.8568    -0.7929    -0.8664
     2.3388    -1.1762    -1.0248    -1.1388
     2.1522    -1.4225    -1.2566    -1.3737
     1.8946    -1.6870    -1.3904    -1.5427
     1.5747    -1.8511    -1.5508    -1.7024
     1.1393    -1.9423    -1.7202    -1.7775
     0.7571    -2.0516    -1.8361    -1.8151
     0.3570    -2.0881    -1.8629    -1.8057
     0.0636    -2.0881    -1.8629    -1.7963
    -0.2476    -2.1154    -1.9074    -1.7399
    -0.5055    -2.0243    -1.7559    -1.5709
    -0.8969    -1.9423    -1.6846    -1.4018
    -1.1638    -1.7235    -1.5063    -1.2797
    -1.3862    -1.4864    -1.3458    -1.0637
    -1.6620    -1.2310    -1.1407    -0.8851
    -1.7866    -0.9572    -0.8910    -0.6596
    -1.9379    -0.6103    -0.6324    -0.3589
    -2.0180    -0.2998    -0.3112    -0.0674
    -2.0536     0.1571    -0.0525     0.1864
    -2.0892     0.5960     0.3312     0.5344
    -2.0625     1.0169     0.7150     0.8919
    -2.0180     1.3647     1.0185     1.2400
    -1.9023     1.7219     1.3399     1.6353
    -1.7777     2.1250     1.7506     1.8518
    -1.5642     2.4459     2.0454     2.0119
    -1.2972     2.6660     2.3044     2.2284
    -1.0659     2.7577     2.4563     2.3603
    -0.7457     2.8953     2.5903     2.3980
    -0.4344     2.8907     2.6886     2.4545
    -0.1409     2.8862     2.6707     2.3320
     0.2503     2.7577     2.5814     2.2096
     0.6326     2.5651     2.4384     2.0307
     0.9526     2.2534     2.2597     1.7953
     1.3259     1.8227     1.9471     1.4847
     1.7969     1.3830     1.5185     1.0800
     2.1167     0.9345     1.1167     0.6755
     2.3032     0.4131     0.7150     0.2711
     2.4987    -0.0165     0.3312    -0.0862
     2.4898    -0.3637    -0.0525    -0.4059
     2.5342    -0.6377    -0.3380    -0.6408
     2.4987    -0.9207    -0.5878    -0.9321
     2.4542    -1.2492    -0.9088    -1.1858
     2.4365    -1.5138    -1.1496    -1.4112
     2.1966    -1.6779    -1.3815    -1.6085
     1.8235    -1.8420    -1.6133    -1.7399
     1.4148    -1.9970    -1.7381    -1.8057
     1.0415    -2.1154    -1.8539    -1.8244
     0.6593    -2.1610    -1.9520    -1.8620
     0.3303    -2.1610    -2.0233    -1.8244
     0.0369    -2.0790    -2.0144    -1.7587
    -0.2476    -2.0243    -1.9074    -1.6554
    -0.5678    -1.9240    -1.8272    -1.5333
    -0.8969    -1.6688    -1.6757    -1.3643
    -1.1460    -1.4864    -1.5152    -1.1388
    -1.3862    -1.1854    -1.3190    -0.9697
    -1.6353    -0.8842    -1.0604    -0.7160
    -1.7777    -0.5281    -0.7394    -0.4529
    -1.9112    -0.1627    -0.4183    -0.1803
    -1.9735     0.3034    -0.0168     0.1864
    -1.9557     0.7332     0.3401     0.4968
    -1.8756     1.1267     0.7596     0.8542
    -1.8044     1.4929     1.2059     1.3153
    -1.7688     1.9234     1.5810     1.6635
    -1.6620     2.2350     2.0186     1.8706
    -1.5108     2.4734     2.3223     2.0966
    -1.2439     2.6293     2.5635     2.2849
    -1.0037     2.7761     2.8494     2.3980
    -0.7190     2.9045     2.9298     2.5204
    -0.3543     2.9137     2.9388     2.5204
    -0.0787     2.8311     2.8047     2.4074
     0.2948     2.7210     2.6707     2.3132
     0.6860     2.5376     2.5010     2.0872
     1.0415     2.2717     2.1436     1.8706
     1.3703     1.9418     1.7774     1.5412
     1.7702     1.4746     1.3756     1.1083
     2.1078     0.9528     0.9381     0.6943
     2.3921     0.5137     0.5543     0.3463
     2.4987     0.1297     0.0813    -0.0392
     2.5253    -0.2541    -0.2845    -0.3495
     2.5164    -0.5920    -0.5342    -0.6032
     2.4809    -0.9481    -0.8553    -0.9227
     2.4987    -1.2492    -1.1229    -1.1764
     2.4098    -1.4773    -1.3547    -1.3924
     2.1878    -1.7417    -1.5865    -1.5709
     1.8324    -1.8694    -1.7381    -1.6930
     1.3792    -2.0152    -1.8718    -1.7493
     0.9971    -2.0608    -1.9787    -1.7869
     0.6148    -2.1063    -2.0233    -1.8432
     0.2681    -2.0608    -2.0233    -1.7869
    -0.0075    -2.0516    -2.0233    -1.7211
    -0.3632    -1.9970    -1.8896    -1.6836
    -0.7012    -1.8329    -1.7915    -1.4958
    -0.9681    -1.6505    -1.6400    -1.3830
    -1.2439    -1.4225    -1.4439    -1.1576
    -1.4574    -1.2036    -1.2031    -0.9321
    -1.7243    -0.9207    -0.8999    -0.6878
    -1.8667    -0.5281    -0.6056    -0.4435
    -1.9290    -0.1445    -0.2755    -0.1427
    -1.9913     0.3125     0.0903     0.1958
    -1.9824     0.6875     0.4115     0.4780
    -1.9557     1.0809     0.8131     0.8542
    -1.9023     1.5387     1.1792     1.2212
    -1.7866     1.9693     1.5363     1.5129
    -1.6887     2.1709     1.9382     1.7388
    -1.5553     2.4459     2.2151     1.9648
    -1.3417     2.6385     2.4831     2.0778
    -1.0303     2.7485     2.5992     2.2002
    -0.7012     2.8128     2.6975     2.2849
    -0.3988     2.7669     2.7511     2.2661
    -0.0964     2.6660     2.7065     2.1908
     0.2770     2.5651     2.5814     2.0684
     0.5971     2.4001     2.4384     1.8706
     0.9526     2.0976     2.2508     1.6165
     1.3259     1.6578     1.9203     1.3247
     1.6636     1.2274     1.4738     0.8824
     2.0101     0.7973     1.1077     0.5344
     2.2588     0.3125     0.7239     0.1676
     2.4010    -0.1079     0.3312    -0.2367
     2.4542    -0.4094    -0.0168    -0.5092
     2.4987    -0.7838    -0.3469    -0.7912
     2.4898    -1.0759    -0.6413    -1.0637
     2.4631    -1.4499    -0.9088    -1.3455
     2.2944    -1.6779    -1.1407    -1.5615
     2.1078    -1.8238    -1.3725    -1.7399
     1.7347    -1.9696    -1.5419    -1.9089
     1.3437    -2.1063    -1.6757    -2.0310
     0.8815    -2.2430    -1.7737    -2.0967
     0.5259    -2.3068    -1.8450    -2.0779
     0.1525    -2.3432    -1.8539    -2.0873
    -0.1498    -2.3705    -1.7915    -1.9747
    -0.4344    -2.3159    -1.7559    -1.8808
    -0.7991    -2.1519    -1.5865    -1.7305
    -1.1282    -1.9696    -1.4795    -1.4958
    -1.3684    -1.6688    -1.2745    -1.2797
    -1.6265    -1.4134    -1.0515    -1.0261
    -1.7777    -1.0850    -0.7840    -0.7818
    -1.9112    -0.6833    -0.4450    -0.4811
    -2.0447    -0.2632    -0.1596    -0.1991
    -2.1248     0.1389     0.2152     0.1488
    -2.1337     0.5412     0.6257     0.4686
    -2.0625     1.0260     0.9649     0.8260
    -2.0002     1.3739     1.3577     1.2306
    -1.9557     1.8043     1.8221     1.5412
    -1.8578     2.1525     2.1794     1.7765
    -1.7065     2.3817     2.4384     1.9271
    -1.4485     2.5468     2.7243     2.1249
    -1.1727     2.6935     2.9745     2.2379
    -0.8791     2.7944     2.9924     2.3980
    -0.6034     2.7944     3.0013     2.3885
    -0.2654     2.7669     2.9209     2.3414
     0.0814     2.6201     2.7958     2.2379
     0.4459     2.4551     2.5367     2.1249
     0.7926     2.2625     2.1972     1.8895
     1.1482     1.9509     1.8132     1.5788
     1.5569     1.5570     1.4113     1.2306
     1.8590     1.0901     1.0185     0.8354
     2.1700     0.6784     0.5632     0.4592
     2.3565     0.2943     0.1884     0.1206
     2.4187    -0.0896    -0.1596    -0.1897
     2.4276    -0.4276    -0.4450    -0.4904
     2.4365    -0.7929    -0.7037    -0.7724
     2.4276    -1.1489    -0.9802    -1.0731
     2.3299    -1.4590    -1.2031    -1.2891
     2.0989    -1.6232    -1.3636    -1.5051
     1.7969    -1.8147    -1.5241    -1.6930
     1.3970    -1.9970    -1.6846    -1.7587
     0.8993    -2.1063    -1.7737    -1.8714
     0.5526    -2.1610    -1.8094    -1.8244
     0.1614    -2.1883    -1.8450    -1.8151
    -0.1142    -2.1337    -1.7737    -1.7869
    -0.4433    -2.0699    -1.7202    -1.6366
    -0.7368    -1.9149    -1.5954    -1.4958
    -1.0748    -1.7417    -1.4349    -1.3079
    -1.3150    -1.5138    -1.2477    -1.0824
    -1.5909    -1.2492    -0.9980    -0.9039
    -1.7688    -0.9937    -0.6859    -0.6408
    -1.9023    -0.6651    -0.3915    -0.4247
    -2.0091    -0.2998    -0.1150    -0.1144
    -2.0536     0.1206     0.3133     0.1864
    -2.0981     0.5594     0.6703     0.4968
    -1.9913     0.9803     0.9917     0.8636
    -1.9023     1.3464     1.3220     1.2776
    -1.8845     1.7768     1.6792     1.5788
    -1.7421     2.0426     2.1079     1.8236
    -1.5464     2.2900     2.4027     1.9930
    -1.3061     2.5376     2.5724     2.1531
    -1.1015     2.6568     2.6975     2.3038
    -0.7991     2.7944     2.8047     2.4262
    -0.4433     2.7944     2.8315     2.4356
    -0.1320     2.7485     2.7690     2.3980
     0.1970     2.6660     2.6260     2.2849
     0.6148     2.4734     2.4652     2.1531
     0.9437     2.2442     2.2151     1.9083
     1.3170     1.9509     1.8399     1.6259
     1.7258     1.5845     1.4292     1.2682
     2.0545     1.0901     1.0542     0.8354
     2.3210     0.6326     0.5989     0.4497
     2.4809     0.2211     0.1884     0.0360
     2.5608    -0.1536    -0.1417    -0.2649
     2.5431    -0.5281    -0.4361    -0.5562
     2.5520    -0.8751    -0.6680    -0.8851
     2.5608    -1.1945    -0.9891    -1.1482
     2.4809    -1.4773    -1.2655    -1.4206
     2.4187    -1.7235    -1.4795    -1.6085
     2.0634    -1.8785    -1.7202    -1.7211
     1.6191    -2.0516    -1.8361    -1.8338
     1.1304    -2.1610    -1.9253    -1.8714
     0.7126    -2.1428    -2.0233    -1.8338
     0.3837    -2.1792    -2.0144    -1.8432
     0.1525    -2.1610    -2.0055    -1.7493
    -0.1854    -2.0608    -1.9698    -1.6460
    -0.5233    -1.9240    -1.8094    -1.5145
    -0.8613    -1.7326    -1.6935    -1.3173
    -1.1282    -1.4225    -1.4528    -1.1106
    -1.3773    -1.1124    -1.2655    -0.9227
    -1.5553    -0.8020    -0.9624    -0.7066
    -1.7154    -0.5372    -0.7305    -0.4247
    -1.8578    -0.1536    -0.3648    -0.0862
    -1.9379     0.3491     0.0278     0.1864
    -1.9290     0.7607     0.3847     0.5720
    -1.8578     1.1633     0.7864     0.9389
    -1.7866     1.6120     1.1524     1.3435
    -1.6709     1.9967     1.5452     1.6824
    -1.6087     2.1984     1.9382     1.8989
    -1.4129     2.4551     2.3133     2.1154
    -1.2439     2.6201     2.5010     2.3132
    -0.9236     2.8586     2.6350     2.4356
    -0.5945     2.9779     2.7065     2.5487
    -0.3277     2.9825     2.6975     2.5863
     0.0636     2.9871     2.5903     2.4921
     0.4281     2.8403     2.4384     2.4262
     0.7393     2.7119     2.2419     2.2567
     1.0948     2.4459     1.9828     2.0401
     1.5036     2.1617     1.6077     1.7577
     1.9479     1.7402     1.2059     1.3247
     2.2588     1.1999     0.7685     0.8730
     2.4987     0.7973     0.3580     0.4686
     2.5608     0.3583    -0.0079     0.1206
     2.5431    -0.0074    -0.3291    -0.2179
     2.5786    -0.4276    -0.5878    -0.4904
     2.5964    -0.7564    -0.9088    -0.8476
     2.5697    -1.1306    -1.1675    -1.1012
     2.5520    -1.4408    -1.3904    -1.3924
     2.5164    -1.6597    -1.5954    -1.6178
     2.1433    -1.8967    -1.7826    -1.7681
     1.6813    -1.9787    -1.8539    -1.8808
     1.1837    -2.1154    -1.9698    -1.9747
     0.7660    -2.1063    -2.0233    -1.9559
     0.4815    -2.1063    -2.0500    -1.9934
     0.1792    -2.1337    -2.0500    -1.8808
    -0.1854    -2.0699    -1.9342    -1.8151
    -0.5411    -1.9149    -1.8629    -1.6366
    -0.8702    -1.8420    -1.6846    -1.4300
    -1.1638    -1.5594    -1.5241    -1.2515
    -1.3684    -1.3313    -1.2834    -0.9979
    -1.5464    -0.9663    -1.0515    -0.7912
    -1.7154    -0.6925    -0.7394    -0.5374
    -1.8133    -0.2632    -0.4183    -0.2555
    -1.8934     0.1114    -0.0436     0.0830
    -1.9201     0.5869     0.3669     0.3933
    -1.8578     0.9620     0.6971     0.7037
    -1.8222     1.4197     1.0810     1.0988
    -1.7332     1.8318     1.4381     1.4659
    -1.6798     2.1250     1.8310     1.6824
    -1.5108     2.3817     2.1972     1.9083
    -1.3150     2.4826     2.3759     2.0684
    -1.0303     2.6293     2.5546     2.1625
    -0.7368     2.7302     2.6886     2.2944
    -0.4700     2.7485     2.7333     2.2849
    -0.1765     2.6843     2.6528     2.2849
     0.1703     2.5835     2.5903     2.1531
     0.5437     2.3909     2.4563     2.0119
     0.8904     2.1617     2.2597     1.8424
     1.2548     1.9051     1.9382     1.5694
     1.5481     1.4563     1.5542     1.2306
     1.9834     0.9986     1.0988     0.8072
     2.2944     0.5320     0.6614     0.3651
     2.5075     0.1937     0.2509     0.0078
     2.4987    -0.1353    -0.1596    -0.3213
     2.5253    -0.5646    -0.4896    -0.6408
     2.5697    -0.8751    -0.7483    -0.9321
     2.5253    -1.2675    -0.9980    -1.2515
     2.4010    -1.5502    -1.3101    -1.5145
     2.1966    -1.8238    -1.4974    -1.6930
     1.8324    -1.9514    -1.7113    -1.8620
     1.3792    -2.1154    -1.8094    -1.9934
     0.9704    -2.1792    -1.9787    -2.0873
     0.5704    -2.2794    -2.0055    -2.0592
     0.1970    -2.2521    -2.0500    -2.0310
    -0.0698    -2.2703    -1.9520    -1.9747
    -0.3721    -2.1519    -1.9074    -1.8432
    -0.7279    -2.0243    -1.7737    -1.6460
    -1.0392    -1.8967    -1.6311    -1.4676
    -1.3328    -1.5958    -1.3993    -1.2985
    -1.5909    -1.3587    -1.1318    -1.0167
    -1.7866    -1.0211    -0.8821    -0.7818
    -1.9201    -0.7199    -0.5788    -0.5374
    -2.0625    -0.3546    -0.2220    -0.2179
    -2.1248     0.1389     0.2063     0.0830
    -2.1426     0.5320     0.5632     0.4309
    -2.0625     0.9254     0.9917     0.7601
    -1.9468     1.4013     1.3220     1.2118
    -1.8489     1.8043     1.7238     1.4847
    -1.7777     2.0242     2.0990     1.6918
    -1.6798     2.2900     2.3669     1.8989
    -1.4485     2.5009     2.5546     2.0872
    -1.1905     2.6293     2.7154     2.2661
    -0.9414     2.7302     2.7779     2.3791
    -0.6389     2.7485     2.7511     2.4262
    -0.2654     2.6843     2.6707     2.3885
     0.0636     2.6385     2.6082     2.2944
     0.3570     2.4276     2.4116     2.1249
     0.7837     2.2075     2.1883     1.8989
     1.0948     1.9876     1.8042     1.6165
     1.4414     1.5662     1.4292     1.2682
     1.8502     1.1450     1.0810     0.8542
     2.1700     0.7515     0.6793     0.4403
     2.4187     0.3583     0.2509     0.1112
     2.4898    -0.0074    -0.0882    -0.2649
     2.5253    -0.4368    -0.3469    -0.5280
     2.5253    -0.7746    -0.6680    -0.8382
     2.5431    -1.1215    -0.9891    -1.1764
     2.5164    -1.4317    -1.1496    -1.3924
     2.2944    -1.6779    -1.3725    -1.6272
     2.0723    -1.8329    -1.5598    -1.8338
     1.6014    -2.0152    -1.6935    -1.9465
     1.1659    -2.1883    -1.8272    -2.0122
     0.8015    -2.2521    -1.9253    -2.0404
     0.3481    -2.2339    -1.9163    -1.9934
     0.0814    -2.2339    -1.9253    -1.9183
    -0.2032    -2.0972    -1.8005    -1.7493
    -0.5945    -2.0334    -1.7113    -1.5897
    -0.9236    -1.8967    -1.5954    -1.4018
    -1.1905    -1.6688    -1.4171    -1.2140
    -1.4841    -1.3587    -1.1764    -0.9885
    -1.6265    -1.0302    -0.9267    -0.7066
    -1.8044    -0.7107    -0.5788    -0.4811
    -1.9646    -0.2906    -0.2577    -0.1333
    -2.0358     0.1114     0.1170     0.1770
    -2.0358     0.6509     0.4918     0.5062
    -2.0091     1.0535     0.9203     0.8260
    -1.9468     1.4838     1.2774     1.2588
    -1.8934     1.9051     1.6971     1.6259
    -1.7777     2.1800     2.1436     1.8047
    -1.6442     2.3359     2.4027     2.0119
    -1.3773     2.5376     2.5814     2.1908
    -1.1371     2.7577     2.7690     2.3603
    -0.8969     2.8219     2.9030     2.4733
    -0.5233     2.8311     2.9030     2.5110
    -0.2476     2.7852     2.8673     2.4733
     0.0636     2.6476     2.7333     2.3885
     0.4637     2.4826     2.5814     2.1908
     0.8371     2.3267     2.2687     1.9930
     1.1926     2.0701     1.9382     1.7388
     1.6014     1.6120     1.4917     1.3435
     1.9745     1.1725     1.0988     0.9013
     2.2499     0.7332     0.6436     0.4874
     2.4720     0.3766     0.2420     0.1488
     2.5697     0.0475    -0.1596    -0.1803
     2.5253    -0.3728    -0.4361    -0.4998
     2.5608    -0.7473    -0.6948    -0.7818
     2.5786    -1.0485    -0.9713    -1.1012
     2.5342    -1.4134    -1.2299    -1.4018
     2.3921    -1.6597    -1.4706    -1.5991
     2.1078    -1.7873    -1.6133    -1.7681
     1.6813    -2.0061    -1.8005    -1.8902
     1.2104    -2.0699    -1.8718    -1.9841
     0.8193    -2.1701    -1.9698    -2.0310
     0.3748    -2.1701    -2.0233    -1.9747
     0.0369    -2.1701    -2.0144    -1.9089
    -0.2032    -2.0790    -1.9431    -1.7681
    -0.5678    -1.9605    -1.8183    -1.6178
    -0.9058    -1.7508    -1.6578    -1.3737
    -1.1816    -1.5046    -1.5508    -1.2046
    -1.4307    -1.2766    -1.2655    -0.9697
    -1.6442    -0.9390    -1.0426    -0.7160
    -1.7955    -0.6468    -0.7216    -0.4247
    -1.9379    -0.2267    -0.4361    -0.1238
    -1.9824     0.2303    -0.0614     0.1770
    -2.0180     0.6235     0.3401     0.5156
    -1.9735     1.0901     0.7864     0.8919
    -1.8845     1.4563     1.1524     1.2870
    -1.7688     1.8501     1.5542     1.5882
    -1.6887     2.1434     1.9203     1.7953
    -1.5464     2.4092     2.2330     2.0024
    -1.3773     2.5376     2.4652     2.1437
    -1.1193     2.7761     2.6439     2.2849
    -0.8346     2.9320     2.7154     2.3509
    -0.5233     2.9045     2.7333     2.4074
    -0.1409     2.8311     2.6618     2.4168
     0.1970     2.7394     2.5367     2.3226
     0.5082     2.5468     2.3848     2.1531
     0.8548     2.2992     2.1704     1.9271
     1.2370     2.0517     1.8399     1.6824
     1.6191     1.6303     1.4292     1.2776
     1.9745     1.1999     0.9917     0.8919
     2.2855     0.7973     0.5632     0.4497
     2.4809     0.4131     0.1259     0.1206
     2.5075     0.0292    -0.2131    -0.2179
     2.5520    -0.3363    -0.4718    -0.5186
     2.5608    -0.7929    -0.7840    -0.8757
     2.5342    -1.1580    -1.0515    -1.1482
     2.5431    -1.4317    -1.3190    -1.4112
     2.4276    -1.7144    -1.4974    -1.6930
     2.1167    -1.9149    -1.6935    -1.8526
     1.6902    -2.0972    -1.8450    -1.9841
     1.2281    -2.1792    -1.9876    -2.0686
     0.7482    -2.2612    -2.0411    -2.0732
     0.3037    -2.2886    -2.0946    -2.0779
     0.0103    -2.1974    -2.1035    -2.0310
    -0.2832    -2.1337    -2.0322    -1.8996
    -0.6834    -2.0790    -1.8539    -1.7399
    -1.0214    -1.9332    -1.7113    -1.4770
    -1.3417    -1.6779    -1.5063    -1.2515
    -1.6087    -1.4499    -1.3101    -1.0449
    -1.8222    -1.0941    -1.0159    -0.8194
    -2.0002    -0.7564    -0.7483    -0.5562
    -2.1337    -0.4094    -0.3826    -0.2461
    -2.2405     0.0292     0.0367     0.0548
    -2.2227     0.4771     0.4294     0.3557
    -2.1960     0.9620     0.8131     0.6567
    -2.0981     1.3189     1.2327     1.0612
    -2.0536     1.7219     1.6256     1.3623
    -1.8845     2.0609     2.0096     1.5976
    -1.7777     2.2625     2.2776     1.8236
    -1.5642     2.5101     2.4920     2.0213
    -1.3150     2.5926     2.6260     2.1719
    -1.0659     2.7119     2.7601     2.2379
    -0.6745     2.7577     2.7779     2.2755
    -0.3454     2.6385     2.7333     2.2661
    -0.0253     2.5284     2.5992     2.2002
     0.3748     2.3909     2.4652     2.0872
     0.7037     2.1892     2.2240     1.8706
     1.0504     1.8960     1.8935     1.6541
     1.5036     1.5295     1.5006     1.3247
     1.8857     1.1084     1.0542     0.8919
     2.2322     0.6875     0.6614     0.4497
     2.4542     0.2577     0.2330     0.0830
     2.5075    -0.1536    -0.1596    -0.2179
     2.5520    -0.5007    -0.4272    -0.5468
     2.5608    -0.9024    -0.6591    -0.8757
     2.4898    -1.2583    -0.9624    -1.1858
     2.4987    -1.5411    -1.2655    -1.4676
     2.4454    -1.8055    -1.4974    -1.7024
     2.1611    -2.0061    -1.6935    -1.9183
     1.7169    -2.1792    -1.7915    -2.0686
     1.2637    -2.2612    -1.9074    -2.0967
     0.8015    -2.3797    -1.9876    -2.1155
     0.3748    -2.3432    -2.0500    -2.1155
     0.0636    -2.3296    -2.0055    -2.0310
    -0.2032    -2.3159    -1.8985    -1.8808
    -0.5322    -2.2339    -1.8005    -1.7024
    -0.8257    -2.1063    -1.6757    -1.5145
    -1.1460    -1.8511    -1.4617    -1.2985
    -1.3951    -1.5685    -1.2120    -1.0637
    -1.5909    -1.2766    -0.9356    -0.8382
    -1.7421    -0.9298    -0.6502    -0.6126
    -1.9112    -0.5464    -0.3112    -0.2837
    -1.9646    -0.1262     0.0992     0.0172
    -1.9780     0.3400     0.5097     0.3275
    -1.9913     0.8247     0.9024     0.6661
    -1.8756     1.2091     1.3309     1.0800
    -1.7599     1.6578     1.7328     1.4188
    -1.7154     1.9693     2.1436     1.6353
    -1.5642     2.1709     2.3669     1.8612
    -1.3417     2.4184     2.5903     2.0589
    -1.1549     2.5559     2.7601     2.2284
    -0.8613     2.7027     2.9030     2.3226
    -0.5589     2.8128     2.8673     2.3697
    -0.1676     2.7944     2.7869     2.3980
     0.1347     2.6843     2.6886     2.3414
     0.4904     2.4917     2.4652     2.2379
     0.8371     2.3450     2.2240     2.0495
     1.1926     2.1067     1.8221     1.7671
     1.6369     1.6944     1.4292     1.5035
     2.0190     1.2823     1.0631     1.0894
     2.2499     0.8613     0.6525     0.7037
     2.4720     0.4771     0.2241     0.2993
     2.5075     0.0749    -0.1150    -0.0580
     2.4898    -0.2541    -0.3915    -0.3213
     2.4809    -0.6103    -0.6948    -0.6878
     2.4720    -0.9572    -0.9980    -0.9885
     2.4631    -1.2857    -1.2566    -1.2891
     2.3654    -1.5046    -1.4974    -1.5145
     2.1078    -1.7508    -1.6667    -1.6930
     1.6636    -1.9058    -1.8005    -1.8338
     1.1748    -2.0334    -1.9698    -1.9653
     0.7215    -2.0881    -2.0144    -2.0028
     0.3126    -2.1883    -2.0768    -1.9465
    -0.0342    -2.1519    -2.0411    -1.8620
    -0.3099    -2.1610    -1.9966    -1.7681
    -0.6123    -2.0243    -1.8629    -1.5991
    -0.9592    -1.9423    -1.7291    -1.3924
    -1.2350    -1.6961    -1.5419    -1.2422
    -1.5019    -1.4225    -1.2834    -1.0261
    -1.7688    -1.0667    -1.0159    -0.7724
    -1.9379    -0.7655    -0.7305    -0.5280
    -2.0803    -0.3911    -0.3737    -0.2085
    -2.1871     0.0840    -0.0257     0.1206
    -2.2316     0.4954     0.4472     0.3933
    -2.2494     0.9071     0.8489     0.7790
    -2.1248     1.3830     1.1881     1.1647
    -2.0180     1.8135     1.5720     1.5317
    -1.8845     2.0792     1.9918     1.7671
    -1.7866     2.3267     2.3401     1.9554
    -1.5998     2.5743     2.5456     2.1249
    -1.3417     2.7761     2.7065     2.2473
    -1.0748     2.8219     2.8315     2.3226
    -0.6834     2.8357     2.8494     2.4168
    -0.3810     2.8495     2.7869     2.3980
    -0.0253     2.6935     2.6350     2.3414
     0.3215     2.5743     2.4384     2.2002
     0.6682     2.3267     2.2330     2.0024
     1.0682     2.0242     1.8667     1.7577
     1.4059     1.6486     1.4827     1.4188
     1.8679     1.2457     1.0720     1.0330
     2.1966     0.7698     0.6257     0.6096
     2.4098     0.3583     0.2509     0.2805
     2.4542     0.0383    -0.0703    -0.0862
     2.4631    -0.2906    -0.3737    -0.3589
     2.4720    -0.6377    -0.6502    -0.6596
     2.4631    -0.9846    -0.9624    -1.0073
     2.4542    -1.2948    -1.2299    -1.2985
     2.4454    -1.5320    -1.4528    -1.5333
     2.2233    -1.7053    -1.6222    -1.7211
     1.7524    -1.8238    -1.7915    -1.8714
     1.3348    -1.9696    -1.8896    -1.9653
     0.8726    -2.1154    -2.0233    -2.0028
     0.4104    -2.1337    -2.0768    -2.0028
     0.1792    -2.1883    -2.0768    -1.9559
    -0.1765    -2.1519    -2.0055    -1.8338
    -0.5411    -2.0243    -1.8450    -1.6836
    -0.8702    -1.9423    -1.7648    -1.4582
    -1.1905    -1.7144    -1.5776    -1.2985
    -1.4574    -1.4408    -1.3725    -1.0637
    -1.7065    -1.1124    -1.1140    -0.8570
    -1.8934    -0.7473    -0.8643    -0.5844
    -2.0625    -0.3637    -0.5610    -0.3401
    -2.1604     0.0200    -0.1863     0.0078
    -2.2316     0.5046     0.1973     0.2899
    -2.2494     0.8705     0.6168     0.6567
    -2.1159     1.3098     0.9828     1.0518
    -1.9735     1.7402     1.4381     1.4094
    -1.8756     2.0426     1.7596     1.6729
    -1.7243     2.3542     2.2151     1.8518
    -1.5553     2.5101     2.4563     1.9836
    -1.3239     2.6293     2.6796     2.1625
    -0.9948     2.7302     2.7779     2.2190
    -0.6567     2.7302     2.8315     2.2849
    -0.2654     2.7027     2.7958     2.2944
     0.1081     2.5284     2.6439     2.1625
     0.4726     2.4092     2.5099     2.0307
     0.8460     2.1984     2.2776     1.8424
     1.1926     1.9143     1.8757     1.5882
     1.6014     1.5387     1.5452     1.3341
     2.0012     1.0352     1.0720     0.9295
     2.2499     0.6143     0.6346     0.5250
     2.4542     0.2028     0.2598     0.1112
     2.4809    -0.1445    -0.1328    -0.1991
     2.4898    -0.4824    -0.3826    -0.5092
     2.5253    -0.7929    -0.6948    -0.8194
     2.5342    -1.1215    -0.9445    -1.1858
     2.4898    -1.4134    -1.2834    -1.4864
     2.4809    -1.6323    -1.4706    -1.7024
     2.2411    -1.8329    -1.6311    -1.9465
     1.7791    -2.0516    -1.8005    -2.0498
     1.2992    -2.1701    -1.8807    -2.1718
     0.8637    -2.2886    -1.9698    -2.2094
     0.3837    -2.3159    -1.9787    -2.1718
     0.0192    -2.3614    -1.9787    -2.0873
    -0.2743    -2.3432    -1.8896    -1.9089
    -0.6123    -2.1974    -1.7648    -1.7493
    -0.9592    -2.0334    -1.6043    -1.5897
    -1.2883    -1.7964    -1.3904    -1.3830
    -1.5286    -1.5502    -1.1853    -1.1388
    -1.7510    -1.2218    -0.9445    -0.9321
    -1.8934    -0.8477    -0.6591    -0.6690
    -2.0447    -0.5281    -0.3202    -0.3965
    -2.1604    -0.0531     0.0367    -0.0674
    -2.1960     0.4040     0.5008     0.2993
    -2.1782     0.8796     0.8489     0.6943
    -2.0625     1.2549     1.2417     1.0988
    -1.9468     1.7494     1.5899     1.4000
    -1.8133     2.0334     2.0275     1.6635
    -1.6887     2.2809     2.3848     1.8612
    -1.5464     2.5193     2.6260     2.0778
    -1.2972     2.6752     2.8047     2.2379
    -0.9770     2.8495     2.9298     2.3509
    -0.6478     2.8770     2.9254     2.4074
    -0.3099     2.8128     2.9209     2.4639
     0.1081     2.7119     2.8315     2.3697
     0.4193     2.5926     2.6707     2.2567
     0.7837     2.3542     2.4563     2.0778
     1.1659     2.0517     2.0543     1.8236
     1.4859     1.6394     1.6881     1.5694
     1.9124     1.2091     1.2327     1.1365
     2.2233     0.7332     0.7774     0.7131
     2.4010     0.3674     0.3937     0.2711
     2.4454    -0.0074    -0.0703    -0.0486
     2.4720    -0.3820    -0.3469    -0.3683
     2.5164    -0.6925    -0.6056    -0.7160
     2.4898    -1.0120    -0.9267    -1.0355
     2.4631    -1.3040    -1.2120    -1.3737
     2.4542    -1.5229    -1.4884    -1.6460
     2.2322    -1.7782    -1.6489    -1.8338
     1.7791    -1.9332    -1.7915    -1.9841
     1.3259    -2.1063    -1.9431    -2.0310
     0.8548    -2.2248    -1.9966    -2.0404
     0.3570    -2.2612    -2.0411    -2.0028
     0.0458    -2.2886    -1.9966    -1.9183
    -0.2743    -2.2612    -1.9520    -1.7587
    -0.6212    -2.0881    -1.8183    -1.6366
    -0.9325    -1.9423    -1.6311    -1.4394
    -1.2705    -1.7144    -1.4795    -1.2609
    -1.5197    -1.4681    -1.2210    -1.0731
    -1.7866    -1.1580    -0.9624    -0.8476
    -1.9468    -0.8385    -0.6948    -0.6220
    -2.0714    -0.3911    -0.3112    -0.3589
    -2.2049     0.0383     0.1170    -0.0392
    -2.2183     0.4680     0.4472     0.2993
    -2.2316     0.8613     0.8756     0.7131
    -2.0803     1.3006     1.2417     1.0894
    -1.9557     1.7860     1.5720     1.4659
    -1.8044     2.1067     1.9561     1.7106
    -1.6709     2.3817     2.4027     1.9836
    -1.5375     2.5835     2.6260     2.1531
    -1.2528     2.7302     2.7958     2.2755
    -0.9592     2.8403     2.8405     2.3697
    -0.5945     2.8953     2.8673     2.4074
    -0.2654     2.7944     2.8494     2.4074
     0.1436     2.6843     2.7422     2.3885
     0.5170     2.5926     2.6350     2.2567
     0.8460     2.3542     2.3133     2.0307
     1.1748     1.9967     2.0007     1.7859
     1.5392     1.5662     1.6077     1.4470
     1.9479     1.1542     1.1434     1.0612
     2.2322     0.6326     0.7507     0.6285
     2.4454     0.2120     0.2776     0.2240
     2.4454    -0.1810    -0.1328    -0.1050
     2.4898    -0.4550    -0.4183    -0.4811
     2.5164    -0.7564    -0.7037    -0.7818
     2.5253    -1.1306    -1.0248    -1.0918
     2.5075    -1.3587    -1.2923    -1.3924
     2.4365    -1.5958    -1.4884    -1.6554
     2.2677    -1.8238    -1.7559    -1.8620
     1.8502    -2.0061    -1.8718    -1.9559
     1.3614    -2.1610    -2.0589    -2.0310
     0.8548    -2.2612    -2.1392    -2.0592
     0.3926    -2.3432    -2.1570    -2.0122
     0.0903    -2.3705    -2.1392    -1.9559
    -0.2387    -2.3250    -2.1035    -1.8244
    -0.6034    -2.2430    -1.9431    -1.7399
    -0.9325    -2.0881    -1.8183    -1.5897
    -1.2705    -1.8511    -1.6578    -1.4300
    -1.5375    -1.6141    -1.4528    -1.2046
    -1.7688    -1.2857    -1.2299    -0.9791
    -1.9201    -1.0028    -0.8821    -0.7536
    -2.0892    -0.5738    -0.5967    -0.5092
    -2.1960    -0.1993    -0.1774    -0.1709
    -2.1960     0.2394     0.1973     0.1864
    -2.2049     0.6784     0.6079     0.5720
    -2.0892     1.0901     0.9828     0.9671
    -1.9913     1.5479     1.3667     1.3623
    -1.9112     1.9693     1.7864     1.6447
    -1.7243     2.2534     2.1615     1.9177
    -1.5820     2.4276     2.4384     2.0872
    -1.3061     2.5835     2.6171     2.2849
    -0.9948     2.6476     2.7065     2.3791
    -0.6567     2.6935     2.7422     2.4450
    -0.3543     2.7210     2.7690     2.4545
     0.0547     2.5743     2.6707     2.3980
     0.3926     2.4734     2.5188     2.2755
     0.7660     2.2350     2.3312     2.0966
     1.0593     1.9234     1.9650     1.8612
     1.4414     1.5937     1.5810     1.5223
     1.8146     1.1450     1.1524     1.0894
     2.1522     0.6875     0.6971     0.6661
     2.3743     0.3217     0.2776     0.2617
     2.4631     0.0018    -0.0703    -0.0862
     2.4720    -0.2998    -0.3826    -0.3589
     2.4765    -0.5738    -0.6413    -0.6878
     2.4809    -0.8751    -0.9267    -1.0261
     2.4542    -1.2127    -1.1585    -1.2985
     2.4276    -1.4134    -1.4528    -1.5051
     2.1700    -1.6323    -1.6311    -1.7024
     1.7613    -1.8238    -1.7826    -1.8057
     1.2903    -1.9787    -1.9342    -1.9465
     0.8193    -2.0972    -1.9787    -2.0028
     0.3748    -2.0972    -2.0144    -1.9747
    -0.0075    -2.0881    -2.0055    -1.8808
    -0.2743    -2.0790    -1.9074    -1.7963
    -0.6123    -2.0516    -1.8450    -1.6742
    -0.9414    -1.8602    -1.6578    -1.5615
    -1.2261    -1.6688    -1.4795    -1.3455
    -1.4752    -1.4043    -1.2566    -1.1294
    -1.7332    -1.1306    -0.9980    -0.9039
    -1.9023    -0.8294    -0.7661    -0.6690
    -2.0269    -0.4459    -0.4094    -0.4247
    -2.1515    -0.0531    -0.0525    -0.0956
    -2.1871     0.4223     0.4026     0.2428
    -2.2049     0.8705     0.7864     0.6002
    -2.0981     1.3098     1.1256     1.0424
    -1.9468     1.7219     1.5452     1.4000
    -1.8578     2.0792     1.9293     1.7388
    -1.7421     2.2992     2.2955     1.9836
    -1.5642     2.5009     2.5367     2.1719
    -1.2616     2.6752     2.7243     2.3038
    -0.9859     2.8036     2.8673     2.3697
    -0.6301     2.8311     2.9298     2.4168
    -0.2476     2.7761     2.9120     2.4356
     0.1259     2.7394     2.8315     2.3885
     0.4904     2.5284     2.6528     2.2567
     0.8548     2.3542     2.4474     2.1249
     1.1659     2.0701     2.0990     1.8518
     1.6014     1.6944     1.6703     1.5788
     1.9923     1.2549     1.2684     1.1365
     2.2766     0.8247     0.7953     0.7225
     2.4542     0.4223     0.3580     0.3557
     2.5342     0.0657    -0.0168    -0.0016
     2.5608    -0.2084    -0.3291    -0.3213
     2.5253    -0.5464    -0.5878    -0.6784
     2.5164    -0.8659    -0.8643    -1.0073
     2.5075    -1.1671    -1.1942    -1.2703
     2.5075    -1.3952    -1.4260    -1.5145
     2.4010    -1.6597    -1.6578    -1.7118
     2.0101    -1.7873    -1.8450    -1.8620
     1.4859    -2.0061    -1.9431    -1.9934
     0.9971    -2.1245    -2.0500    -2.0216
     0.5437    -2.1337    -2.1035    -2.0216
     0.0903    -2.1610    -2.0946    -1.9277
    -0.2387    -2.1610    -1.9787    -1.8526
    -0.5233    -2.0699    -1.8896    -1.6836
    -0.9058    -1.8785    -1.8183    -1.5333
    -1.2705    -1.7508    -1.5776    -1.3643
    -1.5197    -1.5046    -1.3636    -1.1576
    -1.7955    -1.1945    -1.1140    -0.8945
    -1.9557    -0.8568    -0.8107    -0.6502
    -2.1337    -0.4733    -0.5521    -0.4153
    -2.2138    -0.0988    -0.1060    -0.1050
    -2.2405     0.4040     0.2866     0.2052
    -2.2227     0.7790     0.6346     0.5438
    -2.1248     1.2640     1.0631     0.9577
    -2.0269     1.6120     1.3934     1.3906
    -1.8845     2.0242     1.7596     1.6918
    -1.7243     2.2992     2.1258     1.8895
    -1.5553     2.5009     2.4206     2.0966
    -1.3061     2.6568     2.6260     2.2284
    -0.9948     2.8036     2.7154     2.3038
    -0.6656     2.8311     2.7422     2.4262
    -0.2832     2.8311     2.7422     2.4545
     0.1259     2.7394     2.6707     2.3980
     0.4459     2.5743     2.5367     2.3226
     0.8637     2.3817     2.3223     2.1908
     1.1748     2.1250     2.0007     1.9554
     1.6369     1.7860     1.6613     1.6824
     2.0278     1.3556     1.2417     1.3059
     2.3299     0.9986     0.8489     0.9013
     2.4720     0.5594     0.4026     0.4780
     2.5431     0.2668    -0.0436     0.1300
     2.5520    -0.1445    -0.2666    -0.2367
     2.5786    -0.4276    -0.5878    -0.5656
     2.5964    -0.8020    -0.8643    -0.8851
     2.5786    -1.0850    -1.1318    -1.1482
     2.5164    -1.3313    -1.3904    -1.4488
     2.4010    -1.5776    -1.6043    -1.6272
     1.9745    -1.8055    -1.8361    -1.8057
     1.4681    -1.9423    -1.9698    -1.8432
     0.9793    -2.0881    -2.0946    -1.9089
     0.5082    -2.1792    -2.1302    -1.9183
     0.1970    -2.2248    -2.1302    -1.9183
    -0.1765    -2.1974    -2.0768    -1.8432
    -0.5144    -2.0516    -1.9876    -1.7211
    -0.8880    -1.9970    -1.8718    -1.5333
    -1.2261    -1.7691    -1.6489    -1.3455
    -1.5019    -1.5594    -1.4171    -1.1106
    -1.7243    -1.3313    -1.1942    -0.9227
    -1.8489    -1.0211    -0.9088    -0.6878
    -2.0447    -0.6468    -0.5610    -0.4623
    -2.1337    -0.1627    -0.1953    -0.1521
    -2.1604     0.2486     0.1884     0.1958
    -2.1426     0.7149     0.5989     0.5250
    -2.0625     1.0809     1.0363     0.9201
    -1.9201     1.5570     1.3934     1.2870
    -1.7777     1.8685     1.7864     1.5600
    -1.6709     2.1984     2.1883     1.7859
    -1.4930     2.3542     2.4027     2.0119
    -1.2528     2.5651     2.5992     2.1814
    -1.0214     2.6843     2.7422     2.2755
    -0.6389     2.6752     2.7869     2.3509
    -0.3099     2.7119     2.7333     2.3697
     0.0458     2.6110     2.7154     2.3697
     0.4637     2.4826     2.5992     2.2284
     0.7660     2.3084     2.4116     2.1343
     1.1037     2.0517     2.1615     1.8801
     1.4770     1.7402     1.7774     1.6353
     1.9035     1.2366     1.4381     1.2965
     2.2411     0.8339     0.9738     0.8166
     2.4720     0.4497     0.6079     0.3933
     2.5608     0.0657     0.2152     0.0642
     2.5342    -0.2724    -0.0971    -0.3213
     2.5875    -0.5829    -0.4094    -0.5938
     2.5875    -0.8659    -0.6859    -0.9321
     2.5875    -1.1762    -0.9891    -1.2609
     2.5431    -1.4043    -1.2745    -1.5239
     2.4454    -1.5594    -1.4439    -1.7211
     2.0812    -1.7782    -1.6757    -1.8526
     1.5125    -1.9332    -1.8183    -1.9747
     1.0326    -2.0608    -1.8807    -2.0122
     0.5882    -2.1063    -1.9698    -2.0169
     0.1703    -2.1428    -1.9520    -2.0216
    -0.1498    -2.1792    -1.8985    -1.9559
    -0.5055    -2.0608    -1.7826    -1.7681
    -0.8524    -1.9514    -1.6757    -1.5991
    -1.1905    -1.7235    -1.5330    -1.4018
    -1.4752    -1.5320    -1.2566    -1.2328
    -1.7065    -1.2857    -1.0159    -0.9979
    -1.9201    -0.9116    -0.7661    -0.7442
    -2.0536    -0.5829    -0.4272    -0.5092
    -2.1693    -0.1627    -0.0882    -0.1991
    -2.1604     0.2851     0.3044     0.1488
    -2.1426     0.7790     0.7150     0.4968
    -2.1070     1.1542     1.1077     0.8542
    -1.9468     1.5845     1.4470     1.2870
    -1.8756     1.9601     1.7953     1.5506
    -1.6976     2.1984     2.2151     1.8141
    -1.4663     2.4459     2.4384     1.9742
    -1.1905     2.5468     2.5814     2.1343
    -0.9236     2.6935     2.6886     2.3132
    -0.5411     2.7669     2.7243     2.3697
    -0.2476     2.7302     2.6707     2.3885
     0.0903     2.6935     2.6618     2.3320
     0.5082     2.5468     2.5367     2.2661
     0.8193     2.3267     2.3580     2.1437
     1.1837     2.0426     2.0811     1.9083
     1.5925     1.7036     1.6703     1.6353
     1.9745     1.2366     1.2774     1.2306
     2.3032     0.8064     0.8667     0.8166
     2.4987     0.3583     0.4115     0.3839
     2.5075    -0.0165     0.0367    -0.0110
     2.5608    -0.2998    -0.2934    -0.3777
     2.5875    -0.6651    -0.6145    -0.6972
     2.5875    -0.9572    -0.8732    -0.9979
     2.5164    -1.2401    -1.1585    -1.3361
     2.5075    -1.5046    -1.4171    -1.5897
     2.4542    -1.7326    -1.6043    -1.7869
     2.0456    -1.9240    -1.7915    -1.9183
     1.5303    -2.0152    -1.9787    -2.0404
     1.0504    -2.2248    -2.0233    -2.1249
     0.5971    -2.2612    -2.1124    -2.1343
     0.1614    -2.3159    -2.0946    -2.1061
    -0.1854    -2.3250    -2.0055    -2.0216
    -0.4877    -2.1883    -1.9253    -1.8526
    -0.8702    -2.0972    -1.7381    -1.6836
    -1.2350    -1.8967    -1.5598    -1.4582
    -1.4930    -1.6049    -1.3993    -1.2609
    -1.7421    -1.3678    -1.1229    -1.0073
    -1.9201    -0.9937    -0.8286    -0.7630
    -2.0625    -0.6742    -0.5164    -0.4529
    -2.1871    -0.1810    -0.0882    -0.1238
    -2.2672     0.3034     0.3401     0.1770
    -2.2227     0.6875     0.7060     0.5062
    -2.1782     1.1450     1.0988     0.9295
    -2.0358     1.5937     1.5095     1.3153
    -1.9646     1.9601     1.9293     1.6447
    -1.8222     2.2625     2.2597     1.8801
    -1.5642     2.4734     2.4652     2.0589
    -1.3061     2.6018     2.6260     2.2096
    -0.9592     2.7669     2.8047     2.3414
    -0.6123     2.7944     2.8047     2.4733
    -0.3188     2.7852     2.8047     2.4262
     0.0014     2.7394     2.6796     2.4168
     0.4193     2.5835     2.5992     2.3132
     0.7660     2.3909     2.3937     2.1908
     1.1215     2.1984     2.0990     1.9365
     1.5214     1.7860     1.6703     1.6824
     1.9212     1.3556     1.2863     1.3341
     2.2322     0.9620     0.8399     0.8542
     2.4631     0.5594     0.4026     0.4686
     2.5253     0.1754    -0.0525     0.0454
     2.5253    -0.2450    -0.3380    -0.2555
     2.5164    -0.5098    -0.6680    -0.5750
     2.5786    -0.8294    -0.9445    -0.9321
     2.5697    -1.1945    -1.2210    -1.2234
     2.5342    -1.3678    -1.4884    -1.5145
     2.4187    -1.6414    -1.7024    -1.7775
     2.0812    -1.7873    -1.8450    -1.9371
     1.5658    -1.9332    -2.0055    -2.0592
     1.0593    -2.1519    -2.1124    -2.1061
     0.5793    -2.2248    -2.1213    -2.1155
     0.1259    -2.2977    -2.1481    -2.0404
    -0.1587    -2.2794    -2.0589    -1.9371
    -0.5144    -2.1337    -1.9253    -1.7963
    -0.8969    -2.0608    -1.8361    -1.6554
    -1.2705    -1.8602    -1.6400    -1.4206
    -1.5464    -1.6505    -1.4082    -1.1952
    -1.7688    -1.3769    -1.1318    -0.9603
    -1.9557    -1.0759    -0.8375    -0.7254
    -2.0981    -0.6925    -0.4718    -0.4153
    -2.2049    -0.2906    -0.0525    -0.1050
    -2.1960     0.1389     0.4026     0.1112
    -2.1871     0.5777     0.8310     0.4968
    -2.1426     1.0718     1.2149     0.8542
    -2.0536     1.4838     1.6524     1.2306
    -1.8934     1.8685     2.0811     1.5223
    -1.7955     2.1434     2.4206     1.7859
    -1.5642     2.3817     2.5814     2.0024
    -1.2439     2.5468     2.7511     2.1625
    -0.9414     2.6752     2.8941     2.2944
    -0.5678     2.6843     2.9567     2.3509
    -0.2476     2.6935     2.9120     2.3885
     0.0725     2.6568     2.8137     2.3226
     0.4548     2.5376     2.7065     2.2096
     0.8371     2.3542     2.4831     2.0778
     1.1659     2.0792     2.1794     1.9177
     1.5747     1.7860     1.8310     1.6447
     1.9657     1.3281     1.3667     1.3341
     2.2322     0.9071     0.9649     0.8919
     2.4720     0.4771     0.5365     0.4686
     2.5253     0.1663     0.0724     0.0924
     2.5608    -0.2175    -0.2577    -0.2649
     2.5786    -0.4824    -0.5253    -0.6314
     2.5608    -0.8385    -0.8553    -0.9509
     2.4987    -1.1489    -1.1853    -1.2328
     2.5431    -1.3496    -1.4617    -1.4864
     2.4542    -1.5594    -1.7024    -1.7024
     2.0278    -1.7417    -1.9431    -1.8902
     1.5392    -1.9058    -2.0500    -2.0028
     1.0059    -2.0516    -2.1392    -2.0216
     0.5348    -2.0881    -2.1570    -2.0498
     0.1703    -2.1974    -2.1926    -2.0404
    -0.1676    -2.1519    -2.1302    -1.9371
    -0.5411    -2.0608    -1.9966    -1.7963
    -0.9147    -1.9878    -1.9074    -1.5803
    -1.2528    -1.7326    -1.6578    -1.3830
    -1.5820    -1.5776    -1.4617    -1.1858
    -1.7866    -1.3222    -1.1764    -0.9133
    -1.9557    -0.9846    -0.8643    -0.6878
    -2.1604    -0.6833    -0.5342    -0.4153
    -2.2316    -0.2815    -0.1328    -0.1521
    -2.3117     0.1571     0.3312     0.1676
    -2.3117     0.6235     0.6971     0.5062
    -2.2405     1.0077     1.1345     0.8636
    -2.1248     1.4654     1.5363     1.2588
    -1.9913     1.8227     1.9025     1.5129
    -1.8133     2.1250     2.2330     1.7388
    -1.5998     2.3084     2.5010     1.9271
    -1.3506     2.5009     2.6707     2.0872
    -1.0481     2.6293     2.7333     2.1814
    -0.6923     2.7302     2.7288     2.2755
    -0.4077     2.7302     2.7243     2.2849
    -0.0075     2.6201     2.7154     2.2944
     0.3659     2.4642     2.5814     2.2190
     0.7215     2.3725     2.4563     2.1249
     1.0504     2.0884     2.1258     1.9648
     1.3792     1.7860     1.8132     1.6824
     1.7880     1.4471     1.3845     1.3623
     2.1611     0.9986     0.9738     0.9295
     2.4098     0.5869     0.5543     0.4968
     2.4987     0.2486     0.0903     0.1394
     2.5075    -0.1536    -0.2042    -0.1897
     2.5520    -0.4642    -0.4718    -0.5186
     2.5342    -0.8659    -0.8018    -0.8570
     2.5075    -1.1397    -1.1229    -1.1764
     2.5253    -1.3313    -1.3547    -1.4394
     2.4365    -1.5776    -1.6489    -1.7024
     2.1256    -1.7053    -1.7826    -1.8808
     1.5658    -1.9149    -1.9876    -1.9747
     1.1037    -2.0790    -2.0857    -2.0592
     0.6059    -2.1610    -2.1302    -2.0779
     0.2059    -2.1610    -2.0768    -2.0122
    -0.1053    -2.2066    -2.0500    -1.9183
    -0.4611    -2.0881    -1.9163    -1.7681
    -0.8524    -1.9514    -1.7915    -1.6272
    -1.1994    -1.7782    -1.6489    -1.4112
    -1.4841    -1.4864    -1.3904    -1.2140
    -1.7777    -1.2583    -1.1496    -0.9509
    -1.9023    -0.9755    -0.8732    -0.7254
    -2.0714    -0.6103    -0.4896    -0.4435
    -2.1871    -0.2175    -0.1060    -0.1709
    -2.1782     0.1663     0.2776     0.1488
    -2.1426     0.6418     0.6793     0.5156
    -2.0981     1.0352     1.0899     0.9201
    -2.0447     1.5295     1.4381     1.2682
    -1.9112     1.8501     1.8310     1.5412
    -1.7599     2.1617     2.1615     1.7765
    -1.4752     2.4001     2.4295     1.9836
    -1.2350     2.5376     2.5546     2.1531
    -0.9770     2.7302     2.6707     2.2661
    -0.6567     2.8678     2.7601     2.3980
    -0.3010     2.9045     2.7333     2.4168
     0.0547     2.7944     2.6796     2.3885
     0.4193     2.6752     2.5635     2.3509
     0.7393     2.5009     2.4652     2.2190
     1.0770     2.2167     2.1526     2.0024
     1.5125     1.8776     1.8399     1.8141
     1.8946     1.4929     1.4649     1.4470
     2.1878     1.0352     1.0006     1.0330
     2.4454     0.6418     0.5900     0.5720
     2.5253     0.2211     0.1795     0.1770
     2.4809    -0.1353    -0.1863    -0.1521
     2.5075    -0.4733    -0.4004    -0.5186
     2.5608    -0.8568    -0.7126    -0.8194
     2.5431    -1.1215    -1.0248    -1.1576
     2.4720    -1.3952    -1.2923    -1.4676
     2.4365    -1.6232    -1.5776    -1.6836
     2.1345    -1.7508    -1.7202    -1.8996
     1.5925    -1.9970    -1.8896    -2.0216
     1.0326    -2.1063    -2.0233    -2.0779
     0.6059    -2.1792    -2.0411    -2.0732
     0.1614    -2.2886    -2.0411    -2.0686
    -0.2032    -2.2977    -2.0055    -2.0404
    -0.5945    -2.2157    -1.9074    -1.8996
    -0.9236    -2.0699    -1.7826    -1.6836
    -1.3239    -1.8967    -1.6311    -1.4676
    -1.6176    -1.6049    -1.3815    -1.2515
    -1.8845    -1.3769    -1.1496    -1.0355
    -2.0447    -1.0941    -0.8821    -0.8006
    -2.1960    -0.7107    -0.5075    -0.5750
    -2.3740    -0.3454    -0.1596    -0.2461
    -2.3384     0.0749     0.2776     0.0830
    -2.3295     0.5412     0.6346     0.4121
    -2.2939     0.9620     1.0631     0.8166
    -2.2049     1.3922     1.4292     1.2024
    -2.0892     1.8501     1.7685     1.5035
    -1.8578     2.1892     2.1526     1.7859
    -1.6531     2.4184     2.4116     1.9930
    -1.3773     2.6201     2.5456     2.1625
    -1.0481     2.7302     2.6528     2.2944
    -0.7279     2.8770     2.7690     2.4262
    -0.3810     2.8311     2.7154     2.4733
     0.0636     2.7761     2.7065     2.4545
     0.4281     2.6476     2.6171     2.4074
     0.7837     2.5376     2.4474     2.3038
     1.1748     2.2350     2.1704     2.0966
     1.5925     1.9509     1.8578     1.8330
     1.9834     1.4654     1.4470     1.5129
     2.2944     1.0352     1.0185     1.0612
     2.4542     0.6509     0.6525     0.6285
     2.5164     0.2851     0.2063     0.2711
     2.5431    -0.0714    -0.1596    -0.1050
     2.5786    -0.4824    -0.3737    -0.4247
     2.5964    -0.7929    -0.7216    -0.8006
     2.5786    -1.0576    -1.0248    -1.1012
     2.5964    -1.3131    -1.2923    -1.3924
     2.4898    -1.4864    -1.5598    -1.6742
     2.2411    -1.6414    -1.7381    -1.8151
     1.6902    -1.8967    -1.8807    -1.9747
     1.1659    -1.9696    -1.9698    -2.0592
     0.6682    -2.1337    -2.0946    -2.0686
     0.2681    -2.1428    -2.0857    -2.0404
    -0.0787    -2.1519    -2.0322    -1.9277
    -0.4789    -2.1428    -1.9787    -1.7869
    -0.8524    -2.0243    -1.8450    -1.6272
    -1.1905    -1.8238    -1.6578    -1.4206
    -1.5464    -1.6323    -1.4884    -1.2515
    -1.7777    -1.3404    -1.2120    -0.9885
    -1.9557    -1.0120    -0.9088    -0.7254
    -2.1426    -0.7290    -0.6324    -0.5092
    -2.2405    -0.3454    -0.2934    -0.1709
    -2.3028     0.0932     0.1706     0.1770
    -2.3028     0.5229     0.5811     0.4686
    -2.1960     0.9894     1.0006     0.8636
    -2.1515     1.5112     1.3845     1.2682
    -2.0625     1.9326     1.7328     1.6165
    -1.9023     2.2442     2.1168     1.8424
    -1.6531     2.4551     2.4206     2.0119
    -1.4129     2.6660     2.5992     2.2190
    -1.0837     2.7852     2.6886     2.3132
    -0.7190     2.8403     2.7958     2.3980
    -0.3366     2.8219     2.7869     2.4262
    -0.0075     2.7485     2.7422     2.4074
     0.3926     2.6660     2.6618     2.3603
     0.7304     2.4459     2.5635     2.2002
     1.0682     2.2167     2.2955     2.0119
     1.4770     1.8135     1.9293     1.7671
     1.8857     1.3922     1.5363     1.4565
     2.1878     0.9803     1.1256     1.0706
     2.4187     0.6143     0.7328     0.6190
     2.5608     0.2028     0.2776     0.1582
     2.5608    -0.0896    -0.0882    -0.1897
     2.5608    -0.4368    -0.3558    -0.4717
     2.5608    -0.7473    -0.6680    -0.8476
     2.6141    -1.0759    -0.9534    -1.1576
     2.5697    -1.2583    -1.2923    -1.4676
     2.3921    -1.4955    -1.4974    -1.6554
     2.1256    -1.7144    -1.6846    -1.8714
     1.6191    -1.8511    -1.9074    -1.9747
     1.1126    -2.0516    -1.9876    -2.0216
     0.6326    -2.1610    -2.0768    -2.0686
     0.2059    -2.2066    -2.1213    -2.0028
    -0.1498    -2.2521    -2.0679    -1.9277
    -0.4789    -2.1701    -2.0144    -1.7869
    -0.8524    -2.0334    -1.9074    -1.6085
    -1.2439    -1.8511    -1.7381    -1.4300
    -1.5464    -1.5867    -1.5598    -1.2140
    -1.7599    -1.3861    -1.2834    -0.9509
    -1.9646    -1.0393    -1.0159    -0.7348
    -2.0981    -0.7290    -0.6680    -0.4717
    -2.2316    -0.2724    -0.3112    -0.1615
    -2.2405     0.1480     0.0992     0.1300
    -2.2583     0.5229     0.5097     0.4780
    -2.2138     0.9620     0.8935     0.8730
    -2.1070     1.4654     1.3399     1.2494
    -2.0180     1.8868     1.7060     1.5882
    -1.7866     2.1800     2.0632     1.7671
    -1.5731     2.4551     2.3848     1.9648
    -1.3150     2.6110     2.5724     2.1531
    -0.9414     2.7302     2.6707     2.2944
    -0.5678     2.7852     2.7243     2.3414
    -0.2476     2.8219     2.7511     2.3791
     0.2059     2.7302     2.6886     2.4168
     0.5170     2.6293     2.6528     2.2849
     0.8460     2.4734     2.4742     2.1719
     1.2193     2.1892     2.3044     2.0213
     1.6547     1.8776     1.9114     1.7953
     1.9745     1.4380     1.5185     1.4941
     2.2588     1.0169     1.1434     1.0800
     2.5253     0.6052     0.6882     0.5814
     2.6052     0.2943     0.2776     0.2052
     2.5697    -0.0165    -0.0882    -0.2085
     2.5742    -0.3546    -0.4183    -0.5092
     2.5786    -0.6833    -0.6948    -0.8851
     2.6052    -0.9663    -1.0337    -1.1952
     2.5786    -1.2675    -1.3369    -1.4582
     2.4720    -1.5046    -1.5776    -1.7305
     2.0900    -1.6870    -1.7470    -1.8714
     1.6014    -1.9332    -1.9520    -2.0122
     1.0859    -2.0699    -2.0589    -2.0686
     0.6504    -2.1610    -2.1481    -2.0873
     0.2148    -2.1883    -2.1302    -2.0404
    -0.0787    -2.2248    -2.0946    -1.9559
    -0.4966    -2.1337    -2.0411    -1.8432
    -0.8880    -2.0699    -1.8985    -1.7024
    -1.1994    -1.9058    -1.7381    -1.4582
    -1.5197    -1.6323    -1.5776    -1.2891
    -1.7510    -1.3587    -1.3280    -1.0261
    -1.9824    -1.0941    -1.0069    -0.7818
    -2.1693    -0.6742    -0.7126    -0.4811
    -2.2583    -0.3272    -0.3380    -0.1521
    -2.3117     0.1206     0.0813     0.1676
    -2.3206     0.5137     0.5365     0.4686
    -2.2761     0.9345     0.9203     0.8919
    -2.1871     1.4197     1.3042     1.2588
    -2.0447     1.8685     1.6792     1.5882
    -1.8578     2.1984     2.0990     1.7765
    -1.6620     2.3542     2.3491     1.9648
    -1.3595     2.5743     2.5456     2.1437
    -1.0481     2.7027     2.6796     2.3038
    -0.6478     2.7944     2.7333     2.3791
    -0.3099     2.8036     2.7377     2.3980
     0.1259     2.7302     2.7422     2.4168
     0.5082     2.6201     2.6618     2.3038
     0.8548     2.4367     2.4920     2.2284
     1.2193     2.2717     2.2955     2.0495
     1.6014     1.8410     1.9203     1.8047
     2.0012     1.4746     1.5006     1.4847
     2.3032     0.9986     1.1167     1.1271
     2.4987     0.6692     0.6346     0.6755
     2.6141     0.2851     0.2598     0.2711
     2.6319    -0.0714    -0.1685    -0.1238
     2.6585    -0.3911    -0.3737    -0.4811
     2.6497    -0.6742    -0.6859    -0.8194
     2.6052    -0.9846    -0.9713    -1.1576
     2.6319    -1.2675    -1.2745    -1.4488
     2.5520    -1.4773    -1.5419    -1.6742
     2.2055    -1.7417    -1.7737    -1.8620
     1.6725    -1.8785    -1.8807    -2.0404
     1.2015    -2.0608    -1.9787    -2.0873
     0.7304    -2.2157    -2.0946    -2.1343
     0.3392    -2.2977    -2.1302    -2.1249
     0.0014    -2.2977    -2.0500    -2.0404
    -0.3366    -2.2066    -1.9520    -1.9465
    -0.7813    -2.0972    -1.8094    -1.7775
    -1.1460    -1.9970    -1.7113    -1.5991
    -1.4396    -1.7873    -1.4974    -1.3830
    -1.6709    -1.5229    -1.2566    -1.1670
    -1.9023    -1.1945    -0.9267    -0.8851
    -2.0981    -0.8385    -0.6324    -0.6220
    -2.2850    -0.4824    -0.3202    -0.2837
    -2.3028    -0.0257     0.1259     0.0078
    -2.2583     0.4680     0.5365     0.3745
    -2.2405     0.8888     0.9024     0.7601
    -2.1515     1.3464     1.3042     1.2118
    -2.0091     1.7585     1.6792     1.4847
    -1.8934     2.0792     2.1168     1.7765
    -1.6887     2.3175     2.3759     1.9460
    -1.3684     2.5743     2.5278     2.1531
    -1.0481     2.6752     2.6796     2.3132
    -0.6745     2.7944     2.7333     2.3697
    -0.2921     2.7669     2.7422     2.4639
     0.0636     2.7669     2.7065     2.4639
     0.4281     2.5926     2.6528     2.3980
     0.7748     2.4826     2.4474     2.2661
     1.1570     2.2534     2.2419     2.1437
     1.5214     1.9234     1.8846     1.8612
     1.9568     1.4288     1.4381     1.5788
     2.2855     1.0992     1.0631     1.2024
     2.5520     0.7058     0.5811     0.7037
     2.5786     0.3125     0.1438     0.3275
     2.6408     0.0383    -0.2488    -0.0580
     2.5964    -0.2815    -0.4986    -0.3965
     2.6497    -0.6194    -0.7483    -0.7348
     2.6319    -0.8842    -1.0961    -1.0449
     2.5786    -1.2218    -1.3458    -1.3924
     2.5697    -1.4499    -1.6222    -1.5991
     2.2588    -1.5867    -1.8718    -1.7869
     1.6813    -1.8602    -1.9698    -1.9559
     1.2281    -1.9696    -2.0946    -1.9934
     0.7215    -2.0699    -2.1392    -2.0686
     0.2948    -2.1337    -2.1659    -2.0686
    -0.0253    -2.1519    -2.1302    -1.9747
    -0.3721    -2.1519    -1.9698    -1.8714
    -0.8079    -1.9970    -1.8629    -1.7211
    -1.1282    -1.8511    -1.6935    -1.5521
    -1.4841    -1.6779    -1.4617    -1.2985
    -1.7243    -1.4134    -1.2477    -1.0731
    -1.9290    -1.1397    -0.9267    -0.8570
    -2.1070    -0.7381    -0.6680    -0.5938
    -2.2583    -0.3272    -0.2755    -0.2837
    -2.3206     0.1206     0.1527     0.0830
    -2.3295     0.5137     0.5900     0.3933
    -2.2761     0.9986     0.9649     0.7696
    -2.1426     1.3647     1.3488     1.1741
    -2.0180     1.8135     1.7685     1.5035
    -1.8311     2.1067     2.1526     1.7388
    -1.6709     2.3909     2.4563     1.9930
    -1.3417     2.5743     2.5814     2.1060
    -1.0214     2.6293     2.7333     2.2473
    -0.6656     2.7761     2.7601     2.3414
    -0.3632     2.7577     2.7958     2.3603
     0.0103     2.6110     2.7511     2.3320
     0.4193     2.5559     2.6975     2.2661
     0.7660     2.3450     2.5278     2.1437
     1.1482     2.1525     2.2687     2.0024
     1.5569     1.7494     1.9382     1.7577
     1.9657     1.3922     1.5274     1.4282
     2.2855     0.9894     1.0720     1.0330
     2.4898     0.6143     0.6079     0.6002
     2.5608     0.2486     0.2152     0.2334
     2.6052     0.0292    -0.1953    -0.1427
     2.6141    -0.3363    -0.5075    -0.4435
     2.6052    -0.6286    -0.7305    -0.7912
     2.6585    -0.9663    -1.0515    -1.1388
     2.6319    -1.2310    -1.3369    -1.4394
     2.5164    -1.4681    -1.6043    -1.6366
     2.2144    -1.6323    -1.8183    -1.8432
     1.7080    -1.8876    -1.9876    -1.9747
     1.1926    -2.0425    -2.0768    -2.0028
     0.7215    -2.1701    -2.1213    -2.0592
     0.2059    -2.1701    -2.0768    -2.0592
    -0.0876    -2.1701    -2.0322    -1.9841
    -0.4433    -2.1063    -1.9431    -1.8338
    -0.8168    -2.0608    -1.8629    -1.6836
    -1.1816    -1.9149    -1.6846    -1.4864
    -1.5019    -1.6688    -1.4706    -1.3173
    -1.7421    -1.4499    -1.2477    -1.0543
    -1.9913    -1.0941    -0.9356    -0.8100
    -2.1159    -0.7564    -0.6145    -0.5280
    -2.2761    -0.3272    -0.1953    -0.2085
    -2.3206     0.1571     0.2330     0.1018
    -2.3295     0.6052     0.6346     0.4121
    -2.2672     1.0443     1.0452     0.8260
    -2.1604     1.4929     1.4292     1.2870
    -2.0625     1.8960     1.8221     1.5882
    -1.8400     2.1709     2.1883     1.8236
    -1.6887     2.3909     2.4474     2.0401
    -1.3951     2.5743     2.6082     2.1625
    -1.1193     2.6752     2.7333     2.2849
    -0.7724     2.8403     2.8137     2.4262
    -0.4433     2.7852     2.7958     2.4450
    -0.0342     2.7394     2.8226     2.4262
     0.3481     2.5559     2.7154     2.3509
     0.7393     2.4276     2.5546     2.1814
     1.0770     2.1800     2.3312     2.0024
     1.4503     1.8227     1.9382     1.7671
     1.8590     1.4380     1.5631     1.4659
     2.2144     0.9986     1.0810     1.0330
     2.5253     0.6418     0.6793     0.5720
     2.5697     0.2851     0.2598     0.1958
     2.6497     0.0109    -0.1506    -0.1709
     2.6319    -0.2632    -0.4004    -0.5092
     2.6141    -0.6194    -0.6770    -0.8194
     2.6585    -0.9572    -1.0426    -1.1388
     2.6052    -1.2401    -1.3458    -1.4300
     2.5964    -1.5320    -1.6043    -1.6272
     2.2588    -1.7326    -1.7826    -1.8432
     1.7435    -1.8694    -1.9609    -1.9559
     1.2015    -2.0243    -2.0500    -2.0310
     0.7037    -2.1610    -2.0857    -2.0686
     0.2325    -2.2430    -2.1392    -2.0592
    -0.0698    -2.2430    -2.1213    -2.0028
    -0.4166    -2.1701    -2.0679    -1.8714
    -0.8524    -2.0334    -1.9074    -1.6930
    -1.1460    -1.8511    -1.7648    -1.5239
    -1.4663    -1.7053    -1.5419    -1.3173
    -1.7243    -1.3952    -1.3101    -1.0637
    -1.9023    -1.0576    -1.0159    -0.8288
    -2.0892    -0.7016    -0.6859    -0.5092
    -2.2494    -0.2815    -0.3380    -0.1803
    -2.2761     0.1297     0.1706     0.1582
    -2.3117     0.5686     0.5722     0.5062
    -2.2316     1.0077     0.9828     0.9013
    -2.1159     1.4471     1.3845     1.2965
    -2.0180     1.9234     1.7238     1.5976
    -1.8489     2.1709     2.1258     1.8236
    -1.6887     2.4459     2.4474     2.0684
    -1.3951     2.6110     2.6171     2.2002
    -1.0659     2.7485     2.7243     2.2944
    -0.7457     2.9045     2.8405     2.3885
    -0.4077     2.8495     2.8762     2.4262
     0.0192     2.7485     2.8315     2.3980
     0.3837     2.6843     2.7333     2.3038
     0.7482     2.4917     2.6260     2.1908
     1.0948     2.1984     2.3669     2.0307
     1.5125     1.8227     2.0454     1.7859
     1.9212     1.4929     1.6345     1.4941
     2.2677     1.0260     1.2595     1.0988
     2.5253     0.6418     0.8221     0.6567
     2.5964     0.3583     0.3669     0.2617
     2.6763     0.0383    -0.0257    -0.0768
     2.6585    -0.3272    -0.2845    -0.4529
     2.6763    -0.6012    -0.5432    -0.7724
     2.6852    -0.9390    -0.9267    -1.0918
     2.6674    -1.2583    -1.2031    -1.3549
     2.5520    -1.4864    -1.4974    -1.6366
     2.3121    -1.6414    -1.6846    -1.8244
     1.8235    -1.8876    -1.8807    -1.9559
     1.2637    -2.0516    -2.0055    -2.0686
     0.7571    -2.1792    -2.0679    -2.0779
     0.3215    -2.1883    -2.0946    -2.0498
    -0.0164    -2.2157    -2.1124    -1.9934
    -0.3632    -2.1883    -2.0144    -1.8620
    -0.7902    -2.0790    -1.9074    -1.7493
    -1.1104    -1.9332    -1.7559    -1.5333
    -1.4396    -1.7235    -1.5598    -1.2985
    -1.6976    -1.4134    -1.2745    -1.0918
    -1.9112    -1.1489    -1.0426    -0.8476
    -2.0892    -0.7381    -0.6770    -0.5092
    -2.2227    -0.3180    -0.3380    -0.2367
    -2.2939     0.0840     0.0724     0.1018
    -2.2583     0.5869     0.5008     0.5156
    -2.1871     0.9803     0.8756     0.9107
    -2.1248     1.4654     1.3131     1.3153
    -2.0358     1.8685     1.6703     1.6259
    -1.8845     2.2167     2.0811     1.8518
    -1.6265     2.4459     2.4652     2.1154
    -1.3595     2.6752     2.6171     2.2661
    -1.1193     2.8311     2.7779     2.3603
    -0.7724     2.8678     2.8047     2.4356
    -0.4166     2.9412     2.8762     2.4733
    -0.0253     2.8036     2.8494     2.4827
     0.4015     2.7027     2.7690     2.4168
     0.7393     2.5009     2.6350     2.3038
     1.0948     2.2992     2.3669     2.0778
     1.4592     1.9326     2.0096     1.8895
     1.8590     1.5295     1.6435     1.5412
     2.2233     1.1359     1.2238     1.2118
     2.5075     0.6966     0.7507     0.7131
     2.6319     0.4131     0.3490     0.3087
     2.6585     0.1389    -0.0436    -0.0110
     2.6230    -0.1901    -0.3558    -0.3589
     2.6319    -0.6012    -0.5967    -0.6972
     2.6585    -0.9298    -0.9267    -1.0543
     2.6052    -1.1489    -1.2923    -1.3361
     2.5697    -1.4681    -1.5241    -1.5803
     2.3565    -1.6232    -1.7559    -1.7963
     1.8413    -1.7964    -1.8985    -1.9465
     1.3170    -1.9423    -2.0055    -2.0404
     0.8726    -2.0881    -2.0946    -2.1155
     0.3392    -2.1701    -2.1035    -2.0967
     0.0192    -2.2157    -2.0589    -2.0122
    -0.3366    -2.1610    -1.9609    -1.9559
    -0.7546    -2.0608    -1.8807    -1.7493
    -1.0748    -1.8967    -1.7559    -1.6178
    -1.4396    -1.7144    -1.5508    -1.3924
    -1.6531    -1.5138    -1.2477    -1.1858
    -1.8756    -1.1397    -1.0069    -0.9133
    -2.0625    -0.8659    -0.6502    -0.6408
    -2.1871    -0.3820    -0.3380    -0.3683
    -2.2405     0.0566     0.0903    -0.0016
    -2.2583     0.4954     0.5186     0.3651
    -2.2049     0.9894     0.9024     0.7225
    -2.1426     1.3830     1.3488     1.1647
    -2.0002     1.8043     1.7506     1.4753
    -1.8311     2.1892     2.1526     1.7483
    -1.6353     2.4092     2.4474     1.9836
    -1.3150     2.6201     2.6350     2.1437
    -1.0037     2.7577     2.7511     2.2755
    -0.7368     2.8770     2.7869     2.3885
    -0.3543     2.8219     2.8047     2.3791
     0.0103     2.7577     2.7779     2.3414
     0.4015     2.6201     2.7422     2.2661
     0.7215     2.4184     2.5724     2.2002
     1.1304     2.1709     2.3401     1.9930
     1.4681     1.9143     2.0364     1.7953
     1.9301     1.5204     1.6435     1.4941
     2.2322     1.1359     1.2327     1.1459
     2.5253     0.7881     0.7507     0.6943
     2.6052     0.4497     0.3401     0.2617
     2.6141     0.1206    -0.0614    -0.0204
     2.6319    -0.2450    -0.3112    -0.3495
     2.6497    -0.5464    -0.6413    -0.7254
     2.6319    -0.8933    -0.9445    -1.0355
     2.6319    -1.2036    -1.2210    -1.3361
     2.6052    -1.3861    -1.5419    -1.5897
     2.4010    -1.6141    -1.7737    -1.7869
     1.8768    -1.8420    -1.8896    -1.8902
     1.3081    -2.0243    -1.9876    -2.0498
     0.8104    -2.0972    -2.0946    -2.0967
     0.3481    -2.1792    -2.1035    -2.0686
    -0.0075    -2.1792    -2.1124    -1.9934
    -0.3988    -2.1245    -2.0233    -1.8808
    -0.7457    -2.0425    -1.9163    -1.7493
    -1.1549    -1.9696    -1.7024    -1.5427
    -1.4663    -1.6961    -1.5241    -1.3643
    -1.7154    -1.4955    -1.2566    -1.1670
    -1.9557    -1.1854    -1.0069    -0.9321
    -2.1159    -0.8659    -0.6948    -0.6220
    -2.2672    -0.4550    -0.3826    -0.3401
    -2.2939    -0.0165     0.0813    -0.0204
    -2.3206     0.4771     0.4651     0.3651
    -2.2494     0.8888     0.8756     0.7319
    -2.1782     1.3189     1.3131     1.1459
    -2.0803     1.7952     1.6792     1.4753
    -1.8667     2.1250     2.0900     1.7012
    -1.6442     2.2809     2.3580     1.9083
    -1.3417     2.5101     2.5546     2.0589
    -1.0837     2.6660     2.6618     2.2379
    -0.7368     2.7210     2.7065     2.2755
    -0.4344     2.7210     2.7601     2.2802
    -0.0253     2.6935     2.6707     2.2849
     0.3303     2.5376     2.5903     2.2379
     0.6771     2.3725     2.4831     2.1437
     1.0415     2.1617     2.2687     1.9648
     1.4236     1.8593     1.9203     1.7671
     1.8590     1.4288     1.5274     1.4565
     2.2233     1.0718     1.1167     1.0894
     2.4542     0.6966     0.7060     0.6755
     2.6052     0.3308     0.2955     0.2523
     2.6230     0.0657    -0.1596    -0.0486
     2.6319    -0.2724    -0.4450    -0.3777
     2.6319    -0.6651    -0.6948    -0.6972
     2.6852    -0.9846    -0.9802    -1.0731
     2.6497    -1.2675    -1.2745    -1.3549
     2.5608    -1.4773    -1.5508    -1.5333
     2.3654    -1.6232    -1.8183    -1.7587
     1.8235    -1.8238    -1.9609    -1.8808
     1.3526    -1.9970    -2.0500    -1.9934
     0.8104    -2.1337    -2.1124    -2.0404
     0.3748    -2.1701    -2.1302    -2.0404
    -0.0342    -2.1519    -2.1035    -1.9559
    -0.3899    -2.1337    -1.9966    -1.8432
    -0.7635    -2.0516    -1.8985    -1.7118
    -1.1727    -1.8967    -1.7113    -1.4676
    -1.4307    -1.6779    -1.5063    -1.3173
    -1.7421    -1.4043    -1.3012    -1.0543
    -1.9735    -1.0759    -1.0069    -0.8194
    -2.1248    -0.7290    -0.7126    -0.6032
    -2.3028    -0.3637    -0.3558    -0.2837
    -2.4096     0.1114     0.0992     0.0548
    -2.4274     0.5046     0.5543     0.4215
    -2.3651     0.9528     0.9470     0.7978
    -2.2761     1.3647     1.3309     1.2118
    -2.0803     1.8043     1.7417     1.5412
    -1.9023     2.1709     2.1168     1.7671
    -1.7243     2.3450     2.4116     1.9648
    -1.4485     2.6018     2.5814     2.1437
    -1.1549     2.6935     2.6439     2.2849
    -0.8346     2.7944     2.7154     2.3509
    -0.4789     2.7807     2.7243     2.3791
    -0.0964     2.7669     2.6886     2.3980
     0.2592     2.6568     2.6439     2.3038
     0.6593     2.4826     2.4831     2.1814
     0.9882     2.2350     2.2687     2.0024
     1.3881     1.9601     1.9471     1.7953
     1.7969     1.5662     1.5631     1.5035
     2.1700     1.0992     1.1167     1.1083
     2.4365     0.7607     0.7239     0.6755
     2.5697     0.3766     0.2955     0.2993
     2.6497     0.0657    -0.1150    -0.0110
     2.6141    -0.2632    -0.4629    -0.3965
     2.6763    -0.6103    -0.7483    -0.6878
     2.6585    -0.9390    -1.0515    -1.0167
     2.6230    -1.2948    -1.3101    -1.3267
     2.5431    -1.4499    -1.6311    -1.6085
     2.4010    -1.6505    -1.8718    -1.7587
     1.9212    -1.8238    -2.0055    -1.9089
     1.3614    -2.0061    -2.1302    -2.0310
     0.8548    -2.1063    -2.1926    -2.1061
     0.4281    -2.2430    -2.2283    -2.0779
     0.0280    -2.2521    -2.2015    -2.0498
    -0.3010    -2.1337    -2.1035    -1.9277
    -0.6656    -2.0425    -1.9074    -1.7587
    -1.1104    -1.8876    -1.7737    -1.5991
    -1.3773    -1.7053    -1.5776    -1.3455
    -1.6265    -1.3952    -1.3547    -1.1200
    -1.9023    -1.1489    -1.0694    -0.9227
    -2.0714    -0.7564    -0.6948    -0.6502
    -2.1782    -0.4276    -0.3023    -0.3683
    -2.2850    -0.0074     0.1616    -0.0110
    -2.2761     0.4771     0.5365     0.3463
    -2.2405     0.8796     0.9560     0.8072
    -2.0892     1.3098     1.4113     1.1929
    -1.9824     1.7402     1.7953     1.5600
    -1.8489     2.0976     2.2062     1.8141
    -1.6353     2.4001     2.4206     2.0401
    -1.3595     2.5376     2.5992     2.2002
    -1.0837     2.7119     2.7779     2.3320
    -0.7457     2.8403     2.8673     2.4074
    -0.3721     2.8311     2.8584     2.4356
    -0.0520     2.7577     2.8494     2.3603
     0.3037     2.7119     2.7690     2.2849
     0.7215     2.5193     2.6350     2.1814
     1.0326     2.2900     2.4116     2.0024
     1.4059     1.9418     2.0454     1.7577
     1.8857     1.5753     1.6613     1.4941
     2.2233     1.1450     1.2238     1.1365
     2.4187     0.7698     0.8131     0.6755
     2.6052     0.3766     0.3580     0.3369
     2.5875     0.0200    -0.0793    -0.0298
     2.6319    -0.2906    -0.3915    -0.3589
     2.6141    -0.6560    -0.6948    -0.6784
     2.6141    -0.9846    -0.9891    -1.0355
     2.5786    -1.2401    -1.3369    -1.3361
     2.5431    -1.4134    -1.5954    -1.5897
     2.3743    -1.6049    -1.8361    -1.7775
     1.8857    -1.8238    -1.9787    -1.9559
     1.3259    -1.9970    -2.1302    -2.0873
     0.8637    -2.1428    -2.1926    -2.1061
     0.3126    -2.2066    -2.2015    -2.0873
     0.0014    -2.1883    -2.1659    -2.0686
    -0.3632    -2.1428    -2.0679    -1.9653
    -0.7902    -2.0425    -1.9253    -1.8244
    -1.1460    -1.9332    -1.7826    -1.5991
    -1.4396    -1.7326    -1.5598    -1.3924
    -1.7421    -1.4773    -1.3012    -1.1670
    -1.9557    -1.2036    -1.0426    -0.9227
    -2.1515    -0.8477    -0.6680    -0.6596
    -2.2316    -0.4916    -0.3380    -0.3965
    -2.3206    -0.0257     0.1795    -0.0204
    -2.3295     0.3766     0.5543     0.3369
    -2.2583     0.8156     0.9560     0.7131
    -2.1070     1.2823     1.3756     1.1271
    -1.9824     1.7127     1.7953     1.5035
    -1.8133     2.1250     2.1615     1.7577
    -1.6620     2.4001     2.4742     1.9460
    -1.3595     2.5559     2.6975     2.1437
    -1.0214     2.7302     2.7690     2.2849
    -0.6567     2.7485     2.8494     2.3509
    -0.3188     2.8128     2.9120     2.3791
     0.0458     2.7669     2.8852     2.3509
     0.3926     2.6293     2.8226     2.2567
     0.7660     2.4276     2.6439     2.1249
     1.1215     2.2534     2.4027     1.9554
     1.5392     1.8868     2.0900     1.7483
     1.9745     1.5387     1.6792     1.5129
     2.2499     1.0443     1.2952     1.1083
     2.4987     0.6966     0.8042     0.6849
     2.5964     0.3125     0.3937     0.3087
     2.5786     0.0018    -0.0347    -0.0016
     2.6319    -0.2906    -0.3380    -0.3589
     2.6497    -0.6925    -0.6591    -0.6972
     2.6141    -0.9937    -0.9534    -0.9885
     2.6230    -1.2766    -1.2923    -1.2891
     2.6141    -1.4864    -1.5776    -1.5709
     2.3921    -1.6597    -1.7826    -1.7493
     1.8502    -1.8967    -1.9876    -1.9371
     1.3437    -2.0334    -2.1124    -2.0592
     0.8548    -2.1610    -2.2015    -2.1530
     0.3481    -2.2430    -2.2550    -2.1718
    -0.0431    -2.2521    -2.2105    -2.1061
    -0.3988    -2.2612    -2.0946    -2.0122
    -0.7991    -2.1428    -1.9431    -1.8244
    -1.1905    -2.0334    -1.8005    -1.6648
    -1.4574    -1.8420    -1.6043    -1.4582
    -1.7065    -1.5867    -1.3547    -1.2140
    -1.9290    -1.2583    -1.0426    -0.9697
    -2.1248    -0.9116    -0.7216    -0.6878
    -2.2583    -0.5372    -0.4004    -0.3965
    -2.3384    -0.1445     0.0813    -0.0580
    -2.3562     0.3125     0.5365     0.2993
    -2.3028     0.7973     0.9381     0.6849
    -2.1871     1.1999     1.3131     1.1083
    -2.0536     1.6852     1.7238     1.4565
    -1.9201     2.0884     2.1258     1.7200
    -1.7243     2.2809     2.4206     1.9365
    -1.4574     2.5101     2.6082     2.0966
    -1.1104     2.6660     2.7065     2.2284
    -0.7457     2.7485     2.7958     2.3132
    -0.3988     2.7852     2.8226     2.3414
    -0.0609     2.7577     2.7958     2.3226
     0.3215     2.6201     2.6886     2.2661
     0.7571     2.4734     2.5814     2.1814
     1.1126     2.2442     2.3580     2.0213
     1.4503     1.9326     2.0632     1.7953
     1.8857     1.5937     1.6524     1.5317
     2.3299     1.1633     1.2774     1.2212
     2.4987     0.7973     0.8310     0.7601
     2.5608     0.4223     0.3937     0.3651
     2.6408     0.1114    -0.0257     0.0736
     2.6585    -0.1993    -0.3826    -0.2649
     2.6585    -0.5738    -0.6948    -0.6126
     2.6141    -0.8751    -0.9980    -0.9791
     2.6052    -1.1945    -1.3101    -1.2797
     2.5875    -1.4499    -1.5598    -1.5239
     2.3832    -1.6232    -1.8005    -1.7493
     1.8768    -1.7691    -2.0144    -1.9183
     1.3437    -1.9787    -2.1392    -2.0404
     0.8460    -2.1701    -2.1926    -2.1061
     0.3837    -2.1974    -2.2818    -2.0967
     0.0192    -2.1838    -2.2283    -2.1061
    -0.3543    -2.1701    -2.1659    -2.0216
    -0.7546    -2.1154    -2.0144    -1.8714
    -1.1816    -1.9787    -1.8896    -1.6366
    -1.5019    -1.7873    -1.6667    -1.4206
    -1.7065    -1.5594    -1.4349    -1.2422
    -1.9824    -1.2857    -1.1229    -0.9697
    -2.1604    -0.9024    -0.8107    -0.6972
    -2.2850    -0.5738    -0.4183    -0.4247
    -2.3918    -0.1262     0.0100    -0.1144
    -2.4007     0.3491     0.4651     0.2428
    -2.4096     0.7424     0.9203     0.6096
    -2.2850     1.2457     1.2863     1.0330
    -2.1248     1.6578     1.6881     1.3812
    -1.9290     1.9876     2.1168     1.6353
    -1.7332     2.2809     2.3848     1.8612
    -1.4752     2.4459     2.5903     2.0495
    -1.1816     2.6568     2.7065     2.1814
    -0.7635     2.7485     2.7779     2.2567
    -0.4522     2.7761     2.7869     2.3132
    -0.1053     2.7210     2.7601     2.2755
     0.2770     2.5468     2.7065     2.2096
     0.7215     2.4092     2.5903     2.1343
     1.0770     2.2442     2.3669     1.9930
     1.4770     1.9326     2.0007     1.8047
     1.9390     1.5387     1.6256     1.5882
     2.3121     1.1359     1.2506     1.2494
     2.4809     0.7424     0.7953     0.7884
     2.5875     0.4771     0.4115     0.4121
     2.6230     0.1663    -0.0347     0.0924
     2.6408    -0.2175    -0.4004    -0.2555
     2.6497    -0.5007    -0.6770    -0.5938
     2.6141    -0.8751    -1.0069    -0.8851
     2.5964    -1.0850    -1.3190    -1.2328
     2.5164    -1.2948    -1.5865    -1.4300
     2.2944    -1.5138    -1.8094    -1.6554
     1.7969    -1.7053    -1.9966    -1.8338
     1.3170    -1.9423    -2.1302    -1.9277
     0.8015    -2.0425    -2.2372    -2.0028
     0.3748    -2.1245    -2.2818    -2.0310
     0.0014    -2.1610    -2.2283    -1.9653
    -0.3543    -2.0972    -2.0768    -1.8902
    -0.7724    -2.0061    -1.9342    -1.7399
    -1.1816    -1.8785    -1.7737    -1.5521
    -1.4841    -1.7053    -1.5865    -1.3737
          3          3          3          3
