    4   2048 0.020000  2016   1  19  13  46
         16         10         11         42
     0.5263    -1.0467    -0.3867    -0.0282
     0.7218    -0.7820    -0.5741     0.2257
     0.9441    -0.5811    -0.7346     0.4890
     1.1307    -0.4076    -0.9130     0.7618
     1.2640    -0.2067    -1.1003     0.9688
     1.4684     0.0401    -1.2875     1.2511
     1.6195     0.3052    -1.3945     1.5146
     1.6994     0.5338    -1.5818     1.7499
     1.8594     0.8082    -1.6709     1.9665
     1.9482     1.0278    -1.7868     2.1642
     2.0459     1.2932    -1.9027     2.3431
     2.1614     1.4580    -2.0186     2.5315
     2.1703     1.7053    -2.1166     2.7105
     2.1614     1.9344    -2.2058     2.8895
     2.1614     2.0810    -2.2414     2.9837
     2.1614     2.2368    -2.2949     3.0214
     2.1525     2.3651    -2.3573     3.0591
     2.0903     2.4477    -2.3751     3.0779
     2.0726     2.4660    -2.3573     3.0685
     1.9837     2.4660    -2.3573     3.0591
     1.8860     2.5027    -2.3038     3.0308
     1.7794     2.4660    -2.2860     2.9931
     1.6461     2.5118    -2.2147     2.9272
     1.5661     2.4752    -2.1879     2.8612
     1.3795     2.4293    -2.1166     2.6445
     1.2818     2.4477    -2.0097     2.4750
     1.1485     2.4935    -1.8671     2.3337
     0.9974     2.4568    -1.7868     2.0983
     0.8818     2.3835    -1.6620     1.8911
     0.7129     2.3651    -1.5105     1.6370
     0.5352     2.2368    -1.3410     1.3734
     0.3662     2.0810    -1.1716     1.1099
     0.1795     1.8519    -1.0200     0.8088
     0.0462     1.6137    -0.7525     0.5831
    -0.0872     1.4306    -0.6008     0.2915
    -0.2651     1.2200    -0.3689     0.0940
    -0.4518     1.0278    -0.1369    -0.0658
    -0.5763     0.8539     0.0683    -0.3102
    -0.7364     0.5978     0.3449    -0.5358
    -0.9321     0.4423     0.5502    -0.6768
    -1.0478     0.2229     0.7912    -0.8647
    -1.2168     0.0309     1.0947    -1.0621
    -1.3503    -0.1701     1.3269    -1.2124
    -1.4214    -0.3528     1.5233    -1.3157
    -1.5282    -0.5264     1.8002    -1.4566
    -1.6884    -0.7090     1.9699    -1.6163
    -1.7774    -0.8003     2.2021    -1.7383
    -1.8485    -1.0011     2.3540    -1.8416
    -1.8752    -1.1653     2.4880    -1.9919
    -1.9820    -1.2748     2.6488    -2.0764
    -2.0265    -1.3752     2.8007    -2.1609
    -2.0799    -1.5394     2.9527    -2.2360
    -2.0977    -1.5850     2.9795    -2.2735
    -2.0799    -1.7217     3.0420    -2.2547
    -2.0888    -1.7764     3.0420    -2.2735
    -2.0621    -1.9041     3.0063    -2.2641
    -2.0265    -1.9770     3.0063    -2.3111
    -2.0087    -1.9770     2.9973    -2.2829
    -1.9197    -2.0408     2.9616    -2.2923
    -1.8930    -2.1137     2.8722    -2.2547
    -1.7952    -2.0772     2.7650    -2.2078
    -1.7151    -2.1046     2.5595    -2.0951
    -1.6439    -2.1410     2.4344    -2.0576
    -1.5282    -2.0681     2.2200    -1.9449
    -1.3947    -2.0955     1.9967    -1.8323
    -1.2613    -2.0225     1.7466    -1.7196
    -1.0834    -1.9679     1.5144    -1.6069
    -0.9766    -1.9041     1.2912    -1.4190
    -0.7631    -1.8311     1.0144    -1.3063
    -0.5852    -1.8038     0.7644    -1.1278
    -0.4340    -1.7035     0.4967    -0.9493
    -0.2028    -1.5758     0.2825    -0.7990
    -0.0072    -1.4117     0.0237    -0.5828
     0.1795    -1.2657    -0.2083    -0.4042
     0.3662    -1.1015    -0.4849    -0.1692
     0.5085    -0.9737    -0.6722    -0.0094
     0.7307    -0.8459    -0.9219     0.2163
     0.9529    -0.6633    -1.1181     0.4326
     1.0951    -0.4716    -1.2965     0.6395
     1.2907    -0.2797    -1.4926     0.8559
     1.4151    -0.1061    -1.6798     1.1381
     1.5750     0.1589    -1.8136     1.2981
     1.7350     0.3600    -1.9651     1.5617
     1.8416     0.5978    -2.0899     1.7311
     1.9482     0.8722    -2.2325     1.9194
     2.0903     1.0827    -2.3216     2.1171
     2.1259     1.2475    -2.3929     2.3431
     2.1881     1.5405    -2.4731     2.5033
     2.2414     1.7511    -2.5890     2.6822
     2.2502     1.9160    -2.5711     2.8612
     2.2414     2.1451    -2.6513     2.9366
     2.2236     2.2551    -2.6424     3.0120
     2.1614     2.4293    -2.6335     3.0308
     2.1081     2.4110    -2.6246     3.0308
     2.0726     2.4385    -2.5444     3.0779
     1.9837     2.5118    -2.5266     3.0214
     1.9038     2.5118    -2.4820     2.9649
     1.7883     2.4568    -2.3840     2.9272
     1.6017     2.5118    -2.3305     2.8047
     1.5039     2.4935    -2.2058     2.6728
     1.3618     2.5210    -2.0542     2.4656
     1.2373     2.5027    -1.8938     2.2772
     1.0507     2.4660    -1.7422     2.0418
     0.8729     2.4935    -1.5550     1.8252
     0.7663     2.4110    -1.3856     1.5522
     0.6063     2.3376    -1.1805     1.3358
     0.4107     2.1360    -0.9933     1.0817
     0.2329     1.9893    -0.7971     0.8276
     0.0728     1.7603    -0.5830     0.5737
    -0.0516     1.5405    -0.4046     0.3761
    -0.2384     1.2841    -0.1458     0.1316
    -0.3718     1.0827     0.1129    -0.1410
    -0.5141     0.8539     0.3092    -0.3384
    -0.6742     0.6527     0.5324    -0.5640
    -0.8165     0.4240     0.8180    -0.8366
    -0.9054     0.1863     0.9965    -1.0057
    -1.0478    -0.0330     1.2197    -1.2218
    -1.2257    -0.2797     1.4787    -1.4284
    -1.3325    -0.4076     1.6841    -1.5975
    -1.3858    -0.5903     1.8806    -1.7290
    -1.5193    -0.7911     2.0503    -1.9168
    -1.5994    -0.9463     2.2468    -2.0107
    -1.6795    -1.1562     2.3361    -2.1796
    -1.7863    -1.3387     2.4880    -2.2923
    -1.8041    -1.4755     2.5774    -2.3955
    -1.8752    -1.5758     2.6846    -2.4706
    -1.9375    -1.7035     2.6935    -2.5739
    -1.9553    -1.8220     2.7650    -2.6208
    -1.9642    -1.9496     2.7471    -2.6020
    -1.9998    -1.9770     2.7382    -2.6208
    -1.9553    -2.0590     2.7024    -2.6020
    -1.9375    -2.1501     2.6310    -2.5739
    -1.9642    -2.2048     2.6042    -2.6114
    -1.8752    -2.2321     2.5327    -2.5645
    -1.7952    -2.2048     2.4344    -2.4894
    -1.7774    -2.2504     2.2736    -2.4237
    -1.6706    -2.2139     2.1217    -2.3486
    -1.5727    -2.2504     1.9699    -2.2172
    -1.4481    -2.2230     1.8359    -2.1139
    -1.3414    -2.1684     1.6484    -1.9825
    -1.1990    -2.0863     1.4340    -1.8510
    -0.9944    -2.0225     1.2197    -1.7102
    -0.8165    -2.0225     1.0501    -1.5223
    -0.6653    -1.9223     0.8091    -1.4096
    -0.4874    -1.7855     0.6305    -1.2218
    -0.3184    -1.7582     0.4074    -1.0621
    -0.1228    -1.5941     0.2021    -0.8929
     0.1084    -1.4390    -0.0299    -0.6956
     0.2773    -1.3752    -0.2172    -0.4794
     0.4463    -1.2201    -0.4670    -0.2538
     0.6952    -1.0285    -0.6008    -0.0846
     0.8285    -0.8459    -0.8327     0.1504
     0.9796    -0.6907    -0.9933     0.3009
     1.1662    -0.5172    -1.1270     0.5172
     1.2996    -0.3437    -1.3232     0.7148
     1.4862    -0.1975    -1.4926     0.9500
     1.6639    -0.0148    -1.5996     1.1570
     1.7794     0.2777    -1.7333     1.3734
     1.9038     0.4423    -1.9205     1.5617
     1.9749     0.6435    -2.0097     1.7782
     2.1081     0.8814    -2.1434     1.9382
     2.1525     1.0827    -2.2325     2.1265
     2.2502     1.3115    -2.2681     2.3337
     2.2502     1.5130    -2.3751     2.4373
     2.2947     1.6504    -2.4286     2.5880
     2.2947     1.8885    -2.4909     2.6916
     2.3213     2.0260    -2.5088     2.7764
     2.2858     2.2093    -2.4998     2.8801
     2.2502     2.3010    -2.5177     2.8424
     2.2058     2.4385    -2.4998     2.8518
     2.1792     2.4752    -2.4107     2.8801
     2.0370     2.4935    -2.3662     2.8141
     1.8860     2.4935    -2.3216     2.7199
     1.7794     2.4752    -2.2414     2.6257
     1.6106     2.4752    -2.1790     2.4656
     1.4329     2.4843    -2.0364     2.3243
     1.2640     2.4568    -1.9473     2.0889
     1.0685     2.4843    -1.7779     1.8723
     0.8729     2.4110    -1.6531     1.6370
     0.7485     2.3468    -1.4302     1.4581
     0.5618     2.3193    -1.2519     1.2040
     0.4018     2.1268    -1.1181     0.9311
     0.2596     1.9160    -0.9219     0.7054
     0.1084     1.7969    -0.7168     0.4138
    -0.0694     1.5863    -0.4403     0.1975
    -0.2295     1.2932    -0.2351    -0.0282
    -0.3718     1.1102    -0.0120    -0.2820
    -0.4874     0.8173     0.2468    -0.5170
    -0.6119     0.6252     0.4877    -0.7520
    -0.7453     0.3875     0.7912    -0.9963
    -0.8521     0.1680     0.9787    -1.1654
    -1.0122    -0.0513     1.3090    -1.4284
    -1.0834    -0.2797     1.5233    -1.5599
    -1.1990    -0.5172     1.8180    -1.8041
    -1.2969    -0.6816     2.0592    -1.9637
    -1.4481    -0.8550     2.2021    -2.0951
    -1.5282    -1.0832     2.3808    -2.2360
    -1.6439    -1.2475     2.6042    -2.3392
    -1.7329    -1.4117     2.8275    -2.4049
    -1.7863    -1.5302     2.9527    -2.4706
    -1.8308    -1.6579     2.9884    -2.5645
    -1.8841    -1.8311     3.0510    -2.5832
    -1.9731    -1.9041     3.0152    -2.6396
    -1.9731    -1.9679     3.0599    -2.6208
    -2.0087    -2.0499     3.0063    -2.6583
    -2.0532    -2.1592     3.0510    -2.6208
    -1.9909    -2.2048     3.0152    -2.5739
    -1.9553    -2.1957     2.9973    -2.5551
    -1.9553    -2.2230     2.9616    -2.4425
    -1.8663    -2.2412     2.9080    -2.3862
    -1.7596    -2.2504     2.7561    -2.3298
    -1.6795    -2.2868     2.5684    -2.2266
    -1.5816    -2.2412     2.3629    -2.1139
    -1.4214    -2.2412     2.1396    -1.9731
    -1.3414    -2.2048     1.9609    -1.8510
    -1.1456    -2.1228     1.6662    -1.6538
    -1.0033    -2.0317     1.4787    -1.5223
    -0.8610    -1.9770     1.1840    -1.3721
    -0.6297    -1.8858     0.9787    -1.2124
    -0.4340    -1.7947     0.7377    -1.0433
    -0.2917    -1.6944     0.4431    -0.9023
    -0.0872    -1.6214     0.2646    -0.6768
     0.0906    -1.4846     0.0058    -0.5076
     0.2418    -1.3843    -0.1994    -0.3290
     0.4018    -1.2292    -0.3867    -0.0940
     0.6241    -1.0467    -0.6008     0.0846
     0.7930    -0.9372    -0.7971     0.2633
     0.9263    -0.7638    -0.9754     0.4702
     1.0685    -0.6177    -1.1627     0.7242
     1.1751    -0.3985    -1.3143     0.9029
     1.3618    -0.2067    -1.4659     1.1758
     1.5039     0.0035    -1.6085     1.3640
     1.6372     0.1955    -1.7066     1.5617
     1.7350     0.4057    -1.7868     1.7876
     1.8594     0.6435    -1.9116     1.9947
     1.9837     0.8905    -1.9740     2.1736
     2.1436     1.0735    -2.0186     2.3526
     2.1881     1.3482    -2.0542     2.4844
     2.2325     1.4764    -2.0988     2.6163
     2.3124     1.7145    -2.1255     2.7293
     2.3035     1.8519    -2.1255     2.8424
     2.2680     2.0443    -2.1790     2.9649
     2.2547     2.2001    -2.0721     2.9649
     2.2414     2.2918    -2.0364     2.9931
     2.2147     2.3926    -1.9651     2.9743
     2.0726     2.4660    -1.8938     2.9272
     1.9127     2.4568    -1.8403     2.8895
     1.7261     2.4660    -1.7690     2.7953
     1.5661     2.4752    -1.6709     2.6916
     1.4417     2.4843    -1.5372     2.5127
     1.2196     2.4843    -1.4748     2.3902
     1.0507     2.4660    -1.3054     2.1736
     0.8818     2.5118    -1.1627     1.9288
     0.7485     2.4843    -1.0468     1.7029
     0.6241     2.4110    -0.8862     1.5146
     0.4107     2.3285    -0.7346     1.2228
     0.2951     2.1818    -0.5205     0.9782
     0.1618     1.9527    -0.3421     0.7430
     0.0017     1.7786    -0.1637     0.4796
    -0.0961     1.5405     0.0415     0.1598
    -0.2562     1.3299     0.2200    -0.0658
    -0.3896     1.0644     0.4699    -0.2820
    -0.5674     0.8356     0.6573    -0.5358
    -0.7098     0.6252     0.8626    -0.7708
    -0.8165     0.3692     1.0769    -0.9869
    -0.9677     0.1315     1.2376    -1.2406
    -1.1189    -0.0879     1.4697    -1.4002
    -1.2346    -0.2523     1.6930    -1.5881
    -1.3947    -0.4533     1.8716    -1.8135
    -1.4926    -0.6359     2.0592    -1.9637
    -1.5727    -0.8733     2.2557    -2.0670
    -1.7240    -1.0467     2.4344    -2.1890
    -1.7952    -1.1927     2.5952    -2.3204
    -1.9019    -1.2931     2.7561    -2.4143
    -1.9642    -1.4664     2.8633    -2.4800
    -2.0532    -1.6214     2.9258    -2.5363
    -2.1155    -1.6944     2.9437    -2.5832
    -2.1867    -1.7947     2.9795    -2.5645
    -2.1689    -1.8494     2.9884    -2.5739
    -2.1511    -1.9587     2.9884    -2.6208
    -2.1689    -1.9952     2.9884    -2.5551
    -2.0977    -2.0408     2.9527    -2.5269
    -2.0621    -2.1592     2.8990    -2.4894
    -2.0443    -2.1592     2.8633    -2.4425
    -1.9464    -2.1957     2.7829    -2.3486
    -1.8130    -2.1866     2.6846    -2.2360
    -1.7685    -2.1957     2.5059    -2.1703
    -1.5994    -2.1592     2.3897    -2.0107
    -1.4570    -2.0772     2.1575    -1.9074
    -1.3325    -2.0955     1.9431    -1.7947
    -1.2346    -2.0225     1.7823    -1.6163
    -1.0834    -1.9587     1.5590    -1.4378
    -0.9054    -1.8494     1.3269    -1.2875
    -0.7186    -1.8220     1.0858    -1.1560
    -0.5141    -1.7491     0.8358    -0.9963
    -0.3629    -1.5941     0.5859    -0.8366
    -0.1761    -1.5120     0.3360    -0.6110
    -0.0605    -1.3296     0.0772    -0.4324
     0.1440    -1.2475    -0.1637    -0.1974
     0.3218    -1.0923    -0.3778    -0.0094
     0.4907    -0.8916    -0.6008     0.1881
     0.6152    -0.6999    -0.7792     0.3573
     0.7930    -0.5264    -1.0468     0.6301
     0.9441    -0.3711    -1.2251     0.8653
     1.1040    -0.2067    -1.4035     1.0535
     1.2729     0.0127    -1.5372     1.3169
     1.4329     0.2595    -1.7422     1.5428
     1.5750     0.4789    -1.8760     1.7405
     1.6550     0.7350    -2.0008     1.9665
     1.8238     0.9729    -2.1166     2.2301
     1.9393     1.1559    -2.2414     2.4185
     2.0459     1.4214    -2.2771     2.5692
     2.1081     1.5863    -2.3751     2.7576
     2.1703     1.8153    -2.4464     2.8424
     2.2147     1.9802    -2.4731     2.9554
     2.2325     2.1726    -2.5177     3.0402
     2.1881     2.2918    -2.4909     3.0591
     2.1348     2.4752    -2.4642     3.0968
     2.1170     2.5027    -2.4731     3.0968
     2.0104     2.5485    -2.3840     3.0874
     1.9304     2.5027    -2.3127     3.1062
     1.7616     2.5394    -2.2771     3.0685
     1.6550     2.5394    -2.1255     3.0591
     1.5039     2.5760    -2.0810     2.9743
     1.2907     2.5944    -1.9294     2.8895
     1.1574     2.5852    -1.8136     2.6916
     0.9974     2.5760    -1.6888     2.4562
     0.7841     2.5485    -1.4748     2.2584
     0.6507     2.5669    -1.3143     2.0512
     0.4552     2.5577    -1.1360     1.7688
     0.3040     2.5302    -0.9487     1.5805
     0.1618     2.4202    -0.7257     1.3264
    -0.0339     2.3193    -0.5651     1.0252
    -0.1228     2.0901    -0.3064     0.7618
    -0.3006     1.8611    -0.0745     0.5360
    -0.4251     1.6137     0.1575     0.2633
    -0.5141     1.3939     0.3628     0.0376
    -0.6475     1.1834     0.5770    -0.1692
    -0.8076     0.9363     0.8180    -0.3854
    -0.8965     0.7533     1.0858    -0.6110
    -1.0478     0.5338     1.3269    -0.7802
    -1.1812     0.2869     1.5233    -0.9587
    -1.3325     0.0949     1.7377    -1.1936
    -1.4659    -0.0970     1.9699    -1.3627
    -1.5905    -0.2889     2.1753    -1.5130
    -1.6795    -0.4807     2.3093    -1.6444
    -1.7596    -0.6268     2.4433    -1.7759
    -1.8930    -0.8094     2.6220    -1.9261
    -2.0087    -0.9281     2.6756    -1.9825
    -2.0443    -1.0193     2.7829    -2.0858
    -2.1600    -1.1471     2.8275    -2.1233
    -2.1867    -1.3022     2.8901    -2.1984
    -2.1867    -1.4208     2.8990    -2.2172
    -2.2668    -1.4664     2.8901    -2.1890
    -2.2312    -1.6214     2.8544    -2.2172
    -2.1867    -1.6944     2.8097    -2.2454
    -2.1422    -1.7126     2.7650    -2.2172
    -2.1244    -1.7855     2.7203    -2.2172
    -2.0621    -1.8676     2.6578    -2.1515
    -1.9108    -1.9132     2.5684    -2.0482
    -1.8663    -1.9132     2.4433    -2.0107
    -1.7151    -1.9314     2.3272    -1.8886
    -1.5994    -1.9314     2.1485    -1.8135
    -1.5015    -1.9314     1.9074    -1.7290
    -1.3058    -1.9132     1.8002    -1.5693
    -1.1456    -1.9041     1.5501    -1.4848
    -0.9944    -1.8402     1.3537    -1.3439
    -0.8432    -1.8220     1.1483    -1.2030
    -0.6831    -1.6853     0.9608    -1.0339
    -0.5408    -1.6579     0.7198    -0.8647
    -0.3718    -1.5029     0.5234    -0.6956
    -0.1761    -1.4390     0.3182    -0.5358
    -0.0072    -1.3204     0.0772    -0.3290
     0.1706    -1.1836    -0.1102    -0.1598
     0.2951    -1.0011    -0.3243     0.0282
     0.4907    -0.8459    -0.5473     0.2727
     0.6152    -0.7181    -0.6989     0.4326
     0.8285    -0.5446    -0.9219     0.6865
     0.9352    -0.3620    -1.0646     0.8559
     1.0863    -0.1336    -1.2430     1.0911
     1.2640     0.0127    -1.3856     1.2887
     1.4329     0.2412    -1.5639     1.5617
     1.5839     0.4515    -1.7155     1.7499
     1.7616     0.6710    -1.8047     1.9382
     1.9127     0.8814    -1.9562     2.1548
     2.0282     1.1102    -2.0453     2.3149
     2.1170     1.2841    -2.1523     2.5221
     2.1436     1.5405    -2.1701     2.6540
     2.1792     1.7511    -2.2592     2.7859
     2.2236     1.8885    -2.2860     2.8801
     2.2147     2.1085    -2.3394     2.9743
     2.2414     2.2735    -2.3127     2.9743
     2.1703     2.4293    -2.3394     3.0402
     2.1348     2.4293    -2.3127     3.0120
     2.0282     2.5027    -2.2503     3.0214
     1.8949     2.5394    -2.1790     2.9366
     1.7705     2.4843    -2.1077     2.8895
     1.6283     2.5394    -2.0542     2.7764
     1.5039     2.5485    -2.0008     2.6822
     1.3795     2.5394    -1.8492     2.5315
     1.1751     2.5485    -1.7601     2.3620
     1.0063     2.4935    -1.6174     2.1454
     0.8818     2.4660    -1.4570     1.8723
     0.6863     2.4752    -1.3232     1.6934
     0.5529     2.4660    -1.1716     1.4581
     0.4018     2.3101    -0.9665     1.2134
     0.2062     2.1451    -0.7525     0.9123
     0.1084     1.9710    -0.5473     0.6959
    -0.0339     1.7786    -0.3332     0.4326
    -0.2117     1.5405    -0.1458     0.1598
    -0.3095     1.3573     0.1218    -0.0376
    -0.4696     1.1010     0.3628    -0.3290
    -0.5763     0.8997     0.6127    -0.5358
    -0.7186     0.6252     0.8448    -0.7708
    -0.8699     0.4697     1.1215    -0.9587
    -1.0389     0.2686     1.3626    -1.1748
    -1.1634    -0.0056     1.6216    -1.3627
    -1.3058    -0.1427     1.8806    -1.5223
    -1.3769    -0.3345     2.0592    -1.7196
    -1.4837    -0.5811     2.2825    -1.8604
    -1.5994    -0.6816     2.4612    -1.9919
    -1.6973    -0.9189     2.6131    -2.1139
    -1.7863    -1.0102     2.7114    -2.1984
    -1.8841    -1.1653     2.8365    -2.3111
    -1.9909    -1.3478     2.9437    -2.4049
    -2.0176    -1.4208     2.9527    -2.4425
    -2.1155    -1.5576     2.9884    -2.5457
    -2.1244    -1.6579     2.9705    -2.5551
    -2.1244    -1.7855     2.9973    -2.5832
    -2.1244    -1.9132     2.9705    -2.5457
    -2.1333    -1.9679     2.9527    -2.5176
    -2.0888    -2.0225     2.9258    -2.4988
    -2.0532    -2.0863     2.8901    -2.4894
    -1.9820    -2.1957     2.7918    -2.4425
    -1.8752    -2.1866     2.6935    -2.3768
    -1.7952    -2.2230     2.5237    -2.3017
    -1.6617    -2.2276     2.3629    -2.2266
    -1.5371    -2.2321     2.1843    -2.1045
    -1.3414    -2.2321     1.9788    -2.0107
    -1.2346    -2.2686     1.8180    -1.8792
    -1.0745    -2.2504     1.5769    -1.7947
    -0.9054    -2.1592     1.3626    -1.6444
    -0.6920    -2.1319     1.1483    -1.4378
    -0.5585    -2.0225     0.9519    -1.2875
    -0.3451    -1.9314     0.7555    -1.1090
    -0.2117    -1.7764     0.4967    -0.9587
    -0.0516    -1.7217     0.2735    -0.7614
     0.1262    -1.5394     0.0594    -0.5546
     0.3129    -1.3934    -0.1548    -0.3290
     0.4818    -1.2931    -0.3600    -0.1128
     0.6774    -1.1015    -0.5651     0.0940
     0.7930    -0.9189    -0.7168     0.3479
     0.9796    -0.7364    -0.9398     0.5643
     1.1129    -0.5629    -1.1003     0.8276
     1.3084    -0.3163    -1.2697     1.0252
     1.5128    -0.0787    -1.3856     1.2981
     1.6106     0.1589    -1.5818     1.4864
     1.7972     0.3234    -1.7244     1.7217
     1.9393     0.5886    -1.8136     1.9288
     2.0992     0.8173    -1.9384     2.1736
     2.1703     1.0369    -2.0364     2.3337
     2.2591     1.2292    -2.1701     2.4938
     2.3124     1.4031    -2.2503     2.5974
     2.2591     1.6137    -2.3216     2.7670
     2.2947     1.8702    -2.3573     2.8706
     2.2591     1.9985    -2.4464     2.8989
     2.2680     2.1635    -2.4286     2.9366
     2.2858     2.3560    -2.4107     2.9743
     2.2591     2.3743    -2.4196     2.9931
     2.2591     2.4660    -2.4018     2.9931
     2.2325     2.5027    -2.4196     2.9178
     2.0903     2.4935    -2.3484     2.8518
     1.9749     2.5118    -2.3305     2.7576
     1.7705     2.4843    -2.2414     2.7011
     1.6283     2.5118    -2.1790     2.5127
     1.4506     2.4843    -2.0632     2.3620
     1.3351     2.4477    -1.9027     2.1830
     1.1396     2.4477    -1.8136     1.9570
     0.9529     2.4385    -1.6353     1.7311
     0.8196     2.4018    -1.5194     1.4769
     0.6241     2.3468    -1.3054     1.2322
     0.4729     2.2460    -1.1270     0.9782
     0.3840     2.0810    -0.9665     0.7148
     0.1795     1.8794    -0.7168     0.4984
     0.0995     1.6778    -0.5116     0.1881
    -0.0339     1.3848    -0.2708    -0.0188
    -0.2384     1.1925    -0.0388    -0.2256
    -0.3540     0.9912     0.2111    -0.4512
    -0.4874     0.7441     0.4431    -0.7050
    -0.6297     0.5703     0.6841    -0.9023
    -0.7186     0.3783     0.9787    -1.0902
    -0.8610     0.1498     1.2108    -1.2781
    -0.9944    -0.0605     1.4430    -1.4472
    -1.1545    -0.2889     1.6573    -1.6257
    -1.3058    -0.4350     1.9163    -1.8041
    -1.3858    -0.5811     2.0949    -1.8980
    -1.4837    -0.8094     2.2647    -2.0107
    -1.6350    -0.9646     2.4344    -2.1327
    -1.6617    -1.1288     2.6042    -2.2547
    -1.7418    -1.2292     2.7114    -2.3580
    -1.8485    -1.4025     2.7561    -2.3768
    -1.9019    -1.5211     2.8097    -2.4049
    -1.9375    -1.6579     2.8365    -2.4331
    -1.9108    -1.7673     2.8722    -2.4894
    -1.9464    -1.8038     2.8275    -2.4425
    -1.9197    -1.9041     2.7829    -2.4425
    -1.8841    -2.0317     2.7382    -2.3955
    -1.8574    -2.0590     2.6756    -2.3862
    -1.7863    -2.1137     2.5952    -2.3204
    -1.7062    -2.1501     2.4791    -2.2735
    -1.5994    -2.1228     2.3629    -2.1890
    -1.5460    -2.1410     2.2200    -2.1233
    -1.4303    -2.1410     2.0413    -2.0294
    -1.2524    -2.1319     1.8984    -1.8792
    -1.1011    -2.1501     1.7198    -1.7290
    -0.9677    -2.0863     1.5055    -1.5975
    -0.8165    -1.9861     1.3001    -1.4378
    -0.6119    -1.9679     1.0501    -1.3157
    -0.4963    -1.8585     0.8537    -1.1560
    -0.2917    -1.7764     0.6305    -0.9775
    -0.1317    -1.6488     0.4431    -0.7614
     0.0195    -1.4755     0.2468    -0.5734
     0.1529    -1.3569     0.0594    -0.3478
     0.3485    -1.2110    -0.1102    -0.1598
     0.4729    -1.1106    -0.2618     0.0846
     0.6418    -0.8824    -0.4403     0.3009
     0.7930    -0.7181    -0.6187     0.4890
     0.9441    -0.5720    -0.7703     0.7242
     1.0863    -0.4259    -0.9398     0.9500
     1.2640    -0.1975    -1.0646     1.2040
     1.4595     0.0127    -1.2430     1.4581
     1.6017     0.1955    -1.3767     1.6558
     1.7527     0.4240    -1.4659     1.8252
     1.8505     0.6344    -1.5729     1.9947
     2.0193     0.8356    -1.6620     2.2019
     2.0903     1.0644    -1.7957     2.3996
     2.2058     1.2658    -1.8492     2.4938
     2.2414     1.4489    -1.9116     2.6257
     2.2591     1.6778    -2.0275     2.7859
     2.2858     1.8336    -2.0632     2.8706
     2.2502     2.0260    -2.0988     2.9460
     2.2325     2.2185    -2.1077     2.9837
     2.1703     2.3560    -2.1077     2.9837
     2.1614     2.4018    -2.1434     3.0402
     2.0815     2.4843    -2.1434     3.0026
     1.9837     2.4752    -2.0988     3.0026
     1.8416     2.4752    -2.0632     2.9460
     1.6817     2.4752    -2.0186     2.8706
     1.5306     2.4752    -1.9918     2.7953
     1.3618     2.5027    -1.8760     2.6445
     1.2285     2.4660    -1.8492     2.5033
     1.0507     2.4752    -1.7512     2.2960
     0.8641     2.5027    -1.5818     2.0230
     0.6774     2.4660    -1.4124     1.7499
     0.5263     2.4110    -1.3143     1.5428
     0.4018     2.3468    -1.1538     1.2228
     0.2062     2.2185    -1.0022     0.9970
     0.0728     2.0077    -0.8060     0.7336
    -0.0694     1.8611    -0.5741     0.4138
    -0.2295     1.5771    -0.3957     0.1975
    -0.4162     1.3299    -0.2172    -0.0376
    -0.5408     1.1559     0.0237    -0.2914
    -0.6386     0.9180     0.2646    -0.5734
    -0.7809     0.6435     0.4877    -0.7990
    -0.9143     0.4972     0.7109    -1.0057
    -1.0656     0.2137     0.9340    -1.2030
    -1.2257     0.0309     1.2108    -1.3627
    -1.3236    -0.1792     1.4340    -1.5881
    -1.4837    -0.4259     1.6751    -1.7665
    -1.5549    -0.5629     1.8627    -1.8886
    -1.6706    -0.7638     2.1039    -2.0107
    -1.7774    -0.9281     2.2647    -2.1515
    -1.9108    -1.1015     2.3629    -2.2923
    -2.0087    -1.3113     2.4612    -2.3955
    -2.0799    -1.4755     2.5416    -2.5082
    -2.0888    -1.6123     2.6220    -2.5926
    -2.1511    -1.6944     2.6578    -2.6396
    -2.2223    -1.8220     2.6935    -2.6583
    -2.2223    -1.9314     2.7293    -2.6396
    -2.2223    -2.0590     2.6846    -2.6489
    -2.1689    -2.0772     2.6310    -2.6302
    -2.1244    -2.1501     2.5595    -2.6489
    -2.0354    -2.2230     2.4612    -2.6583
    -2.0087    -2.2959     2.4165    -2.5832
    -1.8752    -2.3324     2.2647    -2.5645
    -1.8130    -2.3597     2.1307    -2.4519
    -1.6973    -2.3232     1.9074    -2.3768
    -1.5549    -2.3779     1.7287    -2.2923
    -1.4303    -2.3597     1.5590    -2.1421
    -1.2613    -2.3232     1.3983    -2.0107
    -1.1456    -2.2504     1.1840    -1.8792
    -0.9321    -2.1592     1.0412    -1.7196
    -0.7631    -2.1228     0.8358    -1.5599
    -0.5763    -2.0225     0.6038    -1.3627
    -0.4162    -1.9587     0.3896    -1.1748
    -0.2473    -1.8311     0.1932    -0.9493
    -0.0872    -1.6853     0.0326    -0.7708
     0.0817    -1.5211    -0.1458    -0.5264
     0.3040    -1.4390    -0.3421    -0.2914
     0.4463    -1.2475    -0.5027    -0.0470
     0.6418    -1.1288    -0.6454     0.1410
     0.7307    -0.9372    -0.8238     0.3855
     0.8907    -0.7638    -0.9754     0.6395
     1.0774    -0.5720    -1.1092     0.8653
     1.2373    -0.3711    -1.2251     1.1193
     1.4240    -0.1975    -1.3232     1.3075
     1.6017     0.0949    -1.4748     1.5711
     1.7616     0.2960    -1.5907     1.8158
     1.8771     0.4972    -1.6531     2.0230
     1.9837     0.7807    -1.7333     2.1925
     2.0903     0.9546    -1.8225     2.3808
     2.1881     1.2200    -1.9473     2.5692
     2.2680     1.4764    -2.0008     2.7388
     2.2325     1.7145    -2.0721     2.8706
     2.2769     1.9160    -2.0721     2.9554
     2.2947     2.0810    -2.0899     3.0120
     2.2858     2.3285    -2.0988     3.0497
     2.2236     2.4202    -2.1434     3.0968
     2.1259     2.4293    -2.1077     3.1062
     2.0903     2.4660    -2.0988     3.1156
     1.9660     2.5210    -2.0542     3.1062
     1.8060     2.4843    -1.9473     3.0685
     1.6550     2.5118    -1.9116     3.0402
     1.5395     2.4843    -1.8671     3.0308
     1.4151     2.4843    -1.7512     2.8989
     1.2107     2.4752    -1.6798     2.7482
     1.0507     2.5118    -1.5550     2.5221
     0.9174     2.5210    -1.3678     2.2584
     0.7663     2.4660    -1.2340     2.0324
     0.5529     2.4660    -1.0914     1.8252
     0.4107     2.4752    -0.9487     1.5993
     0.2596     2.3376    -0.7525     1.3452
     0.1262     2.1910    -0.5384     1.0535
    -0.0605     2.0352    -0.3510     0.7712
    -0.2117     1.8336    -0.1280     0.5454
    -0.3095     1.6229     0.0772     0.3103
    -0.4429     1.3573     0.3092     0.0846
    -0.6297     1.1468     0.5770    -0.1786
    -0.7631     1.0003     0.8001    -0.4324
    -0.8965     0.7350     0.9787    -0.5922
    -0.9677     0.5246     1.2644    -0.7896
    -1.0923     0.3692     1.4965    -1.0057
    -1.2346     0.0949     1.7109    -1.2124
    -1.3414    -0.0879     1.9431    -1.3439
    -1.4481    -0.3071     2.1217    -1.5317
    -1.6083    -0.4442     2.2647    -1.6726
    -1.6706    -0.6633     2.4076    -1.8323
    -1.8041    -0.8003     2.5416    -1.9168
    -1.8574    -1.0011     2.6756    -2.0670
    -1.9464    -1.2110     2.7739    -2.1421
    -1.9998    -1.3204     2.8365    -2.2360
    -2.0977    -1.5211     2.9258    -2.2829
    -2.1422    -1.5758     2.9258    -2.3298
    -2.1155    -1.7035     2.9169    -2.3392
    -2.1111    -1.8402     2.8722    -2.3768
    -2.1066    -1.9405     2.8454    -2.3768
    -2.1244    -2.0134     2.7739    -2.4049
    -2.0265    -2.0317     2.7114    -2.3955
    -1.9642    -2.0863     2.6131    -2.3674
    -1.8930    -2.1046     2.4969    -2.3204
    -1.8308    -2.1182     2.2915    -2.3017
    -1.6884    -2.1319     2.1396    -2.2172
    -1.5282    -2.1775     1.9877    -2.0951
    -1.3947    -2.1137     1.7734    -2.0294
    -1.2702    -2.1410     1.5680    -1.9261
    -1.1723    -2.0590     1.3715    -1.8416
    -0.9588    -1.9952     1.1662    -1.6632
    -0.8610    -1.9496     0.9697    -1.5411
    -0.6653    -1.9314     0.7734    -1.3533
    -0.5052    -1.8311     0.5681    -1.2030
    -0.2917    -1.7308     0.3182    -0.9869
    -0.1317    -1.5485     0.1486    -0.8366
     0.0284    -1.4299    -0.0566    -0.6016
     0.1973    -1.3478    -0.1905    -0.4512
     0.3751    -1.1653    -0.3689    -0.2068
     0.5085    -1.0193    -0.6008     0.0470
     0.6596    -0.9007    -0.7703     0.2445
     0.8463    -0.7090    -0.8952     0.4232
     0.9885    -0.5538    -1.0468     0.6489
     1.1662    -0.3528    -1.1984     0.8653
     1.3262    -0.2158    -1.3321     1.1193
     1.4329     0.0401    -1.5105     1.3640
     1.5750     0.1955    -1.6174     1.5899
     1.6905     0.4515    -1.6977     1.7593
     1.8594     0.6801    -1.8136     1.9665
     1.9304     0.9088    -1.8671     2.1360
     2.0548     1.0827    -1.9740     2.3149
     2.1792     1.3024    -2.0632     2.5033
     2.2325     1.5954    -2.1255     2.6445
     2.2236     1.7969    -2.1701     2.7953
     2.2591     1.9802    -2.1879     2.8612
     2.2947     2.1635    -2.1434     2.8989
     2.2325     2.3560    -2.1612     2.9554
     2.1792     2.4935    -2.1612     2.9931
     2.1170     2.4660    -2.1255     2.9931
     2.0637     2.4843    -2.0542     2.9366
     1.9038     2.4935    -2.0008     2.8895
     1.7527     2.5669    -1.8849     2.7670
     1.6106     2.5577    -1.8136     2.7011
     1.4062     2.5027    -1.6888     2.5409
     1.3084     2.4935    -1.5818     2.3431
     1.1129     2.5302    -1.4302     2.1642
     0.9618     2.5027    -1.2965     1.9476
     0.7752     2.4660    -1.1805     1.7405
     0.6507     2.4660    -0.9843     1.4958
     0.5174     2.4110    -0.7971     1.2511
     0.3307     2.2460    -0.6454     1.0158
     0.1529     2.0352    -0.4581     0.8276
     0.0195     1.9069    -0.2351     0.5454
    -0.0961     1.7236    -0.0209     0.3291
    -0.2562     1.5038     0.2378     0.1034
    -0.4429     1.2658     0.4431    -0.1128
    -0.5941     1.0827     0.6395    -0.3102
    -0.6920     0.8905     0.8537    -0.4982
    -0.8610     0.7441     1.1037    -0.7144
    -1.0033     0.4789     1.3358    -0.9023
    -1.1812     0.2869     1.5948    -1.0902
    -1.3058     0.1406     1.8002    -1.2406
    -1.4214    -0.0879     1.9877    -1.4096
    -1.5193    -0.2615     2.1753    -1.5317
    -1.6617    -0.4076     2.3897    -1.7102
    -1.7507    -0.5811     2.5059    -1.7853
    -1.8485    -0.7820     2.6578    -1.9261
    -1.9820    -0.9007     2.7471    -2.0294
    -2.0888    -1.0467     2.7739    -2.0858
    -2.1511    -1.1927     2.8275    -2.1233
    -2.1778    -1.3113     2.8990    -2.1609
    -2.2045    -1.4573     2.9348    -2.2266
    -2.2401    -1.5576     2.9169    -2.2360
    -2.2401    -1.6032     2.8990    -2.2641
    -2.2846    -1.7491     2.8097    -2.2641
    -2.2846    -1.7582     2.7650    -2.2266
    -2.2312    -1.8676     2.7114    -2.1796
    -2.1333    -1.8402     2.6310    -2.1609
    -2.0532    -1.9314     2.4701    -2.1327
    -1.9553    -1.9041     2.3093    -2.0670
    -1.9019    -1.9086     2.1396    -1.9825
    -1.7952    -1.9132     1.9967    -1.8698
    -1.6617    -1.9132     1.7912    -1.7759
    -1.4837    -1.8858     1.5858    -1.6914
    -1.3325    -1.9314     1.3715    -1.5787
    -1.1901    -1.8220     1.1751    -1.3909
    -1.0033    -1.7673     0.9430    -1.2969
    -0.8521    -1.7400     0.7644    -1.1090
    -0.6920    -1.6397     0.5770    -0.9211
    -0.4607    -1.5211     0.3271    -0.7990
    -0.3184    -1.4573     0.1040    -0.6110
    -0.1761    -1.3296    -0.0655    -0.3948
     0.0195    -1.2110    -0.2797    -0.2162
     0.2062    -1.0923    -0.4224     0.0094
     0.3485    -0.9555    -0.6454     0.1504
     0.5174    -0.8003    -0.8149     0.3291
     0.7218    -0.6633    -0.9487     0.5548
     0.8907    -0.4624    -1.0914     0.7900
     0.9974    -0.2889    -1.2875     0.9405
     1.2107    -0.1061    -1.4124     1.1946
     1.3440     0.0858    -1.5015     1.3828
     1.4773     0.2686    -1.6531     1.5522
     1.6283     0.4697    -1.7601     1.7499
     1.8594     0.6710    -1.8938     1.9382
     1.9393     0.8814    -1.9473     2.1360
     2.0548     1.1193    -2.0275     2.3055
     2.1792     1.2932    -2.1345     2.4185
     2.2769     1.4764    -2.1968     2.5127
     2.2947     1.7053    -2.1879     2.6634
     2.3124     1.8336    -2.2147     2.7670
     2.2858     2.0443    -2.2147     2.8235
     2.3035     2.1635    -2.1879     2.8989
     2.2947     2.3285    -2.1612     2.8801
     2.2502     2.4202    -2.1255     2.8612
     2.2058     2.4568    -2.0542     2.8330
     2.1081     2.4385    -2.0008     2.7482
     1.9304     2.4477    -1.9294     2.6351
     1.8238     2.4477    -1.8849     2.4844
     1.6728     2.4522    -1.7868     2.3149
     1.5128     2.4568    -1.6620     2.1265
     1.2907     2.4385    -1.5550     1.9382
     1.1485     2.4568    -1.3678     1.7405
     1.0418     2.4018    -1.2608     1.4769
     0.8552     2.2918    -1.1003     1.2511
     0.7396     2.2276    -0.9308     1.0252
     0.5352     2.0718    -0.6989     0.8465
     0.4285     1.9069    -0.5473     0.5737
     0.2951     1.6962    -0.3154     0.3950
     0.1351     1.5771    -0.0745     0.1881
    -0.0427     1.3024     0.1308    -0.0094
    -0.1850     1.1285     0.3182    -0.2632
    -0.3273     0.8905     0.5413    -0.4606
    -0.4162     0.6801     0.8091    -0.6298
    -0.5319     0.5246     1.0412    -0.8366
    -0.7186     0.3234     1.2465    -1.0527
    -0.8699     0.0584     1.4697    -1.2218
    -0.9766    -0.0879     1.7377    -1.3533
    -1.1634    -0.3071     1.9074    -1.5411
    -1.2702    -0.4898     2.1396    -1.6726
    -1.3503    -0.6633     2.3183    -1.7759
    -1.5193    -0.7911     2.4255    -1.9355
    -1.5905    -0.9372     2.5684    -2.0107
    -1.7329    -1.1015     2.6578    -2.1421
    -1.7952    -1.2566     2.7471    -2.1703
    -1.9108    -1.3752     2.8186    -2.2735
    -1.9820    -1.4481     2.8544    -2.3204
    -1.9731    -1.5758     2.8275    -2.3111
    -2.0265    -1.6670     2.8275    -2.3674
    -2.0443    -1.7582     2.7918    -2.3486
    -2.0621    -1.8129     2.7650    -2.3955
    -2.0443    -1.8676     2.7114    -2.3862
    -2.0532    -1.9770     2.6756    -2.3580
    -2.0087    -1.9770     2.5506    -2.2735
    -1.9019    -2.0408     2.4165    -2.2078
    -1.8663    -2.0590     2.2915    -2.1515
    -1.7507    -2.0590     2.1039    -2.0858
    -1.6706    -2.0408     1.9609    -2.0482
    -1.5549    -2.0863     1.7912    -1.9168
    -1.3858    -2.0590     1.6126    -1.8323
    -1.2880    -1.9770     1.3715    -1.6820
    -1.1278    -1.9770     1.1394    -1.5130
    -0.9499    -1.8767     0.9340    -1.3721
    -0.7453    -1.8585     0.7644    -1.2593
    -0.5497    -1.7308     0.5859    -1.1184
    -0.4162    -1.6488     0.3628    -0.9211
    -0.2117    -1.6123     0.2021    -0.7802
    -0.0516    -1.4846    -0.0031    -0.6204
     0.0906    -1.4117    -0.2172    -0.3854
     0.2240    -1.2292    -0.4135    -0.1410
     0.4374    -1.0832    -0.5651     0.0094
     0.6063    -0.9646    -0.7079     0.1975
     0.7396    -0.8459    -0.8684     0.3950
     0.8729    -0.6999    -1.0379     0.6019
     1.0507    -0.4807    -1.1716     0.7994
     1.2373    -0.3071    -1.3678     1.0158
     1.4062    -0.1610    -1.4926     1.2134
     1.5484     0.0309    -1.5729     1.3640
     1.7261     0.2960    -1.7155     1.6087
     1.8771     0.4606    -1.8225     1.7499
     1.9482     0.6801    -1.8760     1.9100
     2.0903     0.9546    -2.0186     2.1077
     2.1614     1.1102    -2.0810     2.2490
     2.2414     1.3848    -2.1523     2.3902
     2.2947     1.5496    -2.1612     2.4844
     2.2502     1.7328    -2.2147     2.5786
     2.2858     1.8611    -2.2147     2.6540
     2.3035     2.0627    -2.1612     2.6728
     2.2502     2.1635    -2.1612     2.7105
     2.2414     2.2826    -2.1255     2.7105
     2.1969     2.2918    -2.0899     2.6634
     2.0459     2.3376    -2.0899     2.6540
     1.9482     2.3651    -2.0275     2.5692
     1.7794     2.3743    -1.9473     2.4656
     1.6195     2.3743    -1.8938     2.3902
     1.4506     2.3743    -1.7779     2.2113
     1.3084     2.4110    -1.6353     2.0230
     1.1751     2.3193    -1.5194     1.8535
     0.9529     2.2826    -1.3945     1.6275
     0.8641     2.2185    -1.2608     1.4487
     0.7218     2.0993    -1.1181     1.2134
     0.5263     2.0260    -0.8952     0.9688
     0.4463     1.9344    -0.7703     0.7712
     0.3129     1.7969    -0.5830     0.5643
     0.1884     1.7236    -0.3957     0.3479
     0.0551     1.4855    -0.1905     0.1128
    -0.1139     1.2749     0.0504    -0.0940
    -0.1939     1.1193     0.2289    -0.2914
    -0.3718     0.8997     0.4967    -0.5170
    -0.4696     0.6344     0.6930    -0.7332
    -0.6208     0.4606     0.9251    -0.9117
    -0.7009     0.1955     1.0858    -1.0433
    -0.8699    -0.0422     1.3626    -1.2500
    -0.9766    -0.2523     1.5144    -1.3627
    -1.1100    -0.4259     1.7823    -1.5505
    -1.2257    -0.5811     1.9252    -1.6350
    -1.3325    -0.8003     2.0949    -1.7665
    -1.4214    -0.9463     2.2736    -1.8980
    -1.5371    -1.0467     2.3629    -1.9825
    -1.5816    -1.1653     2.4969    -2.0951
    -1.6172    -1.2931     2.5416    -2.1421
    -1.6617    -1.4299     2.6042    -2.1984
    -1.7151    -1.5211     2.6310    -2.2360
    -1.7151    -1.5758     2.6310    -2.2454
    -1.7774    -1.6761     2.5506    -2.1890
    -1.7774    -1.7217     2.5059    -2.1796
    -1.7240    -1.8585     2.4523    -2.2078
    -1.7062    -1.9041     2.3719    -2.1890
    -1.6083    -1.9223     2.3093    -2.2078
    -1.5282    -1.9223     2.2111    -2.1703
    -1.4837    -1.9952     2.0413    -2.0764
    -1.3325    -1.9770     1.9252    -2.0764
    -1.2613    -1.9679     1.7198    -1.9637
    -1.0923    -1.9770     1.6305    -1.8980
    -0.9855    -1.9587     1.3715    -1.7853
    -0.8432    -1.9041     1.1662    -1.6726
    -0.6920    -1.9132     0.9876    -1.5411
    -0.5497    -1.8858     0.7823    -1.4096
    -0.3896    -1.7947     0.5859    -1.2593
    -0.1761    -1.7673     0.4163    -1.1654
    -0.0072    -1.6397     0.2289    -1.0057
     0.1351    -1.6214     0.0058    -0.8178
     0.3129    -1.5302    -0.1191    -0.6486
     0.4374    -1.4846    -0.2886    -0.4606
     0.6418    -1.2840    -0.4938    -0.2444
     0.7574    -1.2110    -0.6722     0.0094
     0.8285    -1.0285    -0.8149     0.1787
     0.9974    -0.8916    -0.9130     0.3479
     1.1574    -0.7638    -1.1003     0.6019
     1.2907    -0.6177    -1.2073     0.7712
     1.4151    -0.3802    -1.3232     0.9500
     1.5484    -0.1792    -1.4302     1.1570
     1.6994     0.0127    -1.5729     1.3264
     1.8416     0.2777    -1.6798     1.5334
     2.0015     0.5155    -1.7779     1.7405
     2.0992     0.7167    -1.8760     1.9006
     2.1081     0.9820    -1.9205     2.0230
     2.1969     1.1468    -2.0186     2.1642
     2.2414     1.3756    -2.1077     2.3149
     2.2147     1.5954    -2.1434     2.3902
     2.2414     1.7236    -2.1790     2.4844
     2.1881     1.9252    -2.2058     2.5503
     2.1170     1.9710    -2.2325     2.6540
     2.0637     2.1451    -2.2236     2.6822
     1.9571     2.1818    -2.2325     2.7388
     1.8594     2.3101    -2.2058     2.7388
     1.7439     2.3468    -2.1434     2.6728
     1.5661     2.4018    -2.0899     2.6257
     1.4595     2.4293    -2.0097     2.5786
     1.2640     2.3926    -1.9740     2.5033
     1.0863     2.4110    -1.8671     2.3431
     0.9263     2.3743    -1.7868     2.2301
     0.6774     2.3651    -1.7333     1.9947
     0.5618     2.3560    -1.5372     1.8158
     0.3662     2.3285    -1.4391     1.5617
     0.1973     2.2460    -1.2697     1.3075
     0.0551     2.1818    -1.1003     1.0911
    -0.0694     2.0810    -0.9041     0.8465
    -0.1672     1.9344    -0.7079     0.6677
    -0.3006     1.8794    -0.5741     0.4326
    -0.4340     1.6962    -0.3332     0.1881
    -0.5319     1.4580    -0.1280     0.0094
    -0.6831     1.2292     0.0594    -0.2350
    -0.8432     0.9912     0.2646    -0.4700
    -0.9588     0.7807     0.5056    -0.6298
    -1.1100     0.5246     0.7377    -0.8272
    -1.2257     0.3052     0.9965    -0.9775
    -1.3058     0.0858     1.2376    -1.1184
    -1.4036    -0.1701     1.4697    -1.2687
    -1.5549    -0.3620     1.6573    -1.4472
    -1.6350    -0.5081     1.8716    -1.5505
    -1.6973    -0.7181     2.0324    -1.6350
    -1.8130    -0.8459     2.1575    -1.7759
    -1.8574    -0.9555     2.2825    -1.8416
    -1.8930    -1.1562     2.3451    -1.9355
    -1.9553    -1.2657     2.4255    -2.0107
    -1.9909    -1.3478     2.4612    -2.0858
    -2.0532    -1.4573     2.5148    -2.1421
    -2.0888    -1.5211     2.5774    -2.1609
    -2.0799    -1.6488     2.5774    -2.1609
    -2.0354    -1.6397     2.5416    -2.1421
    -2.0176    -1.7217     2.4701    -2.1890
    -1.9197    -1.7582     2.3897    -2.1703
    -1.8396    -1.7855     2.3361    -2.1515
    -1.7685    -1.8402     2.2736    -2.1327
    -1.7151    -1.8767     2.2111    -2.1327
    -1.6172    -1.8949     2.1128    -2.1045
    -1.4837    -1.8949     2.0145    -2.0294
    -1.3680    -1.8767     1.8716    -1.9449
    -1.1990    -1.8949     1.6751    -1.8510
    -1.0122    -1.8767     1.5233    -1.7102
    -0.8521    -1.8585     1.3626    -1.5975
    -0.7275    -1.8220     1.1929    -1.4754
    -0.5319    -1.8311     0.9787    -1.2969
    -0.3451    -1.7308     0.7644    -1.1560
    -0.1939    -1.7400     0.5770    -1.0057
    -0.0605    -1.6214     0.4253    -0.8460
     0.1351    -1.5850     0.2468    -0.6016
     0.2418    -1.4938     0.0772    -0.4418
     0.4374    -1.4117    -0.1191    -0.1974
     0.5707    -1.2383    -0.3243    -0.0376
     0.7218    -1.1015    -0.4670     0.1787
     0.7930    -0.9463    -0.5919     0.3667
     0.9707    -0.8459    -0.7614     0.6207
     1.1485    -0.5811    -0.9398     0.8276
     1.2907    -0.4350    -1.0735     1.0158
     1.4062    -0.1427    -1.2162     1.1758
     1.5217     0.0766    -1.2786     1.3640
     1.6639     0.3692    -1.4035     1.5522
     1.8327     0.6252    -1.5550     1.7499
     1.9571     0.8265    -1.6442     1.8911
     2.0459     1.0919    -1.7512     2.0606
     2.0992     1.3024    -1.8047     2.2113
     2.1259     1.5221    -1.9205     2.3337
     2.1081     1.6778    -1.9562     2.4844
     2.1170     1.8702    -1.9918     2.5880
     2.1525     1.9802    -2.0542     2.6634
     2.1170     2.0535    -2.0542     2.7953
     2.0637     2.2001    -2.0810     2.8330
     1.9926     2.3010    -2.0988     2.8801
     1.9127     2.3376    -2.0632     2.9178
     1.7527     2.4202    -2.0810     2.8424
     1.6817     2.4385    -1.9918     2.8235
     1.5128     2.4843    -1.9562     2.7293
     1.3884     2.4660    -1.8760     2.6445
     1.2196     2.4706    -1.8225     2.4938
     1.0152     2.4752    -1.7601     2.2772
     0.8196     2.4752    -1.6798     2.0889
     0.6685     2.4752    -1.5461     1.8158
     0.5085     2.4568    -1.4035     1.6370
     0.3929     2.4752    -1.2340     1.4016
     0.2240     2.3743    -1.1003     1.1852
     0.0906     2.3468    -0.9398     0.9688
    -0.0072     2.1360    -0.7435     0.7712
    -0.1761     1.9985    -0.5741     0.4984
    -0.2917     1.7786    -0.4224     0.3197
    -0.4607     1.5588    -0.2261     0.0564
    -0.5763     1.2475    -0.0388    -0.1316
    -0.6831     1.0735     0.1754    -0.2914
    -0.8165     0.8082     0.4163    -0.5170
    -0.9410     0.5795     0.6038    -0.6768
    -1.0656     0.3966     0.8269    -0.8460
    -1.1456     0.1772     1.0858    -0.9869
    -1.2880    -0.0787     1.2912    -1.1748
    -1.3414    -0.2615     1.5144    -1.2781
    -1.4659    -0.4168     1.7198    -1.4472
    -1.5905    -0.5446     1.8806    -1.5975
    -1.6172    -0.7181     2.0592    -1.6820
    -1.7507    -0.8642     2.1396    -1.8135
    -1.7507    -0.9920     2.3093    -1.9074
    -1.8130    -1.0467     2.3719    -2.0107
    -1.8752    -1.2201     2.3897    -2.0576
    -1.8663    -1.2475     2.4523    -2.0482
    -1.9108    -1.3478     2.4612    -2.1139
    -1.8485    -1.4208     2.4612    -2.1327
    -1.8663    -1.5667     2.4612    -2.2078
    -1.8041    -1.5667     2.4165    -2.1890
    -1.7685    -1.6214     2.3897    -2.2360
    -1.6617    -1.6853     2.3629    -2.2078
    -1.5905    -1.7582     2.2379    -2.1796
    -1.4837    -1.8311     2.1932    -2.1233
    -1.3325    -1.8767     2.0503    -2.0200
    -1.2791    -1.8676     1.9342    -2.0107
    -1.1456    -1.9223     1.8091    -1.9261
    -0.9944    -1.9132     1.6751    -1.8323
    -0.8610    -1.8949     1.4965    -1.7290
    -0.6742    -1.9405     1.2822    -1.5787
    -0.4874    -1.8585     1.0947    -1.4096
    -0.3540    -1.8494     0.8805    -1.2969
    -0.1583    -1.8129     0.7109    -1.1184
    -0.0072    -1.7126     0.5681    -0.9587
     0.1440    -1.6397     0.3271    -0.7896
     0.3307    -1.5941     0.1932    -0.5922
     0.4107    -1.4846     0.0237    -0.4512
     0.6063    -1.3387    -0.1369    -0.2068
     0.7129    -1.2018    -0.2797    -0.0282
     0.8018    -1.0193    -0.4492     0.1222
     0.9441    -0.8824    -0.6187     0.3103
     1.1040    -0.6542    -0.7881     0.5454
     1.2285    -0.4624    -0.8862     0.7524
     1.3618    -0.3071    -1.0111     0.9123
     1.4951    -0.0330    -1.1805     1.1570
     1.6283     0.1955    -1.2608     1.3169
     1.7527     0.4149    -1.3856     1.5052
     1.9215     0.6344    -1.4659     1.6934
     2.0015     0.8448    -1.5639     1.8535
     2.0726     1.0735    -1.6888     2.0889
     2.1259     1.2841    -1.7333     2.2019
     2.1703     1.4855    -1.8225     2.3526
     2.1436     1.6412    -1.8760     2.4844
     2.1259     1.7786    -1.9205     2.5692
     2.1436     1.9069    -1.9116     2.5974
     2.0548     2.0352    -1.9740     2.6916
     1.9749     2.1543    -1.9829     2.7388
     1.9304     2.2551    -1.9740     2.7011
     1.7794     2.3560    -2.0008     2.7011
     1.6461     2.4568    -1.9384     2.6634
     1.5661     2.4752    -1.8403     2.5880
     1.3529     2.4477    -1.8136     2.5127
     1.1929     2.4843    -1.7333     2.3808
     1.0329     2.4385    -1.6442     2.2113
     0.8285     2.5027    -1.5729     2.0418
     0.6507     2.4660    -1.4570     1.8158
     0.4996     2.4202    -1.3232     1.5993
     0.3129     2.3560    -1.1716     1.3922
     0.1618     2.3376    -1.0200     1.1381
     0.0373     2.1726    -0.8506     0.9217
    -0.1050     2.0993    -0.6722     0.7242
    -0.2028     1.8885    -0.4581     0.5266
    -0.3629     1.7145    -0.2440     0.3291
    -0.4518     1.5130    -0.0655     0.1128
    -0.5941     1.3573     0.1665    -0.0846
    -0.7542     1.0735     0.3717    -0.3102
    -0.8877     0.9363     0.5591    -0.5170
    -0.9677     0.7258     0.7912    -0.6768
    -1.1278     0.4606     1.0055    -0.8460
    -1.2613     0.3143     1.2197    -1.0339
    -1.3680     0.0218     1.4430    -1.1936
    -1.4659    -0.0787     1.6394    -1.3627
    -1.5371    -0.3163     1.8180    -1.4942
    -1.6350    -0.4259     2.0235    -1.5787
    -1.7151    -0.6268     2.1128    -1.7102
    -1.8396    -0.7455     2.2647    -1.7853
    -1.8663    -0.9098     2.3272    -1.8792
    -1.8930    -1.0650     2.4701    -1.9261
    -1.9464    -1.2201     2.5684    -2.0013
    -1.9642    -1.3204     2.6310    -2.0294
    -1.9998    -1.4755     2.7203    -2.0764
    -1.9909    -1.5029     2.7024    -2.1796
    -2.0265    -1.6123     2.7471    -2.1609
    -1.9909    -1.6944     2.7203    -2.1796
    -1.9286    -1.8038     2.6667    -2.2078
    -1.8574    -1.8767     2.6131    -2.2454
    -1.7774    -1.9679     2.5506    -2.2172
    -1.7418    -2.0225     2.5148    -2.2078
    -1.6706    -2.0408     2.4255    -2.1421
    -1.5371    -2.0134     2.3004    -2.1421
    -1.4392    -2.0590     2.1485    -2.0858
    -1.3147    -2.0681     1.9074    -2.0107
    -1.1812    -2.1228     1.7734    -1.8980
    -1.0478    -2.0863     1.5680    -1.7853
    -0.8521    -2.1046     1.3358    -1.7196
    -0.7098    -2.0134     1.1215    -1.5411
    -0.5408    -2.0134     0.9162    -1.4096
    -0.3896    -1.9952     0.7198    -1.2312
    -0.1939    -1.8767     0.5502    -1.0433
    -0.0250    -1.8402     0.3539    -0.8553
     0.1440    -1.7582     0.1575    -0.6580
     0.3574    -1.6123     0.0237    -0.4700
     0.4996    -1.5576    -0.1458    -0.2820
     0.5796    -1.3661    -0.3689    -0.0094
     0.7841    -1.2110    -0.4581     0.1598
     0.8729    -1.0285    -0.6454     0.3573
     1.0063    -0.8550    -0.7971     0.5737
     1.2018    -0.6542    -0.8773     0.7524
     1.3173    -0.5172    -1.0200     0.9500
     1.4062    -0.2432    -1.1805     1.2134
     1.6106    -0.0056    -1.2430     1.3452
     1.7439     0.2229    -1.3500     1.5334
     1.8682     0.4789    -1.4480     1.7217
     1.9837     0.7716    -1.5550     1.9006
     2.0548     0.9820    -1.6620     2.0983
     2.1081     1.2841    -1.7601     2.2866
     2.1259     1.4489    -1.8403     2.4091
     2.1259     1.6962    -1.8492     2.5127
     2.1259     1.8519    -1.9473     2.6445
     2.1348     2.0810    -1.9384     2.7293
     2.1081     2.1726    -1.9562     2.8330
     2.0104     2.2735    -2.0008     2.9083
     1.9482     2.3835    -2.0008     2.8801
     1.8682     2.4568    -1.9651     2.8989
     1.7083     2.5210    -1.9829     2.8518
     1.6372     2.5394    -1.8671     2.8424
     1.4595     2.5027    -1.8136     2.7388
     1.3529     2.5485    -1.7155     2.6351
     1.2018     2.5577    -1.6442     2.4844
     1.0240     2.5027    -1.5550     2.2960
     0.8107     2.5027    -1.4659     2.0418
     0.7041     2.5302    -1.2786     1.8535
     0.5441     2.5210    -1.1805     1.6464
     0.4107     2.4935    -0.9843     1.4111
     0.2862     2.5210    -0.8149     1.1946
     0.1529     2.4385    -0.6633     1.0158
     0.0462     2.2918    -0.5027     0.8371
    -0.1317     2.1268    -0.2886     0.5643
    -0.2384     1.9710    -0.1012     0.3291
    -0.3273     1.7420     0.1129     0.1504
    -0.4429     1.4672     0.3271    -0.0658
    -0.5674     1.2475     0.5591    -0.2726
    -0.6831     0.9729     0.7734    -0.4606
    -0.7809     0.7624     0.9787    -0.6204
    -0.9232     0.5703     1.1751    -0.7990
    -0.9855     0.2960     1.4072    -0.9681
    -1.0656     0.1406     1.5948    -1.1184
    -1.1545    -0.1244     1.7645    -1.2312
    -1.2435    -0.2706     1.9520    -1.3721
    -1.3769    -0.4624     2.1128    -1.4566
    -1.3769    -0.6085     2.2200    -1.5975
    -1.4748    -0.7638     2.3629    -1.7290
    -1.5282    -0.8733     2.4255    -1.7947
    -1.5282    -1.0193     2.4433    -1.8229
    -1.5371    -1.1380     2.5237    -1.9261
    -1.5460    -1.2018     2.5148    -1.9919
    -1.5549    -1.3204     2.5148    -2.0294
    -1.5549    -1.4664     2.5059    -2.0858
    -1.5638    -1.5029     2.4433    -2.1045
    -1.5193    -1.6305     2.3808    -2.1327
    -1.4214    -1.6853     2.3540    -2.1703
    -1.3592    -1.7855     2.2825    -2.1609
    -1.3414    -1.8311     2.1664    -2.1233
    -1.2346    -1.9223     2.0324    -2.1421
    -1.1456    -1.9223     1.8984    -2.1139
    -1.0300    -1.9679     1.7287    -2.0576
    -0.9321    -2.0225     1.5412    -1.9919
    -0.8165    -2.0225     1.4072    -1.8604
    -0.6653    -2.0225     1.2197    -1.7665
    -0.4874    -2.0225     1.0233    -1.6632
    -0.3896    -1.9861     0.8180    -1.5036
    -0.1939    -1.9679     0.6395    -1.4002
    -0.0694    -1.9132     0.4699    -1.2312
     0.0728    -1.9041     0.2914    -1.0339
     0.2951    -1.7947     0.0594    -0.8647
     0.3929    -1.6670    -0.0923    -0.6956
     0.5707    -1.5667    -0.3064    -0.4982
     0.7218    -1.4481    -0.4759    -0.2632
     0.7841    -1.3296    -0.6008    -0.0470
     0.9174    -1.2018    -0.7703     0.1410
     1.0685    -1.0467    -0.9398     0.3291
     1.1485    -0.8550    -1.0824     0.4890
     1.3173    -0.6907    -1.2430     0.7242
     1.3884    -0.5172    -1.3500     0.9217
     1.5484    -0.2706    -1.5283     1.0723
     1.6017    -0.0239    -1.6174     1.2793
     1.7261     0.1680    -1.7066     1.4675
     1.8416     0.4606    -1.7957     1.6370
     1.9571     0.6527    -1.8938     1.7782
     2.0015     0.8814    -2.0008     1.9382
     2.0459     1.1468    -2.0810     2.1171
     2.0593     1.3207    -2.1166     2.2113
     2.0726     1.5405    -2.1701     2.3996
     2.0548     1.8061    -2.1968     2.4844
     2.0282     1.9893    -2.2592     2.5692
     1.9393     2.0627    -2.2592     2.6540
     1.9038     2.2093    -2.2147     2.6540
     1.8238     2.3651    -2.1879     2.6634
     1.7083     2.4018    -2.1434     2.6445
     1.5750     2.4568    -2.1255     2.6351
     1.3884     2.4568    -2.0810     2.5692
     1.2729     2.4843    -1.9918     2.4562
     1.1307     2.5118    -1.9027     2.3243
     0.9441     2.5027    -1.8225     2.2113
     0.7663     2.4843    -1.7155     1.9759
     0.6329     2.4660    -1.5639     1.8064
     0.4729     2.4293    -1.4391     1.5428
     0.3485     2.4385    -1.2519     1.3640
     0.1529     2.4110    -1.1270     1.1287
     0.0106     2.2826    -0.9308     0.9311
    -0.1139     2.1726    -0.7792     0.7054
    -0.2384     2.0443    -0.5651     0.4984
    -0.3184     1.8336    -0.4046     0.2633
    -0.4340     1.6687    -0.2083     0.0470
    -0.5230     1.4214    -0.0299    -0.1504
    -0.6564     1.1925     0.1843    -0.3384
    -0.7898     1.0003     0.4431    -0.5170
    -0.8965     0.7716     0.6038    -0.7144
    -1.0211     0.5338     0.8537    -0.8835
    -1.1278     0.2869     1.0144    -1.0527
    -1.2079     0.0858     1.2644    -1.2218
    -1.2969    -0.0696     1.4965    -1.3721
    -1.4036    -0.2889     1.7287    -1.5036
    -1.5460    -0.4624     1.8806    -1.6069
    -1.6261    -0.6725     2.0324    -1.7477
    -1.6350    -0.7911     2.2200    -1.8698
    -1.7507    -0.9098     2.3004    -1.9449
    -1.7596    -1.0558     2.4433    -2.0388
    -1.8041    -1.2292     2.5327    -2.0388
    -1.8663    -1.3478     2.5774    -2.1045
    -1.8752    -1.4299     2.6578    -2.1609
    -1.8308    -1.5667     2.6846    -2.1796
    -1.8663    -1.6670     2.6488    -2.2266
    -1.8130    -1.6944     2.6310    -2.2360
    -1.7952    -1.8402     2.6399    -2.3017
    -1.7774    -1.8858     2.5506    -2.2829
    -1.6973    -1.9861     2.4612    -2.2360
    -1.6439    -2.0225     2.3808    -2.2360
    -1.5816    -2.0955     2.2468    -2.2454
    -1.4570    -2.1228     2.0413    -2.1609
    -1.3769    -2.1410     1.9252    -2.1421
    -1.2969    -2.1592     1.7823    -2.0951
    -1.1634    -2.1684     1.5858    -1.9731
    -0.9766    -2.1137     1.4430    -1.8698
    -0.8254    -2.1592     1.2287    -1.7383
    -0.6920    -2.1319     1.0322    -1.6538
    -0.5141    -2.0681     0.8626    -1.5036
    -0.3896    -2.0408     0.6216    -1.3439
    -0.1761    -1.9952     0.4788    -1.1466
    -0.0694    -1.8767     0.2557    -1.0057
     0.1351    -1.7764     0.1308    -0.7708
     0.2596    -1.7217    -0.0655    -0.5640
     0.4552    -1.6214    -0.2351    -0.3948
     0.5352    -1.4573    -0.4135    -0.1222
     0.6685    -1.3296    -0.5919     0.0658
     0.8107    -1.1836    -0.7614     0.2351
     0.9618    -0.9463    -0.9308     0.4232
     1.0774    -0.7546    -1.0468     0.6583
     1.2196    -0.5811    -1.1984     0.8465
     1.3440    -0.3620    -1.2697     1.1005
     1.4417    -0.0879    -1.3856     1.3075
     1.5839     0.1406    -1.5105     1.4769
     1.7172     0.4240    -1.6353     1.6464
     1.7972     0.6801    -1.7066     1.8347
     1.8860     0.8631    -1.8136     1.9853
     1.9571     1.1468    -1.9116     2.1171
     2.0282     1.3207    -2.0186     2.2866
     1.9926     1.5679    -2.0275     2.3902
     2.0193     1.7969    -2.0988     2.4562
     1.9482     1.9710    -2.1255     2.5692
     1.8949     2.0535    -2.1345     2.6445
     1.8238     2.2551    -2.1345     2.6916
     1.7705     2.3010    -2.1166     2.7199
     1.6639     2.4110    -2.0988     2.7199
     1.5217     2.4935    -2.0810     2.7105
     1.3973     2.4935    -2.0542     2.6822
     1.2907     2.4477    -1.9829     2.6163
     1.1040     2.4843    -1.8938     2.4750
     0.9618     2.4568    -1.8225     2.3620
     0.7930     2.5210    -1.6977     2.1736
     0.6685     2.4752    -1.5372     1.9665
     0.5174     2.4660    -1.3767     1.7688
     0.3929     2.4752    -1.2162     1.5522
     0.1884     2.4385    -1.0914     1.2981
     0.0640     2.4110    -0.8952     1.0817
    -0.0161     2.3376    -0.7257     0.8935
    -0.1583     2.1360    -0.5295     0.6959
    -0.3006     1.9985    -0.3689     0.4232
    -0.3985     1.8244    -0.1905     0.2163
    -0.5408     1.6046     0.0504     0.0564
    -0.6742     1.4031     0.2557    -0.1504
    -0.7898     1.1468     0.4699    -0.3572
    -0.8877     0.9546     0.6484    -0.5452
    -0.9766     0.6801     0.8269    -0.7238
    -1.0834     0.4789     1.0680    -0.8741
    -1.1812     0.2503     1.2644    -1.0339
    -1.2969    -0.0148     1.4876    -1.1842
    -1.3947    -0.2158     1.6751    -1.2969
    -1.4659    -0.3345     1.8627    -1.4472
    -1.5549    -0.5538     2.0235    -1.5693
    -1.6083    -0.7090     2.1664    -1.6914
    -1.6617    -0.8185     2.3272    -1.8041
    -1.7062    -1.0102     2.3987    -1.8792
    -1.8041    -1.1015     2.4433    -1.9543
    -1.7952    -1.2018     2.5506    -2.0764
    -1.8396    -1.3478     2.5863    -2.1139
    -1.8308    -1.4117     2.5506    -2.1045
    -1.8485    -1.5576     2.5506    -2.1703
    -1.8574    -1.6032     2.5506    -2.2078
    -1.8396    -1.7308     2.4969    -2.2078
    -1.8041    -1.8038     2.4165    -2.2547
    -1.7774    -1.8676     2.3540    -2.2454
    -1.7240    -1.8858     2.2289    -2.2266
    -1.5905    -1.9770     2.0949    -2.1327
    -1.5193    -1.9679     1.9163    -2.1045
    -1.4125    -1.9952     1.7823    -2.0576
    -1.3147    -2.0225     1.5948    -1.9637
    -1.2524    -2.0317     1.3447    -1.9074
    -1.0567    -2.0271     1.2376    -1.7947
    -0.9321    -2.0225     1.0501    -1.6632
    -0.8165    -2.0134     0.8626    -1.5505
    -0.6297    -1.9770     0.6484    -1.4378
    -0.5141    -1.9405     0.5056    -1.2406
    -0.3718    -1.9041     0.2914    -1.1184
    -0.2028    -1.7582     0.1218    -0.9305
    -0.0783    -1.7126    -0.0477    -0.7144
     0.0462    -1.5758    -0.1905    -0.5358
     0.2062    -1.4938    -0.3689    -0.3384
     0.3218    -1.3752    -0.5116    -0.1128
     0.4285    -1.2383    -0.6989     0.0940
     0.5885    -1.0193    -0.8417     0.2727
     0.7307    -0.8368    -0.9665     0.4796
     0.8285    -0.6816    -1.1270     0.6959
     0.9796    -0.4442    -1.2430     0.8747
     1.0774    -0.2615    -1.4035     1.1005
     1.1840     0.0035    -1.5194     1.2981
     1.3440     0.2686    -1.6085     1.4675
     1.4684     0.4789    -1.6977     1.6181
     1.5484     0.6893    -1.8314     1.7970
     1.6639     0.9454    -1.9116     1.9382
     1.6817     1.1102    -1.9829     2.0889
     1.7705     1.3299    -2.0721     2.2019
     1.8149     1.5679    -2.1166     2.3055
     1.8327     1.7145    -2.1523     2.3714
     1.8149     1.8702    -2.1790     2.4467
     1.7883     2.0443    -2.2058     2.5033
     1.7261     2.1176    -2.2147     2.5409
     1.6461     2.2460    -2.1701     2.5880
     1.5928     2.3651    -2.1523     2.5880
     1.5306     2.3743    -2.1166     2.5409
     1.4062     2.3926    -2.0275     2.4938
     1.2729     2.4202    -2.0008     2.4467
     1.1929     2.4385    -1.8581     2.3337
     1.0240     2.4110    -1.7779     2.2113
     0.8996     2.4202    -1.6709     1.9947
     0.7930     2.4385    -1.4837     1.7593
     0.6329     2.3835    -1.3500     1.5805
     0.4907     2.3468    -1.1805     1.3358
     0.3662     2.2001    -1.0379     1.1287
     0.2773     2.1543    -0.8595     0.8935
     0.1173     2.0077    -0.6276     0.6865
     0.0017     1.7969    -0.4313     0.4796
    -0.0516     1.6320    -0.2440     0.2257
    -0.1672     1.4764    -0.0388     0.0752
    -0.2828     1.3207     0.1486    -0.1598
    -0.3807     1.0644     0.3539    -0.3478
    -0.4874     0.8539     0.5770    -0.5076
    -0.5941     0.6893     0.7644    -0.6956
    -0.7453     0.4423     0.9519    -0.8647
    -0.8610     0.2869     1.2019    -1.0057
    -0.9677     0.0766     1.3894    -1.1748
    -1.0656    -0.1336     1.5948    -1.3063
    -1.1545    -0.3345     1.8002    -1.4284
    -1.2613    -0.5355     1.9877    -1.5317
    -1.3503    -0.6725     2.1485    -1.6444
    -1.3947    -0.8277     2.2647    -1.7383
    -1.4748    -1.0376     2.3719    -1.8229
    -1.5638    -1.1288     2.4612    -1.9168
    -1.6261    -1.3113     2.4969    -2.0388
    -1.6172    -1.3843     2.5595    -2.0764
    -1.6617    -1.4938     2.5952    -2.1233
    -1.7418    -1.6123     2.6578    -2.1703
    -1.7062    -1.7035     2.6131    -2.1703
    -1.7418    -1.7673     2.5863    -2.1796
    -1.7507    -1.8949     2.5863    -2.2172
    -1.7329    -1.9587     2.4791    -2.1890
    -1.7240    -1.9496     2.4165    -2.1796
    -1.6706    -1.9952     2.3183    -2.1609
    -1.5638    -2.0590     2.2111    -2.1703
    -1.5371    -2.0681     2.0235    -2.1139
    -1.4748    -2.1137     1.8448    -2.0576
    -1.3236    -2.0955     1.6751    -2.0200
    -1.2524    -2.0590     1.5144    -1.8980
    -1.1100    -2.1046     1.3179    -1.7947
    -0.9410    -2.0408     1.1126    -1.7008
    -0.8343    -2.0225     0.9519    -1.5693
    -0.6653    -1.9679     0.7555    -1.4284
    -0.5141    -1.9679     0.5413    -1.2969
    -0.3629    -1.9132     0.3717    -1.1090
    -0.2473    -1.8402     0.2378    -0.9399
    -0.1317    -1.7582     0.0237    -0.7426
     0.0551    -1.6032    -0.1102    -0.4982
     0.1618    -1.5120    -0.3064    -0.2726
     0.2685    -1.3296    -0.4759    -0.0470
     0.4018    -1.1927    -0.6008     0.1787
     0.5263    -1.0376    -0.7614     0.3950
     0.6507    -0.7911    -0.9041     0.6113
     0.7663    -0.5811    -1.0022     0.8559
     0.9263    -0.3711    -1.1270     1.0911
     1.0329    -0.1518    -1.2519     1.2699
     1.2285     0.0858    -1.4124     1.4581
     1.2996     0.3875    -1.4748     1.6934
     1.4151     0.5795    -1.5729     1.8629
     1.5573     0.8448    -1.7155     2.0324
     1.6461     1.1193    -1.7868     2.1736
     1.7083     1.2841    -1.8581     2.2866
     1.8149     1.5313    -1.9027     2.3714
     1.8149     1.7420    -2.0097     2.4844
     1.8238     1.8794    -2.0186     2.5692
     1.8327     2.0077    -2.0008     2.6351
     1.7883     2.2093    -2.0275     2.7105
     1.7261     2.2643    -2.0453     2.7670
     1.6639     2.3835    -2.0542     2.7953
     1.6106     2.4660    -2.0186     2.7859
     1.4951     2.4293    -1.9829     2.7576
     1.4329     2.4293    -1.9740     2.6634
     1.3084     2.4752    -1.8492     2.6257
     1.2196     2.4385    -1.8047     2.4938
     1.0774     2.4477    -1.7066     2.3243
     0.8907     2.4660    -1.5639     2.1360
     0.7485     2.5027    -1.4213     1.9382
     0.6241     2.4293    -1.2875     1.7123
     0.4818     2.4293    -1.1895     1.5428
     0.3396     2.4385    -1.0200     1.3264
     0.2418     2.3193    -0.8060     1.0817
     0.1084     2.2185    -0.6811     0.8841
     0.0462     2.0352    -0.4403     0.6113
    -0.0783     1.8702    -0.2618     0.3855
    -0.1939     1.6870    -0.1012     0.1881
    -0.3273     1.4764     0.1397    -0.0094
    -0.4074     1.1925     0.3092    -0.1974
    -0.4963     1.0278     0.5145    -0.4136
    -0.5852     0.7441     0.7109    -0.6110
    -0.7364     0.5886     0.9162    -0.8272
    -0.8254     0.3783     1.1215    -0.9681
    -0.9499     0.1041     1.3269    -1.1372
    -1.0745    -0.0605     1.5144    -1.3063
    -1.1634    -0.2797     1.7555    -1.4096
    -1.2435    -0.4259     1.9252    -1.5223
    -1.3680    -0.6359     2.0592    -1.6632
    -1.4036    -0.8185     2.2289    -1.7290
    -1.4748    -0.9098     2.3451    -1.8041
    -1.5549    -1.1015     2.4344    -1.8792
    -1.6172    -1.2110     2.4433    -2.0107
    -1.6439    -1.3843     2.5327    -2.0576
    -1.6528    -1.5120     2.5327    -2.1421
    -1.7329    -1.5850     2.5371    -2.1984
    -1.6884    -1.6761     2.5416    -2.2735
    -1.7062    -1.8220     2.5148    -2.3111
    -1.7151    -1.8949     2.4701    -2.3392
    -1.6617    -1.9405     2.4255    -2.3955
    -1.6439    -1.9679     2.3451    -2.3862
    -1.6172    -2.0499     2.2379    -2.3674
    -1.5371    -2.1046     2.1039    -2.3674
    -1.4303    -2.1319     1.9609    -2.3298
    -1.3680    -2.1319     1.7734    -2.2641
    -1.2524    -2.1410     1.5590    -2.1421
    -1.1456    -2.1228     1.4340    -2.1139
    -1.0300    -2.1592     1.2644    -2.0013
    -0.8254    -2.1547     1.0144    -1.8416
    -0.7186    -2.1501     0.8448    -1.7571
    -0.5763    -2.0499     0.6930    -1.6350
    -0.3985    -2.0408     0.4699    -1.4284
    -0.2740    -1.9587     0.2914    -1.2687
    -0.1317    -1.9405     0.1218    -1.0808
     0.0017    -1.8220    -0.0477    -0.8929
     0.1440    -1.6853    -0.2083    -0.6580
     0.2862    -1.5576    -0.3689    -0.4418
     0.4285    -1.4299    -0.4759    -0.1974
     0.5441    -1.3113    -0.6811    -0.0094
     0.6774    -1.0741    -0.8060     0.2069
     0.7930    -0.8642    -0.9665     0.4138
     0.8463    -0.6633    -1.0379     0.6771
     0.9618    -0.4807    -1.1627     0.9029
     1.1574    -0.1975    -1.3143     1.0911
     1.2285     0.0492    -1.3767     1.3358
     1.3973     0.2686    -1.4926     1.5052
     1.4684     0.5155    -1.6174     1.7217
     1.5839     0.7716    -1.7244     1.8817
     1.7083     1.0278    -1.7868     2.0795
     1.7705     1.2749    -1.8671     2.2301
     1.8594     1.5038    -1.9027     2.3526
     1.9127     1.6870    -1.9740     2.4938
     1.8860     1.8702    -2.0364     2.6257
     1.8860     2.0993    -2.0542     2.7293
     1.8594     2.2276    -2.0632     2.8235
     1.8238     2.3835    -2.0542     2.8706
     1.7527     2.4843    -2.0364     2.9272
     1.6550     2.4752    -2.0097     2.9178
     1.5395     2.4843    -1.9205     2.9554
     1.4684     2.4660    -1.9027     2.8895
     1.3795     2.4752    -1.7779     2.8424
     1.2640     2.5302    -1.6798     2.7388
     1.0863     2.5394    -1.5818     2.6351
     0.9529     2.4935    -1.4659     2.4467
     0.7930     2.4660    -1.3410     2.2113
     0.7307     2.4843    -1.1538     1.9665
     0.5441     2.5210    -1.0022     1.7029
     0.4640     2.4935    -0.8595     1.4769
     0.3396     2.4477    -0.6811     1.2040
     0.1618     2.3560    -0.4670     0.9876
     0.0640     2.1910    -0.3154     0.7524
    -0.0605     2.0535    -0.1280     0.5078
    -0.1672     1.7694     0.0772     0.2727
    -0.2651     1.5863     0.2914     0.0564
    -0.3896     1.3390     0.4699    -0.1128
    -0.4518     1.0919     0.7019    -0.3290
    -0.5497     0.9088     0.8894    -0.5546
    -0.6742     0.6984     1.0947    -0.7238
    -0.7898     0.4515     1.3001    -0.9023
    -0.9588     0.2503     1.5323    -1.0433
    -1.0478     0.0401     1.7287    -1.2218
    -1.1100    -0.1610     1.8895    -1.3721
    -1.2257    -0.3528     2.0592    -1.5130
    -1.3325    -0.4807     2.2200    -1.6444
    -1.3769    -0.6451     2.3451    -1.7759
    -1.4659    -0.8642     2.4523    -1.8886
    -1.5549    -0.9828     2.5327    -1.9731
    -1.6172    -1.0832     2.6131    -2.0482
    -1.5994    -1.2383     2.7114    -2.1139
    -1.6350    -1.3661     2.7382    -2.1703
    -1.6795    -1.5394     2.7293    -2.2172
    -1.6617    -1.6488     2.6846    -2.2266
    -1.6439    -1.7308     2.6220    -2.2547
    -1.6795    -1.7673     2.6220    -2.3392
    -1.5905    -1.8767     2.5059    -2.3111
    -1.5727    -1.9223     2.4076    -2.3204
    -1.5460    -2.0134     2.2736    -2.3580
    -1.4303    -2.0772     2.1307    -2.2923
    -1.3680    -2.0955     1.9342    -2.2547
    -1.3058    -2.0772     1.7645    -2.1890
    -1.2168    -2.1046     1.5769    -2.1233
    -1.1011    -2.1319     1.4340    -2.0294
    -0.9677    -2.1410     1.2644    -1.9168
    -0.7631    -2.1228     1.0055    -1.8229
    -0.6208    -2.1137     0.7912    -1.7102
    -0.5230    -2.0225     0.6395    -1.5130
    -0.3629    -1.9679     0.4163    -1.3721
    -0.2028    -1.9314     0.2289    -1.2218
    -0.0872    -1.9041     0.0504    -1.0245
     0.0817    -1.8129    -0.0834    -0.8178
     0.1884    -1.6579    -0.2529    -0.6110
     0.3485    -1.5485    -0.4046    -0.3478
     0.4640    -1.4299    -0.6276    -0.1034
     0.5529    -1.2931    -0.7525     0.0564
     0.7218    -1.0741    -0.9487     0.3009
     0.8196    -0.9555    -1.1003     0.5360
     0.8729    -0.7090    -1.2162     0.7054
     1.0240    -0.5081    -1.3678     0.9594
     1.1574    -0.3254    -1.4302     1.1664
     1.2818    -0.0696    -1.5639     1.3546
     1.3706     0.1589    -1.6798     1.5522
     1.4862     0.4149    -1.7779     1.7782
     1.6195     0.6893    -1.8760     1.9006
     1.7261     0.8905    -1.9651     2.0700
     1.7705     1.1010    -2.0542     2.2207
     1.8238     1.3665    -2.1077     2.3431
     1.8771     1.5405    -2.1434     2.4562
     1.8327     1.7878    -2.1345     2.5974
     1.8149     1.9069    -2.1612     2.6822
     1.7794     2.0901    -2.1612     2.7576
     1.7883     2.2093    -2.1968     2.7764
     1.6994     2.3926    -2.1879     2.8330
     1.5661     2.4202    -2.1523     2.8801
     1.4862     2.5118    -2.0988     2.8612
     1.4151     2.5210    -1.9918     2.7953
     1.2462     2.5027    -1.9473     2.7764
     1.1574     2.5394    -1.8047     2.6540
     0.9796     2.4660    -1.7244     2.5315
     0.8907     2.4752    -1.5996     2.3149
     0.7485     2.4706    -1.4659     2.0889
     0.5796     2.4660    -1.3054     1.8817
     0.4818     2.4568    -1.2073     1.5993
     0.3485     2.4752    -1.0557     1.3452
     0.2062     2.3468    -0.8595     1.1570
     0.1440     2.2368    -0.6454     0.9217
    -0.0072     2.1176    -0.4849     0.6865
    -0.0694     1.9527    -0.2708     0.4514
    -0.1583     1.7236    -0.0923     0.2915
    -0.2917     1.5588     0.1129     0.0846
    -0.4074     1.3665     0.3182    -0.1222
    -0.5141     1.1193     0.5234    -0.3196
    -0.6030     0.9180     0.7198    -0.4700
    -0.6920     0.7076     0.9965    -0.6768
    -0.8432     0.5338     1.1662    -0.8084
    -0.8965     0.3417     1.4430    -0.9869
    -1.0122     0.0858     1.6484    -1.1278
    -1.1634    -0.0513     1.8180    -1.2312
    -1.2524    -0.2980     2.0145    -1.3627
    -1.3058    -0.4716     2.1843    -1.5130
    -1.3947    -0.5811     2.3272    -1.6069
    -1.4837    -0.7729     2.4612    -1.6914
    -1.5104    -0.9098     2.5059    -1.8135
    -1.5727    -1.0650     2.6042    -1.8792
    -1.6439    -1.1927     2.6399    -1.9637
    -1.6617    -1.3113     2.6756    -2.0107
    -1.7151    -1.4208     2.6667    -2.0858
    -1.6884    -1.5850     2.6488    -2.1233
    -1.7151    -1.6761     2.6220    -2.1984
    -1.6884    -1.7491     2.5774    -2.2266
    -1.6617    -1.8311     2.5595    -2.2360
    -1.6261    -1.8402     2.4880    -2.2735
    -1.5638    -1.9587     2.3093    -2.2547
    -1.4837    -1.9952     2.2289    -2.2547
    -1.4570    -2.0043     2.0324    -2.1796
    -1.3414    -2.0590     1.8359    -2.1421
    -1.2168    -2.0590     1.6573    -2.1045
    -1.1189    -2.0590     1.4965    -2.0013
    -0.9855    -2.0408     1.3269    -1.8980
    -0.8699    -2.0499     1.1662    -1.7947
    -0.7098    -2.0317     0.9608    -1.7102
    -0.5230    -2.0772     0.7555    -1.5317
    -0.4074    -2.0225     0.5413    -1.4284
    -0.2295    -1.9679     0.3896    -1.2124
    -0.1495    -1.9223     0.1843    -1.0715
     0.0462    -1.8858     0.0415    -0.8460
     0.1618    -1.7582    -0.1726    -0.6674
     0.2773    -1.6670    -0.3421    -0.4794
     0.4107    -1.4846    -0.4670    -0.2162
     0.5529    -1.3387    -0.6811    -0.0470
     0.6241    -1.1927    -0.8149     0.1881
     0.7930    -1.0193    -0.9933     0.3479
     0.8463    -0.8003    -1.1360     0.5925
     0.9618    -0.6177    -1.3054     0.8088
     1.1485    -0.3528    -1.3945     0.9688
     1.2196    -0.1792    -1.5550     1.2040
     1.3884     0.0949    -1.6442     1.3640
     1.4951     0.3600    -1.7868     1.5805
     1.6195     0.6435    -1.8938     1.7499
     1.6639     0.8997    -1.9473     1.9476
     1.7794     1.0461    -2.0632     2.1077
     1.8416     1.3299    -2.1255     2.2490
     1.8238     1.5588    -2.1255     2.3902
     1.8060     1.7603    -2.1968     2.4656
     1.7794     1.9160    -2.2325     2.5598
     1.7794     2.1176    -2.2325     2.6540
     1.6817     2.2460    -2.2949     2.6822
     1.6283     2.3560    -2.3038     2.7388
     1.5573     2.3926    -2.2771     2.7764
     1.4684     2.4935    -2.2414     2.7670
     1.3795     2.4935    -2.1345     2.7105
     1.2996     2.4935    -2.1077     2.6540
     1.1307     2.5210    -1.9829     2.5503
     1.0418     2.4477    -1.8849     2.4938
     0.9085     2.4843    -1.7868     2.2960
     0.7663     2.4660    -1.6442     2.0889
     0.5974     2.4935    -1.5015     1.8441
     0.5263     2.4752    -1.2875     1.6652
     0.3929     2.4385    -1.1360     1.4205
     0.2418     2.4568    -0.9754     1.1570
     0.1795     2.3743    -0.8417     0.9500
     0.0462     2.1910    -0.6454     0.7806
    -0.0339     2.0077    -0.4581     0.5266
    -0.1317     1.8427    -0.2261     0.2821
    -0.2295     1.6229    -0.0209     0.0846
    -0.3451     1.3848     0.1843    -0.1128
    -0.4963     1.2200     0.3628    -0.2632
    -0.5674     1.0003     0.5770    -0.4888
    -0.6920     0.7716     0.7734    -0.6204
    -0.8165     0.5703     1.0144    -0.8084
    -0.8610     0.2960     1.2108    -0.9305
    -0.9499     0.1406     1.4430    -1.0808
    -1.0389    -0.0879     1.6662    -1.2218
    -1.1812    -0.2980     1.8180    -1.3815
    -1.2435    -0.4990     2.0145    -1.5036
    -1.3414    -0.6725     2.1843    -1.6069
    -1.4036    -0.8459     2.3629    -1.6632
    -1.4036    -0.9737     2.4076    -1.7947
    -1.5193    -1.0832     2.4969    -1.8416
    -1.5282    -1.2657     2.5327    -1.9261
    -1.5460    -1.4025     2.5863    -2.0107
    -1.6261    -1.4846     2.5774    -2.0388
    -1.6350    -1.6123     2.5952    -2.0670
    -1.6439    -1.7308     2.5863    -2.1609
    -1.6617    -1.8038     2.5506    -2.2078
    -1.6617    -1.8494     2.4791    -2.2172
    -1.6172    -1.9041     2.4255    -2.2360
    -1.5460    -1.9496     2.2647    -2.2266
    -1.5193    -2.0499     2.1664    -2.2078
    -1.3947    -2.0225     1.9520    -2.1327
    -1.3325    -2.0863     1.7823    -2.0858
    -1.1990    -2.0863     1.6484    -2.0294
    -1.1189    -2.1137     1.4787    -1.9543
    -1.0122    -2.0772     1.3269    -1.8323
    -0.8432    -2.0863     1.1394    -1.7571
    -0.7542    -2.0863     0.9697    -1.6069
    -0.6119    -2.0772     0.7644    -1.5036
    -0.4785    -2.0590     0.5681    -1.3533
    -0.3095    -2.0043     0.3717    -1.2030
    -0.1583    -1.9314     0.2289    -1.0151
    -0.0516    -1.8038     0.0594    -0.8178
     0.0640    -1.6761    -0.1012    -0.6110
     0.2151    -1.5667    -0.2708    -0.3572
     0.3129    -1.4846    -0.4403    -0.1504
     0.4018    -1.3478    -0.6008     0.0658
     0.5441    -1.1745    -0.7971     0.2915
     0.6774    -0.9463    -0.9041     0.4326
     0.7485    -0.7820    -1.1003     0.6865
     0.9263    -0.5720    -1.1805     0.8653
     1.0240    -0.3254    -1.3500     1.0911
     1.1751    -0.0879    -1.4748     1.2699
     1.3084     0.1223    -1.5996     1.4487
     1.4240     0.4332    -1.6531     1.6558
     1.5217     0.5978    -1.7512     1.8064
     1.6283     0.8905    -1.8492     1.9665
     1.7083     1.1010    -1.9384     2.1077
     1.7794     1.2932    -2.0364     2.1830
     1.8060     1.4855    -2.0988     2.3337
     1.8060     1.7236    -2.1434     2.4373
     1.8149     1.9069    -2.1345     2.4938
     1.7439     2.0077    -2.1701     2.6069
     1.7527     2.2093    -2.1701     2.6822
     1.6994     2.2826    -2.1345     2.6445
     1.5750     2.3651    -2.0721     2.6728
     1.4862     2.4293    -2.0275     2.6540
     1.4506     2.4385    -2.0186     2.6351
     1.3529     2.4477    -1.9384     2.5503
     1.1751     2.4568    -1.8581     2.4467
     1.1129     2.4477    -1.6888     2.3526
     0.9796     2.5027    -1.5729     2.1642
     0.8463     2.4843    -1.4391     1.9476
     0.7218     2.4477    -1.3143     1.7123
     0.5974     2.4752    -1.1895     1.4675
     0.4463     2.4385    -1.0022     1.2134
     0.3129     2.3285    -0.8506     1.0346
     0.1973     2.1910    -0.6276     0.7994
     0.0995     2.0810    -0.4403     0.5737
    -0.0161     1.8611    -0.2529     0.3855
    -0.1050     1.6962    -0.0923     0.1787
    -0.2295     1.4947     0.1575     0.0188
    -0.2828     1.3390     0.3360    -0.1786
    -0.4340     1.0735     0.5859    -0.4042
    -0.4874     0.8448     0.8001    -0.5452
    -0.6297     0.6344     0.9876    -0.7238
    -0.7098     0.4789     1.2197    -0.8553
    -0.8699     0.2412     1.3805    -1.0433
    -0.9321    -0.0056     1.6216    -1.1278
    -1.0656    -0.1975     1.7823    -1.3157
    -1.1723    -0.3345     1.9967    -1.3815
    -1.2791    -0.5264     2.1843    -1.5223
    -1.3769    -0.6999     2.2825    -1.6163
    -1.4481    -0.8277     2.3629    -1.7290
    -1.5282    -0.9555     2.4344    -1.8323
    -1.5371    -1.1380     2.5416    -1.9168
    -1.6350    -1.2840     2.5506    -1.9731
    -1.6795    -1.4025     2.5863    -2.0388
    -1.6884    -1.4755     2.6042    -2.0858
    -1.7151    -1.5576     2.6220    -2.1515
    -1.6528    -1.7035     2.5327    -2.1421
    -1.6617    -1.7491     2.4969    -2.1703
    -1.6439    -1.8220     2.4433    -2.2078
    -1.5816    -1.8767     2.4076    -2.2078
    -1.5638    -1.9952     2.2736    -2.2360
    -1.5015    -2.0408     2.1932    -2.1609
    -1.3858    -2.0590     1.9877    -2.1984
    -1.3325    -2.0317     1.8448    -2.0951
    -1.2168    -2.0955     1.6394    -2.0670
    -1.1545    -2.0590     1.4876    -1.9637
    -1.0300    -2.0681     1.2822    -1.8604
    -0.8965    -2.1046     1.0769    -1.7571
    -0.7098    -2.0590     0.9430    -1.6444
    -0.6030    -2.0590     0.7377    -1.5036
    -0.4607    -1.9770     0.5681    -1.3533
    -0.2740    -1.9952     0.3717    -1.1748
    -0.1939    -1.8585     0.2468    -0.9869
    -0.0605    -1.8038     0.0683    -0.7990
     0.1262    -1.6761    -0.0745    -0.5922
     0.2329    -1.5850    -0.2708    -0.4042
     0.3574    -1.4208    -0.4492    -0.1692
     0.4818    -1.2748    -0.5830     0.0282
     0.5974    -1.1745    -0.7346     0.2351
     0.7307    -0.9555    -0.8862     0.4796
     0.7663    -0.7546    -1.0022     0.6583
     0.8907    -0.6085    -1.1449     0.8559
     1.0596    -0.3437    -1.2340     1.1005
     1.1662    -0.1427    -1.3945     1.2417
     1.2907     0.1223    -1.4926     1.4111
     1.4684     0.3509    -1.5996     1.6275
     1.5928     0.5978    -1.7066     1.7782
     1.7083     0.7899    -1.8136     1.9288
     1.7616     1.0278    -1.8492     2.0512
     1.7972     1.3024    -1.9384     2.1925
     1.8771     1.5313    -1.9651     2.3055
     1.8682     1.6687    -2.0008     2.3902
     1.8327     1.8794    -2.0453     2.5127
     1.8060     2.0352    -2.0632     2.5409
     1.7261     2.2093    -2.1077     2.5880
     1.6817     2.2918    -2.0899     2.6257
     1.6195     2.3560    -2.0453     2.6445
     1.5573     2.4752    -1.9918     2.6163
     1.4417     2.5118    -1.8938     2.6069
     1.3529     2.4568    -1.8225     2.5409
     1.2462     2.4660    -1.7690     2.4185
     1.1396     2.5210    -1.6620     2.3055
     1.0240     2.4843    -1.5283     2.1077
     0.8374     2.4843    -1.4391     1.9288
     0.7129     2.4843    -1.2786     1.6652
     0.6063     2.4202    -1.1360     1.4958
     0.4552     2.3926    -1.0022     1.2228
     0.3218     2.3010    -0.8417     1.0252
     0.2240     2.2185    -0.6454     0.8653
     0.1262     2.0260    -0.4403     0.6489
     0.0373     1.9252    -0.2708     0.4232
    -0.1139     1.7328    -0.0299     0.2163
    -0.2028     1.5588     0.1932     0.0376
    -0.3006     1.3024     0.4074    -0.1504
    -0.3451     1.1559     0.5859    -0.3948
    -0.4963     0.9271     0.7823    -0.5264
    -0.5852     0.7258     0.9876    -0.6862
    -0.6653     0.4972     1.2554    -0.9117
    -0.8076     0.3234     1.4787    -1.0527
    -0.9321     0.0584     1.6930    -1.1936
    -0.9855    -0.1427     1.8538    -1.2781
    -1.1189    -0.2797     2.0949    -1.4190
    -1.2524    -0.4442     2.1575    -1.4942
    -1.3058    -0.6451     2.3272    -1.6350
    -1.4125    -0.8185     2.3987    -1.7008
    -1.4570    -0.9646     2.5059    -1.7947
    -1.5460    -1.0650     2.5595    -1.8604
    -1.5460    -1.2566     2.5684    -1.9543
    -1.6083    -1.3843     2.6488    -1.9825
    -1.6261    -1.4938     2.6578    -2.0294
    -1.6261    -1.5576     2.6220    -2.0858
    -1.6261    -1.6397     2.5952    -2.0858
    -1.6172    -1.7764     2.5327    -2.1609
    -1.6083    -1.8676     2.4791    -2.1327
    -1.5905    -1.9223     2.3987    -2.1421
    -1.5816    -1.9223     2.3361    -2.1609
    -1.5193    -1.9770     2.1932    -2.1421
    -1.4303    -2.0225     2.0235    -2.1233
    -1.3414    -1.9952     1.8448    -2.0576
    -1.2969    -2.0043     1.6930    -1.9637
    -1.1990    -1.9952     1.4876    -1.8980
    -1.0834    -2.0225     1.3358    -1.8135
    -0.9677    -1.9861     1.1394    -1.7102
    -0.8521    -1.9405     0.9430    -1.6069
    -0.6475    -1.9679     0.7912    -1.4190
    -0.4963    -1.9041     0.6127    -1.2687
    -0.4162    -1.8585     0.4163    -1.1278
    -0.3006    -1.8311     0.2468    -0.9587
    -0.1139    -1.7126     0.0326    -0.7332
    -0.0516    -1.6488    -0.1012    -0.5076
     0.0728    -1.5120    -0.2708    -0.3102
     0.1973    -1.3843    -0.4403    -0.0564
     0.3662    -1.2748    -0.5473     0.0940
     0.4907    -1.1288    -0.7168     0.3197
     0.5974    -0.8824    -0.8417     0.4984
     0.7485    -0.7090    -1.0200     0.7712
     0.8374    -0.5446    -1.1538     0.9405
     0.9618    -0.2706    -1.2251     1.1287
     1.0951    -0.0879    -1.3500     1.2887
     1.2373     0.1863    -1.4748     1.4487
     1.3262     0.4149    -1.6085     1.6087
     1.4684     0.7167    -1.7155     1.7499
     1.5839     0.9363    -1.7957     1.9194
     1.6905     1.1102    -1.8671     2.0700
     1.7972     1.3848    -1.9562     2.2019
     1.7794     1.5679    -1.9918     2.3620
     1.7750     1.7236    -2.0186     2.4185
     1.7705     1.9160    -2.0275     2.5503
     1.8060     2.0718    -2.0364     2.5974
     1.7527     2.1360    -2.0542     2.6634
     1.6905     2.2551    -2.0899     2.7199
     1.6195     2.3468    -2.0542     2.7482
     1.5573     2.4110    -2.0008     2.6916
     1.4240     2.4935    -1.8938     2.7105
     1.3618     2.4477    -1.8047     2.6257
     1.2373     2.4752    -1.7690     2.5033
     1.1218     2.5118    -1.6531     2.3431
     1.0063     2.5302    -1.4837     2.1454
     0.8996     2.5027    -1.3500     1.9382
     0.7663     2.4568    -1.2162     1.7217
     0.6241     2.4843    -1.0824     1.5052
     0.5263     2.4385    -0.9576     1.3075
     0.4463     2.3560    -0.7435     1.1193
     0.2862     2.2735    -0.5919     0.9217
     0.2151     2.1085    -0.3867     0.6677
     0.0640     1.9618    -0.2172     0.4514
     0.0106     1.7878    -0.0299     0.2351
    -0.0961     1.6137     0.2021     0.0564
    -0.2028     1.4214     0.4163    -0.1222
    -0.3718     1.2200     0.5770    -0.3102
    -0.4162     1.0644     0.8001    -0.4606
    -0.5585     0.8539     0.9876    -0.6486
    -0.7009     0.6435     1.2465    -0.8366
    -0.8076     0.4057     1.4697    -0.9963
    -0.9321     0.1863     1.6662    -1.1466
    -1.0211     0.0035     1.8627    -1.2687
    -1.1278    -0.1518     2.0235    -1.3815
    -1.1990    -0.3985     2.1843    -1.5036
    -1.3414    -0.4990     2.3093    -1.5881
    -1.4125    -0.7181     2.3719    -1.6538
    -1.5015    -0.8733     2.4791    -1.7665
    -1.5193    -0.9828     2.4791    -1.8416
    -1.5994    -1.1106     2.5595    -1.9168
    -1.6528    -1.2292     2.5595    -1.9919
    -1.6795    -1.3843     2.5595    -2.0482
    -1.7151    -1.4573     2.5774    -2.0764
    -1.6706    -1.5667     2.5237    -2.1139
    -1.6884    -1.6397     2.4701    -2.1421
    -1.6884    -1.7582     2.4165    -2.1703
    -1.6617    -1.8585     2.3361    -2.1609
    -1.5727    -1.8494     2.2915    -2.1703
    -1.5015    -1.9041     2.1396    -2.1515
    -1.4926    -1.9770     2.0056    -2.1515
    -1.3592    -1.9861     1.8180    -2.0764
    -1.2435    -2.0317     1.6305    -1.9825
    -1.1456    -2.0225     1.4876    -1.9074
    -1.0389    -2.0362     1.3358    -1.8041
    -0.9499    -2.0499     1.1215    -1.7383
    -0.8076    -2.0317     0.9251    -1.6257
    -0.6208    -1.9679     0.7466    -1.4660
    -0.5319    -1.9496     0.6038    -1.2687
    -0.3985    -1.8858     0.4520    -1.0902
    -0.2562    -1.8402     0.2825    -0.9023
    -0.1317    -1.7673     0.0772    -0.7426
    -0.0161    -1.6761    -0.1012    -0.5264
     0.1173    -1.5850    -0.2529    -0.3196
     0.2240    -1.4025    -0.3600    -0.0846
     0.3396    -1.2840    -0.5295     0.1034
     0.4729    -1.0832    -0.6454     0.2633
     0.6329    -0.9007    -0.7971     0.4984
     0.7218    -0.6907    -0.9665     0.6677
     0.8374    -0.5172    -1.0557     0.8559
     0.9796    -0.3254    -1.2162     1.0817
     1.1485    -0.0879    -1.3410     1.2605
     1.2729     0.1680    -1.4480     1.4016
     1.3706     0.4697    -1.5015     1.6181
     1.5128     0.6618    -1.6174     1.7688
     1.6372     0.8814    -1.7244     1.9194
     1.7439     1.1376    -1.8136     2.0700
     1.8594     1.3756    -1.8671     2.2395
     1.8594     1.5679    -1.8849     2.3243
     1.9127     1.7420    -1.9829     2.4844
     1.8949     1.9527    -2.0008     2.5786
     1.8416     2.0993    -1.9651     2.6069
     1.7616     2.2368    -2.0364     2.7199
     1.6994     2.3193    -2.0364     2.7293
     1.6461     2.3835    -1.9651     2.7764
     1.6372     2.4568    -1.9473     2.7199
     1.5217     2.4843    -1.9116     2.6822
     1.3795     2.4843    -1.7957     2.6445
     1.2907     2.5118    -1.7244     2.5409
     1.2462     2.4843    -1.5996     2.3620
     1.0951     2.4843    -1.5015     2.2113
     0.9529     2.5394    -1.3410     1.9759
     0.8552     2.5394    -1.2697     1.8064
     0.6774     2.5302    -1.0824     1.5617
     0.6063     2.4935    -1.0022     1.3922
     0.4640     2.4293    -0.7881     1.1758
     0.3840     2.2735    -0.6097     0.9970
     0.2151     2.2093    -0.4581     0.7712
     0.1351     1.9893    -0.2975     0.5172
     0.0373     1.8702    -0.0923     0.3103
    -0.1050     1.6870     0.1397     0.1504
    -0.2117     1.4580     0.3360    -0.0094
    -0.3362     1.2658     0.4877    -0.2350
    -0.4162     1.0369     0.6841    -0.3948
    -0.5230     0.8631     0.8983    -0.5546
    -0.6742     0.6069     1.1483    -0.7520
    -0.8076     0.4515     1.3626    -0.9117
    -0.9499     0.2412     1.5412    -1.0433
    -1.0300     0.0309     1.7287    -1.1466
    -1.1367    -0.1518     1.9252    -1.3157
    -1.2346    -0.4076     2.1217    -1.4096
    -1.3147    -0.5629     2.2200    -1.5505
    -1.4570    -0.6816     2.3540    -1.6163
    -1.5282    -0.8277     2.3987    -1.7477
    -1.5638    -1.0011     2.4880    -1.7853
    -1.6083    -1.1106     2.5506    -1.8698
    -1.6617    -1.2657     2.5952    -1.9168
    -1.7240    -1.3752     2.5863    -2.0013
    -1.6884    -1.5029     2.5774    -1.9919
    -1.7062    -1.5758     2.5416    -2.0294
    -1.7507    -1.6214     2.5237    -2.0482
    -1.7062    -1.7582     2.4969    -2.0951
    -1.7151    -1.8038     2.3897    -2.0764
    -1.6172    -1.8311     2.3540    -2.1139
    -1.6083    -1.9041     2.2379    -2.0764
    -1.5282    -1.9587     2.0949    -2.0482
    -1.4214    -1.9314     1.9252    -2.0107
    -1.3592    -1.9770     1.6930    -1.9355
    -1.2346    -1.9679     1.5323    -1.8604
    -1.0656    -1.9405     1.3537    -1.8041
    -0.9232    -1.9268     1.1840    -1.6726
    -0.8432    -1.9132     1.0233    -1.5317
    -0.6564    -1.9223     0.7823    -1.4378
    -0.5141    -1.9405     0.6484    -1.2687
    -0.3718    -1.8585     0.4699    -1.1372
    -0.2295    -1.8038     0.2914    -0.9587
    -0.1139    -1.7582     0.0772    -0.7614
     0.0284    -1.6397    -0.0655    -0.5734
     0.1618    -1.6032    -0.2529    -0.3572
     0.2951    -1.4664    -0.3689    -0.1786
     0.4018    -1.3113    -0.5741     0.0188
     0.5352    -1.1836    -0.7435     0.2069
     0.6863    -1.0558    -0.8773     0.3950
     0.7752    -0.8642    -0.9665     0.5831
     0.8996    -0.6542    -1.0914     0.7806
     1.0596    -0.3985    -1.2162     0.9688
     1.2018    -0.2067    -1.3321     1.1476
     1.3262     0.0492    -1.4302     1.3264
     1.4506     0.3600    -1.5461     1.5052
     1.6017     0.5978    -1.6888     1.6746
     1.6994     0.8265    -1.7333     1.7782
     1.8505     1.0186    -1.8314     1.9759
     1.9393     1.2383    -1.8671     2.1265
     1.9393     1.4672    -1.9651     2.2772
     1.9749     1.6778    -2.0275     2.3714
     1.9304     1.8153    -2.0097     2.5127
     1.9038     1.9893    -2.0186     2.5786
     1.8416     2.1635    -2.0542     2.6634
     1.8238     2.3010    -2.0632     2.6822
     1.6905     2.3560    -2.0542     2.7576
     1.6550     2.4110    -2.0097     2.7388
     1.5217     2.4568    -1.9918     2.6822
          3          3          3          3
