    4   2048 0.020000  2016   1  19  14   4
         16         10         11         42
    -2.0334     2.6974    -1.6517     2.6954
    -1.7664     2.5598    -1.8746     2.3469
    -1.6329     2.2755    -2.0796     1.8854
    -1.3482     2.0555    -2.2401     1.4524
    -1.1436     1.7897    -2.3648     1.0101
    -0.8589     1.5516    -2.5163     0.6149
    -0.6276     1.2860    -2.6411     0.3328
    -0.2986     1.0022    -2.7391     0.0036
    -0.0407     0.7185    -2.7837    -0.3254
     0.2972     0.4533    -2.8550    -0.7108
     0.5905     0.1332    -2.8995    -1.0491
     0.8750    -0.1501    -2.9351    -1.3873
     1.1061    -0.4059    -2.9441    -1.7160
     1.4438    -0.7164    -2.9084    -1.9320
     1.6837    -0.9356    -2.8015    -2.1949
     1.8969    -1.1455    -2.7391    -2.4390
     2.0746    -1.4010    -2.6322    -2.5985
     2.2967    -1.6108    -2.5431    -2.8144
     2.3766    -1.7475    -2.3916    -2.9270
     2.5276    -1.9299    -2.2222    -3.0208
     2.5454    -2.0757    -1.9994    -3.1709
     2.6253    -2.1213    -1.8122    -3.2366
     2.5809    -2.2853    -1.5536    -3.3585
     2.5543    -2.3673    -1.2504    -3.3867
     2.5365    -2.4220    -1.0453    -3.4054
     2.4655    -2.4584    -0.7421    -3.3679
     2.3944    -2.4584    -0.4744    -3.2272
     2.2878    -2.4402    -0.1532    -3.1334
     2.2523    -2.4766     0.1591    -2.9739
     2.1457    -2.3947     0.4536    -2.8894
     1.9769    -2.3309     0.7750    -2.8425
     1.8170    -2.1760     1.1410    -2.6173
     1.6926    -2.0484     1.4625    -2.4577
     1.5060    -1.9025     1.8376    -2.2137
     1.2394    -1.7749     2.1413    -1.9508
     1.0439    -1.5287     2.4183    -1.6221
     0.7505    -1.4101     2.7132    -1.3591
     0.5550    -1.1637     2.9545    -1.0585
     0.2883    -1.0086     3.1243    -0.7390
    -0.0051    -0.7712     3.3388    -0.4946
    -0.3164    -0.5612     3.4818    -0.1374
    -0.5120    -0.3602     3.5176     0.0976
    -0.8233    -0.1044     3.5086     0.5209
    -1.0546     0.1150     3.5534     0.8219
    -1.3126     0.4075     3.5444     1.2642
    -1.4816     0.5630     3.5265     1.6312
    -1.7041     0.8558     3.5086     2.0078
    -1.8821     1.0297     3.4014     2.3280
    -2.0779     1.3501     3.1690     2.6483
    -2.1936     1.5699     2.8115     2.9969
    -2.3627     1.8172     2.5344     3.3267
    -2.4517     2.0097     2.1771     3.6472
    -2.5318     2.2113     1.8465     3.9866
    -2.6208     2.4681     1.5071     4.2035
    -2.6475     2.6331     1.2303     4.2413
    -2.6920     2.7707     0.9446     4.2413
    -2.6920     3.0001     0.6678     4.3167
    -2.6742     3.1011     0.3019     4.3356
    -2.7009     3.1011    -0.0105     4.2790
    -2.6297     3.1562    -0.4031     4.2884
    -2.5585     3.1562    -0.6796     4.2884
    -2.4784     3.1562    -0.9383     4.2413
    -2.3983     3.1470    -1.2326     4.0149
    -2.2915     3.1011    -1.4645     3.6849
    -2.1402     3.0644    -1.6517     3.3173
    -1.9355     2.9451    -1.8746     2.9592
    -1.7575     2.7707    -2.1064     2.5823
    -1.5528     2.4864    -2.2757     2.1208
    -1.3482     2.2938    -2.4183     1.7160
    -1.1169     2.0188    -2.5787     1.2924
    -0.8500     1.7531    -2.6411     0.8595
    -0.5387     1.5607    -2.7302     0.5397
    -0.2630     1.2677    -2.8460     0.2293
    -0.0407     0.9015    -2.9084    -0.1468
     0.2794     0.6088    -2.9173    -0.5604
     0.5905     0.2795    -2.9530    -0.9176
     0.9461     0.0236    -2.9084    -1.3122
     1.2038    -0.3420    -2.8817    -1.6127
     1.5593    -0.5795    -2.8015    -1.9132
     1.8525    -0.8534    -2.6857    -2.1855
     2.0657    -1.1364    -2.5698    -2.4859
     2.2878    -1.3553    -2.3648    -2.7111
     2.4210    -1.6199    -2.2133    -2.8519
     2.5099    -1.8022    -2.0350    -3.0208
     2.5632    -2.0119    -1.7765    -3.1334
     2.5987    -2.1851    -1.6160    -3.2835
     2.5898    -2.2944    -1.3485    -3.4242
     2.5765    -2.4584    -1.1167    -3.4992
     2.5632    -2.4949    -0.8580    -3.6024
     2.5454    -2.6315    -0.5815    -3.5836
     2.5099    -2.6406    -0.3317    -3.5649
     2.4299    -2.7317    -0.0105    -3.4523
     2.3678    -2.7134     0.3287    -3.3304
     2.2700    -2.6861     0.6232    -3.3022
     2.1723    -2.5859     0.9357    -3.2084
     2.0657    -2.5040     1.2392    -3.1240
     2.0124    -2.4220     1.5518    -2.9739
     1.7903    -2.2944     1.8465    -2.7768
     1.6481    -2.2033     2.1235    -2.5704
     1.3905    -2.0119     2.3825    -2.2418
     1.1861    -1.8752     2.6417    -2.0071
     0.8661    -1.6746     2.8383    -1.7066
     0.6617    -1.4831     3.0170    -1.4155
     0.3861    -1.2459     3.1690    -1.1243
     0.1105    -1.0542     3.2583    -0.8518
    -0.1563    -0.8077     3.3388    -0.5228
    -0.4764    -0.6343     3.4014    -0.1938
    -0.7255    -0.3785     3.4550     0.0882
    -1.0012    -0.1501     3.4282     0.4174
    -1.1969     0.1332     3.3924     0.7749
    -1.4461     0.3527     3.3388     1.1230
    -1.6507     0.5630     3.2494     1.5183
    -1.7842     0.8466     3.1153     1.9043
    -1.9533     1.0754     3.0260     2.2527
    -2.1313     1.2677     2.8472     2.5447
    -2.2648     1.4875     2.5702     2.8650
    -2.3627     1.6981     2.3647     3.1288
    -2.4250     1.8722     2.0609     3.4210
    -2.4784     2.0922     1.8019     3.6849
    -2.4784     2.3122     1.5339     3.9395
    -2.5674     2.4222     1.2214     4.1658
    -2.5407     2.6148     0.8910     4.2224
    -2.5140     2.7799     0.5518     4.2601
    -2.4784     2.8900     0.2840     4.2790
    -2.4428     2.9726    -0.0819     4.2224
    -2.4339     2.9634    -0.3763     4.0904
    -2.3182     2.9910    -0.6707     3.9395
    -2.2826     2.9910    -0.9383     3.6944
    -2.1046     2.8441    -1.1880     3.3927
    -1.9711     2.7432    -1.4288     3.0817
    -1.8554     2.6607    -1.6160     2.7331
    -1.6240     2.5047    -1.8300     2.3374
    -1.4194     2.2847    -2.0618     1.8760
    -1.2503     2.0188    -2.2401     1.4242
    -1.0190     1.7897    -2.3916     0.9818
    -0.7700     1.5149    -2.5163     0.5209
    -0.4853     1.2494    -2.5876     0.2105
    -0.2008     0.9931    -2.7035    -0.1562
     0.1016     0.6820    -2.8015    -0.3724
     0.4750     0.4258    -2.8639    -0.7578
     0.7950     0.1150    -2.9084    -1.1618
     1.0794    -0.2141    -2.9886    -1.5188
     1.3905    -0.5247    -2.9619    -1.8005
     1.7192    -0.7530    -2.9173    -2.0822
     1.9947    -1.0451    -2.8282    -2.3733
     2.1990    -1.3280    -2.6678    -2.5985
     2.4033    -1.5195    -2.5876    -2.7862
     2.5454    -1.7567    -2.4540    -2.9364
     2.6875    -1.9117    -2.3114    -3.0677
     2.7319    -2.1486    -2.1331    -3.2178
     2.8474    -2.2398    -1.9459    -3.2835
     2.8385    -2.4038    -1.7230    -3.3491
     2.8740    -2.5222    -1.4645    -3.3960
     2.7941    -2.5495    -1.2058    -3.4523
     2.7941    -2.6315    -0.9026    -3.5274
     2.7674    -2.6952    -0.5726    -3.5367
     2.6431    -2.7226    -0.2782    -3.4805
     2.5720    -2.7043    -0.0105    -3.3773
     2.5010    -2.6679     0.3733    -3.2460
     2.4388    -2.6042     0.7035    -3.0865
     2.2700    -2.5495     0.9982    -2.9645
     2.1457    -2.4402     1.3821    -2.8613
     2.0035    -2.2762     1.7036    -2.6924
     1.8081    -2.1760     1.9984    -2.5141
     1.6393    -2.0484     2.2932    -2.2137
     1.3905    -1.8478     2.5255    -1.9602
     1.1327    -1.6108     2.7578    -1.6315
     0.8839    -1.4648     2.9723    -1.3779
     0.6172    -1.2459     3.1153    -1.0585
     0.4039    -1.0268     3.2494    -0.7954
     0.1194    -0.8077     3.3120    -0.4758
    -0.1385    -0.5612     3.4371    -0.1092
    -0.4409    -0.3511     3.4282     0.1729
    -0.6721    -0.1044     3.4193     0.5585
    -0.8767     0.1972     3.3120     0.9348
    -1.1347     0.3984     3.2315     1.3018
    -1.3126     0.6728     3.1332     1.7160
    -1.4905     0.9382     2.9276     2.0832
    -1.6329     1.2128     2.6863     2.4034
    -1.8020     1.4325     2.4630     2.7237
    -1.9177     1.6706     2.1592     3.0817
    -2.0423     1.8539     1.9001     3.3550
    -2.1224     2.0738     1.5964     3.6284
    -2.2470     2.2297     1.3017     3.8169
    -2.2737     2.3947     1.0517     4.0149
    -2.2826     2.6240     0.8285     4.1941
    -2.2826     2.7432     0.4715     4.2413
    -2.3004     2.9084     0.1769     4.2507
    -2.3093     3.0001    -0.1622     4.2978
    -2.2559     3.0552    -0.5012     4.2790
    -2.2470     3.0690    -0.7688     4.1941
    -2.1313     3.0827    -1.0542     4.0149
    -2.0690     3.0736    -1.2950     3.7132
    -1.8910     3.0644    -1.5358     3.4493
    -1.7575     3.0460    -1.8211     3.1100
    -1.6418     2.8533    -2.0261     2.7990
    -1.4194     2.7249    -2.2133     2.3751
    -1.2859     2.4681    -2.3916     2.0078
    -1.0457     2.2297    -2.5163     1.5559
    -0.8589     1.9913    -2.6500     1.0948
    -0.5921     1.7531    -2.7035     0.6714
    -0.3253     1.4783    -2.8282     0.2951
    -0.0407     1.1761    -2.8460     0.0506
     0.3061     0.8192    -2.9173    -0.2408
     0.5372     0.5356    -2.9530    -0.6450
     0.8928     0.1424    -2.9530    -1.0491
     1.1505    -0.1135    -2.9351    -1.3403
     1.4882    -0.4699    -2.8817    -1.6503
     1.7548    -0.7073    -2.8460    -1.9132
     2.0657    -1.0177    -2.7480    -2.1667
     2.2700    -1.2550    -2.6144    -2.3733
     2.4921    -1.5013    -2.4807    -2.5610
     2.6431    -1.7202    -2.3559    -2.7675
     2.7674    -1.8934    -2.1420    -2.8894
     2.8740    -2.0119    -2.0083    -2.9927
     2.8918    -2.1486    -1.8033    -3.1146
     2.9006    -2.3035    -1.5715    -3.1897
     2.8918    -2.3764    -1.3307    -3.2460
     2.8207    -2.4675    -1.0453    -3.3022
     2.8207    -2.5131    -0.7688    -3.3679
     2.7497    -2.5495    -0.5369    -3.3679
     2.6697    -2.5313    -0.2246    -3.3116
     2.5987    -2.5495     0.0520    -3.1897
     2.4655    -2.4858     0.3376    -3.0959
     2.3855    -2.4584     0.7035    -3.0020
     2.2256    -2.4038     1.0160    -2.9645
     2.0746    -2.3218     1.3553    -2.8331
     1.9680    -2.1304     1.6590    -2.6924
     1.7281    -2.0393     1.9448    -2.4577
     1.4882    -1.9208     2.2575    -2.2231
     1.2660    -1.7749     2.5076    -1.9883
     0.9905    -1.6108     2.7846    -1.6972
     0.7417    -1.4466     3.0349    -1.3967
     0.4483    -1.1637     3.2226    -1.0867
     0.1816    -0.9447     3.3835    -0.7672
    -0.0585    -0.7804     3.4818    -0.5228
    -0.3875    -0.5155     3.4997    -0.1562
    -0.6010    -0.3511     3.5086     0.1823
    -0.9034    -0.0587     3.5355     0.5115
    -1.1347     0.2064     3.4997     0.9254
    -1.3304     0.4533     3.5265     1.3583
    -1.4994     0.6545     3.5086     1.7254
    -1.6774     0.8832     3.4282     2.0832
    -1.8465     1.1212     3.3656     2.4411
    -2.0334     1.3592     3.0796     2.8084
    -2.1224     1.6065     2.7936     3.0723
    -2.2381     1.8356     2.4362     3.3644
    -2.3894     2.0372     2.1145     3.6001
    -2.4072     2.2297     1.7840     3.9018
    -2.4606     2.4222     1.4893     4.1187
    -2.4962     2.6056     1.2035     4.2318
    -2.5496     2.7891     0.8642     4.2413
    -2.5585     2.9451     0.5607     4.2601
    -2.5407     3.0277     0.1502     4.2696
    -2.5318     3.1011    -0.1622     4.2130
    -2.4695     3.0736    -0.5369     4.0149
    -2.4250     3.1103    -0.8134     3.8263
    -2.2737     3.1378    -1.1167     3.6284
    -2.1847     3.0644    -1.4466     3.3456
    -2.0868     2.9359    -1.7052     2.9875
    -1.8732     2.8074    -1.9548     2.6954
    -1.7575     2.6698    -2.2044     2.3374
    -1.5795     2.3764    -2.3827     1.9137
    -1.3215     2.1288    -2.5074     1.4900
    -1.0724     1.8356    -2.7035     1.0759
    -0.8233     1.5882    -2.7659     0.7184
    -0.5031     1.2677    -2.9084     0.3328
    -0.2363     1.0022    -2.9797     0.0788
     0.0749     0.6637    -3.0421    -0.2784
     0.3327     0.3893    -3.0688    -0.6920
     0.6439     0.0510    -3.0777    -1.0773
     0.9372    -0.2689    -3.0866    -1.4155
     1.2749    -0.5977    -3.0688    -1.7254
     1.5771    -0.8899    -3.0153    -2.0259
     1.8258    -1.1364    -2.9530    -2.2888
     2.1013    -1.4466    -2.7837    -2.5141
     2.2967    -1.6746    -2.6589    -2.7393
     2.4832    -1.8843    -2.4807    -2.9364
     2.6165    -2.0210    -2.2668    -3.0865
     2.7053    -2.2215    -2.0796    -3.2553
     2.7230    -2.3855    -1.9102    -3.3304
     2.7230    -2.4311    -1.6874    -3.4429
     2.7230    -2.5586    -1.4288    -3.5274
     2.7141    -2.6224    -1.1880    -3.5930
     2.6875    -2.6360    -0.8937    -3.6211
     2.5720    -2.6497    -0.6261    -3.6024
     2.5543    -2.7408    -0.3585    -3.5836
     2.4566    -2.7226    -0.0372    -3.4617
     2.3233    -2.6497     0.2394    -3.4148
     2.2079    -2.6224     0.5072    -3.3210
     2.1013    -2.5495     0.8196    -3.1991
     1.9591    -2.5222     1.1410    -3.0489
     1.8436    -2.3309     1.4268    -2.9176
     1.6304    -2.2215     1.7304    -2.6830
     1.4527    -2.0757     1.9627    -2.4202
     1.2572    -1.8934     2.1771    -2.1104
     1.0172    -1.7749     2.4451    -1.8099
     0.7950    -1.5925     2.6417    -1.5282
     0.5194    -1.3736     2.8919    -1.2276
     0.2083    -1.1272     3.0885    -0.9082
    -0.0229    -0.9721     3.2315    -0.5604
    -0.3164    -0.7621     3.3567    -0.1938
    -0.6099    -0.4973     3.3835     0.1447
    -0.8411    -0.2141     3.4014     0.5021
    -1.1080     0.0053     3.4103     0.8972
    -1.2681     0.3435     3.3746     1.3018
    -1.4639     0.5813     3.2852     1.6877
    -1.6952     0.8558     3.1690     2.1208
    -1.8198     1.1395     3.0528     2.4505
    -1.9800     1.4142     2.8293     2.7896
    -2.1402     1.6248     2.6059     3.1571
    -2.2292     1.9180     2.3557     3.4304
    -2.3449     2.1105     2.0609     3.7132
    -2.3894     2.3764     1.8376     3.9678
    -2.4517     2.5965     1.5697     4.1752
    -2.4695     2.7799     1.2750     4.2696
    -2.4873     2.9543     1.0071     4.2884
    -2.4606     3.0185     0.6768     4.2413
    -2.4695     3.1378     0.3733     4.2601
    -2.4339     3.1195     0.0342     4.2978
    -2.4161     3.1745    -0.3138     4.2507
    -2.3360     3.1745    -0.5815     4.1187
    -2.2292     3.1195    -0.8669     3.9018
    -2.1402     3.0919    -1.1523     3.6095
    -1.9889     3.0001    -1.4734     3.2985
    -1.8376     2.7983    -1.6428     2.9592
    -1.6151     2.6515    -1.8567     2.5918
    -1.4639     2.3764    -2.0707     2.2150
    -1.2414     2.1930    -2.2668     1.7819
    -0.9656     1.9730    -2.4629     1.3583
    -0.7522     1.7623    -2.5609     0.9913
    -0.4764     1.4691    -2.6678     0.7090
    -0.2363     1.1853    -2.7837     0.3798
     0.0393     0.9382    -2.8015     0.0506
     0.3950     0.6088    -2.8550    -0.3818
     0.6972     0.2887    -2.9351    -0.7578
     0.9550     0.0236    -2.9351    -1.0773
     1.2749    -0.2872    -2.8639    -1.3967
     1.6304    -0.6251    -2.8193    -1.6691
     1.9236    -0.8351    -2.7837    -1.9508
     2.1546    -1.1090    -2.6144    -2.1949
     2.3145    -1.2915    -2.5074    -2.3920
     2.4921    -1.5104    -2.3203    -2.6079
     2.5898    -1.7384    -2.1509    -2.7862
     2.7319    -1.8934    -1.9370    -2.9176
     2.7674    -2.0940    -1.7676    -3.0583
     2.7674    -2.2489    -1.5269    -3.1897
     2.7852    -2.3127    -1.2237    -3.2553
     2.8030    -2.4402    -0.9472    -3.2929
     2.7053    -2.4493    -0.6529    -3.2929
     2.6609    -2.5313    -0.4120    -3.3022
     2.5720    -2.5131    -0.1175    -3.3116
     2.5010    -2.5040     0.2483    -3.2460
     2.3855    -2.5404     0.5072    -3.1428
     2.2967    -2.5495     0.8642    -3.0583
     2.1546    -2.4493     1.1589    -2.9551
     2.0480    -2.3309     1.4714    -2.8801
     1.8525    -2.1760     1.7483    -2.6642
     1.6748    -2.0393     1.9984    -2.4859
     1.4527    -1.8296     2.2307    -2.2325
     1.2305    -1.7384     2.4630    -1.9038
     1.0083    -1.5743     2.6685    -1.6597
     0.7594    -1.3918     2.8919    -1.3967
     0.5016    -1.2094     3.0081    -1.1243
     0.1816    -0.9538     3.1243    -0.8048
    -0.0407    -0.7164     3.2226    -0.4758
    -0.3342    -0.5521     3.2941    -0.1750
    -0.5565    -0.3328     3.3835     0.1635
    -0.8055    -0.0313     3.4014     0.5115
    -1.0457     0.1790     3.3835     0.8407
    -1.2681     0.4807     3.3299     1.2359
    -1.5083     0.6637     3.2137     1.5936
    -1.6329     0.9290     3.0885     1.8948
    -1.8109     1.1487     2.9187     2.2338
    -1.9711     1.4050     2.6774     2.5541
    -2.1758     1.5974     2.4808     2.7896
    -2.2292     1.8172     2.2396     3.0911
    -2.3805     1.9547     2.0163     3.2796
    -2.4428     2.1747     1.7304     3.5812
    -2.5229     2.3580     1.4893     3.8641
    -2.5140     2.5598     1.2035     4.0621
    -2.5763     2.7065     0.9000     4.1469
    -2.6030     2.8258     0.6411     4.1941
    -2.5763     2.9176     0.3465     4.2130
    -2.5407     3.0552     0.0342     4.1658
    -2.4873     3.0460    -0.3138     4.0432
    -2.4784     3.0827    -0.5993     3.7792
    -2.3538     3.0093    -0.8491     3.4681
    -2.2648     2.9634    -1.1167     3.1854
    -2.1313     2.8992    -1.3664     2.8461
    -1.9711     2.6974    -1.6071     2.4693
    -1.8109     2.5781    -1.8567     2.1491
    -1.6329     2.3672    -2.0707     1.7536
    -1.4194     2.1197    -2.2401     1.3489
    -1.2592     1.7806    -2.4005     0.8972
    -1.0012     1.5058    -2.5163     0.5209
    -0.6899     1.2036    -2.6233     0.1635
    -0.4053     0.9473    -2.7659    -0.1280
    -0.1652     0.6088    -2.8460    -0.3536
     0.0927     0.2887    -2.8460    -0.6920
     0.4305     0.0144    -2.9084    -1.0867
     0.7328    -0.2689    -2.9619    -1.4249
     0.9550    -0.6069    -2.9441    -1.7536
     1.2749    -0.8625    -2.8282    -1.9883
     1.6215    -1.0542    -2.7480    -2.2043
     1.8969    -1.2732    -2.6857    -2.4390
     2.0657    -1.5378    -2.5520    -2.5891
     2.3233    -1.6837    -2.4005    -2.7393
     2.4832    -1.8478    -2.2222    -2.8707
     2.6076    -2.0484    -2.0707    -2.9551
     2.6964    -2.1942    -1.8211    -3.1240
     2.6786    -2.2489    -1.5715    -3.1897
     2.6786    -2.3400    -1.2950    -3.2553
     2.7141    -2.3764    -1.0453    -3.3022
     2.6609    -2.4675    -0.7510    -3.2835
     2.5898    -2.4402    -0.4388    -3.2366
     2.5099    -2.4220    -0.0997    -3.1803
     2.4122    -2.3855     0.2394    -3.1146
     2.2700    -2.3035     0.5786    -3.0489
     2.1812    -2.2762     0.9357    -2.9645
     2.0302    -2.1395     1.3107    -2.8613
     1.9236    -2.1213     1.6500    -2.6736
     1.7548    -1.9481     1.9627    -2.5516
     1.5682    -1.7658     2.2307    -2.2794
     1.4349    -1.6564     2.4719    -2.1010
     1.1949    -1.4739     2.7310    -1.8005
     0.9728    -1.3280     2.8919    -1.5188
     0.8039    -1.0816     3.0617    -1.1806
     0.5372    -0.9264     3.2494    -0.8706
     0.2972    -0.7164     3.3567    -0.6168
     0.0304    -0.5429     3.4550    -0.2972
    -0.2630    -0.3237     3.4014     0.0224
    -0.5120    -0.0770     3.3924     0.3798
    -0.7966     0.1698     3.3835     0.7749
    -1.0368     0.4441     3.3388     1.2171
    -1.2859     0.6271     3.2494     1.5842
    -1.4994     0.9473     3.1243     1.9419
    -1.6774     1.1578     2.9991     2.2904
    -1.9177     1.3959     2.8204     2.6860
    -2.0156     1.6432     2.6149     2.9592
    -2.1758     1.8630     2.3736     3.2985
    -2.2915     1.9822     2.1503     3.5152
    -2.3894     2.2663     1.9180     3.7603
    -2.4784     2.4681     1.6858     3.9395
    -2.5051     2.5873     1.4625     4.1564
    -2.5941     2.7983     1.1946     4.2130
    -2.6208     2.8992     0.9357     4.2271
    -2.5941     3.1011     0.6321     4.2413
    -2.6030     3.1011     0.3376     4.2507
    -2.5318     3.1653     0.0252     4.2130
    -2.5051     3.1195    -0.3138     4.1469
    -2.4072     3.1378    -0.5636     3.9772
    -2.3182     3.1195    -0.8937     3.7038
    -2.2737     3.1378    -1.1613     3.3927
    -2.0957     2.9726    -1.4199     3.0629
    -1.9800     2.8441    -1.6784     2.7519
    -1.8109     2.6056    -1.8567     2.3563
    -1.6329     2.3855    -2.0974     1.9702
    -1.3749     2.0738    -2.2757     1.5089
    -1.2147     1.8081    -2.4718     1.0477
    -0.9390     1.5241    -2.5787     0.6902
    -0.6187     1.2768    -2.7124     0.3045
    -0.4053     0.9290    -2.8104     0.0412
    -0.1029     0.5813    -2.9173    -0.3160
     0.2349     0.3252    -2.9797    -0.7578
     0.4750    -0.0678    -3.0153    -1.1243
     0.7772    -0.3146    -3.0688    -1.4531
     1.0528    -0.6069    -3.0153    -1.7724
     1.3371    -0.8990    -3.0064    -2.0822
     1.6659    -1.1637    -2.8906    -2.3451
     1.9413    -1.3918    -2.8104    -2.5891
     2.1634    -1.6290    -2.6589    -2.7675
     2.4122    -1.8205    -2.4985    -2.9082
     2.5809    -1.9937    -2.2757    -3.0677
     2.7497    -2.1122    -2.1153    -3.1991
     2.8385    -2.2944    -1.9370    -3.3022
     2.9095    -2.4311    -1.6784    -3.3773
     2.9983    -2.4766    -1.3842    -3.4711
     2.9983    -2.6042    -1.0899    -3.5461
     2.9362    -2.6315    -0.8045    -3.5649
     2.9006    -2.6770    -0.5369    -3.5649
     2.7763    -2.6861    -0.2425    -3.4429
     2.6964    -2.7134     0.0877    -3.3773
     2.5720    -2.6770     0.4982    -3.3116
     2.4210    -2.5677     0.7928    -3.2366
     2.2967    -2.5131     1.1678    -3.0959
     2.1190    -2.4766     1.5339    -3.0114
     2.0568    -2.3218     1.8465    -2.7675
     1.8614    -2.2033     2.1235    -2.5798
     1.7459    -2.0848     2.3915    -2.3639
     1.5149    -1.8661     2.6238    -2.0541
     1.3283    -1.7293     2.8383    -1.8193
     1.1150    -1.5378     3.0528    -1.4812
     0.8217    -1.2550     3.2047    -1.2182
     0.5639    -1.0360     3.2852    -0.8706
     0.3594    -0.7895     3.3299    -0.5886
     0.0482    -0.5977     3.3656    -0.2314
    -0.1919    -0.2780     3.3746     0.0694
    -0.4320    -0.0587     3.3299     0.4832
    -0.7522     0.2064     3.2762     0.8031
    -0.9568     0.4899     3.2047     1.2642
    -1.2414     0.6820     3.0885     1.6124
    -1.4105     0.9839     2.9545     2.0078
    -1.5795     1.2219     2.7757     2.3186
    -1.7753     1.4508     2.5523     2.6954
    -1.9266     1.6523     2.3289     2.9875
    -2.0423     1.8997     2.0877     3.2890
    -2.1936     2.0647     1.8465     3.5718
    -2.2826     2.2663     1.6947     3.8358
    -2.3093     2.5231     1.4893     4.0904
    -2.3449     2.6607     1.1678     4.2130
    -2.3894     2.8258     0.9267     4.2413
    -2.3983     2.9359     0.5964     4.2601
    -2.4428     3.0460     0.3019     4.2413
    -2.4250     3.1103     0.0252     4.2130
    -2.3716     3.1286    -0.2692     4.1752
    -2.3449     3.1378    -0.5369     4.0432
    -2.2381     3.0827    -0.8045     3.7509
    -2.1491     3.0277    -1.0721     3.4964
    -2.0423     2.9451    -1.3396     3.1477
    -1.8376     2.8350    -1.5982     2.7613
    -1.6952     2.6790    -1.7676     2.3940
    -1.5261     2.4681    -2.0350     2.0078
    -1.3571     2.2113    -2.2044     1.5842
    -1.1525     1.9822    -2.3827     1.1983
    -0.9212     1.7256    -2.4896     0.8031
    -0.6810     1.4233    -2.6678     0.3986
    -0.4409     1.0937    -2.7480     0.1353
    -0.1563     0.7917    -2.8371    -0.1938
     0.1994     0.5264    -2.9262    -0.6168
     0.4305     0.1424    -2.9886    -0.9645
     0.7417    -0.1592    -2.9886    -1.3028
     1.0616    -0.4242    -3.0332    -1.6033
     1.3283    -0.7256    -2.9351    -1.9226
     1.5860    -1.0633    -2.8639    -2.1667
     1.9325    -1.2824    -2.7569    -2.4577
     2.1190    -1.5378    -2.6233    -2.6173
     2.3766    -1.8114    -2.4807    -2.8519
     2.5987    -2.0028    -2.3559    -3.0020
     2.6786    -2.1486    -2.1866    -3.1709
     2.8385    -2.3764    -1.9905    -3.3116
     2.9006    -2.4858    -1.7319    -3.4711
     2.9184    -2.6224    -1.4466    -3.5461
     2.9006    -2.7226    -1.1702    -3.6680
     2.8829    -2.7499    -0.8402    -3.6399
     2.8207    -2.8045    -0.5993    -3.6399
     2.7763    -2.8318    -0.3049    -3.5930
     2.6342    -2.7954     0.0431    -3.5274
     2.5188    -2.7954     0.3911    -3.4898
     2.4655    -2.7590     0.7303    -3.4242
     2.3145    -2.6406     1.0607    -3.2741
     2.1368    -2.5495     1.3821    -3.1428
     2.0213    -2.3855     1.6768    -2.8894
     1.8792    -2.2398     1.9180    -2.7018
     1.6393    -2.1760     2.1681    -2.4202
     1.4527    -2.0028     2.4540    -2.1573
     1.2660    -1.8752     2.6685    -1.8475
     1.0616    -1.6746     2.8115    -1.5658
     0.7861    -1.4192     2.9723    -1.2464
     0.5905    -1.2641     3.0706    -0.9645
     0.3061    -1.0086     3.1332    -0.5886
     0.0482    -0.7712     3.1332    -0.3160
    -0.2097    -0.5886     3.1690     0.0130
    -0.4587    -0.3602     3.0617     0.3704
    -0.7166    -0.1410     3.0438     0.7372
    -0.9212     0.1241     2.9098     1.0665
    -1.1792     0.3893     2.8025     1.4900
    -1.3482     0.7094     2.6238     1.7913
    -1.5172     0.9473     2.4362     2.1679
    -1.6596     1.2494     2.2396     2.4881
    -1.8198     1.5241     2.0073     2.7896
    -1.9711     1.6798     1.7840     3.0534
    -2.1046     1.9089     1.5786     3.3644
    -2.1224     2.2022     1.3643     3.6001
    -2.2114     2.3397     1.1678     3.9018
    -2.2158     2.4956     0.9000     4.1281
    -2.2203     2.7065     0.6678     4.2413
    -2.2069     2.8074     0.3287     4.2696
    -2.1936     2.9451     0.0788     4.2884
    -2.2203     3.0369    -0.2157     4.2507
    -2.1580     3.0827    -0.4834     4.2507
    -2.0156     3.0552    -0.7510     4.1752
    -1.9711     3.0414    -1.0096     4.0904
    -1.7931     3.0277    -1.2683     3.7698
    -1.6685     3.0093    -1.5180     3.4587
    -1.4994     2.9451    -1.7854     3.1005
    -1.3215     2.7524    -2.0261     2.7142
    -1.1614     2.5781    -2.2401     2.2527
    -0.9390     2.3580    -2.4272     1.8289
    -0.7255     2.1472    -2.5431     1.3583
    -0.5120     1.8630    -2.6857     0.9724
    -0.2363     1.6890    -2.8015     0.5303
    -0.0407     1.3684    -2.8995     0.2481
     0.2349     1.1029    -3.0064    -0.0810
     0.5372     0.7734    -3.0866    -0.4570
     0.7950     0.4167    -3.1668    -0.8424
     1.0705     0.0601    -3.1401    -1.1806
     1.3993    -0.1958    -3.1401    -1.5000
     1.6748    -0.5338    -3.1222    -1.7912
     1.9680    -0.8625    -3.0688    -2.0353
     2.2700    -1.0816    -2.9351    -2.2794
     2.4921    -1.3553    -2.7569    -2.5234
     2.6165    -1.6472    -2.6144    -2.7018
     2.8207    -1.8022    -2.4629    -2.8894
     2.8562    -2.0484    -2.2579    -3.0208
     2.9717    -2.2671    -2.0261    -3.1240
     2.9450    -2.3673    -1.8211    -3.2178
     2.9362    -2.4949    -1.5625    -3.3491
     2.9273    -2.5768    -1.2950    -3.4429
     2.8740    -2.6952    -0.9650    -3.5180
     2.7408    -2.7681    -0.6439    -3.5743
     2.6165    -2.7954    -0.2514    -3.5836
     2.5365    -2.7772     0.0877    -3.4805
     2.3322    -2.7043     0.4179    -3.4054
     2.1812    -2.7317     0.7839    -3.3210
     2.0124    -2.6406     1.0785    -3.2084
     1.8614    -2.5313     1.4089    -3.0865
     1.6393    -2.3582     1.6411    -2.9551
     1.4704    -2.2762     1.9001    -2.7581
     1.2305    -2.1031     2.1771    -2.5328
     0.9905    -1.9117     2.3647    -2.2418
     0.7950    -1.7202     2.5970    -2.0165
     0.5372    -1.5743     2.7132    -1.6785
     0.2616    -1.4192     2.8025    -1.3967
     0.0127    -1.2185     2.9545    -1.0679
    -0.2008    -1.0542     2.9991    -0.7014
    -0.4853    -0.8169     3.0260    -0.3724
    -0.7166    -0.6069     3.0081    -0.0246
    -0.9923    -0.3876     2.9634     0.3798
    -1.2503    -0.0861     2.9276     0.7184
    -1.4194     0.1241     2.8472     1.1700
    -1.6507     0.3710     2.7221     1.5183
    -1.8109     0.6454     2.6238     1.9043
    -2.0334     0.9290     2.4898     2.2527
    -2.2025     1.1212     2.2932     2.5823
    -2.2737     1.4050     2.1056     2.8367
    -2.4072     1.6523     1.9091     3.1194
    -2.5318     1.7714     1.6858     3.4304
    -2.5852     2.0922     1.4625     3.7132
    -2.6386     2.3397     1.2392     3.9584
    -2.7276     2.5139     0.9624     4.1281
    -2.6742     2.7432     0.7303     4.1752
    -2.6831     2.9451     0.4893     4.2035
    -2.6742     3.0827     0.1948     4.2224
    -2.6208     3.0919    -0.1086     4.2318
    -2.6386     3.1011    -0.4120     4.2130
    -2.5051     3.1103    -0.7153     4.1752
    -2.3983     3.0919    -1.0007     4.0621
    -2.2470     3.0919    -1.2772     3.9112
    -2.0868     3.0644    -1.5001     3.5718
    -1.8643     2.9910    -1.7498     3.2042
    -1.7219     2.7341    -1.9726     2.8084
    -1.4461     2.5323    -2.2222     2.3657
    -1.2770     2.2663    -2.4183     1.9325
    -1.0101     2.0188    -2.5876     1.4806
    -0.7877     1.7714    -2.7302     1.0289
    -0.5120     1.5516    -2.8015     0.6432
    -0.2363     1.3135    -2.9173     0.3139
    -0.0229     0.9565    -2.9886     0.0224
     0.2972     0.7002    -3.0421    -0.4100
     0.5105     0.4167    -3.0955    -0.7766
     0.8217     0.0784    -3.0777    -1.1712
     1.1505    -0.1775    -3.0866    -1.5000
     1.4527    -0.4516    -2.9619    -1.8193
     1.7281    -0.7438    -2.8460    -2.1292
     2.0035    -1.0451    -2.7302    -2.3826
     2.3056    -1.2459    -2.5787    -2.5985
     2.5188    -1.5195    -2.4896    -2.8050
     2.6697    -1.8296    -2.3470    -2.9551
     2.7941    -2.0393    -2.1687    -3.1803
     2.8562    -2.2398    -1.8924    -3.2460
     2.8474    -2.3582    -1.6606    -3.2929
     2.8562    -2.5313    -1.4466    -3.3773
     2.8651    -2.6679    -1.1523    -3.4242
     2.8118    -2.7408    -0.8580    -3.4805
     2.7586    -2.7499    -0.5280    -3.5367
     2.6520    -2.8409    -0.2246    -3.5367
     2.5543    -2.7954     0.1055    -3.4898
     2.4033    -2.8136     0.4625    -3.4148
     2.2434    -2.7772     0.7660    -3.2553
     2.0124    -2.6406     1.0964    -3.1521
     1.9058    -2.5404     1.3910    -3.0489
     1.7015    -2.3947     1.6947    -2.9457
     1.5326    -2.2398     1.9716    -2.7675
     1.3105    -2.0940     2.2217    -2.5234
     1.1150    -1.9208     2.4183    -2.2606
     0.9550    -1.7931     2.6238    -1.9508
     0.7328    -1.6564     2.8293    -1.6879
     0.4572    -1.4010     2.9187    -1.3779
     0.2349    -1.1364     3.1064    -1.0397
    -0.0585    -0.8899     3.1511    -0.6638
    -0.3164    -0.6525     3.2226    -0.3160
    -0.5654    -0.4607     3.2226     0.0600
    -0.8500    -0.2141     3.1690     0.4550
    -1.0902     0.0875     3.1153     0.8501
    -1.3215     0.3252     3.0260     1.3018
    -1.5083     0.6271     2.9098     1.6689
    -1.7308     0.8558     2.8204     2.0549
    -1.8910     1.0937     2.6327     2.4505
    -2.0512     1.3592     2.5076     2.8179
    -2.2114     1.5699     2.2753     3.1759
    -2.2737     1.8630     2.0699     3.4493
    -2.4250     2.0372     1.8465     3.7603
    -2.4784     2.2755     1.6500     3.9961
    -2.5496     2.5231     1.3732     4.1941
    -2.5941     2.7249     1.1499     4.2413
    -2.6030     2.9084     0.8285     4.2601
    -2.6030     3.0277     0.5875     4.2507
    -2.5763     3.0736     0.2394     4.3167
    -2.5407     3.0644    -0.0372     4.2978
    -2.4250     3.1470    -0.3585     4.2413
    -2.3983     3.1286    -0.6707     4.2696
    -2.2648     3.1653    -0.9918     4.1658
    -2.1135     3.1286    -1.2683     3.9489
    -1.9800     3.1103    -1.5269     3.6472
    -1.7931     3.0919    -1.8122     3.2608
    -1.5884     2.9634    -1.9994     2.8461
    -1.3749     2.7432    -2.2668     2.3940
    -1.1614     2.4039    -2.4540     1.9325
    -0.9479     2.2022    -2.6144     1.5465
    -0.6721     1.8722    -2.7569     1.0665
    -0.3697     1.6523    -2.8460     0.7090
    -0.1741     1.3684    -2.9262     0.3328
     0.1460     1.0022    -2.9975     0.0224
     0.3683     0.7002    -3.0688    -0.4194
     0.6705     0.4167    -3.1579    -0.7954
     0.9283     0.0144    -3.1579    -1.1806
     1.2483    -0.2232    -3.1312    -1.4624
     1.5060    -0.4881    -3.0242    -1.8005
     1.8436    -0.8077    -2.8995    -2.0916
     2.1634    -1.0177    -2.7837    -2.3920
     2.4477    -1.2732    -2.6767    -2.6361
     2.5898    -1.4648    -2.5074    -2.7956
     2.7852    -1.7202    -2.3559    -2.9833
     2.8829    -1.8934    -2.2044    -3.1334
     2.9184    -2.1304    -1.9816    -3.2929
     2.9806    -2.2489    -1.7587    -3.3773
     2.9983    -2.3764    -1.5180    -3.4805
     2.9273    -2.5222    -1.2504    -3.5367
     2.9628    -2.6133    -0.9383    -3.5930
     2.8918    -2.7499    -0.5904    -3.6118
     2.7586    -2.7863    -0.2960    -3.5649
     2.6520    -2.8773     0.0431    -3.5836
     2.4743    -2.8956     0.3911    -3.5086
     2.3056    -2.8500     0.6857    -3.4336
     2.1457    -2.8136     1.0249    -3.3679
     1.9858    -2.7317     1.3910    -3.2460
     1.8347    -2.5495     1.6947    -3.1052
     1.5860    -2.4129     1.9805    -2.8519
     1.3816    -2.2307     2.2128    -2.6361
     1.1594    -2.0484     2.4808    -2.3920
     0.9372    -1.8843     2.6595    -2.1480
     0.7061    -1.6928     2.9008    -1.8569
     0.5016    -1.4557     3.0170    -1.5470
     0.2260    -1.2367     3.1779    -1.1712
     0.0038    -0.9903     3.2852    -0.8518
    -0.2897    -0.6982     3.3209    -0.4476
    -0.5209    -0.5064     3.3209    -0.0810
    -0.8144    -0.1866     3.2941     0.3045
    -1.0457     0.0236     3.1868     0.7372
    -1.3215     0.3070     3.1064     1.1700
    -1.5172     0.5264     3.0438     1.5748
    -1.7041     0.7551     2.8830     1.9513
    -1.9177     1.0571     2.7221     2.3563
    -2.0512     1.2494     2.5166     2.7048
    -2.2470     1.4966     2.3021     3.0534
    -2.3449     1.7439     2.0877     3.3550
    -2.4339     1.9089     1.8376     3.6189
    -2.5763     2.1655     1.6232     3.8641
    -2.6475     2.4130     1.4178     4.1092
    -2.6920     2.6148     1.1410     4.2130
    -2.7365     2.7799     0.9535     4.2271
    -2.7009     2.9818     0.6946     4.2413
    -2.7187     3.0369     0.4001     4.2601
    -2.6742     3.0827     0.0788     4.2601
    -2.6653     3.1011    -0.2246     4.2318
    -2.5407     3.0827    -0.5369     4.1847
    -2.5140     3.1286    -0.8223     4.0621
    -2.3538     3.1011    -1.1434     3.7886
    -2.2114     3.1195    -1.3753     3.4775
    -2.0156     2.9910    -1.6517     3.0817
    -1.8287     2.8533    -1.8478     2.6860
    -1.6240     2.5873    -2.0796     2.2715
    -1.3927     2.3305    -2.2668     1.8478
    -1.1436     2.0922    -2.4540     1.4712
    -0.9034     1.8630    -2.5431     1.0289
    -0.6010     1.6157    -2.6589     0.6243
    -0.4053     1.2677    -2.7748     0.2951
    -0.1029     0.9931    -2.8104    -0.0716
     0.1282     0.6088    -2.8639    -0.5040
     0.4216     0.3435    -2.8995    -0.8612
     0.7328     0.0418    -2.8817    -1.2088
     0.9550    -0.2963    -2.8460    -1.4812
     1.3283    -0.5338    -2.7837    -1.8381
     1.6393    -0.7895    -2.7302    -2.1010
     1.8792    -1.0451    -2.6144    -2.3826
     2.1190    -1.2732    -2.4094    -2.6361
     2.3589    -1.5651    -2.2222    -2.7862
     2.5809    -1.7840    -2.0440    -2.9927
     2.6875    -1.9846    -1.8657    -3.1897
     2.7497    -2.1486    -1.7319    -3.3491
     2.8562    -2.3582    -1.4912    -3.4429
     2.8030    -2.5404    -1.2058    -3.5743
     2.8030    -2.6679    -0.8313    -3.5930
     2.7941    -2.7499    -0.4923    -3.6399
     2.6520    -2.8500    -0.1532    -3.6399
     2.5898    -2.9229     0.1412    -3.6774
     2.5099    -2.9684     0.4536    -3.6493
     2.4299    -3.0321     0.8285    -3.6211
     2.2789    -3.0048     1.1678    -3.5180
     2.1634    -2.9229     1.4714    -3.4429
     2.0213    -2.8227     1.7661    -3.2553
     1.8170    -2.7043     1.9805    -3.1052
     1.6215    -2.5768     2.2753    -2.9176
     1.4615    -2.4949     2.5076    -2.6830
     1.2216    -2.3218     2.7668    -2.4390
     0.9461    -2.1304     2.9813    -2.1480
     0.7594    -1.9117     3.1243    -1.8945
     0.4750    -1.7384     3.2226    -1.5752
     0.2438    -1.5195     3.3120    -1.2370
    -0.0140    -1.2915     3.3030    -0.8800
    -0.3075    -0.9721     3.3120    -0.5510
    -0.5654    -0.6890     3.3477    -0.0998
    -0.8055    -0.4242     3.3299     0.2293
    -1.0635    -0.1592     3.2673     0.6526
    -1.2592     0.0967     3.1600     1.0948
    -1.4461     0.3801     3.0796     1.5089
    -1.6418     0.6454     2.8561     1.9231
    -1.8465     0.9290     2.7132     2.3374
    -1.9889     1.2585     2.4898     2.7331
    -2.1758     1.4783     2.2307     3.0629
    -2.2737     1.7073     1.9895     3.4116
    -2.3894     1.9089     1.7929     3.7132
    -2.5051     2.1197     1.5339     3.9772
    -2.5585     2.3580     1.2928     4.1658
    -2.6030     2.5873     1.0160     4.2601
    -2.6831     2.7432     0.7928     4.2978
    -2.6653     2.9910     0.5250     4.2790
    -2.7009     3.0369     0.2394     4.2884
    -2.6475     3.1103    -0.0372     4.2790
    -2.5852     3.0827    -0.3495     4.2884
    -2.4873     3.1286    -0.6975     4.2696
    -2.3894     3.1470    -0.9740     4.2601
    -2.2559     3.1195    -1.2772     4.1187
    -2.0957     3.1286    -1.5269     3.8169
    -1.9533     3.1195    -1.7943     3.4493
    -1.7308     3.0827    -1.9816     3.0629
    -1.5172     2.9359    -2.2401     2.6012
    -1.2503     2.6056    -2.3916     2.1491
    -1.0190     2.2847    -2.5609     1.6783
    -0.7522     2.1013    -2.6946     1.2077
    -0.4942     1.8905    -2.8371     0.8031
    -0.2274     1.5699    -2.9441     0.4456
     0.0127     1.2860    -3.0242     0.1071
     0.3594     0.9382    -3.0777    -0.2784
     0.6172     0.6454    -3.0866    -0.6544
     0.8750     0.3344    -3.0510    -1.0303
     1.2216    -0.0313    -2.9975    -1.3497
     1.4971    -0.2872    -2.9886    -1.6409
     1.7637    -0.5795    -2.8550    -1.9602
     2.0835    -0.8717    -2.7391    -2.1949
     2.3056    -1.0268    -2.5965    -2.4484
     2.5543    -1.2641    -2.4450    -2.6361
     2.7586    -1.4739    -2.2668    -2.8050
     2.9806    -1.7475    -2.0974    -3.0208
     2.9806    -1.9663    -1.9192    -3.1240
     3.0338    -2.1031    -1.5893    -3.2647
     3.0427    -2.2671    -1.2861    -3.3679
     3.0338    -2.4220    -0.9650    -3.4617
     3.0161    -2.5677    -0.6083    -3.4617
     3.0338    -2.6770    -0.2960    -3.4711
     2.9983    -2.7134     0.0252    -3.4898
     2.9362    -2.7863     0.3465    -3.4429
     2.7497    -2.8591     0.6589    -3.4617
     2.6076    -2.8591     0.9178    -3.3210
     2.4832    -2.8409     1.2303    -3.2553
     2.3145    -2.7226     1.5071    -3.1334
     2.1368    -2.6679     1.7304    -2.9739
     1.9502    -2.5677     1.9805    -2.8144
     1.7370    -2.3855     2.2039    -2.6079
     1.4704    -2.2215     2.4004    -2.3733
     1.2927    -1.9846     2.5702    -2.1198
     1.0794    -1.7658     2.7221    -1.8381
     0.8217    -1.5560     2.9098    -1.5282
     0.5728    -1.4101     2.9723    -1.2370
     0.2438    -1.1364     2.9991    -0.9457
     0.0127    -0.9903     3.0438    -0.5604
    -0.2808    -0.7438     3.0260    -0.1562
    -0.5387    -0.4151     2.9813     0.2199
    -0.8322    -0.1958     2.9276     0.6714
    -1.1080     0.1058     2.8919     1.1042
    -1.3482     0.3710     2.7489     1.4806
    -1.5350     0.6271     2.6059     1.9231
    -1.7130     0.9015     2.4630     2.3374
    -1.9177     1.1395     2.2485     2.6954
    -2.0067     1.4417     2.0073     2.9875
    -2.1491     1.6615     1.7929     3.3173
    -2.2915     1.8539     1.4893     3.5812
    -2.3716     1.9638     1.2214     3.8075
    -2.4962     2.2388     0.9624     3.9961
    -2.5318     2.4864     0.7125     4.1375
    -2.5763     2.6882     0.4268     4.2318
    -2.6119     2.8992     0.2483     4.2696
    -2.5941     3.0736    -0.0819     4.2790
    -2.5941     3.1470    -0.3317     4.2790
    -2.4962     3.1195    -0.6172     4.2130
    -2.4784     3.1653    -0.9026     4.0998
    -2.3360     3.1837    -1.1969     3.9772
    -2.2114     3.1837    -1.4645     3.7321
    -2.1135     3.1103    -1.7141     3.4775
    -1.9355     3.0919    -1.9281     3.1194
    -1.7041     3.0093    -2.1153     2.7142
    -1.5350     2.7157    -2.3114     2.2998
    -1.3037     2.3855    -2.4985     1.8854
    -1.0012     2.1105    -2.6589     1.4430
    -0.7700     1.8264    -2.7569     1.0007
    -0.4498     1.6340    -2.8371     0.6432
    -0.2008     1.2768    -2.9084     0.2951
     0.0660     0.9748    -2.9886    -0.0434
     0.3861     0.7368    -3.0599    -0.5134
     0.6261     0.3893    -3.0866    -0.8424
     0.8394     0.0967    -3.0688    -1.2370
     1.1239    -0.1775    -3.0064    -1.5282
     1.4260    -0.4516    -2.9351    -1.8569
     1.7548    -0.6434    -2.8728    -2.1386
     1.9591    -0.9447    -2.7302    -2.3826
     2.2523    -1.1546    -2.5876    -2.6079
     2.4921    -1.3462    -2.4005    -2.8519
     2.6964    -1.5651    -2.2935    -3.0396
     2.8474    -1.8387    -2.1242    -3.1803
     2.9273    -2.0210    -1.9192    -3.3210
     2.9539    -2.2398    -1.6428    -3.4242
     2.9006    -2.4038    -1.3307    -3.4805
     2.9184    -2.5222    -1.0186    -3.4992
     2.8207    -2.6861    -0.7153    -3.5180
     2.7141    -2.7772    -0.4120    -3.5649
     2.6609    -2.8956    -0.0908    -3.5649
     2.5809    -2.9684     0.2840    -3.5649
     2.4655    -2.9684     0.6232    -3.4992
     2.3145    -2.9320     0.9892    -3.3960
     2.1901    -2.8956     1.2660    -3.3585
     2.0480    -2.8409     1.5786    -3.3022
     1.7992    -2.7681     1.8733    -3.1428
     1.6393    -2.6770     2.1771    -2.9551
     1.4082    -2.5040     2.4183    -2.7768
     1.2038    -2.3764     2.6953    -2.5047
     0.9905    -2.1669     2.8383    -2.2512
     0.7683    -1.9846     3.0170    -1.9977
     0.5817    -1.7293     3.1511    -1.6785
     0.2883    -1.5378     3.2315    -1.3685
     0.0482    -1.2824     3.2137    -1.0209
    -0.2363    -1.0360     3.2494    -0.6262
    -0.4942    -0.7712     3.1958    -0.2314
    -0.7255    -0.5521     3.1868     0.1635
    -0.9656    -0.2780     3.0706     0.5585
    -1.2147    -0.0313     2.9991     1.0007
    -1.4550     0.2521     2.8115     1.4053
    -1.6596     0.5539     2.6685     1.8289
    -1.8109     0.8009     2.5076     2.1868
    -1.9800     1.0571     2.3825     2.5447
    -2.1936     1.2311     2.2039     2.9215
    -2.3449     1.4417     1.9537     3.1948
    -2.3983     1.6981     1.7304     3.4964
    -2.5585     1.9089     1.4982     3.7226
    -2.5941     2.1747     1.2392     3.9584
    -2.6475     2.3672     1.0160     4.1752
    -2.7009     2.5873     0.8107     4.2601
    -2.6831     2.8166     0.5339     4.2318
    -2.7365     3.0736     0.2216     4.2978
    -2.7009     3.1562    -0.1086     4.2884
    -2.6564     3.1195    -0.4209     4.2318
    -2.6030     3.1378    -0.7777     4.1658
    -2.5585     3.1286    -1.0275     3.9866
    -2.4428     3.1929    -1.3039     3.7132
    -2.3360     3.1470    -1.6071     3.4304
    -2.1936     3.0827    -1.8389     3.1382
    -1.9622     2.9451    -2.0974     2.7708
    -1.7575     2.6882    -2.2846     2.3469
    -1.5083     2.3947    -2.4896     1.9325
    -1.2503     2.0922    -2.6055     1.4995
    -0.9656     1.8905    -2.7480     1.0948
    -0.6543     1.6890    -2.8728     0.6808
    -0.4053     1.3776    -2.9441     0.3892
    -0.0940     1.1121    -3.0153     0.0412
     0.1905     0.8283    -3.0153    -0.3348
     0.4483     0.5356    -3.1044    -0.6920
     0.6883     0.1790    -3.0866    -1.0491
     1.0261    -0.0313    -3.0510    -1.3591
     1.2749    -0.2963    -2.9530    -1.6221
     1.6126    -0.5977    -2.8282    -1.9320
     1.9325    -0.7530    -2.6767    -2.1386
     2.2079    -1.0451    -2.5787    -2.3639
     2.4743    -1.2732    -2.3737    -2.5891
     2.6342    -1.4283    -2.2133    -2.7768
     2.8651    -1.6837    -2.0440    -2.9927
     2.9362    -1.9117    -1.8300    -3.1052
     2.9983    -2.0666    -1.5804    -3.2084
     2.9539    -2.2762    -1.2861    -3.3491
     2.9717    -2.3491    -0.9918    -3.3773
     2.8918    -2.5131    -0.6350    -3.3867
     2.8296    -2.6042    -0.3585    -3.4429
     2.7852    -2.7317    -0.0462    -3.5180
     2.6786    -2.8409     0.2573    -3.4898
     2.5543    -2.8682     0.6411    -3.4523
     2.4477    -2.8409     0.9714    -3.2929
     2.3678    -2.7681     1.2839    -3.2647
     2.2256    -2.7863     1.5161    -3.1521
     2.0391    -2.6679     1.7929    -3.0114
     1.9147    -2.5951     2.0520    -2.8238
     1.7192    -2.4311     2.3379    -2.6455
     1.4882    -2.3127     2.5434    -2.4671
     1.2305    -2.1122     2.6774    -2.1667
     0.9994    -1.9025     2.8740    -1.9696
     0.7772    -1.5834     3.0170    -1.6315
     0.4661    -1.3918     3.1153    -1.3497
     0.2616    -1.1820     3.1868    -0.9457
    -0.0407    -0.8899     3.1958    -0.5698
    -0.3253    -0.6708     3.1690    -0.1938
    -0.5832    -0.3420     3.1600     0.1917
    -0.8856    -0.1501     3.0796     0.6337
    -1.1258     0.1515     3.0170     1.0477
    -1.3749     0.4167     2.8919     1.4336
    -1.5973     0.6271     2.6774     1.8854
    -1.7397     0.9107     2.4898     2.2809
    -1.9444     1.1212     2.3111     2.6860
    -2.1313     1.3592     2.1056     3.0157
    -2.2381     1.5516     1.8733     3.3079
    -2.3805     1.7531     1.5786     3.6284
    -2.5585     2.0005     1.3375     3.8263
    -2.6030     2.1930     1.0785     4.0809
    -2.7187     2.4864     0.8821     4.1941
    -2.7454     2.6698     0.6500     4.2696
    -2.7722     2.8441     0.3911     4.2696
    -2.7722     3.0369     0.0788     4.2790
    -2.8256     3.1837    -0.2425     4.2884
    -2.7989     3.2021    -0.5369     4.2601
    -2.7009     3.1470    -0.8045     4.2413
    -2.6297     3.1837    -1.1077     4.0526
    -2.6030     3.1837    -1.3485     3.8641
    -2.4250     3.1378    -1.5625     3.5058
    -2.2826     3.1195    -1.8567     3.1854
    -2.1046     2.9726    -2.0529     2.7990
    -1.8643     2.7432    -2.2935     2.4034
    -1.6685     2.5139    -2.4540     1.9419
    -1.3660     2.2572    -2.6322     1.4995
    -1.1703     1.9638    -2.7659     1.1136
    -0.8411     1.7989    -2.8995     0.7184
    -0.6099     1.5241    -2.9975     0.4080
    -0.2808     1.2128    -3.0421    -0.0246
     0.0038     0.9290    -3.0955    -0.3912
     0.2705     0.6362    -3.1668    -0.7484
     0.5194     0.2978    -3.1935    -1.0867
     0.8572     0.0053    -3.1222    -1.4061
     1.1327    -0.2689    -3.0688    -1.7254
     1.3993    -0.5338    -2.9173    -2.0165
     1.6748    -0.7347    -2.8104    -2.2794
     2.0213    -1.0360    -2.6322    -2.4765
     2.2434    -1.2550    -2.4629    -2.7018
     2.4566    -1.4374    -2.3024    -2.8519
     2.6253    -1.6564    -2.1777    -3.0677
     2.7141    -1.9208    -1.9192    -3.2084
     2.8030    -2.0940    -1.6517    -3.3491
     2.8030    -2.2307    -1.3574    -3.4429
     2.8030    -2.4311    -1.0186    -3.4711
     2.7230    -2.5768    -0.6529    -3.4898
     2.6875    -2.7134    -0.3228    -3.6118
     2.5809    -2.8682     0.0431    -3.6680
     2.5010    -2.9502     0.2930    -3.6587
     2.4388    -2.9502     0.6500    -3.6211
     2.3500    -2.9229     0.9357    -3.4805
     2.3056    -2.9684     1.2571    -3.4148
     2.1723    -2.9320     1.5339    -3.2741
     2.0657    -2.8136     1.8376    -3.1521
     1.8614    -2.7317     2.0788    -3.0114
     1.7281    -2.5313     2.3379    -2.8144
     1.5504    -2.4402     2.5434    -2.5891
     1.2838    -2.2489     2.7757    -2.3076
     1.0705    -2.0848     2.9187    -2.0447
     0.8305    -1.9025     3.0349    -1.7912
     0.5728    -1.7111     3.1332    -1.4437
     0.3416    -1.4922     3.2047    -1.0491
     0.1282    -1.2459     3.2315    -0.7296
    -0.1296    -0.9812     3.2852    -0.3254
    -0.4231    -0.6708     3.2405     0.1165
    -0.6810    -0.4151     3.1600     0.4362
    -0.8589    -0.1592     3.0975     0.8972
    -1.1347     0.1150     3.0081     1.2453
    -1.3037     0.4075     2.8561     1.6501
    -1.5439     0.6637     2.6506     2.1208
    -1.6952     0.9382     2.4451     2.4787
    -1.8821     1.1853     2.1949     2.8179
    -2.0423     1.4142     1.9805     3.1382
    -2.1224     1.6798     1.7304     3.4681
    -2.2915     1.8722     1.4714     3.7038
    -2.3538     2.0555     1.1946     3.9866
    -2.3983     2.3213     0.9267     4.1375
    -2.4962     2.5781     0.6857     4.2507
    -2.5140     2.7707     0.4268     4.2884
    -2.5496     3.0001     0.1055     4.2601
    -2.5051     3.1195    -0.1889     4.2601
    -2.5051     3.1837    -0.4834     4.2318
    -2.4873     3.1562    -0.7331     4.1847
    -2.3894     3.1929    -1.0096     4.0432
    -2.2737     3.1745    -1.2950     3.8546
    -2.2203     3.1929    -1.5090     3.6284
    -2.0690     3.1562    -1.7765     3.3173
    -1.8732     3.1011    -1.9459     2.9404
    -1.6952     2.8533    -2.1955     2.5258
    -1.4727     2.5965    -2.3292     2.0643
    -1.2325     2.2938    -2.5253     1.6407
    -1.0457     1.9730    -2.6233     1.2736
    -0.7788     1.7806    -2.7748     0.9348
    -0.4587     1.5790    -2.8817     0.5021
    -0.2274     1.3043    -2.9351     0.1353
     0.0127     0.9382    -2.9708    -0.3066
     0.2883     0.6271    -3.0153    -0.6356
     0.5550     0.3984    -3.0421    -1.0209
     0.8039     0.0784    -3.0242    -1.3028
     1.1239    -0.2323    -2.9530    -1.6503
     1.3549    -0.4425    -2.8282    -1.9038
     1.6570    -0.7256    -2.6946    -2.2137
     1.9502    -0.9903    -2.5876    -2.4014
     2.1546    -1.2732    -2.4807    -2.6455
     2.3411    -1.4648    -2.2935    -2.7768
     2.5010    -1.7202    -2.0618    -2.9364
     2.6342    -1.8843    -1.8478    -3.1052
     2.7053    -2.0393    -1.5982    -3.1991
     2.6964    -2.2307    -1.2772    -3.3398
     2.6431    -2.4038    -0.9294    -3.4148
     2.6253    -2.5768    -0.5815    -3.4898
     2.5188    -2.7134    -0.2514    -3.4805
     2.5099    -2.7317     0.0877    -3.4805
     2.4477    -2.8045     0.3733    -3.4617
     2.3233    -2.8045     0.7125    -3.4148
     2.3056    -2.8500     1.1053    -3.3304
     2.1546    -2.7863     1.4178    -3.1897
     2.0568    -2.7590     1.7393    -3.1146
     1.9058    -2.6861     2.0520    -2.9645
     1.7637    -2.5495     2.3111    -2.7299
     1.5238    -2.3855     2.5881    -2.5610
     1.3727    -2.2671     2.7936    -2.3545
     1.1594    -2.0484     2.9634    -2.0822
     0.9283    -1.8022     3.0706    -1.8287
     0.7239    -1.6746     3.1868    -1.5188
     0.5105    -1.4192     3.2047    -1.2088
     0.2883    -1.1364     3.2494    -0.8706
     0.0215    -0.9173     3.2315    -0.4382
    -0.1830    -0.6343     3.2137    -0.0340
    -0.4587    -0.3237     3.1600     0.3139
    -0.6988    -0.0587     3.1421     0.7090
    -0.8856     0.1790     3.0260     1.1512
    -1.1436     0.4899     2.9276     1.5653
    -1.2859     0.7826     2.7936     1.9890
    -1.4905     1.0297     2.5881     2.3751
    -1.7308     1.2036     2.3915     2.7990
    -1.8999     1.4508     2.2128     3.1005
    -2.0156     1.7165     1.9537     3.4304
    -2.1402     1.9547     1.7393     3.6755
    -2.3004     2.1930     1.4625     3.9395
    -2.3182     2.3855     1.2035     4.1092
    -2.3716     2.6240     0.9624     4.2224
    -2.4695     2.8074     0.6946     4.2884
    -2.4695     3.0460     0.3465     4.2884
    -2.4517     3.0827     0.0342     4.2884
    -2.4784     3.1745    -0.2782     4.2696
    -2.4695     3.1195    -0.5547     4.2978
    -2.3894     3.1745    -0.8223     4.1941
    -2.3182     3.1745    -1.1434     4.1281
    -2.2915     3.1653    -1.3931     3.9112
    -2.1313     3.1929    -1.6428     3.5907
    -2.0601     3.1286    -1.8746     3.2419
    -1.9088     3.0001    -2.0885     2.7990
    -1.7308     2.7432    -2.3114     2.4034
    -1.4727     2.5231    -2.4629     1.9419
    -1.2948     2.2297    -2.6233     1.5559
    -1.0279     1.9822    -2.7569     1.1700
    -0.7700     1.7439    -2.8104     0.8031
    -0.5387     1.3959    -2.9351     0.3892
    -0.2630     1.1212    -2.9708    -0.0340
     0.0215     0.7734    -3.0153    -0.4288
     0.2705     0.4258    -3.0866    -0.8330
     0.5639     0.1698    -3.0510    -1.2276
     0.8305    -0.1866    -3.0332    -1.5658
     1.1061    -0.3876    -2.9619    -1.8475
     1.4082    -0.6890    -2.8371    -2.1761
     1.6748    -0.9173    -2.7213    -2.4390
     1.9680    -1.2185    -2.5787    -2.6830
     2.1279    -1.4283    -2.4540    -2.8707
     2.4033    -1.6199    -2.3114    -3.0677
     2.5543    -1.8478    -2.0974    -3.1521
     2.6431    -2.0848    -1.8567    -3.3116
     2.6609    -2.1851    -1.6071    -3.4242
     2.7053    -2.3764    -1.3129    -3.5649
     2.6786    -2.4949    -0.9740    -3.6680
     2.5898    -2.6588    -0.6707    -3.6962
     2.5365    -2.7590    -0.3585    -3.6962
     2.5099    -2.8500    -0.0908    -3.6962
     2.4477    -2.8864     0.2483    -3.6774
     2.3589    -2.9138     0.6054    -3.5180
     2.2967    -2.9593     0.9357    -3.4336
     2.2167    -2.8956     1.2660    -3.3960
     2.1101    -2.8227     1.5964    -3.2460
     1.9058    -2.7499     1.9180    -3.1240
     1.7459    -2.6497     2.2307    -2.8894
     1.6037    -2.5495     2.4898    -2.7393
     1.3638    -2.3673     2.7132    -2.4390
     1.2127    -2.1578     2.9276    -2.1667
     0.9994    -1.9117     3.0528    -1.8851
     0.7861    -1.6564     3.1332    -1.5658
     0.5994    -1.4831     3.2047    -1.2182
     0.3238    -1.2094     3.2226    -0.7954
     0.1282    -0.9447     3.2315    -0.4664
    -0.0852    -0.6434     3.2583    -0.0340
    -0.3786    -0.3968     3.2226     0.3045
    -0.5654    -0.0496     3.1868     0.7560
    -0.8589     0.2155     3.0975     1.1606
    -1.0368     0.5173     2.9813     1.5559
    -1.2681     0.7826     2.7846     1.9702
    -1.4639     1.0937     2.6417     2.4128
    -1.6774     1.2860     2.4630     2.7802
    -1.8554     1.5332     2.3289     3.1382
    -1.9978     1.7256     2.1056     3.4681
    -2.1491     1.9272     1.8823     3.7698
    -2.3182     2.2205     1.6768     4.0904
    -2.3716     2.4589     1.4357     4.2224
    -2.4250     2.6240     1.1946     4.3167
    -2.4695     2.9176     0.9000     4.3073
    -2.5051     3.0919     0.5518     4.3167
    -2.5318     3.1378     0.2573     4.3356
    -2.5140     3.1562    -0.0372     4.3073
    -2.4784     3.1745    -0.4031     4.3450
    -2.4339     3.2112    -0.6707     4.2884
    -2.3360     3.2158    -0.9561     4.2318
    -2.2915     3.2204    -1.2326     3.9866
    -2.1491     3.2067    -1.5090     3.6755
    -2.0779     3.1929    -1.7409     3.2796
    -1.8732     3.0552    -1.9905     2.8838
    -1.7664     2.8441    -2.1687     2.4787
    -1.5617     2.5139    -2.4005     1.9796
    -1.3215     2.1838    -2.5431     1.5748
    -1.1347     1.9547    -2.6500     1.1230
    -0.8144     1.6523    -2.7213     0.8125
    -0.5832     1.4508    -2.8193     0.3892
    -0.2719     1.0571    -2.8728    -0.0058
    -0.0496     0.7460    -2.9173    -0.4382
     0.2260     0.4716    -2.9619    -0.8236
     0.5372     0.1790    -2.9886    -1.2088
     0.8305    -0.1135    -2.9084    -1.5188
     1.0439    -0.4333    -2.8371    -1.8851
     1.3549    -0.6343    -2.7302    -2.1573
     1.5948    -0.8990    -2.6322    -2.4202
     1.8880    -1.0999    -2.4718    -2.6736
     2.0924    -1.3280    -2.3381    -2.8425
     2.2878    -1.5651    -2.1687    -3.0114
     2.4743    -1.8296    -1.9816    -3.1146
     2.5898    -2.0484    -1.6963    -3.2741
     2.6253    -2.1578    -1.4734    -3.3960
     2.6253    -2.3309    -1.1523    -3.4898
     2.6076    -2.4766    -0.8848    -3.5743
     2.5276    -2.6042    -0.5458    -3.6399
     2.4743    -2.6861    -0.2246    -3.6587
     2.4743    -2.8045     0.1323    -3.6493
     2.4122    -2.9138     0.4715    -3.5743
     2.3589    -2.8591     0.7660    -3.5086
     2.2345    -2.8956     1.1232    -3.4617
     2.1990    -2.8500     1.4268    -3.3585
     2.0480    -2.7499     1.7393    -3.2741
     1.9413    -2.7043     1.9716    -3.1428
     1.7725    -2.5404     2.2128    -2.9645
     1.6304    -2.3855     2.4451    -2.7111
     1.4260    -2.2762     2.6417    -2.5047
     1.2927    -2.1122     2.8383    -2.2231
     1.0883    -1.9025     3.0349    -1.9790
     0.8217    -1.6564     3.1332    -1.6127
     0.6617    -1.4557     3.1868    -1.2840
     0.4039    -1.2641     3.1690    -0.8894
     0.1727    -0.9995     3.1868    -0.5040
    -0.0852    -0.7986     3.1421    -0.0622
    -0.3786    -0.4881     3.1421     0.3328
    -0.5832    -0.2323     3.0617     0.6996
    -0.8945     0.1150     2.9276     1.1795
    -1.1169     0.3710     2.8293     1.6030
    -1.2859     0.6728     2.6685     2.0455
    -1.5350     0.9107     2.4987     2.3845
    -1.6952     1.2128     2.2575     2.7519
    -1.8732     1.4508     2.0520     3.1382
    -2.0423     1.6523     1.8376     3.4775
    -2.1491     1.8356     1.6054     3.7981
    -2.3360     1.9913     1.3553     4.0338
    -2.3805     2.2022     1.0874     4.2507
    -2.4695     2.4405     0.8553     4.2696
    -2.5051     2.5506     0.5875     4.3073
    -2.5496     2.7341     0.3376     4.3167
    -2.5941     2.9726    -0.0105     4.3167
    -2.5941     3.0919    -0.3228     4.2978
    -2.5585     3.1562    -0.6083     4.3167
    -2.4695     3.1286    -0.8759     4.3167
    -2.4161     3.1470    -1.2148     4.2035
    -2.3538     3.1837    -1.4288     3.9395
    -2.2114     3.1286    -1.7052     3.6284
    -2.1135     3.0827    -1.9726     3.2608
    -1.9266     2.9910    -2.1598     2.8838
    -1.7575     2.7799    -2.3737     2.4599
    -1.6062     2.4589    -2.4985     2.0549
    -1.3927     2.2205    -2.6589     1.6124
    -1.1436     1.8905    -2.7569     1.2265
    -0.9390     1.6981    -2.8639     0.8219
    -0.6543     1.4142    -2.9708     0.3986
    -0.3786     1.0754    -3.0153    -0.0434
    -0.0674     0.7734    -3.0955    -0.4476
     0.2438     0.4350    -3.1133    -0.7766
     0.5283     0.1424    -3.0599    -1.1712
     0.7950    -0.1684    -3.0599    -1.5000
     1.1061    -0.3968    -2.9530    -1.8287
     1.3460    -0.6251    -2.8193    -2.1480
     1.5682    -0.8443    -2.7302    -2.4202
     1.7903    -1.1181    -2.5253    -2.6548
     2.0480    -1.2732    -2.3559    -2.8613
     2.2789    -1.5104    -2.1687    -2.9739
     2.4566    -1.6746    -1.9994    -3.1521
     2.5454    -1.8387    -1.7854    -3.2835
     2.5987    -2.0028    -1.5625    -3.4148
     2.5898    -2.1578    -1.2237    -3.4898
     2.5454    -2.3127    -0.9026    -3.6305
     2.4832    -2.4311    -0.6439    -3.6680
     2.4477    -2.5677    -0.3317    -3.6680
     2.4477    -2.7226     0.0252    -3.6774
     2.3766    -2.7863     0.3554    -3.5930
     2.2789    -2.8591     0.6768    -3.5367
     2.2434    -2.8500     1.0249    -3.4242
     2.1279    -2.8409     1.3910    -3.3210
     2.0213    -2.7499     1.6679    -3.1709
     1.9058    -2.6770     1.9716    -2.9739
     1.7637    -2.5495     2.2575    -2.8144
     1.6126    -2.3400     2.5344    -2.5985
     1.4527    -2.1578     2.7757    -2.3826
     1.2305    -1.9846     3.0081    -2.0822
     1.0794    -1.8478     3.1511    -1.8193
     0.8128    -1.6016     3.2226    -1.5188
     0.5994    -1.4101     3.2762    -1.1618
     0.3861    -1.1637     3.2852    -0.8048
     0.1638    -0.9629     3.3209    -0.4006
    -0.1296    -0.6799     3.3030     0.0318
    -0.3786    -0.4151     3.2583     0.3892
    -0.6365    -0.1501     3.2047     0.7749
    -0.8322     0.1241     3.0796     1.2359
    -1.0457     0.4167     2.8919     1.6689
    -1.2948     0.6911     2.7221     2.0832
    -1.4372     0.9748     2.5166     2.4693
    -1.6685     1.1212     2.3200     2.8556
    -1.8198     1.4050     2.1235     3.2042
    -2.0156     1.5790     1.8644     3.4775
    -2.1758     1.7897     1.6590     3.7792
    -2.2559     2.0280     1.3821     4.0526
    -2.3983     2.2663     1.1142     4.2224
    -2.4250     2.3947     0.9000     4.2884
    -2.5140     2.5965     0.6232     4.3073
    -2.5674     2.8166     0.2930     4.3356
    -2.5407     2.9726    -0.0194     4.2978
    -2.5140     3.0827    -0.3317     4.3167
    -2.4962     3.1195    -0.6885     4.2884
    -2.5051     3.1929    -0.9829     4.1847
    -2.3627     3.1653    -1.2237     4.0055
    -2.2826     3.1378    -1.4734     3.7226
    -2.2381     3.1332    -1.7676     3.4681
    -2.0512     3.1286    -2.0261     3.0723
    -1.9355     3.0460    -2.2222     2.6860
    -1.7842     2.7707    -2.4183     2.2621
    -1.6418     2.4864    -2.6233     1.8195
    -1.4283     2.1747    -2.7302     1.3771
    -1.2325     1.9180    -2.8995     1.0289
    -0.9568     1.6248    -2.9975     0.6243
    -0.7344     1.3959    -3.0955     0.2105
    -0.4142     1.0205    -3.1579    -0.1374
    -0.1118     0.7826    -3.2024    -0.5416
     0.1905     0.4441    -3.1935    -0.9176
     0.4750     0.1241    -3.1668    -1.2558
     0.7772    -0.1410    -3.1312    -1.6127
     1.0439    -0.3602    -3.0777    -1.9038
     1.2927    -0.6069    -2.9084    -2.2137
     1.4882    -0.8534    -2.7837    -2.4859
     1.7992    -1.0725    -2.6144    -2.6548
     2.0213    -1.2367    -2.4718    -2.8894
     2.2434    -1.4466    -2.3292    -2.9833
     2.4477    -1.6108    -2.1242    -3.1615
     2.5987    -1.7840    -1.9013    -3.2272
     2.6342    -1.9846    -1.6963    -3.3116
     2.6165    -2.1213    -1.3664    -3.4429
     2.5543    -2.2853    -1.0186    -3.4617
     2.5365    -2.4402    -0.7421    -3.4992
     2.5276    -2.5768    -0.4031    -3.5180
     2.4832    -2.6588    -0.0908    -3.5461
     2.4477    -2.7408     0.2751    -3.4711
     2.3855    -2.7408     0.5786    -3.3585
     2.3322    -2.7226     0.9624    -3.2741
     2.2434    -2.7134     1.2392    -3.1897
     2.1546    -2.7043     1.5875    -3.0677
     2.0746    -2.5677     1.8555    -2.9176
     1.9236    -2.5131     2.1235    -2.7018
     1.7281    -2.3947     2.3915    -2.4671
     1.5593    -2.2853     2.6417    -2.1949
     1.3638    -2.1031     2.8919    -1.8945
     1.1683    -1.9663     3.0885    -1.5752
     0.9461    -1.7384     3.1868    -1.2558
     0.7239    -1.5560     3.2047    -0.9363
     0.4928    -1.3097     3.2405    -0.6168
     0.2260    -0.9903     3.2137    -0.2596
    -0.0407    -0.6890     3.2405     0.1071
    -0.2630    -0.4242     3.2047     0.5115
    -0.5743    -0.1592     3.1421     0.8407
    -0.7966     0.1881     3.0349     1.2453
    -1.0724     0.4258     2.8740     1.6783
    -1.2592     0.7460     2.7132     2.0549
    -1.4550     0.9748     2.4808     2.4693
    -1.6596     1.1853     2.3379     2.8650
    -1.8287     1.3776     2.1413     3.1948
    -2.0156     1.6157     1.9269     3.4681
    -2.1135     1.7897     1.6858     3.7981
    -2.2470     1.9822     1.4714     4.0244
    -2.3538     2.2297     1.2303     4.1941
    -2.4873     2.3580     1.0249     4.2978
    -2.4962     2.6056     0.7303     4.3261
    -2.5941     2.7249     0.4179     4.3167
    -2.5674     2.9451     0.1323     4.3356
    -2.5941     3.0277    -0.2157     4.2790
    -2.5941     3.1103    -0.5547     4.3073
    -2.4962     3.2021    -0.8580     4.2035
    -2.4339     3.2112    -1.0899     4.0149
    -2.3627     3.2021    -1.4110     3.7509
    -2.2915     3.1562    -1.6071     3.4021
    -2.1758     3.0552    -1.9102     2.9875
    -2.0067     2.8992    -2.1242     2.6200
    -1.8020     2.6607    -2.2757     2.1585
    -1.6240     2.3672    -2.4985     1.6877
    -1.4727     2.0097    -2.6589     1.2924
    -1.2058     1.7623    -2.7480     0.8501
    -0.9568     1.5424    -2.8193     0.5397
    -0.6632     1.2677    -2.9530     0.1447
    -0.3964     0.9748    -3.0153    -0.2690
    -0.1207     0.6820    -3.0242    -0.6544
     0.1816     0.4350    -3.0421    -1.0303
     0.4572     0.1881    -3.0510    -1.3403
     0.7594    -0.1135    -2.9886    -1.6879
     1.0261    -0.4242    -2.9173    -2.0071
     1.3549    -0.6617    -2.7926    -2.2700
     1.6037    -0.8443    -2.5965    -2.5422
     1.8170    -1.1455    -2.4361    -2.7393
     2.0568    -1.3736    -2.3203    -2.9645
     2.2967    -1.5195    -2.1331    -3.1240
     2.5188    -1.7293    -1.9726    -3.2741
     2.6875    -1.9572    -1.7765    -3.3867
     2.7408    -2.0757    -1.4555    -3.4429
     2.7319    -2.2124    -1.1702    -3.5461
     2.7230    -2.3855    -0.8491    -3.5930
     2.6786    -2.4858    -0.5815    -3.6305
     2.5898    -2.5951    -0.2692    -3.6774
     2.5099    -2.6679     0.0609    -3.6211
     2.4655    -2.7681     0.3465    -3.5649
     2.4655    -2.7863     0.7125    -3.4898
     2.4210    -2.7499     1.0964    -3.3304
     2.3589    -2.7408     1.3643    -3.2366
     2.2345    -2.7043     1.6768    -3.1240
     2.0657    -2.6133     1.9716    -2.9457
     1.9325    -2.4949     2.2217    -2.7393
     1.7548    -2.3764     2.4987    -2.4765
     1.6037    -2.2762     2.7400    -2.2325
     1.3727    -2.0757     2.9634    -1.9790
     1.1594    -1.8934     3.0706    -1.6879
     0.9994    -1.6928     3.1511    -1.3873
     0.7861    -1.4557     3.2315    -1.0679
     0.4928    -1.2732     3.2494    -0.6732
     0.2705    -1.0086     3.2047    -0.3160
    -0.0140    -0.7621     3.2047     0.0412
    -0.2185    -0.5338     3.1779     0.4080
    -0.5298    -0.2232     3.0706     0.8031
    -0.8055     0.0053     2.9366     1.2453
    -1.0101     0.3344     2.7936     1.6218
    -1.2414     0.6362     2.6417     2.0643
    -1.4372     0.9015     2.4451     2.4881
    -1.6952     1.1487     2.2575     2.8179
    -1.8554     1.3409     2.0877     3.2136
    -2.0245     1.6248     1.8823     3.4775
    -2.2025     1.8814     1.7304     3.8169
    -2.3271     2.0738     1.4625     4.0526
    -2.4428     2.2663     1.2750     4.2130
    -2.4962     2.3947     1.0160     4.3073
    -2.6030     2.5965     0.7393     4.2884
    -2.6386     2.7341     0.4268     4.2978
    -2.6297     2.9634     0.1234     4.3261
    -2.6742     3.0460    -0.2068     4.3073
    -2.6208     3.1929    -0.5012     4.2507
    -2.5763     3.2021    -0.8491     4.1564
    -2.5051     3.1929    -1.1167     4.0244
    -2.4517     3.1653    -1.3664     3.6944
    -2.3004     3.2112    -1.6339     3.3927
    -2.1491     3.1929    -1.8924     3.0534
    -2.0334     3.0460    -2.1331     2.6200
    -1.7842     2.8258    -2.3292     2.1679
    -1.6329     2.4314    -2.5163     1.7348
    -1.3749     2.1380    -2.6233     1.3394
    -1.1525     1.8539    -2.7926     0.9536
    -0.9212     1.5699    -2.8639     0.5773
    -0.6543     1.3501    -2.9530     0.1447
    -0.4320     1.0205    -3.0064    -0.2502
    -0.1296     0.6820    -2.9975    -0.6356
     0.1816     0.3984    -3.0332    -1.0209
     0.4839     0.1241    -2.9975    -1.3497
     0.7328    -0.1227    -2.9351    -1.7066
     0.9639    -0.4333    -2.8906    -1.9977
     1.2572    -0.6251    -2.7124    -2.2606
     1.5504    -0.8169    -2.5520    -2.5234
     1.7548    -1.1090    -2.3916    -2.7111
     1.9947    -1.3097    -2.3024    -2.9176
     2.2612    -1.5195    -2.1509    -3.0489
     2.3855    -1.6928    -1.9726    -3.1991
     2.5632    -1.8934    -1.7141    -3.2929
     2.6253    -2.1031    -1.3931    -3.3773
     2.6431    -2.2671    -1.1167    -3.4711
     2.6786    -2.4038    -0.8045    -3.5555
     2.5898    -2.5131    -0.5012    -3.6399
     2.5454    -2.6952    -0.2068    -3.6774
     2.5188    -2.8045     0.0877    -3.6493
     2.5099    -2.8227     0.4715    -3.5555
     2.4655    -2.8273     0.8107    -3.4617
     2.3678    -2.8318     1.1410    -3.3960
     2.3589    -2.7772     1.4893    -3.2741
     2.2700    -2.7408     1.8108    -3.1803
     2.1723    -2.6315     2.0609    -3.0020
     1.9769    -2.5222     2.3825    -2.7581
     1.7903    -2.4038     2.6595    -2.5798
     1.6037    -2.3127     2.9008    -2.3076
     1.3727    -2.1395     3.0885    -2.0353
     1.1594    -1.9755     3.1511    -1.7536
     0.9728    -1.7931     3.2405    -1.4437
     0.7417    -1.5195     3.2673    -1.0961
     0.5283    -1.3553     3.2405    -0.7296
     0.3061    -1.0816     3.2762    -0.3442
     0.0482    -0.8534     3.2226     0.0318
    -0.2274    -0.5155     3.2405     0.3892
    -0.4764    -0.2141     3.1153     0.7749
    -0.7522     0.1150     3.0349     1.2359
    -0.9656     0.3801     2.8383     1.6501
    -1.2058     0.6728     2.6685     2.0832
    -1.4727     1.0114     2.5166     2.4505
    -1.6240     1.2860     2.3111     2.8744
    -1.8287     1.4875     2.1145     3.1854
    -1.9889     1.7256     1.9359     3.5247
    -2.1580     1.9089     1.6947     3.8641
    -2.2203     2.1655     1.4982     4.1187
    -2.3805     2.3122     1.2392     4.2413
    -2.4695     2.5047     1.0249     4.2790
    -2.4962     2.5965     0.7125     4.3261
    -2.5407     2.8166     0.3733     4.2978
    -2.5496     2.9543     0.0877     4.2884
    -2.5852     3.1378    -0.2335     4.3073
    -2.5318     3.1378    -0.5815     4.2696
    -2.5318     3.2204    -0.9026     4.1847
    -2.4161     3.1837    -1.2058     4.0149
    -2.3627     3.1929    -1.4555     3.7226
    -2.2826     3.1837    -1.6963     3.4021
    -2.1224     3.1653    -1.9905     3.0534
    -1.9533     2.9910    -2.2133     2.5918
    -1.8109     2.7065    -2.3559     2.1868
    -1.6685     2.4405    -2.5787     1.7630
    -1.4372     2.1288    -2.7124     1.3018
    -1.2414     1.8356    -2.8015     0.9536
    -1.0279     1.6432    -2.9262     0.6149
    -0.7877     1.4417    -3.0153     0.2481
    -0.4676     1.1761    -3.0510    -0.1938
    -0.2185     0.8283    -3.1222    -0.5980
     0.0571     0.5447    -3.1044    -0.9176
     0.3950     0.2064    -3.0866    -1.3122
     0.6617    -0.1135    -2.9975    -1.6127
     0.9550    -0.3785    -2.8906    -1.8945
     1.2216    -0.6343    -2.7302    -2.1855
     1.4615    -0.9264    -2.6055    -2.4671
     1.6748    -1.1364    -2.4361    -2.6642
     1.9325    -1.3918    -2.2846    -2.8144
     2.1546    -1.5651    -2.1064    -2.9551
     2.2789    -1.7293    -1.9281    -3.1709
     2.4210    -1.9025    -1.6249    -3.2835
     2.5010    -2.0210    -1.3396    -3.3679
     2.5365    -2.2124    -1.0364    -3.4617
     2.5010    -2.3491    -0.7777    -3.5555
     2.5010    -2.4129    -0.4298    -3.5930
     2.4299    -2.5404    -0.1443    -3.5836
     2.3944    -2.6315     0.2037    -3.5555
     2.3855    -2.7043     0.5518    -3.5367
     2.3322    -2.7590     0.8553    -3.3960
     2.2612    -2.7681     1.2125    -3.2741
     2.2079    -2.7863     1.4982    -3.1897
     2.1368    -2.7226     1.8287    -3.0959
     2.0035    -2.6224     2.1235    -2.8894
     1.9236    -2.4584     2.3647    -2.6642
     1.7281    -2.3491     2.6327    -2.4390
     1.6304    -2.2124     2.8919    -2.1667
     1.4527    -2.0393     3.0528    -1.8945
     1.2305    -1.8296     3.2047    -1.6315
     0.9905    -1.6746     3.2405    -1.3215
     0.7950    -1.4831     3.2673    -1.0397
     0.5283    -1.1911     3.2941    -0.6826
     0.3416    -0.9903     3.2941    -0.2878
     0.0482    -0.7895     3.2583     0.0694
    -0.1919    -0.4699     3.2405     0.4362
    -0.4231    -0.1775     3.1421     0.8219
    -0.7433     0.1424     3.0260     1.2924
    -0.9390     0.3893     2.8472     1.6877
    -1.1792     0.6545     2.6506     2.0926
    -1.3749     0.9382     2.4272     2.5447
    -1.5795     1.2402     2.2217     2.9498
    -1.7664     1.4783     2.0431     3.3079
    -1.8732     1.6798     1.8108     3.5812
    -2.0423     1.8814     1.5786     3.9112
    -2.1491     2.1197     1.4089     4.1658
    -2.2648     2.3122     1.1589     4.2696
    -2.3271     2.4864     0.9000     4.3261
    -2.4339     2.7249     0.6500     4.2978
    -2.4962     2.8992     0.3822     4.2790
    -2.5229     3.1011     0.0252     4.2931
    -2.5051     3.1470    -0.2335     4.3073
    -2.4428     3.1562    -0.5547     4.2884
    -2.4161     3.1653    -0.8313     4.2413
    -2.4072     3.2204    -1.1345     4.0338
    -2.2826     3.1745    -1.3753     3.7792
    -2.2559     3.2296    -1.6517     3.3739
    -2.1135     3.1837    -1.8924     2.9875
    -1.9622     3.1562    -2.1153     2.6389
    -1.7664     2.8350    -2.3470     2.1585
    -1.6329     2.5598    -2.5163     1.8101
    -1.4461     2.2755    -2.6055     1.3771
    -1.2058     1.9730    -2.7302     1.0383
    -1.0279     1.6981    -2.8550     0.6808
    -0.7966     1.4325    -2.8995     0.2481
    -0.4853     1.1670    -2.9530    -0.1186
    -0.2274     0.8466    -3.0421    -0.5510
     0.0482     0.5539    -2.9975    -0.9551
     0.2883     0.2430    -2.9797    -1.2840
     0.6083    -0.0678    -2.9530    -1.6785
     0.9017    -0.3328    -2.8015    -1.9790
     1.1772    -0.6069    -2.6857    -2.2606
     1.3727    -0.8260    -2.5876    -2.5234
     1.6659    -1.0542    -2.4540    -2.7393
     1.9236    -1.2732    -2.2490    -2.9457
     2.1101    -1.5104    -2.1598    -3.0583
     2.2878    -1.7475    -1.9102    -3.1615
     2.3855    -1.9117    -1.7141    -3.2929
     2.4566    -2.0666    -1.4555    -3.4148
     2.4832    -2.3035    -1.1256    -3.5274
     2.5365    -2.3947    -0.8045    -3.6024
     2.4477    -2.5222    -0.5101    -3.6680
     2.4388    -2.6679    -0.1979    -3.6680
     2.3500    -2.7226     0.1055    -3.5930
     2.3411    -2.8045     0.4268    -3.5743
     2.3056    -2.7863     0.7393    -3.4429
     2.2612    -2.7863     1.1053    -3.2929
     2.2256    -2.7590     1.4178    -3.2084
     2.1279    -2.7317     1.7483    -3.1428
     2.0568    -2.6224     2.0609    -2.9176
     1.9147    -2.5222     2.3557    -2.7111
     1.8258    -2.4766     2.6149    -2.4859
     1.6304    -2.3218     2.8919    -2.1855
     1.4971    -2.1395     3.0617    -1.9414
     1.2572    -1.9755     3.2047    -1.6879
     1.0705    -1.8022     3.2673    -1.3591
     0.8750    -1.5651     3.2762    -1.0491
     0.5994    -1.3462     3.2852    -0.6732
     0.3416    -1.0725     3.2673    -0.3254
     0.1460    -0.7804     3.2852     0.1071
    -0.1474    -0.5612     3.2047     0.4738
    -0.3697    -0.2232     3.1958     0.8219
    -0.6899     0.1332     3.1153     1.2924
    -0.9390     0.4624     2.8919     1.6877
    -1.1258     0.7368     2.7221     2.0455
    -1.3571     0.9839     2.5791     2.5258
    -1.5617     1.2585     2.4004     2.8650
    -1.7575     1.4600     2.1592     3.2231
    -1.8554     1.7165     1.9359     3.5529
    -2.0423     1.9089     1.7393     3.8735
    -2.1046     2.0463     1.5161     4.0809
    -2.2470     2.3305     1.2750     4.2601
    -2.2826     2.4681     1.0249     4.3167
    -2.4072     2.7065     0.7035     4.3073
    -2.4606     2.9084     0.3911     4.3167
    -2.4873     3.0185     0.0966     4.3073
    -2.4606     3.1470    -0.2157     4.3073
    -2.5051     3.1653    -0.5547     4.3261
    -2.4428     3.2296    -0.8848     4.2507
    -2.4072     3.1837    -1.1702     4.1092
    -2.3716     3.1745    -1.4020     3.7698
    -2.2381     3.2112    -1.6784     3.4587
    -2.1402     3.2112    -1.9459     3.0911
    -2.0156     3.0644    -2.1598     2.6765
    -1.8643     2.8258    -2.3827     2.2433
    -1.6596     2.5965    -2.5163     1.8478
    -1.4994     2.2755    -2.6767     1.4618
    -1.3037     2.0097    -2.7569     1.0948
    -1.0635     1.7989    -2.8550     0.7184
    -0.7522     1.4783    -2.9173     0.3139
    -0.5209     1.2036    -2.9619    -0.1374
    -0.2274     0.8649    -2.9975    -0.5134
     0.0482     0.5630    -2.9886    -0.8894
     0.3238     0.2247    -2.9797    -1.2370
     0.5994    -0.0130    -2.9351    -1.5845
     0.8394    -0.3511    -2.8817    -1.9038
     1.1772    -0.5703    -2.7213    -2.1573
     1.3993    -0.7804    -2.5965    -2.4577
     1.6481    -1.0542    -2.4985    -2.6830
     1.8525    -1.2641    -2.2846    -2.8519
     2.0568    -1.4648    -2.1509    -3.0583
     2.2523    -1.6655    -1.9816    -3.1709
     2.3500    -1.9117    -1.7052    -3.3022
     2.4122    -2.0484    -1.4199    -3.3679
     2.5099    -2.2215    -1.1613    -3.4898
     2.4832    -2.3673    -0.8848    -3.5274
     2.4477    -2.4675    -0.5458    -3.5743
     2.4832    -2.5404    -0.2514    -3.5836
     2.4210    -2.6315     0.0877    -3.5555
     2.3678    -2.6770     0.4447    -3.4711
     2.3411    -2.7408     0.7571    -3.4336
     2.2700    -2.7043     1.0428    -3.2741
     2.1812    -2.7408     1.4000    -3.2272
     2.1634    -2.7226     1.7304    -3.0489
     2.0835    -2.6315     1.9895    -2.8707
     1.9591    -2.5222     2.3200    -2.6642
     1.7814    -2.4584     2.5791    -2.4390
     1.6304    -2.2944     2.7668    -2.1855
     1.4704    -2.1486     3.0349    -1.9320
     1.3105    -2.0484     3.1600    -1.6597
     1.0883    -1.8205     3.2137    -1.3873
     0.8305    -1.6108     3.2137    -1.0209
     0.6528    -1.3736     3.2226    -0.6732
     0.3594    -1.0725     3.2226    -0.3066
     0.1016    -0.8077     3.2673     0.0788
    -0.1207    -0.5703     3.2494     0.4456
    -0.4053    -0.3237     3.1958     0.7654
    -0.6187     0.0236     3.1064     1.2077
    -0.9034     0.3252     2.9187     1.6218
    -1.0902     0.6271     2.7757     2.0267
    -1.2948     0.9290     2.5612     2.4222
    -1.4283     1.1304     2.3289     2.7896
    -1.6507     1.3776     2.1145     3.1477
    -1.7664     1.6706     1.9001     3.4775
    -1.8821     1.8630     1.6947     3.8263
    -2.0423     2.0280     1.4893     4.1187
    -2.1135     2.2847     1.2660     4.2318
    -2.2648     2.5231     0.9803     4.3450
    -2.3093     2.6515     0.6678     4.2978
    -2.3449     2.8441     0.3911     4.3167
    -2.4428     3.0736     0.0788     4.3261
    -2.4784     3.1745    -0.2960     4.2790
    -2.4873     3.2296    -0.5636     4.2978
    -2.4161     3.2112    -0.8937     4.2413
    -2.4250     3.1929    -1.2326     4.0432
    -2.3271     3.1837    -1.4645     3.7603
    -2.2292     3.1745    -1.7319     3.4021
    -2.1402     3.1653    -2.0261     3.0911
    -1.9711     3.1378    -2.2222     2.7048
    -1.8732     2.9267    -2.4540     2.2433
    -1.6507     2.6331    -2.6055     1.8478
    -1.4994     2.3305    -2.7837     1.4712
    -1.2592     2.0738    -2.8995     1.0571
    -1.0190     1.8081    -3.0064     0.7278
    -0.7966     1.4966    -3.0421     0.3422
    -0.4676     1.2036    -3.1401    -0.0716
    -0.2719     0.9107    -3.1668    -0.5134
     0.0215     0.6179    -3.1401    -0.8894
     0.3505     0.3344    -3.1401    -1.1712
     0.5994     0.0236    -3.0599    -1.5470
     0.8661    -0.2597    -2.9619    -1.8193
     1.1949    -0.4516    -2.8193    -2.1667
     1.3816    -0.6982    -2.6500    -2.4202
     1.6393    -0.8990    -2.5253    -2.6267
     1.7903    -1.1272    -2.3559    -2.8707
     1.9858    -1.3736    -2.2311    -2.9927
     2.1190    -1.5560    -1.9994    -3.1428
     2.2612    -1.8022    -1.8122    -3.3116
     2.3678    -1.9846    -1.5001    -3.3867
     2.4477    -2.1669    -1.2415    -3.4054
     2.4433    -2.3309    -0.9205    -3.5274
     2.4388    -2.3947    -0.6350    -3.5743
     2.3589    -2.5859    -0.2960    -3.6118
     2.3678    -2.6224     0.0431    -3.5649
     2.3322    -2.7317     0.3465    -3.4992
     2.2878    -2.7954     0.7125    -3.4242
     2.2256    -2.7863     0.9982    -3.2835
     2.2079    -2.7317     1.3464    -3.2366
     2.1101    -2.6952     1.6322    -3.0959
     2.0568    -2.6770     1.9448    -2.9551
     1.8969    -2.6224     2.2128    -2.7956
     1.7637    -2.5313     2.5344    -2.5891
     1.6393    -2.3582     2.7668    -2.4014
     1.4527    -2.2671     2.9991    -2.1198
     1.2483    -2.0484     3.1064    -1.8381
     1.0972    -1.8752     3.2047    -1.5376
     0.8839    -1.6746     3.2226    -1.1618
     0.6439    -1.4374     3.2047    -0.8048
     0.4127    -1.2641     3.2315    -0.4100
     0.1282    -0.9812     3.2047    -0.0058
    -0.1029    -0.6708     3.1868     0.3328
    -0.3253    -0.3785     3.1868     0.6714
    -0.5832    -0.0587     3.0706     1.1324
    -0.8589     0.2430     2.8830     1.4806
    -1.0813     0.5630     2.7489     1.8854
    -1.2948     0.8100     2.5255     2.3092
    -1.4194     1.0846     2.3200     2.6577
    -1.6596     1.3135     2.1235     3.0534
    -1.7308     1.6157     1.9091     3.3739
    -1.9088     1.7439     1.6679     3.6849
    -1.9711     1.9455     1.4446     4.0149
    -2.1313     2.1655     1.2214     4.1847
    -2.2292     2.3672     0.9446     4.2884
    -2.2470     2.5139     0.6946     4.3261
    -2.3093     2.6515     0.4179     4.3167
    -2.3360     2.8625     0.0431     4.3167
    -2.3894     3.1011    -0.2871     4.2884
    -2.3627     3.2112    -0.5726     4.3167
    -2.3449     3.2480    -0.9026     4.2601
    -2.3627     3.1929    -1.1613     4.0338
    -2.2915     3.2296    -1.4110     3.8169
    -2.1758     3.2571    -1.7052     3.4493
    -2.0957     3.1837    -1.9548     3.1288
    -1.9711     3.1562    -2.2044     2.7331
    -1.7753     3.0093    -2.3916     2.3092
    -1.6151     2.7065    -2.5698     1.8948
    -1.4461     2.4497    -2.7035     1.5277
    -1.2414     2.1197    -2.8282     1.1324
    -1.0101     1.9272    -2.9708     0.7843
    -0.7877     1.6432    -3.0421     0.4080
    -0.5387     1.3867    -3.1222     0.0318
    -0.2274     1.0754    -3.1490    -0.4194
     0.0127     0.7277    -3.1935    -0.7860
     0.3505     0.4716    -3.1757    -1.1243
     0.5994     0.0967    -3.0866    -1.5000
     0.9017    -0.1958    -2.9886    -1.7724
     1.1505    -0.4425    -2.8282    -2.0822
     1.3638    -0.6982    -2.7302    -2.3169
     1.5682    -0.9447    -2.5609    -2.5610
     1.8170    -1.2276    -2.4094    -2.7675
     2.0568    -1.3736    -2.2311    -2.8801
     2.1457    -1.5925    -2.0350    -3.1052
     2.3145    -1.7931    -1.8033    -3.2553
     2.4122    -1.9846    -1.4912    -3.3585
     2.4299    -2.0757    -1.2237    -3.4617
     2.4743    -2.2307    -0.9026    -3.4992
     2.4210    -2.4493    -0.5993    -3.5649
     2.3944    -2.5859    -0.3228    -3.6211
     2.3322    -2.6588     0.0074    -3.5743
     2.2345    -2.7863     0.2930    -3.4992
     2.1990    -2.8682     0.6411    -3.4429
     2.1634    -2.8227     0.9535    -3.3304
     2.1457    -2.8227     1.2303    -3.2272
     2.0657    -2.7681     1.5786    -3.0489
     2.0480    -2.6133     1.8555    -2.9270
     1.9147    -2.5859     2.1056    -2.7393
     1.7548    -2.4311     2.4004    -2.5516
     1.6215    -2.3582     2.6595    -2.3263
     1.4082    -2.2398     2.8919    -2.0916
     1.2483    -2.0393     3.1243    -1.8287
     1.1061    -1.9117     3.2047    -1.5282
     0.8750    -1.6837     3.2137    -1.1712
     0.6972    -1.4557     3.2673    -0.8330
     0.4572    -1.2185     3.2583    -0.4946
     0.2616    -0.9356     3.2494    -0.0622
    -0.0229    -0.6525     3.2405     0.2951
    -0.2541    -0.4059     3.2315     0.6432
    -0.5120    -0.0953     3.1332     1.0665
    -0.7077     0.2430     2.9634     1.4053
    -0.9390     0.4990     2.8115     1.7725
    -1.2058     0.7917     2.6059     2.2150
    -1.3571     1.0297     2.3736     2.5823
    -1.5083     1.2585     2.1592     2.9592
    -1.6952     1.4966     1.9895     3.2890
    -1.7842     1.7989     1.7304     3.6095
    -1.9533     1.9364     1.4803     3.9301
    -2.0334     2.1380     1.3017     4.1469
    -2.0957     2.3855     1.0517     4.3167
    -2.2203     2.5781     0.8017     4.2978
    -2.2381     2.6790     0.5161     4.3450
    -2.3093     2.9176     0.2037     4.3261
    -2.3360     3.0736    -0.1354     4.3167
    -2.3182     3.2021    -0.4477     4.2507
    -2.2559     3.2112    -0.7064     4.2413
    -2.2292     3.2204    -1.0542     4.1187
    -2.1669     3.2388    -1.3039     3.8735
    -2.0868     3.2480    -1.5982     3.5435
    -1.9711     3.2480    -1.8835     3.1854
    -1.8999     3.1929    -2.1331     2.7990
    -1.7842     3.0001    -2.3114     2.3940
    -1.5884     2.7432    -2.4985     1.9890
    -1.4194     2.4497    -2.7213     1.5842
    -1.2859     2.1197    -2.8282     1.2077
    -1.0635     1.9180    -2.9619     0.8783
    -0.8322     1.6157    -3.0153     0.4550
    -0.5654     1.3226    -3.1133     0.0788
    -0.3430     1.0571    -3.1312    -0.3348
    -0.0318     0.6820    -3.1401    -0.7484
     0.2616     0.4350    -3.1222    -1.1055
     0.5639     0.0967    -3.0866    -1.4155
     0.8217    -0.2141    -2.9975    -1.8005
     1.1150    -0.4607    -2.8639    -2.0916
     1.3105    -0.6708    -2.6678    -2.3733
     1.5771    -0.9447    -2.5520    -2.6173
     1.7281    -1.1272    -2.3648    -2.7487
     1.9591    -1.3371    -2.1955    -2.9364
     2.1013    -1.5378    -2.0618    -3.0489
     2.1990    -1.7202    -1.7943    -3.1803
     2.2612    -1.9025    -1.5180    -3.3022
     2.3322    -2.0848    -1.2772    -3.3960
     2.3322    -2.2307    -0.9650    -3.5461
     2.3322    -2.4129    -0.6796    -3.6024
     2.3411    -2.5040    -0.3852    -3.5649
     2.2345    -2.5951    -0.0194    -3.5930
     2.2256    -2.6315     0.2751    -3.4711
     2.2167    -2.6679     0.5429    -3.4429
     2.1901    -2.7043     0.9357    -3.3398
     2.1279    -2.6861     1.2303    -3.2460
     2.0568    -2.6406     1.5250    -3.1334
     1.9502    -2.6315     1.8465    -2.9645
     1.8969    -2.5677     2.1145    -2.7675
     1.7637    -2.4949     2.3825    -2.5422
     1.5593    -2.3947     2.6506    -2.2794
     1.3727    -2.2489     2.8830    -2.0635
     1.2038    -2.0575     3.0706    -1.7818
     1.0528    -1.9299     3.1511    -1.4437
     0.8572    -1.6928     3.1779    -1.1337
     0.6528    -1.4922     3.2137    -0.8518
     0.4572    -1.2276     3.1958    -0.5040
     0.2260    -1.0360     3.2137    -0.1092
     0.0127    -0.7438     3.1779     0.2481
    -0.2719    -0.4333     3.1243     0.6055
    -0.4320    -0.1135     3.0349     0.9818
    -0.7166     0.1698     2.9276     1.3865
    -0.9301     0.5082     2.7400     1.7442
    -1.0902     0.7368     2.5702     2.1397
    -1.2859     1.0205     2.4004     2.5447
    -1.4994     1.3135     2.2396     2.9027
    -1.6151     1.5882     2.0431     3.2796
    -1.7575     1.7623     1.8108     3.6284
    -1.9088     1.9455     1.5875     3.8923
    -1.9889     2.1013     1.4268     4.1847
    -2.0868     2.3672     1.2125     4.2884
    -2.2025     2.5506     0.9267     4.3544
    -2.2648     2.6331     0.6768     4.3450
    -2.3004     2.8625     0.3197     4.3167
    -2.2648     3.0644     0.0163     4.3261
    -2.2737     3.1378    -0.2514     4.2978
    -2.2915     3.1745    -0.5993     4.2130
    -2.2559     3.2388    -0.8759     4.1092
    -2.1758     3.2663    -1.1434     3.8169
    -2.1580     3.1929    -1.4466     3.5529
    -2.0512     3.2021    -1.7141     3.2042
    -1.9355     3.1470    -2.0083     2.7990
    -1.7397     3.0001    -2.2401     2.4128
    -1.6596     2.6790    -2.4450     1.9608
    -1.4727     2.4039    -2.5609     1.5089
    -1.2414     2.1380    -2.7391     1.1983
    -1.0368     1.9364    -2.8104     0.8595
    -0.7966     1.6798    -2.9530     0.4362
    -0.5654     1.4691    -3.0242     0.0506
    -0.3608     1.1121    -3.0599    -0.3348
    -0.1029     0.8375    -3.1133    -0.7202
     0.1727     0.4990    -3.0866    -1.0491
     0.4394     0.2338    -3.0064    -1.3873
     0.7594    -0.0587    -2.9173    -1.7160
     0.9905    -0.3146    -2.7926    -1.9790
     1.2749    -0.5703    -2.6767    -2.2418
     1.5593    -0.8169    -2.4985    -2.5141
     1.7281    -1.1090    -2.3827    -2.6924
     1.9502    -1.3371    -2.1509    -2.8801
     2.0924    -1.5560    -1.9994    -3.0302
     2.1634    -1.7019    -1.7676    -3.1052
     2.2612    -1.9572    -1.5001    -3.2460
     2.3589    -2.0210    -1.2058    -3.3398
     2.3411    -2.2215    -0.9026    -3.4429
     2.3056    -2.2944    -0.6261    -3.5180
     2.2700    -2.3855    -0.2782    -3.5274
     2.2523    -2.4949    -0.0283    -3.5461
     2.2345    -2.5677     0.3019    -3.4711
     2.2079    -2.6770     0.5786    -3.3960
     2.1812    -2.6679     0.9446    -3.2835
     2.0924    -2.6770     1.2392    -3.2178
     2.0124    -2.6406     1.5161    -3.0114
     1.9413    -2.5768     1.8465    -2.8519
     1.8525    -2.5313     2.1145    -2.6455
     1.6659    -2.4675     2.3379    -2.4296
     1.5060    -2.3400     2.5702    -2.2418
     1.3727    -2.2307     2.8383    -1.9790
     1.1861    -2.0302     3.0081    -1.7066
     1.0261    -1.9025     3.0885    -1.4155
     0.8661    -1.6472     3.1868    -1.0961
     0.6705    -1.4010     3.1868    -0.7578
     0.4750    -1.2367     3.1958    -0.4476
     0.2438    -0.9356     3.2047    -0.0434
     0.0571    -0.6799     3.1690     0.2951
    -0.1741    -0.4425     3.1690     0.6149
    -0.4498    -0.1592     3.0617     1.0101
    -0.6276     0.0693     2.9634     1.4053
    -0.8322     0.4258     2.8383     1.7913
    -1.0635     0.7185     2.6506     2.1679
    -1.2681     0.9382     2.4540     2.5070
    -1.4283     1.2219     2.3200     2.9215
    -1.5261     1.5058     2.1056     3.2513
    -1.6685     1.7439     1.8733     3.5624
    -1.8198     1.9272     1.6947     3.8829
    -1.9088     2.2297     1.5071     4.0904
    -1.9978     2.4314     1.2482     4.2507
    -2.0868     2.6331     1.0517     4.3261
    -2.2114     2.7616     0.7393     4.2884
    -2.2559     2.9176     0.4268     4.3356
    -2.2915     3.0919     0.1412     4.3261
    -2.2915     3.2204    -0.1800     4.2790
    -2.3004     3.2112    -0.5190     4.1941
    -2.2826     3.2480    -0.7777     4.0338
    -2.1847     3.2112    -1.1256     3.7792
    -2.1669     3.2663    -1.4199     3.4587
    -2.0512     3.2296    -1.6517     3.1194
    -1.8643     3.1653    -1.9013     2.7896
    -1.7308     3.0369    -2.1955     2.3751
    -1.5884     2.7707    -2.3470     1.9890
    -1.4283     2.4864    -2.5609     1.5936
    -1.2147     2.2480    -2.7213     1.2265
    -1.0724     1.9547    -2.8460     0.8878
    -0.8233     1.6981    -2.9084     0.5115
    -0.6365     1.4233    -2.9886     0.0788
    -0.3608     1.0846    -3.0688    -0.2784
    -0.1296     0.7826    -3.0643    -0.6732
     0.0838     0.5173    -3.0599    -1.0303
     0.3416     0.2612    -3.0153    -1.3779
     0.6794    -0.0130    -2.9351    -1.7066
     0.9283    -0.3146    -2.7748    -2.0165
     1.2216    -0.5338    -2.6589    -2.2700
     1.4171    -0.7438    -2.4540    -2.5141
     1.6481    -0.9903    -2.3024    -2.6924
     1.8969    -1.2094    -2.1331    -2.8613
     2.0568    -1.4557    -1.8835    -2.9927
     2.1546    -1.6199    -1.6784    -3.0583
     2.2256    -1.8205    -1.4645    -3.2366
     2.3056    -2.0119    -1.1613    -3.3398
     2.3855    -2.1395    -0.8848    -3.4805
     2.3678    -2.3218    -0.5904    -3.5555
     2.2967    -2.4038    -0.3138    -3.5649
     2.2345    -2.5495    -0.0283    -3.4992
     2.2079    -2.6406     0.3376    -3.4711
     2.2345    -2.6952     0.6232    -3.3960
     2.2167    -2.7043     0.8732    -3.3491
     2.1634    -2.6770     1.2303    -3.2553
     2.0835    -2.6224     1.5071    -3.1240
     1.9858    -2.6042     1.7126    -2.9833
          3          3          3          3
