    4   2048 0.020000  2016   1  19  14  25
         16         10         11         42
    -0.5637     3.7317    -1.8012     3.9353
    -0.1813     3.9982    -2.1666     4.1145
     0.2544     4.1084    -2.5053     4.1427
     0.6634     4.0901    -2.6568     4.1333
     1.0633     4.1544    -2.8439     4.0296
     1.5254     4.1084    -2.9954     3.8221
     1.8986     4.0993    -3.0489     3.5487
     2.2895     3.9522    -3.1825     3.2000
     2.7158     3.5388    -3.2181     2.8325
     3.0000     3.1623    -3.2270     2.3709
     3.3729     2.6943    -3.1201     1.9753
     3.6037     2.2541    -3.0756     1.4858
     3.8257     1.7225    -2.9063     1.0246
     3.9588     1.2463    -2.6835     0.5730
     3.9766     0.7063    -2.4340     0.1874
     3.9943     0.2764    -2.1488    -0.1982
     3.9411    -0.1624    -1.9260    -0.4426
     3.7635    -0.4091    -1.6318    -0.7998
     3.4173    -0.7379    -1.2573    -1.1380
     3.0089    -1.1304    -0.9630    -1.4762
     2.5382    -1.5958    -0.5527    -1.7392
     2.0496    -1.8784    -0.1690    -2.0115
     1.4988    -2.2248     0.3218    -2.2369
     0.9211    -2.3888     0.8038    -2.4434
     0.3789    -2.6257     1.3127    -2.5654
    -0.1368    -2.7076     1.7592    -2.6687
    -0.5726    -2.8260     2.1880    -2.7531
    -0.8661    -2.7896     2.5186    -2.8000
    -1.2931    -2.8169     2.7688    -2.8188
    -1.7824    -2.8351     3.0280    -2.8376
    -2.2897    -2.7987     3.2603    -2.7907
    -2.6725    -2.7896     3.4659    -2.7343
    -2.8772    -2.6894     3.5285    -2.6123
    -3.1176    -2.5528     3.5062    -2.4997
    -3.2245    -2.3979     3.4838    -2.2369
    -3.3847    -2.1610     3.4391    -2.0115
    -3.4738    -1.9423     3.3140    -1.6453
    -3.5628    -1.5866     3.1531    -1.2696
    -3.6074    -1.2673     2.9207    -0.8186
    -3.5807    -0.9114     2.6347    -0.4614
    -3.5450    -0.5096     2.2684     0.0275
    -3.4115     0.0204     1.9200     0.3284
    -3.2334     0.4044     1.5092     0.6859
    -2.9573     0.8252     1.1163     1.0810
    -2.6814     1.1730     0.7770     1.4199
    -2.4143     1.5118     0.5003     1.7682
    -2.1206     1.9241     0.1879     2.1260
    -1.7735     2.3091    -0.1333     2.4933
    -1.3642     2.6485    -0.4188     2.7948
    -0.9550     2.9696    -0.7935     3.0398
    -0.5192     3.2633    -1.1681     3.2659
    -0.0834     3.4653    -1.4624     3.4168
     0.2989     3.6674    -1.7031     3.5676
     0.7256     3.8236    -1.8903     3.6147
     1.1522     3.8879    -2.0775     3.5770
     1.6321     3.7593    -2.2112     3.5393
     2.0407     3.6490    -2.3716     3.3885
     2.3694     3.5021    -2.4875     3.1811
     2.7602     3.2909    -2.5053     2.9078
     3.0977     2.9329    -2.5231     2.5216
     3.4439     2.6668    -2.4786     2.1448
     3.6836     2.2449    -2.4073     1.7399
     3.9056     1.9058    -2.2558     1.3634
     4.0920     1.4111    -2.1845     0.8834
     4.1718     0.9442    -2.0686     0.4037
     4.1630     0.5325    -1.8903    -0.0289
     4.0298     0.0570    -1.6407    -0.4238
     3.8434    -0.3543    -1.3643    -0.7246
     3.5682    -0.6648    -1.1592    -1.1286
     3.1865    -1.0757    -0.8292    -1.5702
     2.7336    -1.5501    -0.5616    -1.9928
     2.2806    -2.0243    -0.2136    -2.3307
     1.6854    -2.3706     0.1076    -2.6687
     1.0989    -2.6803     0.4914    -2.8657
     0.5300    -2.8989     0.7859    -3.0815
    -0.0123    -3.0627     1.1788    -3.2223
    -0.4569    -3.1628     1.5270    -3.3724
    -0.7415    -3.2357     1.8664    -3.4568
    -1.1952    -3.2630     2.1969    -3.5224
    -1.7468    -3.2994     2.5454    -3.4849
    -2.2541    -3.3539     2.8135    -3.4380
    -2.6013    -3.2448     3.0190    -3.3442
    -2.7793    -3.1082     3.1173    -3.2223
    -2.9752    -2.9990     3.1888    -3.0065
    -3.1176    -2.8351     3.2246    -2.7531
    -3.2601    -2.5255     3.1888    -2.4809
    -3.3669    -2.2886     3.1620    -2.1336
    -3.4827    -1.8876     3.1352    -1.7298
    -3.5005    -1.5137     2.9833    -1.3071
    -3.5272    -1.1670     2.8760    -0.8561
    -3.4382    -0.7836     2.7152    -0.4050
    -3.2156    -0.3269     2.4739    -0.0195
    -3.0286     0.1575     2.2148     0.4507
    -2.7793     0.5233     1.8843     0.8834
    -2.5033     0.9167     1.5628     1.3069
    -2.2986     1.4019     1.1073     1.7493
    -1.9248     1.7775     0.8038     2.1448
    -1.5689     2.2083     0.4021     2.5781
    -1.1863     2.5842     0.0808     2.8890
    -0.8305     2.9421    -0.2939     3.1340
    -0.2880     3.2266    -0.6329     3.3225
     0.0588     3.4470    -1.0522     3.4922
     0.4678     3.5755    -1.4089     3.5864
     0.9211     3.6950    -1.7209     3.5770
     1.3299     3.6766    -2.0508     3.4450
     1.7831     3.5847    -2.2736     3.3037
     2.2362     3.5112    -2.4162     3.1434
     2.5737     3.2633    -2.5677     2.8607
     2.9645     3.0522    -2.6123     2.4556
     3.3019     2.7127    -2.7192     2.0506
     3.5860     2.3641    -2.7816     1.7211
     3.8878     1.9425    -2.7727     1.3352
     4.0653     1.5943    -2.7548     0.9023
     4.2428     1.1364    -2.6835     0.4225
     4.2695     0.6239    -2.5231     0.1027
     4.3227     0.1941    -2.4518    -0.3016
     4.2340    -0.2446    -2.2647    -0.5460
     4.0742    -0.5735    -2.1043    -0.8561
     3.7724    -0.9023    -1.8547    -1.2696
     3.3729    -1.2400    -1.6229    -1.6453
     2.9467    -1.6687    -1.3286    -1.9646
     2.4938    -1.9696    -0.9630    -2.2275
     1.8897    -2.2704    -0.5794    -2.4997
     1.3211    -2.4890    -0.1244    -2.6968
     0.7434    -2.7805     0.3396    -2.8657
     0.2366    -2.8898     0.7502    -3.0440
    -0.1990    -3.0263     1.2056    -3.1191
    -0.5370    -3.0536     1.7146    -3.0909
    -0.9817    -3.0718     2.1255    -3.1566
    -1.5066    -3.0809     2.5722    -3.1472
    -1.9426    -3.1082     2.8671    -3.1003
    -2.2897    -2.9990     3.1263    -3.0065
    -2.5478    -2.8807     3.3408    -2.8282
    -2.7526    -2.7532     3.6269    -2.6499
    -2.9217    -2.5073     3.8236    -2.4246
    -3.1087    -2.2886     3.9935    -2.1430
    -3.1977    -2.0516     4.0203    -1.8331
    -3.2690    -1.7508     3.9487    -1.4480
    -3.3669    -1.4316     3.7252    -1.0347
    -3.3491    -1.0939     3.4659    -0.6588
    -3.2423    -0.6831     3.1620    -0.2358
    -3.0553    -0.2903     2.7777     0.1591
    -2.8950     0.1758     2.3667     0.5542
    -2.7170     0.6148     1.9915     0.9493
    -2.4855     1.0266     1.5002     1.3822
    -2.1918     1.4294     1.0002     1.8152
    -1.7913     1.8508     0.4646     2.1731
    -1.4799     2.3183    -0.0530     2.6064
    -1.0529     2.7769    -0.4813     2.8984
    -0.7504     3.1991    -0.8381     3.2283
    -0.2791     3.4653    -1.3197     3.4733
     0.1300     3.8695    -1.7120     3.7373
     0.5122     3.9890    -2.1399     3.8033
     0.9033     4.0533    -2.4608     3.7938
     1.3299     4.0487    -2.6746     3.7844
     1.7653     4.0441    -2.9330     3.6713
     2.1651     4.0257    -3.0399     3.4356
     2.5826     3.8144    -3.2092     3.1811
     2.9645     3.5755    -3.2538     2.7759
     3.2841     3.2082    -3.3072     2.3991
     3.6748     2.7769    -3.3517     1.9565
     3.9411     2.4008    -3.2538     1.5705
     4.1630     1.8600    -3.1914     1.1281
     4.2872     1.3836    -3.0043     0.6294
     4.3582     0.8527    -2.8172     0.1968
     4.3671     0.3495    -2.6033    -0.1794
     4.3493    -0.0893    -2.3360    -0.4708
     4.2340    -0.4639    -2.0508    -0.7622
     3.9322    -0.8475    -1.7655    -1.1756
     3.5416    -1.1487    -1.4356    -1.5514
     3.1065    -1.5410    -1.0878    -1.9082
     2.5826    -1.9605    -0.7578    -2.1711
     2.0319    -2.2704    -0.1601    -2.4622
     1.3833    -2.4982     0.3307    -2.6217
     0.7878    -2.7259     0.8663    -2.7719
     0.2544    -2.8169     1.3841    -2.8939
    -0.1457    -2.8989     1.8664    -3.0065
    -0.5103    -2.9353     2.2773    -3.0159
    -0.9461    -2.9535     2.6615    -2.9971
    -1.4799    -2.9080     2.9386    -2.9596
    -1.9159    -2.9899     3.2067    -2.9971
    -2.3431    -2.9626     3.3676    -2.9126
    -2.6013    -2.8533     3.5732    -2.8376
    -2.7882    -2.6985     3.7610    -2.6030
    -2.9752    -2.4890     3.7699    -2.3589
    -3.1977    -2.2339     3.7789    -2.0960
    -3.3580    -2.0152     3.6626    -1.7392
    -3.4471    -1.6687     3.5643    -1.2977
    -3.5183    -1.3951     3.3587    -0.8843
    -3.5183    -1.0209     3.0101    -0.4990
    -3.4025    -0.5918     2.6169    -0.0665
    -3.1977    -0.0710     2.1791     0.2532
    -3.0019     0.4227     1.7235     0.6200
    -2.8416     0.7703     1.2234     0.9681
    -2.6280     1.2188     0.7681     1.3728
    -2.3787     1.5485     0.3932     1.7776
    -2.0227     1.9791     0.1433     2.1825
    -1.6134     2.3733    -0.1512     2.5781
    -1.2842     2.7861    -0.4991     2.8796
    -0.8750     3.1440    -0.8738     3.1811
    -0.3947     3.4561    -1.2305     3.4356
     0.0321     3.7684    -1.5872     3.6619
     0.3967     3.8603    -1.8190     3.7467
     0.7434     3.9614    -2.0240     3.7467
     1.2322     3.9890    -2.2647     3.6996
     1.6321     3.9522    -2.4251     3.6053
     1.9608     3.8787    -2.5321     3.4450
     2.3339     3.7133    -2.6123     3.2000
     2.7069     3.4194    -2.6479     2.8513
     3.0444     3.0889    -2.6568     2.4839
     3.4084     2.7035    -2.5766     2.0883
     3.7014     2.2174    -2.5588     1.6929
     3.9588     1.7867    -2.4608     1.2599
     4.0920     1.3928    -2.3003     0.7517
     4.1630     0.8344    -2.0775     0.3284
     4.1541     0.3404    -1.8636    -0.0665
     3.9943    -0.1350    -1.6764    -0.4614
     3.8523    -0.4913    -1.4445    -0.7622
     3.6126    -0.8110    -1.2305    -1.1380
     3.2841    -1.1578    -0.9273    -1.5702
     2.8668    -1.5045    -0.6508    -1.8519
     2.3517    -1.8784    -0.2939    -2.1430
     1.8364    -2.2157     0.0184    -2.4434
     1.2322    -2.4890     0.4824    -2.6499
     0.6456    -2.6530     0.8574    -2.8282
     0.0855    -2.8078     1.2234    -2.9783
    -0.5014    -2.9353     1.5360    -3.0909
    -0.9283    -2.9717     1.9200    -3.1660
    -1.2575    -3.1537     2.3399    -3.2035
    -1.7113    -3.1628     2.7330    -3.2129
    -2.2452    -3.1719     2.9833    -3.2223
    -2.6369    -3.1628     3.1799    -3.1566
    -2.8594    -3.0536     3.3408    -2.9877
    -3.0998    -2.9353     3.4302    -2.8094
    -3.2868    -2.7076     3.5196    -2.5560
    -3.4115    -2.4708     3.5643    -2.2181
    -3.5005    -2.1975     3.5553    -1.8801
    -3.5985    -1.9514     3.4659    -1.4856
    -3.6074    -1.5775     3.3050    -1.1098
    -3.6163    -1.2582     3.1084    -0.6776
    -3.5183    -0.7744     2.8403    -0.3110
    -3.3313    -0.3634     2.5454     0.0651
    -3.1621     0.1301     2.2505     0.4225
    -2.9306     0.5233     1.8307     0.8458
    -2.7259     0.8801     1.4109     1.2787
    -2.4410     1.3104     0.9198     1.7117
    -2.0583     1.7409     0.4557     2.0789
    -1.7646     2.1533     0.1165     2.3991
    -1.3731     2.5842    -0.2493     2.7382
    -0.8750     2.9696    -0.6775     3.0492
    -0.4392     3.2725    -1.1057     3.2377
    -0.0746     3.5296    -1.4534     3.3885
     0.3255     3.7409    -1.7566     3.4733
     0.6811     3.8144    -1.9795     3.5299
     1.0900     3.8144    -2.2914     3.4922
     1.5165     3.8236    -2.5410     3.3225
     1.8897     3.6490    -2.7994     3.1811
     2.2539     3.4653    -2.9598     2.8984
     2.6536     3.2174    -3.0667     2.5969
     2.9911     2.8870    -3.1290     2.2484
     3.3019     2.5751    -3.1647     1.8906
     3.6215     2.1624    -3.1379     1.4952
     3.8967     1.6951    -3.0310     1.0716
     4.0298     1.2921    -2.9509     0.6765
     4.1363     0.7429    -2.8439     0.2438
     4.1985     0.2398    -2.6568    -0.2076
     4.0653    -0.1898    -2.4697    -0.5554
     3.9588    -0.6192    -2.2558    -0.8373
     3.7191    -0.9205    -1.9795    -1.2132
     3.3108    -1.2947    -1.6496    -1.5795
     2.8668    -1.6596    -1.2751    -1.9928
     2.3872    -2.0425    -0.8559    -2.3026
     1.9164    -2.3251    -0.4724    -2.5091
     1.2944    -2.5892    -0.0352    -2.7343
     0.7167    -2.7441     0.4646    -2.9126
     0.0855    -2.8989     0.9913    -3.1003
    -0.4125    -2.9626     1.3574    -3.1754
    -0.8127    -3.0172     1.8575    -3.2692
    -1.2664    -3.0809     2.3131    -3.2129
    -1.6579    -3.1264     2.7509    -3.1284
    -2.1028    -3.1173     3.1888    -3.1097
    -2.4944    -3.0627     3.4391    -3.0346
    -2.7971    -2.9535     3.8504    -2.9033
    -2.9930    -2.8260     3.8862    -2.7531
    -3.1443    -2.6894     3.9398    -2.4997
    -3.2868    -2.4617     3.9398    -2.1711
    -3.3936    -2.2795     3.9219    -1.7580
    -3.5005    -1.9423     3.8772    -1.3353
    -3.5450    -1.6414     3.7163    -0.9313
    -3.4649    -1.2400     3.3676    -0.5930
    -3.4471    -0.8292     3.0369    -0.1512
    -3.2423    -0.3360     2.5543     0.1779
    -3.0553     0.2215     2.1433     0.6294
    -2.7615     0.6239     1.6163     1.0340
    -2.4855     1.0998     1.1431     1.4387
    -2.2719     1.5118     0.6431     1.9000
    -1.9248     1.9241     0.1701     2.2861
    -1.5689     2.4100    -0.1690     2.6723
    -1.1774     2.8136    -0.4456     2.9927
    -0.8305     3.1623    -0.8381     3.3225
    -0.2613     3.4378    -1.2305     3.5299
     0.1122     3.7041    -1.6229     3.7656
     0.4589     3.8511    -1.9349     3.8787
     0.8411     3.9430    -2.1666     3.9447
     1.2766     3.9338    -2.3627     3.9259
     1.6409     3.9430    -2.6033     3.8033
     2.0585     3.8603    -2.7281     3.6619
     2.4671     3.6674    -2.7548     3.3508
     2.7957     3.3919    -2.8083     3.0680
     3.1687     3.1164    -2.8350     2.7100
     3.4972     2.7677    -2.7816     2.3803
     3.7280     2.3366    -2.7192     1.9188
     3.9322     1.8875    -2.5499     1.4575
     4.0742     1.4752    -2.3984     0.9775
     4.1452     0.9991    -2.2201     0.4977
     4.1807     0.5050    -2.0686     0.1215
     4.0831     0.0661    -1.8190    -0.2734
     3.9677    -0.3177    -1.5426    -0.6118
     3.7547    -0.7105    -1.2484    -1.0441
     3.4439    -1.0118    -0.9273    -1.4762
     2.9911    -1.4498    -0.6062    -1.8519
     2.4671    -1.6961    -0.2315    -2.1618
     1.9253    -2.0334     0.2504    -2.4152
     1.3477    -2.2522     0.7056    -2.6405
     0.6989    -2.4799     1.0984    -2.7813
     0.1477    -2.6621     1.4199    -2.9314
    -0.2880    -2.7805     1.7682    -3.0534
    -0.7149    -2.8715     2.2237    -3.1003
    -1.1062    -2.9899     2.5901    -3.0722
    -1.5956    -3.0536     2.9296    -3.0346
    -2.0672    -3.0718     3.2067    -3.0065
    -2.4232    -2.9899     3.4034    -2.9033
    -2.7170    -2.8989     3.6090    -2.8282
    -2.8950    -2.7441     3.6805    -2.6217
    -3.0909    -2.5710     3.6894    -2.3495
    -3.2423    -2.3706     3.6090    -2.0397
    -3.3847    -2.1701     3.5375    -1.6641
    -3.5361    -1.8602     3.4123    -1.2977
    -3.5539    -1.4316     3.2157    -0.8749
    -3.5361    -1.0483     2.9743    -0.5084
    -3.4560    -0.6375     2.7062    -0.1418
    -3.3046    -0.0893     2.3846     0.1685
    -3.1176     0.4227     2.0361     0.5071
    -2.8594     0.8710     1.6967     0.8929
    -2.6369     1.2188     1.3038     1.2975
    -2.3876     1.6951     0.9198     1.6929
    -2.1117     2.0708     0.5896     2.0412
    -1.7468     2.4834     0.2861     2.3426
    -1.3553     2.8136    -0.1244     2.6723
    -1.1151     3.1623    -0.5616     2.9832
    -0.5903     3.4286    -0.9273     3.2000
    -0.1813     3.6398    -1.3108     3.3696
     0.1566     3.7225    -1.6585     3.5016
     0.5567     3.7593    -1.9260     3.5393
     0.9567     3.7593    -2.2023     3.4262
     1.4010     3.7409    -2.3538     3.4073
     1.8009     3.6123    -2.5142     3.2471
     2.1829     3.4194    -2.6657     2.9738
     2.5115     3.0889    -2.7994     2.6911
     2.9201     2.8228    -2.8439     2.3143
     3.2752     2.3733    -2.9687     1.9565
     3.5505     2.0433    -2.9687     1.5705
     3.7813     1.5943    -2.8707     1.1846
     3.9677     1.1273    -2.8083     0.6671
     4.0831     0.6880    -2.6568     0.2626
     4.0698     0.1392    -2.4786    -0.1700
     4.0564    -0.2995    -2.2825    -0.5648
     3.9766    -0.5918    -2.0062    -0.8843
     3.7635    -0.8566    -1.7833    -1.2977
     3.4173    -1.2491    -1.4445    -1.7580
     2.9911    -1.5593    -1.0789    -2.1805
     2.4849    -1.9878    -0.7221    -2.5091
     1.9075    -2.2795    -0.3653    -2.7813
     1.3033    -2.4982     0.1790    -2.9033
     0.6811    -2.6803     0.5181    -3.0815
     0.0944    -2.8715     0.9734    -3.1941
    -0.3591    -2.9717     1.4377    -3.3348
    -0.7060    -3.1173     1.9289    -3.3630
    -1.0796    -3.2084     2.4560    -3.3348
    -1.5600    -3.1719     2.8939    -3.2598
    -2.0494    -3.1810     3.2514    -3.2035
    -2.4588    -3.0172     3.5553    -3.1097
    -2.7882    -2.9444     3.8236    -2.9783
    -3.0197    -2.7896     3.8414    -2.7343
    -3.2156    -2.6348     3.8504    -2.4152
    -3.3402    -2.4162     3.8593    -2.0303
    -3.5628    -2.1428     3.8593    -1.6735
    -3.6964    -1.7417     3.8325    -1.3071
    -3.7142    -1.3951     3.7789    -0.9219
    -3.7321    -1.0483     3.4838    -0.5084
    -3.5896    -0.6375     3.1531    -0.1230
    -3.4738    -0.1167     2.7330     0.2532
    -3.3224     0.3678     2.3041     0.6576
    -3.1888     0.8252     1.8575     1.0528
    -2.9128     1.3104     1.3663     1.4952
    -2.6369     1.6859     0.8216     1.8906
    -2.2986     2.1533     0.3753     2.2955
    -1.9693     2.5200     0.0184     2.6158
    -1.5867     2.9329    -0.2761     2.9455
    -1.3109     3.3276    -0.6775     3.2377
    -0.7682     3.5664    -1.1235     3.5487
    -0.3769     3.7317    -1.4980     3.7373
    -0.0034     3.9155    -1.7833     3.8504
     0.3878     3.9522    -2.0597     3.8599
     0.8500     3.9890    -2.3538     3.8693
     1.2588     3.9430    -2.5677     3.8221
     1.6765     3.8695    -2.7103     3.6619
     2.0496     3.6490    -2.8172     3.4073
     2.3783     3.3735    -2.8618     3.1057
     2.7247     3.0981    -2.9509     2.7854
     3.0355     2.7402    -2.8974     2.4556
     3.3551     2.4192    -2.9152     2.0224
     3.6126     1.9883    -2.7459     1.5611
     3.8612     1.4844    -2.5766     1.0434
     3.9411     1.0083    -2.3895     0.5636
     3.9233     0.6239    -2.1577     0.0933
     3.9056     0.1667    -1.9884    -0.2734
     3.7990    -0.2264    -1.7120    -0.6400
     3.6126    -0.6009    -1.4178    -1.0817
     3.3551    -0.9662    -1.1413    -1.4950
     2.9645    -1.3495    -0.8113    -1.9364
     2.5471    -1.7781    -0.4188    -2.2556
     2.0052    -2.0790     0.0094    -2.4903
     1.3655    -2.3615     0.4646    -2.6593
     0.7700    -2.6166     0.7949    -2.7907
     0.2100    -2.7532     1.1698    -2.9126
    -0.2702    -2.8624     1.5538    -2.9971
    -0.6704    -2.9535     1.9379    -3.0159
    -0.9639    -3.0536     2.3220    -3.0440
    -1.3820    -3.0081     2.7062    -3.0346
    -1.8625    -3.0445     3.0101    -2.9971
    -2.3075    -2.9808     3.2514    -2.9220
    -2.5834    -2.8898     3.4659    -2.8000
    -2.7882    -2.8169     3.6358    -2.5936
    -2.9930    -2.6803     3.7163    -2.3401
    -3.1710    -2.4799     3.7342    -2.0209
    -3.3402    -2.1519     3.6894    -1.7016
    -3.4649    -1.8967     3.5911    -1.3823
    -3.4738    -1.5501     3.4749    -1.0535
    -3.5094    -1.1578     3.2782    -0.6588
    -3.3847    -0.6831     3.0011    -0.2640
    -3.2334    -0.1990     2.5990     0.1497
    -3.0286     0.2764     2.1701     0.5071
    -2.8950     0.6148     1.7503     0.9023
    -2.6992     1.0815     1.3395     1.3069
    -2.4410     1.4660     0.9377     1.6458
    -2.1117     1.9333     0.4824     1.9847
    -1.7290     2.2449     0.0987     2.3049
    -1.4265     2.6301    -0.1601     2.6440
    -1.0974     2.9237    -0.5794     2.8890
    -0.5370     3.1532    -1.0343     3.1340
    -0.0834     3.3276    -1.4356     3.3037
     0.2900     3.4194    -1.7566     3.4827
     0.6634     3.4837    -2.0240     3.5676
     1.0544     3.5296    -2.2914     3.6147
     1.4632     3.5388    -2.4786     3.5676
     1.8986     3.4378    -2.7014     3.3696
     2.2628     3.3092    -2.8172     3.1811
     2.6714     3.1073    -2.8885     2.8890
     3.0000     2.9237    -2.9152     2.5498
     3.3374     2.5567    -2.9776     2.1260
     3.6304     2.1991    -2.9687     1.6552
     3.9144     1.8508    -2.8796     1.2222
     4.1275     1.4386    -2.7014     0.7329
     4.2251     0.9350    -2.5053     0.2532
     4.2872     0.4501    -2.3806    -0.1888
     4.2606    -0.0619    -2.1845    -0.6118
     4.2872    -0.5004    -1.9438    -0.9031
     4.0831    -0.8018    -1.6407    -1.2977
     3.8345    -1.1578    -1.3732    -1.7298
     3.4173    -1.6505    -1.0076    -2.1148
     2.9201    -2.0243    -0.6062    -2.4058
     2.4049    -2.2795    -0.2582    -2.6499
     1.8009    -2.5164     0.2325    -2.8376
     1.2233    -2.7259     0.6610    -3.0440
     0.6100    -2.9444     1.0984    -3.1754
     0.0677    -3.0718     1.5538    -3.2316
    -0.2702    -3.1810     1.9915    -3.2223
    -0.6170    -3.2630     2.4114    -3.1754
    -1.0974    -3.2266     2.7777    -3.1003
    -1.6846    -3.1810     3.1441    -3.0252
    -2.1384    -3.1537     3.4212    -2.9408
    -2.4321    -3.0172     3.5732    -2.8282
    -2.6547    -2.8989     3.7163    -2.6593
    -2.8327    -2.6439     3.7520    -2.4340
    -3.0108    -2.4162     3.7878    -2.1242
    -3.1888    -2.1246     3.7699    -1.8143
    -3.3402    -1.8055     3.7610    -1.4293
    -3.3758    -1.4316     3.5732    -1.0911
    -3.3580    -1.0483     3.3229    -0.6306
    -3.3491    -0.6648     3.0726    -0.2170
    -3.1532    -0.1990     2.6705     0.1779
    -3.0019     0.2672     2.3041     0.5071
    -2.8238     0.6788     1.8039     0.8740
    -2.6547     1.0998     1.3306     1.2881
    -2.3876     1.4935     0.7949     1.6646
    -2.1117     1.9150     0.3753     2.0789
    -1.7557     2.2633     0.0273     2.3991
    -1.4443     2.6301    -0.2404     2.6535
    -1.0796     2.9696    -0.5794     2.9361
    -0.6704     3.1623    -0.9541     3.1434
    -0.2079     3.3368    -1.3019     3.3791
     0.1300     3.5480    -1.6853     3.5393
     0.5211     3.6582    -1.9884     3.6336
     0.9656     3.7501    -2.2380     3.6901
     1.4277     3.7868    -2.4518     3.5959
     1.8275     3.6766    -2.6212     3.4827
     2.2984     3.6490    -2.6746     3.2471
     2.6803     3.4837    -2.7192     2.9738
     3.0266     3.2725    -2.7816     2.6252
     3.3019     2.8595    -2.7905     2.2013
     3.5949     2.5384    -2.7994     1.7211
     3.8345     2.0891    -2.7192     1.3069
     4.0121     1.6218    -2.5499     0.8740
     4.1275     1.0906    -2.4162     0.3943
     4.1363     0.5233    -2.2469    -0.0289
     4.1718    -0.0070    -2.1399    -0.4614
     4.0653    -0.4365    -1.8903    -0.7246
     3.8967    -0.7836    -1.6318    -1.1098
     3.6659    -1.2035    -1.3197    -1.5138
     3.3019    -1.5775    -1.0522    -1.9176
     2.8757    -1.9331    -0.7043    -2.2556
     2.2984    -2.2157    -0.2761    -2.5560
     1.7209    -2.4708     0.2147    -2.7907
     1.0722    -2.7714     0.6074    -2.9877
     0.5211    -2.9535     0.9466    -3.1660
    -0.0657    -3.0627     1.3306    -3.2316
    -0.5548    -3.2539     1.7771    -3.2504
    -0.8572    -3.2721     2.1791    -3.2129
    -1.2308    -3.3539     2.5096    -3.1847
    -1.6401    -3.3267     2.8224    -3.1003
    -2.0583    -3.2084     3.1084    -3.0159
    -2.4588    -3.0900     3.3855    -2.9126
    -2.6725    -2.8807     3.5285    -2.6874
    -2.8327    -2.7076     3.6179    -2.4622
    -2.9841    -2.4435     3.6358    -2.2369
    -3.0642    -2.1792     3.6358    -1.8801
    -3.2067    -1.9058     3.5553    -1.5138
    -3.2868    -1.5593     3.4212    -1.1286
    -3.3046    -1.2308     3.1710    -0.7904
    -3.2245    -0.9205     2.8939    -0.4050
    -3.0642    -0.4182     2.5543    -0.0195
    -2.8327    -0.0253     2.1880     0.3849
    -2.6280     0.4227     1.7324     0.7894
    -2.4321     0.8252     1.2591     1.2128
    -2.2007     1.2096     0.7770     1.5611
    -1.9248     1.6034     0.3218     1.9659
    -1.5689     2.0524    -0.0798     2.3332
    -1.2041     2.4375    -0.3296     2.6440
    -0.9728     2.8411    -0.7578     2.9738
    -0.4125     3.0889    -1.1413     3.2377
     0.0055     3.3460    -1.6050     3.4168
     0.4322     3.5572    -1.9616     3.5959
     0.8056     3.7225    -2.2112     3.6996
     1.1877     3.7501    -2.4786     3.6807
     1.6587     3.8511    -2.7014     3.6147
     2.0496     3.8144    -2.8618     3.4450
     2.3961     3.7225    -2.9419     3.3131
     2.7869     3.4929    -3.0399     2.9927
     3.1243     3.2450    -3.0934     2.6817
     3.4173     2.9237    -3.0845     2.3049
     3.6925     2.5384    -3.0845     1.9471
     3.8878     2.1624    -2.9330     1.4952
     4.1008     1.7409    -2.8172     1.0340
     4.1985     1.2646    -2.6390     0.5542
     4.1940     0.6971    -2.4340     0.1497
     4.1896     0.1849    -2.2469    -0.2452
     4.1541    -0.2538    -1.9616    -0.5084
     4.0032    -0.6283    -1.6496    -0.8937
     3.7280    -0.9296    -1.3464    -1.3259
     3.3285    -1.3495    -1.0343    -1.7674
     2.8135    -1.6961    -0.6775    -2.1524
     2.3250    -2.0061    -0.2136    -2.4434
     1.7031    -2.2886     0.2861    -2.7062
     1.1433    -2.5528     0.7234    -2.8939
     0.5656    -2.6985     1.1163    -3.0815
     0.0144    -2.8442     1.4824    -3.1284
    -0.3502    -3.0354     1.8486    -3.1566
    -0.7949    -3.0809     2.2773    -3.1754
    -1.2753    -3.0991     2.6437    -3.1284
    -1.7024    -3.0718     3.0101    -3.0534
    -2.1473    -3.0081     3.2872    -2.8751
    -2.4410    -2.9080     3.4659    -2.8188
    -2.6814    -2.7805     3.6805    -2.6030
    -2.9039    -2.5801     3.6716    -2.4058
    -3.0375    -2.4162     3.7252    -2.0960
    -3.2067    -2.2795     3.6894    -1.8050
    -3.3402    -1.9149     3.6447    -1.4762
    -3.4738    -1.6687     3.5553    -1.1286
    -3.5094    -1.3859     3.4034    -0.7340
    -3.4025    -0.9662     3.0905    -0.3580
    -3.3135    -0.4091     2.7777     0.0087
    -3.1087     0.0387     2.3220     0.4131
    -2.9395     0.5233     1.8575     0.8270
    -2.7793     0.9900     1.4467     1.2128
    -2.6191     1.3653     1.0091     1.5611
    -2.2986     1.7683     0.6074     1.9565
    -1.9248     2.1349     0.1611     2.3426
    -1.5689     2.5109    -0.1512     2.6440
    -1.2308     2.9237    -0.4991     2.9738
    -0.8394     3.2266    -0.9897     3.2094
    -0.4480     3.4745    -1.3821     3.4262
    -0.0390     3.6766    -1.7477     3.6053
     0.4500     3.7225    -1.9973     3.6713
     0.8322     3.7868    -2.2825     3.7467
     1.2411     3.7776    -2.5231     3.7373
     1.6232     3.7684    -2.7192     3.6147
     2.0496     3.7501    -2.8528     3.4639
     2.3694     3.5204    -2.9687     3.1906
     2.7602     3.3092    -3.0399     2.8796
     3.0444     2.9696    -3.0399     2.4745
     3.3019     2.5751    -3.0756     2.0789
     3.5860     2.1624    -3.0043     1.5893
     3.7369     1.7683    -2.8439     1.1846
     3.8789     1.3104    -2.7103     0.6671
     3.9233     0.7978    -2.5142     0.1968
     3.8789     0.2307    -2.2914    -0.2640
     3.7547    -0.1898    -2.0864    -0.5930
     3.5771    -0.6466    -1.8814    -0.8937
     3.3374    -0.9114    -1.5515    -1.2696
     3.0000    -1.2856    -1.2127    -1.7392
     2.5026    -1.6687    -0.8738    -2.1242
     2.0230    -1.9696    -0.4545    -2.4434
     1.4810    -2.3068    -0.0441    -2.6780
     0.8856    -2.5164     0.4824    -2.8751
     0.3255    -2.7623     0.9109    -3.0065
    -0.2079    -2.8715     1.2591    -3.1097
    -0.5192    -3.0081     1.6789    -3.1378
    -0.9105    -3.1173     2.1612    -3.1097
    -1.3998    -3.1810     2.5365    -3.1191
    -1.8358    -3.2084     2.9028    -3.0346
    -2.2274    -3.1537     3.1531    -2.9971
    -2.5033    -2.9808     3.3944    -2.7907
    -2.7081    -2.9262     3.5732    -2.5466
    -2.9039    -2.6985     3.6537    -2.2463
    -3.0731    -2.5164     3.6716    -1.9928
    -3.2423    -2.3159     3.6269    -1.6547
    -3.3580    -1.9878     3.6090    -1.3541
    -3.4382    -1.6140     3.5017    -1.0065
    -3.4649    -1.2400     3.3587    -0.6306
    -3.3847    -0.8110     3.0905    -0.3298
    -3.1977    -0.2903     2.7777     0.0275
    -3.1176     0.1575     2.4292     0.4037
    -2.9663     0.6056     2.0540     0.7517
    -2.8149     1.0083     1.6253     1.1187
    -2.5478     1.4569     1.1609     1.4387
    -2.1918     1.8416     0.7234     1.7682
    -1.8714     2.2266     0.3218     2.1448
    -1.5155     2.5842     0.0273     2.5310
    -1.1596     2.8962    -0.3564     2.8419
    -0.8750     3.1532    -0.7489     3.0680
    -0.3502     3.3735    -1.1770     3.3225
     0.1300     3.5388    -1.5604     3.5204
     0.4856     3.6398    -1.8547     3.6524
     0.8856     3.7593    -2.0953     3.7561
     1.2944     3.7684    -2.3716     3.7279
     1.6943     3.7133    -2.5231     3.6336
     2.1118     3.6398    -2.6568     3.3979
     2.5471     3.4837    -2.7370     3.1340
     2.9112     3.2817    -2.8618     2.7759
     3.2486     2.9145    -2.8707     2.4180
     3.5682     2.5384    -2.8439     1.9000
     3.8434     2.1716    -2.7905     1.4104
     4.0653     1.6676    -2.7103     0.9305
     4.1985     1.2005    -2.5766     0.4413
     4.2251     0.7246    -2.3895    -0.0007
     4.1630     0.2032    -2.2380    -0.4520
     4.0742    -0.3360    -1.9973    -0.7528
     3.9056    -0.7562    -1.8012    -1.0065
     3.6481    -1.0574    -1.5783    -1.3823
     3.2308    -1.3586    -1.1948    -1.8613
     2.8046    -1.6778    -0.8559    -2.2556
     2.3339    -2.0972    -0.5081    -2.5560
     1.8186    -2.3433    -0.0887    -2.7437
     1.2411    -2.6530     0.4289    -2.8939
     0.6456    -2.8260     0.8395    -2.9502
     0.1211    -2.8624     1.2145    -3.0440
    -0.3769    -2.9626     1.6253    -3.1003
    -0.8305    -3.0627     2.0808    -3.0534
    -1.2486    -3.0718     2.4471    -2.9689
    -1.8002    -3.0809     2.8581    -2.9314
    -2.1829    -2.9717     3.0995    -2.8000
    -2.5389    -2.8807     3.3855    -2.6311
    -2.7437    -2.7076     3.5553    -2.4058
    -2.9484    -2.4617     3.6626    -2.1148
    -3.1265    -2.2613     3.6716    -1.8237
    -3.2334    -1.9605     3.6090    -1.5889
    -3.4115    -1.6961     3.5822    -1.2696
    -3.4916    -1.4042     3.5285    -0.8749
    -3.5183    -0.9935     3.3229    -0.4614
    -3.3936    -0.5370     3.0458    -0.1418
    -3.2334    -0.1350     2.7509     0.1874
    -3.1087     0.3130     2.3399     0.6012
    -2.9217     0.7429     1.9736     0.9399
    -2.7882     1.1547     1.4824     1.3916
    -2.5478     1.5393     1.0270     1.8152
    -2.1206     1.9516     0.5806     2.1448
    -1.7735     2.3550     0.1076     2.4839
    -1.4176     2.7402    -0.2136     2.8513
    -1.1329     3.1073    -0.4991     3.1717
    -0.5903     3.3919    -0.8470     3.4262
    -0.1724     3.6123    -1.2929     3.6241
     0.2100     3.7684    -1.6942     3.7938
     0.5834     3.9246    -1.9705     3.8504
     1.0189     4.0349    -2.2112     3.8316
     1.5254     4.0349    -2.4697     3.7467
     1.9874     3.9338    -2.6657     3.5582
     2.3339     3.9063    -2.7459     3.3602
     2.7336     3.6582    -2.8707     3.0680
     3.1243     3.3460    -2.9598     2.7100
     3.3818     2.9604    -3.0132     2.2390
     3.6481     2.5567    -2.9776     1.7870
     3.8789     2.0799    -2.9419     1.3069
     4.0831     1.5943    -2.7459     0.8176
     4.1807     1.0723    -2.5944     0.3190
     4.2251     0.5965    -2.3984    -0.1606
     4.2340     0.0570    -2.2201    -0.5930
     4.1363    -0.4730    -2.0240    -0.9125
     3.9943    -0.8018    -1.7209    -1.1662
     3.6748    -1.0939    -1.4445    -1.5795
     3.2575    -1.5137    -1.1057    -2.0960
     2.7602    -1.9240    -0.7400    -2.4903
     2.2362    -2.2795    -0.3207    -2.7531
     1.6943    -2.5437     0.1076    -2.9596
     1.0633    -2.7076     0.6253    -3.1284
     0.5567    -2.9262     1.0091    -3.2879
     0.0588    -3.0718     1.4109    -3.3911
    -0.4125    -3.1719     1.8218    -3.4568
    -0.7593    -3.2903     2.2416    -3.4662
    -1.2041    -3.3630     2.6347    -3.4380
    -1.7024    -3.3721     3.0280    -3.3724
    -2.0939    -3.3539     3.2961    -3.1847
    -2.4321    -3.1355     3.5196    -3.0252
    -2.6636    -3.0172     3.6000    -2.8000
    -2.9039    -2.7714     3.6626    -2.5373
    -3.0909    -2.5710     3.6716    -2.1711
    -3.2957    -2.3342     3.7163    -1.8143
    -3.4025    -2.0790     3.6894    -1.4199
    -3.5361    -1.7781     3.6269    -1.1098
    -3.5005    -1.4498     3.5911    -0.7246
    -3.4738    -1.0483     3.3408    -0.3486
    -3.3313    -0.5918     2.9565     0.0275
    -3.1443     0.0021     2.5275     0.3660
    -2.9663     0.4501     2.1165     0.7517
    -2.8060     1.0266     1.6610     1.1375
    -2.5834     1.4477     1.1966     1.5234
    -2.3698     1.9058     0.6699     1.9094
    -2.0049     2.2908     0.2950     2.2767
    -1.6134     2.6576    -0.0084     2.5969
    -1.2219     2.9696    -0.3475     2.8890
    -0.7949     3.2541    -0.7311     3.2188
    -0.4036     3.5572    -1.2127     3.3979
    -0.0834     3.6766    -1.5426     3.6053
     0.3344     3.8419    -1.8814     3.7373
     0.7700     3.9338    -2.1666     3.7938
     1.1522     3.9338    -2.3538     3.7467
     1.5965     3.9155    -2.5766     3.6336
     2.0230     3.7684    -2.7014     3.4262
     2.4138     3.6031    -2.7905     3.1717
     2.6892     3.4286    -2.8083     2.8607
     3.0444     3.1164    -2.8528     2.4933
     3.2841     2.7677    -2.8261     2.0318
     3.5150     2.2908    -2.7548     1.5799
     3.6748     1.8691    -2.6123     1.1375
     3.7990     1.4111    -2.4162     0.7047
     3.9411     0.8710    -2.1845     0.2062
     3.8967     0.3495    -1.9795    -0.1888
     3.8168    -0.0802    -1.7298    -0.4802
     3.6215    -0.5644    -1.5069    -0.8467
     3.3196    -0.8657    -1.1770    -1.2696
     2.9201    -1.3312    -0.8203    -1.7016
     2.5471    -1.7599    -0.5170    -2.0867
     2.0496    -2.0972    -0.0976    -2.3871
     1.5965    -2.4253     0.3664    -2.6499
     1.0100    -2.7259     0.7859    -2.8563
     0.5478    -2.9171     1.1877    -3.0722
     0.1122    -3.0809     1.6074    -3.1941
    -0.4214    -3.1901     2.0183    -3.2316
    -0.7949    -3.2903     2.5096    -3.2035
    -1.2486    -3.2994     2.9207    -3.1847
    -1.7024    -3.1810     3.2425    -3.0815
    -2.1295    -3.1082     3.5106    -2.9783
    -2.4499    -2.9080     3.6179    -2.8470
    -2.6992    -2.8078     3.6537    -2.6593
    -2.9128    -2.5528     3.6984    -2.3965
    -3.0820    -2.3797     3.7073    -2.1618
    -3.2423    -2.1884     3.6716    -1.8707
    -3.3491    -1.9058     3.6626    -1.5138
    -3.5183    -1.6322     3.6984    -1.1474
    -3.5361    -1.4224     3.5553    -0.8279
    -3.4916    -1.0848     3.2335    -0.4426
    -3.3224    -0.7836     2.7956    -0.1042
    -3.0998    -0.1898     2.4114     0.2720
    -2.9306     0.2855     1.9557     0.7141
    -2.6992     0.7063     1.5717     1.0716
    -2.5567     1.0266     1.0895     1.4293
    -2.2897     1.4935     0.6877     1.7776
    -1.8981     1.8508     0.2950     2.1354
    -1.4977     2.1808    -0.0441     2.4839
    -1.1774     2.5292    -0.4367     2.8325
    -0.6704     2.8319    -0.8113     3.1434
    -0.2435     3.1073    -1.2127     3.3414
     0.0766     3.3827    -1.6050     3.5204
     0.4589     3.5388    -1.9171     3.6619
     0.9122     3.6950    -2.1577     3.7184
     1.3388     3.6950    -2.3984     3.7467
     1.8098     3.7041    -2.6212     3.6336
     2.1918     3.6950    -2.6925     3.4827
     2.6003     3.5664    -2.8172     3.2377
     2.9378     3.3919    -2.8707     2.9173
     3.2575     3.0889    -2.9152     2.5216
     3.5416     2.7952    -2.8796     2.1072
     3.7103     2.4375    -2.7637     1.6081
     3.8523     1.9699    -2.6479     1.1563
     3.9677     1.5485    -2.5231     0.7423
     4.0298     1.0723    -2.3806     0.2814
     4.0121     0.5873    -2.1399    -0.1794
     3.9943     0.0478    -1.9616    -0.5554
     3.7724    -0.3543    -1.7031    -0.7434
     3.5593    -0.6831    -1.4267    -1.1005
     3.1953    -1.0757    -1.0968    -1.5232
     2.7691    -1.4772    -0.7400    -1.9928
     2.3072    -1.9514    -0.3207    -2.3495
     1.8542    -2.2248     0.0719    -2.6217
     1.3388    -2.5437     0.5092    -2.8000
     0.7878    -2.7259     0.8931    -2.9220
     0.2900    -2.8807     1.3306    -3.0346
    -0.1190    -2.9990     1.7414    -3.1472
    -0.4836    -3.1173     2.1791    -3.1003
    -1.0173    -3.1173     2.6258    -3.0534
    -1.4532    -3.0809     2.9922    -2.9689
    -1.8269    -2.9353     3.3319    -2.7813
    -2.1651    -2.8078     3.5643    -2.6217
    -2.3609    -2.6075     3.6000    -2.2932
    -2.5745    -2.3888     3.6626    -2.0491
    -2.7793    -2.1428     3.6358    -1.7110
    -2.9663    -1.8784     3.6626    -1.4480
    -3.0998    -1.6505     3.6269    -1.0911
    -3.1888    -1.3859     3.5017    -0.7998
    -3.2423    -1.1396     3.2782    -0.4520
    -3.1977    -0.7744     2.9475    -0.0665
    -3.0286    -0.4000     2.5633     0.2720
    -2.8772     0.0661     2.1701     0.6671
    -2.6547     0.5507     1.7592     0.9964
    -2.5122     0.9808     1.3127     1.4199
    -2.2986     1.4477     0.8841     1.7964
    -2.0227     1.8783     0.4824     2.0601
    -1.6579     2.3091     0.0987     2.3143
    -1.2486     2.6576    -0.1690     2.6440
    -0.9550     3.0155    -0.5973     2.8702
    -0.5370     3.3000    -0.9897     3.1529
    -0.0657     3.5204    -1.4178     3.3131
     0.3255     3.7225    -1.8101     3.4922
     0.7167     3.8236    -2.1043     3.5299
     1.1522     3.9338    -2.3627     3.5110
     1.5876     3.9338    -2.6301     3.4450
     2.0407     3.8695    -2.7816     3.3319
     2.4316     3.7593    -2.9152     3.1717
     2.8224     3.5939    -3.0667     2.9267
     3.1509     3.3092    -3.1379     2.6252
     3.4439     2.9971    -3.1914     2.2013
     3.6659     2.6209    -3.1558     1.7776
     3.9233     2.1441    -3.0667     1.2881
     4.1097     1.6951    -2.9419     0.9023
     4.2695     1.3012    -2.7637     0.4789
     4.3227     0.7886    -2.6212     0.0651
     4.3582     0.2215    -2.4162    -0.3674
     4.2428    -0.2812    -2.2290    -0.7246
     4.1008    -0.6922    -2.0062    -0.9783
     3.8434    -0.9296    -1.7031    -1.2977
     3.4351    -1.2035    -1.3999    -1.7392
     2.9023    -1.6505    -0.9630    -2.1805
     2.3961    -2.0061    -0.5705    -2.5560
     1.8542    -2.2795    -0.2136    -2.7531
     1.2944    -2.5710     0.3039    -2.8939
     0.7434    -2.7896     0.7502    -3.0159
     0.2100    -2.9171     1.1788    -3.1566
    -0.2969    -3.0445     1.6431    -3.3348
    -0.5992    -3.2448     2.0987    -3.3911
    -1.0440    -3.3630     2.5543    -3.3442
    -1.6134    -3.3630     3.0011    -3.2973
    -2.0672    -3.2721     3.2872    -3.1566
    -2.3787    -3.1810     3.4838    -2.9408
    -2.6369    -2.9717     3.6090    -2.7250
    -2.8594    -2.7623     3.6716    -2.4434
    -3.0909    -2.4982     3.6626    -2.1336
    -3.2245    -2.2248     3.6358    -1.8050
    -3.4382    -1.8784     3.6358    -1.4199
    -3.5183    -1.6049     3.5553    -1.1098
    -3.5717    -1.2308     3.3766    -0.7528
    -3.5717    -0.8931     3.0637    -0.3580
    -3.3669    -0.4639     2.7867     0.0275
    -3.2156    -0.0162     2.3756     0.4037
    -3.0464     0.3953     1.9825     0.7423
    -2.9039     0.7978     1.6163     1.1563
    -2.7348     1.2188     1.1698     1.5328
    -2.3787     1.6309     0.7234     1.8435
    -2.0227     2.0158     0.3575     2.2013
    -1.6223     2.4192     0.0362     2.4933
    -1.2842     2.7585    -0.3118     2.8419
    -0.8394     3.0247    -0.7935     3.1057
    -0.3769     3.1807    -1.2662     3.3037
    -0.0034     3.4010    -1.6407     3.5110
     0.3522     3.5021    -1.9705     3.6241
     0.8767     3.6123    -2.2914     3.6241
     1.3122     3.6490    -2.5410     3.6053
     1.7298     3.5939    -2.7192     3.4827
     2.1562     3.5847    -2.9063     3.3037
     2.5559     3.4653    -2.9954     3.0586
     2.8313     3.2725    -3.1290     2.7100
     3.1598     2.9421    -3.0934     2.3143
     3.3551     2.6576    -3.0845     1.8717
     3.6037     2.2174    -2.9687     1.3728
     3.8079     1.7958    -2.8796     0.9211
     3.9854     1.3928    -2.6657     0.4883
     4.1363     0.8801    -2.4964     0.0463
     4.1363     0.3495    -2.2825    -0.4426
     4.1186    -0.0984    -2.0329    -0.8467
     3.9322    -0.5279    -1.7209    -1.1098
     3.6392    -0.7836    -1.4178    -1.4480
     3.2486    -1.1943    -1.1413    -1.8989
     2.8046    -1.6687    -0.7132    -2.2463
     2.2539    -1.9970    -0.2315    -2.5842
     1.7298    -2.3251     0.1344    -2.8563
     1.1522    -2.6621     0.5806    -3.0722
     0.5389    -2.8989     0.9109    -3.2223
     0.0499    -3.0172     1.3127    -3.2692
    -0.2702    -3.2448     1.7682    -3.2879
    -0.5992    -3.3085     2.2416    -3.2786
    -1.1329    -3.3721     2.6258    -3.2879
    -1.5867    -3.3630     3.0101    -3.2129
    -2.0672    -3.3267     3.2872    -3.1097
    -2.4232    -3.2175     3.5196    -2.9408
    -2.6725    -3.0445     3.6626    -2.7156
    -2.9573    -2.7987     3.6447    -2.3965
    -3.1176    -2.5984     3.6894    -2.1242
    -3.2957    -2.2977     3.6716    -1.8143
    -3.4382    -2.0061     3.7073    -1.4574
    -3.5272    -1.7052     3.6537    -1.1850
    -3.5406    -1.3221     3.6179    -0.7340
    -3.5539    -0.9388     3.3229    -0.3862
    -3.3758    -0.3908     2.9833    -0.0101
    -3.2245     0.0478     2.6347     0.3002
    -3.0820     0.5965     2.2684     0.6482
    -2.9306     0.9900     1.8486     1.0246
    -2.7170     1.4477     1.3663     1.4387
    -2.4143     1.8233     0.8574     1.8529
    -2.1028     2.2083     0.4378     2.1825
    -1.6668     2.5842     0.1344     2.5875
    -1.3731     2.9145    -0.2761     2.9173
    -0.9639     3.1348    -0.6865     3.2283
    -0.5103     3.3092    -1.1592     3.4639
    -0.1368     3.4837    -1.5694     3.7561
     0.2455     3.6123    -1.8725     3.9353
     0.7345     3.6950    -2.1577     4.0579
     1.1966     3.7409    -2.3984     4.0484
     1.6498     3.7776    -2.5588     3.9919
     2.1118     3.6674    -2.7370     3.8599
     2.4582     3.5388    -2.7994     3.5299
     2.8135     3.2725    -2.9241     3.2000
     3.1154     3.0338    -2.9197     2.7477
     3.3463     2.6852    -2.9152     2.2861
     3.6659     2.3183    -2.8885     1.7023
     3.8700     1.8600    -2.7637     1.2222
     4.0387     1.4294    -2.6123     0.7329
     4.1452     0.9625    -2.4162     0.1874
     4.1097     0.4593    -2.3003    -0.3674
     4.0387     0.0295    -2.0864    -0.8373
     3.8789    -0.4274    -1.8547    -1.1192
     3.5505    -0.7105    -1.5604    -1.5044
     3.1776    -1.0757    -1.1592    -1.9176
     2.8046    -1.5410    -0.7757    -2.2650
     2.3072    -1.9696    -0.3029    -2.5466
     1.7742    -2.3524     0.1165    -2.7813
     1.2500    -2.6166     0.5538    -2.9408
     0.6634    -2.7987     1.0091    -2.9783
     0.1744    -2.9990     1.3574    -3.0159
    -0.3324    -3.0900     1.8396    -3.0534
    -0.6526    -3.2084     2.1969    -3.0252
    -1.0796    -3.2448     2.6347    -3.0534
    -1.5244    -3.1901     2.9386    -3.0440
    -1.9960    -3.1628     3.1978    -2.9877
    -2.3431    -3.1264     3.4123    -2.8845
    -2.5745    -2.9626     3.5464    -2.7719
    -2.7793    -2.7896     3.6447    -2.5654
    -2.8950    -2.5801     3.6269    -2.3401
    -3.0464    -2.2795     3.6090    -2.0115
    -3.2334    -2.0061     3.6626    -1.6641
    -3.3402    -1.6961     3.5553    -1.2508
    -3.3580    -1.2673     3.3587    -0.7622
    -3.2957    -0.9205     3.0816    -0.2546
    -3.1354    -0.3451     2.7867     0.1685
    -2.9752     0.1301     2.4114     0.5448
    -2.8327     0.5873     2.0004     0.8834
    -2.6458     1.0266     1.6074     1.2787
    -2.4499     1.4569     1.1431     1.7211
    -2.2007     1.9425     0.6877     2.0789
    -1.8892     2.3917     0.2504     2.3897
    -1.4977     2.7769    -0.1066     2.7006
    -1.1329     3.0338    -0.4367     3.0021
    -0.7949     3.2817    -0.8113     3.3225
    -0.2435     3.5021    -1.2484     3.5676
     0.1566     3.6398    -1.6229     3.7750
     0.5122     3.7593    -1.9616     3.8881
     0.9300     3.8603    -2.2647     3.9070
     1.3566     3.8879    -2.5321     3.8599
     1.7920     3.8511    -2.7548     3.7561
     2.2184     3.7684    -2.8885     3.6053
     2.5204     3.6582    -3.0043     3.3131
     2.7869     3.4653    -3.1112     2.9361
     3.0799     3.1623    -3.1023     2.4745
     3.3019     2.7035    -3.0934     2.0224
     3.5150     2.2908    -3.0221     1.4858
     3.7547     1.8783    -2.8439     1.0434
     3.8523     1.4111    -2.6746     0.4883
     3.9499     0.8527    -2.4875     0.0275
     3.9854     0.3038    -2.2914    -0.4426
     3.8789    -0.2081    -2.0686    -0.7904
     3.6481    -0.5918    -1.8368    -1.1098
     3.3551    -0.9388    -1.5694    -1.5326
     2.9556    -1.3221    -1.2038    -2.0021
     2.5648    -1.7143    -0.8024    -2.3871
     2.0674    -2.1063    -0.4902    -2.6405
     1.5343    -2.3797     0.0719    -2.9033
     1.0544    -2.6621     0.5181    -3.0252
     0.5211    -2.8533     0.8484    -3.1566
     0.0233    -2.9990     1.2502    -3.1284
    -0.2969    -3.1173     1.6253    -3.1941
    -0.7060    -3.2175     2.0540    -3.1754
    -1.1863    -3.2994     2.4560    -3.1754
    -1.7201    -3.2812     2.7598    -3.1284
    -2.1651    -3.2175     3.0548    -3.0815
    -2.4677    -3.1810     3.3229    -2.9220
    -2.7615    -3.0263     3.4570    -2.8000
    -2.9395    -2.8898     3.5822    -2.5654
    -3.0998    -2.7259     3.6269    -2.3214
    -3.3224    -2.4708     3.5732    -2.0491
    -3.4115    -2.1519     3.5822    -1.6923
    -3.5450    -1.8693     3.4570    -1.3353
    -3.5717    -1.4589     3.3408    -0.9595
    -3.4827    -1.1213     3.1352    -0.5272
    -3.3580    -0.6557     2.8313    -0.0101
    -3.1888    -0.1715     2.5096     0.3190
    -3.0553     0.2947     2.1344     0.6765
    -2.8505     0.7429     1.6699     0.9964
    -2.6636     1.1730     1.2056     1.4104
    -2.3787     1.6126     0.7502     1.8058
    -1.9871     2.0066     0.3307     2.1542
    -1.5956     2.3917    -0.0619     2.3991
    -1.2931     2.6668    -0.3742     2.7100
    -0.8216     2.9421    -0.7311     3.0021
    -0.4036     3.2266    -1.1503     3.3131
    -0.0034     3.4102    -1.5159     3.5299
     0.3967     3.5021    -1.8279     3.6524
     0.9033     3.6398    -2.1399     3.7467
     1.3566     3.6674    -2.4340     3.7467
     1.7831     3.6398    -2.6033     3.6524
     2.2273     3.6031    -2.7905     3.4639
     2.6181     3.5204    -2.9152     3.2000
     2.9201     3.3184    -2.9598     2.8607
     3.2486     3.0797    -2.9509     2.5216
     3.5327     2.7035    -2.9419     2.0224
     3.7369     2.3275    -2.8083     1.5422
     3.9854     1.8508    -2.7103     1.0152
     4.2073     1.4294    -2.4964     0.5259
     4.3227     0.8344    -2.2914     0.0463
     4.3138     0.3770    -2.1043    -0.4520
     4.2961    -0.1350    -1.8992    -0.7622
     4.1097    -0.5918    -1.6764    -1.1756
     3.7990    -0.9114    -1.3643    -1.5889
     3.4351    -1.3859    -1.0076    -1.9552
     3.0089    -1.7508    -0.6597    -2.2650
     2.4938    -2.1610    -0.2850    -2.5654
     1.9697    -2.4799     0.2147    -2.7250
     1.4099    -2.7259     0.6520    -2.9126
     0.8145    -2.8898     1.0359    -2.9596
     0.2900    -3.0809     1.3931    -3.0722
    -0.2613    -3.1992     1.8486    -3.0909
    -0.5814    -3.2630     2.2595    -3.0909
    -1.0173    -3.3357     2.6347    -3.1003
    -1.5600    -3.2994     2.9743    -3.0534
    -2.0672    -3.2175     3.2782    -2.9689
    -2.3876    -3.1082     3.4570    -2.8000
    -2.6458    -3.0263     3.5911    -2.6311
    -2.9128    -2.8533     3.6179    -2.4622
    -3.0998    -2.5892     3.6000    -2.1805
    -3.2512    -2.3797     3.6090    -1.8143
    -3.4293    -2.0152     3.5553    -1.4480
    -3.5094    -1.6961     3.5106    -1.0911
    -3.5139    -1.3586     3.2782    -0.7810
    -3.5183    -0.9935     3.0548    -0.3580
    -3.4293    -0.5370     2.6973     0.0651
    -3.2512     0.0661     2.3667     0.3849
    -3.0464     0.4593     1.9557     0.6859
    -2.8950     0.8527     1.5092     1.0905
    -2.6636     1.2554     1.0627     1.4481
    -2.4054     1.6951     0.6610     1.8529
    -2.0405     2.1441     0.2147     2.2013
    -1.6846     2.5017    -0.0352     2.5404
    -1.3198     2.8411    -0.3742     2.7948
    -0.9639     3.0889    -0.8113     3.1057
    -0.4569     3.2817    -1.2573     3.3508
    -0.0212     3.5112    -1.6050     3.5393
     0.3878     3.6398    -1.9616     3.6524
     0.8500     3.7409    -2.2469     3.7561
     1.3033     3.8052    -2.4964     3.7938
     1.7920     3.8144    -2.6835     3.7090
     2.1740     3.7133    -2.7816     3.6241
     2.5293     3.6123    -2.8974     3.3696
     2.9112     3.4470    -3.0132     2.9927
     3.1421     3.0981    -2.9776     2.5781
     3.3995     2.7402    -2.9330     2.1166
     3.6836     2.4375    -2.8974     1.6270
     3.8700     2.0249    -2.7370     1.2128
     4.0387     1.5668    -2.5677     0.7141
     4.1630     1.0449    -2.3895     0.1874
     4.1452     0.5416    -2.2469    -0.2546
     4.0653     0.0021    -1.9973    -0.6024
     3.8612    -0.4639    -1.7566    -0.9501
     3.5416    -0.7836    -1.4624    -1.4011
     3.1509    -1.0939    -1.1324    -1.7956
     2.7158    -1.5319    -0.7221    -2.0679
     2.2273    -1.9331    -0.3475    -2.3495
     1.6765    -2.2977     0.0451    -2.5748
     1.1344    -2.5619     0.5181    -2.6874
     0.5922    -2.7167     0.9913    -2.7813
     0.1300    -2.9626     1.4199    -2.8751
    -0.2791    -3.0900     1.8218    -2.9408
    -0.6348    -3.1719     2.1969    -2.9971
    -1.1863    -3.1719     2.6884    -3.0065
    -1.7024    -3.1264     3.0548    -2.9596
    -2.1206    -3.0718     3.3140    -2.9220
    -2.4143    -2.8807     3.4838    -2.7813
    -2.6725    -2.7805     3.6358    -2.6311
    -2.8594    -2.5255     3.6447    -2.4246
    -3.0553    -2.2886     3.6537    -2.1805
    -3.1799    -2.0790     3.6358    -1.8707
    -3.3224    -1.7326     3.6000    -1.5138
    -3.4649    -1.3768     3.5375    -1.1568
    -3.4560    -1.1031     3.4034    -0.6776
    -3.3847    -0.6648     3.1620    -0.2734
    -3.2601    -0.2172     2.8135     0.0933
    -3.1354     0.2398     2.4203     0.4695
    -2.9306     0.6239     2.0808     0.7800
    -2.7348     0.9350     1.6342     1.1375
    -2.5478     1.2921     1.1609     1.5046
    -2.2452     1.6126     0.7145     1.8529
    -1.9604     2.0158     0.3486     2.2390
    -1.5422     2.4100    -0.0263     2.5122
    -1.1952     2.7127    -0.3742     2.8042
    -0.8572     2.9421    -0.8203     3.0492
    -0.3413     3.1991    -1.2127     3.3037
     0.0499     3.3551    -1.6496     3.4545
     0.4411     3.5112    -1.9349     3.6053
     0.8589     3.6306    -2.3003     3.6241
     1.3299     3.6398    -2.5321     3.6241
     1.7831     3.6582    -2.7281     3.5299
     2.1385     3.5755    -2.9330     3.3225
     2.5382     3.4010    -3.0489     3.0492
     2.9201     3.1164    -3.1112     2.7382
     3.1687     2.8595    -3.1558     2.3238
     3.4617     2.5751    -3.1647     1.9094
     3.6481     2.2083    -3.0578     1.4199
     3.8434     1.8325    -2.9419     0.9775
     4.0032     1.4294    -2.7994     0.4789
     4.0387     0.8801    -2.6657     0.0557
     4.0343     0.4135    -2.4073    -0.4238
     4.0298    -0.0345    -2.1399    -0.8186
     3.8257    -0.4274    -1.8903    -1.0817
     3.4972    -0.7379    -1.5872    -1.4856
     3.1598    -1.2217    -1.2573    -1.8613
     2.7069    -1.6778    -0.9273    -2.1711
     2.2273    -2.0516    -0.4545    -2.4622
     1.7476    -2.4253    -0.0798    -2.7062
     1.2144    -2.7532     0.4378    -2.9314
     0.6989    -2.9899     0.9020    -3.0722
     0.1833    -3.0900     1.3127    -3.1660
    -0.2435    -3.2903     1.6878    -3.2504
    -0.6882    -3.4176     2.1791    -3.3161
    -1.1418    -3.3539     2.6615    -3.3161
    -1.6045    -3.2994     3.0548    -3.2504
    -2.0761    -3.2266     3.4034    -3.1378
    -2.4054    -3.0718     3.6000    -3.0252
    -2.6725    -2.9353     3.6537    -2.8657
    -2.8594    -2.7896     3.7342    -2.6499
    -3.0553    -2.4982     3.7789    -2.3589
    -3.1799    -2.3159     3.7878    -2.0115
    -3.3402    -1.9970     3.8057    -1.5983
    -3.4204    -1.7326     3.7878    -1.1756
    -3.4916    -1.3221     3.6358    -0.7058
    -3.4916    -0.9570     3.3408    -0.2546
    -3.3224    -0.5279     2.9922     0.0651
    -3.1710    -0.0162     2.5990     0.4225
    -2.9663     0.4684     2.1701     0.8082
    -2.8416     0.8161     1.6967     1.1469
    -2.5656     1.2096     1.1788     1.5799
    -2.3164     1.6401     0.7502     1.8906
    -1.9337     2.0616     0.3039     2.2202
    -1.5778     2.4834    -0.0441     2.5404
    -1.2664     2.8778    -0.3029     2.8419
    -0.9017     3.1348    -0.6865     3.1152
    -0.4303     3.3827    -1.1324     3.3414
    -0.0390     3.6306    -1.5337     3.5016
     0.4411     3.7225    -1.8190     3.6336
     0.9122     3.8144    -2.0686     3.6807
     1.3655     3.8511    -2.3003     3.7090
     1.8186     3.8787    -2.5321     3.6147
     2.2184     3.7409    -2.7014     3.4262
     2.5559     3.5939    -2.8707     3.1811
     2.9023     3.4010    -2.9419     2.8513
     3.1687     3.1256    -2.9954     2.5310
     3.4706     2.8136    -2.9954     2.0412
     3.6037     2.4192    -2.8796     1.6081
     3.8168     1.9791    -2.7816     1.1281
     3.9233     1.4660    -2.6657     0.6859
     4.0387     0.9991    -2.5142     0.2156
     4.0564     0.4044    -2.2736    -0.2452
     3.9056    -0.1441    -2.0775    -0.7340
     3.7458    -0.5461    -1.7744    -1.0159
     3.4528    -0.9296    -1.4802    -1.3823
     3.1421    -1.2765    -1.2127    -1.7674
     2.7247    -1.7143    -0.8738    -2.1242
     2.2184    -2.0608    -0.4813    -2.4152
     1.7476    -2.3888     0.0094    -2.6217
     1.2055    -2.6803     0.5628    -2.7907
     0.6456    -2.8989     1.0002    -2.9783
     0.1388    -3.0081     1.4020    -3.0722
    -0.3324    -3.1537     1.8039    -3.1191
    -0.6526    -3.2539     2.2505    -3.1660
    -1.0885    -3.2584     2.6705    -3.1754
    -1.6223    -3.2630     3.1441    -3.1472
    -2.0405    -3.1537     3.5106    -3.1284
    -2.4143    -3.0354     3.7252    -3.0722
    -2.6191    -2.8715     3.7342    -2.9314
    -2.8861    -2.6166     3.8236    -2.7156
    -3.0375    -2.4071     3.7967    -2.3683
    -3.2245    -2.2522     3.8057    -2.0209
    -3.3936    -1.9240     3.8057    -1.6265
    -3.4738    -1.6961     3.7699    -1.1850
    -3.5005    -1.4224     3.6179    -0.7528
    -3.4204    -1.0392     3.2872    -0.3110
    -3.3402    -0.5827     2.8581    -0.0007
    -3.1176    -0.1076     2.5096     0.4037
    -2.9395     0.4227     2.0629     0.7705
    -2.7526     0.7978     1.5895     1.1752
    -2.5478     1.2737     1.1698     1.4952
    -2.2007     1.7592     0.6967     1.8623
    -1.8536     2.1441     0.2504     2.2013
    -1.4977     2.5200    -0.0530     2.4745
    -1.1685     2.8503    -0.4188     2.8042
    -0.8572     3.1440    -0.8649     3.1246
    -0.3947     3.3551    -1.3019     3.3696
    -0.0034     3.4745    -1.7031     3.5487
     0.4144     3.5939    -1.9973     3.5959
     0.8234     3.6490    -2.3716     3.6619
     1.3211     3.7041    -2.5944     3.6524
     1.7742     3.7317    -2.8083     3.5582
     2.1740     3.5847    -2.9865     3.3602
     2.5382     3.4010    -3.1201     3.1529
     2.9289     3.1991    -3.2003     2.8325
     3.1598     2.8962    -3.2627     2.4462
     3.3995     2.5292    -3.2448     1.9753
     3.6481     2.0708    -3.1825     1.5422
     3.8168     1.6859    -3.0399     1.1375
     3.9322     1.2463    -2.8885     0.6671
     4.0209     0.7612    -2.7459     0.1968
     4.0121     0.2398    -2.5321    -0.2076
     3.9411    -0.2172    -2.2647    -0.6400
     3.7103    -0.5735    -2.0597    -0.8749
     3.4439    -0.8840    -1.7120    -1.2884
     3.0089    -1.2673    -1.4445    -1.7204
     2.5915    -1.6687    -1.0522    -2.1242
     2.1562    -2.0881    -0.6419    -2.4058
     1.6321    -2.5346    -0.2315    -2.6687
     1.0456    -2.7805     0.3396    -2.8845
     0.5478    -3.0627     0.7770    -3.0815
     0.0588    -3.1992     1.2323    -3.1754
    -0.3858    -3.3721     1.6878    -3.2316
    -0.7415    -3.4176     2.1165    -3.2316
    -1.2219    -3.3812     2.5633    -3.2316
    -1.7824    -3.3267     2.9922    -3.2316
    -2.2185    -3.2357     3.3408    -3.1660
    -2.5656    -3.0536     3.6358    -3.0534
    -2.7615    -2.9262     3.6984    -2.8657
    -2.9930    -2.6894     3.7342    -2.6687
    -3.1443    -2.4890     3.7431    -2.3495
    -3.3402    -2.2522     3.7073    -2.0491
    -3.4738    -1.9878     3.7252    -1.5889
    -3.5807    -1.6870     3.5732    -1.1850
    -3.5807    -1.3677     3.3944    -0.7152
    -3.5450    -1.0027     3.1441    -0.3862
    -3.4560    -0.5827     2.7867     0.0275
    -3.2601    -0.0162     2.5454     0.3660
    -3.0197     0.5050     2.1255     0.7047
    -2.7971     1.0174     1.6878     1.0905
    -2.5745     1.3928     1.2056     1.5046
    -2.2719     1.8050     0.7413     1.8812
    -1.8803     2.2266     0.2682     2.2013
    -1.5155     2.5751    -0.0441     2.4651
    -1.2130     2.9145    -0.4278     2.7665
    -0.8038     3.1623    -0.9005     3.0303
    -0.3058     3.3460    -1.3108     3.2565
     0.0588     3.5296    -1.6853     3.4073
     0.4856     3.6950    -2.0151     3.5864
     0.9478     3.8419    -2.2647     3.6619
     1.4366     3.8879    -2.4875     3.7090
     1.8453     3.8603    -2.7103     3.6901
     2.2539     3.7776    -2.8796     3.5110
     2.6536     3.5755    -2.9776     3.3319
     2.9378     3.4378    -3.0667     2.9927
     3.2486     3.1623    -3.1023     2.6440
     3.4528     2.7677    -3.0043     2.1825
     3.6570     2.3641    -2.8796     1.7305
     3.8789     1.9608    -2.7994     1.2410
     4.0121     1.4752    -2.5944     0.7705
     4.0298     0.9350    -2.4786     0.3284
     4.0742     0.4776    -2.2380    -0.1606
     4.0209    -0.0710    -2.0062    -0.6212
     3.8345    -0.4274    -1.7388    -0.9407
     3.4883    -0.7653    -1.4445    -1.3729
     3.1243    -1.2491    -1.1413    -1.8050
     2.7069    -1.6687    -0.8470    -2.1993
     2.1829    -2.1610    -0.4724    -2.4809
     1.6765    -2.4982    -0.1066    -2.7343
     1.1522    -2.8351     0.4110    -2.9220
     0.5656    -3.0354     0.9734    -3.0065
     0.1477    -3.1901     1.3752    -3.1378
    -0.1724    -3.3630     1.7503    -3.1472
    -0.6081    -3.3630     2.1701    -3.1754
    -1.1418    -3.3630     2.5990    -3.1472
    -1.6579    -3.2994     2.8850    -3.1941
    -2.1562    -3.1355     3.1710    -3.1097
    -2.5122    -2.9990     3.4570    -2.9971
    -2.7348    -2.8624     3.6358    -2.8751
    -2.8950    -2.6439     3.7342    -2.6874
    -3.1443    -2.4162     3.6894    -2.3307
    -3.2779    -2.1792     3.7342    -2.0397
    -3.4293    -1.9058     3.6537    -1.5795
    -3.5628    -1.5501     3.5106    -1.1192
    -3.5807    -1.2217     3.3140    -0.6494
    -3.5183    -0.8840     3.0280    -0.2828
    -3.4204    -0.5187     2.7241     0.0839
    -3.2690     0.0387     2.3756     0.3943
    -3.0998     0.4684     1.9289     0.7235
    -2.8950     0.9716     1.4556     1.0434
    -2.6458     1.3287     1.0448     1.3352
    -2.3520     1.7683     0.6074     1.6552
    -1.9426     2.1441     0.1790     2.0412
    -1.6045     2.5109    -0.1512     2.3143
    -1.2308     2.7585    -0.5081     2.6252
    -0.8661     3.0338    -0.9986     2.8702
    -0.3947     3.2358    -1.3999     3.1717
    -0.0123     3.3919    -1.7566     3.3508
     0.4322     3.5112    -2.0686     3.4827
     0.8678     3.6306    -2.2914     3.6241
     1.3477     3.7133    -2.5499     3.6241
     1.8186     3.6674    -2.7816     3.6336
     2.2184     3.6031    -2.9330     3.4827
     2.5915     3.4837    -3.0756     3.2754
     2.9911     3.3643    -3.1379     3.0209
     3.2131     3.1256    -3.1914     2.6629
     3.5238     2.7769    -3.1558     2.2390
     3.7813     2.4283    -3.0756     1.7964
     3.8967     1.9883    -2.9865     1.3822
     4.0209     1.5576    -2.8350     0.8834
     4.1363     1.0815    -2.6657     0.4507
     4.1008     0.6331    -2.4518    -0.0383
     4.0121     0.0752    -2.2201    -0.4990
     3.9056    -0.2629    -2.0062    -0.8467
     3.6215    -0.6557    -1.6496    -1.2226
     3.2131    -1.0848    -1.3019    -1.6359
     2.7869    -1.5593    -0.9184    -2.0773
     2.2895    -1.9240    -0.5081    -2.3965
     1.7920    -2.3159    -0.1066    -2.6405
     1.2233    -2.6166     0.3396    -2.8000
     0.7167    -2.9262     0.8752    -2.9502
     0.2633    -3.0718     1.3216    -3.0346
    -0.1457    -3.2721     1.7235    -3.1097
    -0.4925    -3.3539     2.1344    -3.1660
    -1.0173    -3.3267     2.5007    -3.1660
    -1.5956    -3.3176     2.9028    -3.2035
    -2.0049    -3.3085     3.2157    -3.1472
    -2.3965    -3.1446     3.5464    -2.9783
    -2.6725    -2.9899     3.6537    -2.8751
    -2.8772    -2.8078     3.7163    -2.6217
    -3.0820    -2.5801     3.7163    -2.3589
    -3.2334    -2.3888     3.6984    -1.9834
    -3.3402    -2.1246     3.6358    -1.5702
    -3.4382    -1.8055     3.4570    -1.0535
    -3.4738    -1.5045     3.2693    -0.5836
    -3.4560    -1.1213     3.0011    -0.1794
    -3.3224    -0.6922     2.6705     0.1779
    -3.2067    -0.1715     2.2773     0.4883
    -3.0197     0.3038     1.8932     0.8646
    -2.8683     0.8435     1.4913     1.2222
    -2.6547     1.2646     1.0984     1.5046
    -2.3520     1.7592     0.7145     1.7493
    -1.9693     2.1349     0.3218     2.0695
    -1.6668     2.5017     0.0541     2.3709
    -1.2575     2.8595    -0.3475     2.6252
    -0.9639     3.1623    -0.7311     2.9267
    -0.3947     3.3184    -1.1503     3.1340
    -0.0123     3.5204    -1.4534     3.3131
     0.4233     3.7225    -1.7833     3.4827
     0.8411     3.7960    -2.0597     3.5676
     1.2944     3.7868    -2.3182     3.5770
     1.7120     3.8144    -2.5588     3.5204
     2.1207     3.7501    -2.6746     3.3508
     2.5382     3.5939    -2.8261     3.1246
     2.8579     3.4194    -2.9776     2.8042
     3.1421     3.0797    -3.0132     2.4274
     3.4439     2.7035    -3.0489     1.9847
     3.6748     2.2633    -2.9865     1.5328
     3.8079     1.8416    -2.8439     1.0246
     3.9677     1.2829    -2.7192     0.5448
     3.9810     0.8069    -2.4786     0.0933
     3.9943     0.2215    -2.2647    -0.3486
     3.9144    -0.2812    -2.0062    -0.7904
     3.7103    -0.5918    -1.7833    -1.1098
     3.4173    -0.9205    -1.4802    -1.4480
     3.1332    -1.3403    -1.1681    -1.8237
     2.7069    -1.6778    -0.8024    -2.1054
     2.2095    -2.0061    -0.4099    -2.4246
     1.7564    -2.3159    -0.0263    -2.6405
     1.2500    -2.5619     0.5628    -2.8657
     0.7256    -2.8442     1.0984    -2.9502
     0.2811    -2.9899     1.5717    -3.0440
    -0.1279    -3.0536     1.9825    -3.1566
    -0.5014    -3.1992     2.3488    -3.1754
    -1.0084    -3.2448     2.7777    -3.2786
    -1.5244    -3.3630     3.1352    -3.2223
    -1.9515    -3.3176     3.4570    -3.1284
    -2.3164    -3.2630     3.6716    -3.0722
    -2.5122    -3.1082     3.6805    -2.8751
    -2.7882    -2.8989     3.7252    -2.7156
    -2.9841    -2.6257     3.7073    -2.4434
    -3.1977    -2.4162     3.6984    -2.0679
    -3.3135    -2.1155     3.7073    -1.6359
    -3.4382    -1.8511     3.5911    -1.2226
    -3.4649    -1.4316     3.4391    -0.6964
    -3.3669    -1.1031     3.2067    -0.2734
    -3.2512    -0.5553     2.8760     0.1215
    -3.0998    -0.0436     2.5096     0.4507
    -2.9930     0.3953     2.1255     0.8082
    -2.7704     0.8710     1.6074     1.1281
    -2.5834     1.3378     1.1341     1.5234
    -2.3075     1.8050     0.6788     1.8717
    -1.9515     2.2174     0.2147     2.1825
    -1.5689     2.5476    -0.1155     2.4651
    -1.2130     2.7952    -0.5081     2.7382
    -0.7860     3.1348    -0.9541     2.9361
    -0.3324     3.3735    -1.3999     3.1057
     0.0499     3.5021    -1.7477     3.2754
     0.5033     3.6123    -2.1221     3.4545
     0.8678     3.6490    -2.3895     3.5299
     1.3299     3.7041    -2.6123     3.5299
     1.7476     3.6674    -2.8350     3.4450
     2.1118     3.5296    -2.9330     3.3414
     2.5115     3.4286    -3.0667     3.1152
     2.8845     3.1532    -3.1647     2.8136
     3.1598     2.8044    -3.1736     2.3897
     3.4262     2.4375    -3.1201     1.9377
     3.6659     2.0433    -3.0132     1.4858
     3.8612     1.6218    -2.8618     1.0434
     3.9854     1.2096    -2.6746     0.5636
     4.0032     0.6788    -2.4697     0.0839
     3.9499     0.1484    -2.2380    -0.3862
     3.8612    -0.2721    -1.9973    -0.7058
     3.5860    -0.5553    -1.7209    -1.0817
     3.3640    -0.8475    -1.4534    -1.4387
     3.0621    -1.2582    -1.1503    -1.8331
     2.6270    -1.6322    -0.7757    -2.1524
     2.1918    -2.0243    -0.4545    -2.4715
     1.6943    -2.3706     0.0808    -2.6968
     1.1433    -2.6985     0.5717    -2.8657
     0.6722    -2.8442     1.0984    -3.0346
     0.1744    -2.9990     1.6163    -3.1472
    -0.2702    -3.1173     2.0540    -3.1566
    -0.6971    -3.1719     2.4560    -3.1472
    -1.2041    -3.2448     2.7867    -3.1941
    -1.6490    -3.2448     3.1710    -3.1378
    -2.1028    -3.2812     3.4838    -3.0534
    -2.3965    -3.1810     3.6894    -2.9596
    -2.6725    -3.0718     3.6984    -2.7437
    -2.8594    -2.8807     3.7252    -2.5654
    -3.0998    -2.5892     3.7610    -2.2087
    -3.3046    -2.2704     3.7520    -1.8707
    -3.3936    -1.9423     3.7163    -1.4387
    -3.5450    -1.5958     3.7342    -1.0723
    -3.5094    -1.2400     3.5464    -0.5836
    -3.4471    -0.9205     3.2425    -0.1230
    -3.3046    -0.3543     2.9296     0.2532
    -3.1799     0.1575     2.4739     0.6671
    -3.0197     0.5507     2.0272     0.9964
    -2.8950     0.9900     1.5092     1.2693
    -2.6458     1.3653     1.0538     1.6270
    -2.4232     1.7409     0.5985     1.8247
    -2.0761     2.1899     0.1968     2.0789
    -1.6579     2.5292    -0.1690     2.3803
    -1.3198     2.8687    -0.4991     2.6158
    -0.8839     3.1440    -0.9541     2.8607
    -0.3591     3.3551    -1.3732     3.1057
     0.0588     3.5204    -1.7477     3.2565
     0.4233     3.6858    -2.0597     3.4168
     0.8767     3.6950    -2.4073     3.5204
     1.3566     3.6950    -2.6657     3.5487
     1.8098     3.6582    -2.8261     3.4639
     2.1918     3.6215    -2.9954     3.3037
     2.4671     3.4745    -3.1201     3.0775
     2.8135     3.2358    -3.2270     2.8136
     3.2042     2.9145    -3.2003     2.4180
     3.4706     2.5200    -3.1647     2.0224
     3.7369     2.1533    -3.1290     1.5234
     3.8967     1.6676    -2.9419     1.0810
     4.0032     1.1822    -2.7548     0.5918
     4.0298     0.6331    -2.5321     0.1403
     4.0032     0.1209    -2.3271    -0.3204
     3.9322    -0.3543    -2.0151    -0.6870
     3.7724    -0.7105    -1.7031    -1.0723
     3.5061    -1.0209    -1.3554    -1.4480
     3.1332    -1.4407    -1.0700    -1.8613
     2.7424    -1.7964    -0.6686    -2.2369
     2.2095    -2.1155    -0.2404    -2.5279
     1.7209    -2.3706     0.2236    -2.8282
     1.2055    -2.5801     0.7056    -2.9971
     0.6278    -2.7076     1.2770    -3.1191
     0.1655    -2.8989     1.7592    -3.1472
    -0.1902    -3.0354     2.0808    -3.1378
    -0.5726    -3.1719     2.4828    -3.1472
    -1.0796    -3.1719     2.8671    -3.0909
    -1.5956    -3.2084     3.1799    -3.0346
    -2.1295    -3.1355     3.5643    -2.9314
    -2.4232    -3.0172     3.6626    -2.7250
    -2.7348    -2.8807     3.7342    -2.5654
    -2.9306    -2.6985     3.7163    -2.2932
    -3.1532    -2.4708     3.7789    -2.0303
    -3.3224    -2.1519     3.7342    -1.7768
    -3.4560    -1.9331     3.7431    -1.4293
    -3.5539    -1.6049     3.6626    -1.0629
    -3.5005    -1.2308     3.5822    -0.6494
    -3.4916    -0.8383     3.2335    -0.1418
    -3.3402    -0.3086     2.8760     0.1968
    -3.1888     0.2489     2.4828     0.5071
    -3.0019     0.6971     2.0540     0.8834
    -2.8238     1.1639     1.6163     1.1846
    -2.6191     1.5760     1.1341     1.5046
    -2.3787     1.9150     0.6788     1.8058
    -1.9871     2.2541     0.2504     2.1166
    -1.6223     2.6668    -0.1423     2.4556
    -1.2130     2.9971    -0.4991     2.7571
    -0.8661     3.2082    -0.9808     3.0680
    -0.3324     3.4102    -1.4178     3.2471
     0.0499     3.5204    -1.8725     3.4073
     0.4056     3.6766    -2.2112     3.5299
     0.8589     3.7501    -2.4964     3.6807
     1.2855     3.7593    -2.6925     3.6807
     1.6765     3.6766    -2.8528     3.6053
     2.0319     3.5847    -3.0043     3.4450
     2.3605     3.4470    -3.1290     3.2659
     2.6803     3.2174    -3.2270     2.9455
     3.0177     2.8687    -3.2270     2.6064
     3.2752     2.5934    -3.1914     2.1448
     3.5505     2.1899    -3.0845     1.6834
     3.8168     1.7500    -2.9241     1.1657
     3.9588     1.2096    -2.7994     0.6765
     4.0653     0.7154    -2.5588     0.2156
     4.0121     0.2581    -2.3093    -0.2640
     3.8789    -0.2538    -2.0240    -0.6964
     3.7103    -0.5644    -1.7298    -1.0441
     3.4972    -0.8749    -1.3821    -1.4293
     3.1687    -1.3677    -0.9719    -1.8050
     2.7069    -1.7690    -0.6597    -2.1805
     2.2451    -2.0608    -0.2404    -2.4997
     1.7298    -2.4253     0.2950    -2.7813
     1.1789    -2.6257     0.7859    -2.9126
     0.6900    -2.7805     1.3395    -3.0440
     0.1922    -2.8898     1.7950    -3.1191
    -0.2613    -3.0718     2.1612    -3.1472
    -0.5903    -3.1355     2.5633    -3.1191
    -1.0351    -3.1173     3.0011    -3.1754
    -1.5422    -3.1901     3.3676    -3.0628
    -2.0761    -3.1628     3.6179    -2.9502
    -2.4321    -3.0354     3.6805    -2.8000
    -2.6992    -2.9080     3.7699    -2.6593
    -2.9663    -2.7167     3.7789    -2.3965
    -3.0731    -2.5073     3.8236    -2.1336
    -3.2423    -2.2430     3.8325    -1.7768
    -3.3669    -1.9970     3.8146    -1.4199
    -3.4293    -1.6596     3.7520    -1.0441
    -3.4426    -1.2491     3.5553    -0.7058
    -3.4560    -0.8018     3.1531    -0.1700
    -3.3313    -0.2995     2.7867     0.1874
    -3.1443     0.2672     2.4471     0.5542
    -2.9752     0.6605     2.0183     0.8929
    -2.7615     1.0906     1.5449     1.2222
    -2.5033     1.5210     1.1163     1.6458
    -2.2274     1.9333     0.6610     1.9659
    -1.8447     2.3183     0.1968     2.3143
    -1.5066     2.6301    -0.1690     2.6064
    -1.1507     2.9696    -0.5705     2.9078
    -0.7682     3.2450    -1.0165     3.1623
    -0.2791     3.4837    -1.5069     3.3508
     0.1744     3.6490    -1.8547     3.5204
     0.5300     3.7684    -2.2290     3.6713
     0.9745     3.8144    -2.4697     3.7467
     1.4188     3.8787    -2.7103     3.7279
     1.8453     3.8787    -2.8885     3.6807
     2.2095     3.7868    -2.9954     3.5299
     2.5382     3.7317    -3.1558     3.3225
     2.8224     3.5021    -3.2181     3.0115
     3.1509     3.2450    -3.2181     2.6158
     3.3640     2.8595    -3.1558     2.1637
     3.6392     2.3550    -3.0489     1.6081
     3.8168     1.9425    -2.9152     1.0716
     3.9943     1.4203    -2.7192     0.6012
     4.0209     0.8344    -2.5410     0.1121
     4.0032     0.3495    -2.3093    -0.3768
     3.8789    -0.0984    -1.9795    -0.8937
     3.6836    -0.5096    -1.7031    -1.1380
     3.3640    -0.9479    -1.3643    -1.4856
     3.0000    -1.4316    -0.9986    -1.8425
     2.5648    -1.9331    -0.6240    -2.1336
     2.0585    -2.2977    -0.2136    -2.4809
     1.5787    -2.6257     0.3218    -2.7719
     1.0989    -2.8533     0.7949    -2.9971
     0.5745    -2.9990     1.2949    -3.1941
     0.0588    -3.1537     1.7771    -3.2316
    -0.3502    -3.2812     2.1165    -3.2786
    -0.6437    -3.3903     2.5633    -3.2879
    -1.1151    -3.3357     3.0011    -3.1847
    -1.6045    -3.3630     3.3766    -3.1097
    -2.0672    -3.2266     3.6894    -2.9314
    -2.4321    -3.1082     3.7342    -2.7907
    -2.6903    -2.9990     3.7610    -2.6687
    -2.8238    -2.7532     3.8504    -2.4434
    -3.0108    -2.5164     3.8951    -2.1711
    -3.1710    -2.2704     3.9040    -1.9176
    -3.2690    -1.9878     3.8951    -1.5420
    -3.3847    -1.6414     3.7967    -1.1662
    -3.4204    -1.2308     3.5196    -0.7246
    -3.4560    -0.8292     3.1978    -0.2452
    -3.3135    -0.3726     2.8045     0.1403
    -3.1176     0.3221     2.4114     0.5071
    -2.9484     0.7154     2.0451     0.9305
    -2.7348     1.1273     1.5538     1.2975
    -2.4855     1.6034     1.1341     1.6834
    -2.1829     1.9333     0.7413     2.0224
    -1.8981     2.3000     0.3307     2.3238
    -1.5511     2.6209    -0.0263     2.6252
    -1.1329     3.0063    -0.4545     2.8984
    -0.7415     3.2266    -0.9719     3.1152
    -0.2168     3.4745    -1.4267     3.3131
     0.2189     3.5664    -1.7744     3.4827
     0.6367     3.6766    -2.1399     3.6430
     1.0100     3.7133    -2.3627     3.6901
     1.4455     3.6995    -2.6301     3.6713
     1.8986     3.6858    -2.8172     3.5582
     2.2539     3.6031    -2.9954     3.4922
     2.5737     3.5296    -3.1112     3.2283
     2.9467     3.2633    -3.2181     2.9455
     3.2131     3.0063    -3.2627     2.5593
     3.5505     2.7310    -3.2003     2.1354
     3.7635     2.3091    -3.1201     1.6646
     3.9322     1.9333    -2.9865     1.1657
     4.0387     1.4477    -2.7727     0.7047
     4.1896     0.9900    -2.6301     0.2062
     4.1097     0.5507    -2.3627    -0.2358
     3.9943     0.2032    -2.0953    -0.5554
     3.7635    -0.2172    -1.8101    -0.9031
     3.4351    -0.7014    -1.4802    -1.2790
     3.0000    -1.1578    -1.1324    -1.6453
     2.5382    -1.6778    -0.7311    -2.0303
     2.0763    -2.1155    -0.2315    -2.4058
     1.5521    -2.4708     0.1790    -2.7062
     1.0367    -2.7076     0.7770    -2.9126
     0.6189    -2.9535     1.2770    -3.0252
     0.1300    -3.1446     1.7146    -3.1472
    -0.2702    -3.2994     2.0719    -3.2692
    -0.5903    -3.4449     2.5007    -3.2692
    -1.0974    -3.4540     2.9743    -3.2786
    -1.6579    -3.4449     3.4123    -3.2223
    -2.0850    -3.3267     3.7431    -3.1472
    -2.4410    -3.1355     3.8325    -2.9689
    -2.6636    -3.0172     3.8683    -2.7719
    -2.8861    -2.7714     3.9309    -2.4903
    -3.1087    -2.5437     4.0292    -2.1430
    -3.2245    -2.2704     4.0382    -1.8237
    -3.3847    -2.0243     4.0113    -1.4668
    -3.4916    -1.6231     3.9487    -1.0629
    -3.5807    -1.2765     3.5911    -0.5742
    -3.5807    -0.8292     3.2067    -0.1418
    -3.4916    -0.2721     2.7777     0.1968
    -3.3224     0.2764     2.4114     0.5448
    -3.1176     0.7703     1.9736     0.9493
    -2.8683     1.1639     1.4377     1.3822
    -2.6280     1.6126     0.9734     1.7682
    -2.3876     1.9608     0.5271     2.0695
    -2.0494     2.3733     0.1254     2.3897
    -1.6401     2.7218    -0.2047     2.6911
    -1.2486     2.9696    -0.6151     2.9738
    -0.8483     3.2633    -1.0789     3.1811
    -0.3324     3.4378    -1.5069     3.3885
     0.1744     3.5755    -1.8547     3.4545
     0.5567     3.6490    -2.1488     3.5299
     1.0900     3.7684    -2.4162     3.5676
     1.5343     3.7501    -2.6390     3.5864
     1.8986     3.7041    -2.7727     3.5204
     2.2628     3.6490    -2.9330     3.3791
     2.5382     3.5755    -3.0489     3.2094
     2.9201     3.3092    -3.1914     2.8607
     3.1865     3.0155    -3.1780     2.4933
     3.5860     2.6852    -3.1647     2.0412
     3.8257     2.2449    -3.0845     1.5140
     3.9766     1.8508    -2.9419     1.0058
     4.0564     1.4203    -2.8083     0.5448
     4.0564     0.8801    -2.5499     0.1121
     4.0564     0.4501    -2.3538    -0.2828
     3.9766     0.0844    -2.0686    -0.6024
     3.8168    -0.2721    -1.8190    -0.9689
     3.4972    -0.7379    -1.3999    -1.3165
     3.0710    -1.1487    -1.0968    -1.6547
     2.6448    -1.5593    -0.7311    -1.9740
     2.2006    -1.9696    -0.3385    -2.3307
     1.6765    -2.2430     0.1433    -2.6405
     1.1611    -2.5164     0.6342    -2.8751
     0.7078    -2.7441     1.0984    -2.9971
     0.2189    -3.0081     1.4734    -3.1097
    -0.1902    -3.2175     1.8932    -3.1941
    -0.5992    -3.3357     2.3041    -3.2410
    -1.0885    -3.4449     2.7777    -3.2973
    -1.6401    -3.4404     3.2157    -3.2879
    -2.0939    -3.4358     3.6269    -3.2035
    -2.3787    -3.3176     3.8772    -3.0722
    -2.6369    -3.2175     3.9219    -2.8939
    -2.8594    -2.9899     3.9666    -2.6780
    -3.0108    -2.7532     3.9398    -2.3495
    -3.1799    -2.3979     3.9487    -1.9646
    -3.3580    -2.1063     3.9398    -1.5889
    -3.4649    -1.6778     3.6805    -1.1944
    -3.5361    -1.2582     3.3408    -0.7152
    -3.5005    -0.7470     3.0011    -0.2640
    -3.3936    -0.3543     2.6437     0.0933
    -3.2690     0.1758     2.2327     0.5165
    -3.0464     0.6605     1.8396     0.9023
    -2.8950     1.0815     1.3663     1.3634
    -2.6903     1.5027     0.8841     1.7399
    -2.4677     1.8691     0.4824     2.0883
    -2.0939     2.2908     0.0273     2.3709
    -1.6757     2.6576    -0.2582     2.7006
    -1.2842     2.9421    -0.5883     2.9644
    -0.9017     3.2541    -1.0522     3.1906
    -0.3591     3.4286    -1.4356     3.3791
     0.0855     3.5572    -1.8101     3.5299
     0.4856     3.6398    -2.1488     3.6241
     0.9300     3.6674    -2.4162     3.6713
     1.3655     3.7593    -2.5766     3.6336
     1.8009     3.7041    -2.7905     3.5393
     2.1207     3.7041    -2.8974     3.4262
     2.5293     3.6031    -3.0399     3.2188
     2.8934     3.3919    -3.1379     2.9173
     3.2042     3.1256    -3.1469     2.4839
     3.5416     2.7861    -3.1290     2.0130
     3.7902     2.3458    -2.9865     1.5422
     3.9233     1.9699    -2.8618     1.0340
     4.1008     1.4477    -2.6390     0.4883
     4.0875     0.9900    -2.4340     0.0369
     4.0742     0.5416    -2.2469    -0.4426
     4.0121     0.1301    -2.0419    -0.7716
     3.7902    -0.2355    -1.7031    -1.1005
     3.4706    -0.7288    -1.3375    -1.4387
     3.0621    -1.1304    -1.0254    -1.7768
     2.6803    -1.5593    -0.7043    -2.0960
     2.1296    -1.9331    -0.3653    -2.3589
     1.7031    -2.2613     0.1701    -2.6499
     1.1433    -2.5528     0.6788    -2.8094
     0.6811    -2.7805     1.1698    -2.9689
     0.1566    -3.0354     1.5538    -3.0628
    -0.2524    -3.2357     1.9379    -3.1378
    -0.6526    -3.3539     2.3667    -3.2129
    -1.1507    -3.4358     2.7956    -3.2316
    -1.6579    -3.5450     3.1799    -3.2410
    -2.0227    -3.5450     3.6179    -3.1941
    -2.4143    -3.4722     3.8414    -3.0346
    -2.6725    -3.3539     3.9130    -2.9220
    -2.8683    -3.1173     3.9577    -2.7250
    -3.0731    -2.9080     3.9666    -2.4622
    -3.1799    -2.6166     3.9040    -2.1805
    -3.3313    -2.2430     3.8862    -1.7674
    -3.4115    -1.8602     3.6090    -1.3917
    -3.4025    -1.3403     3.3140    -0.8373
    -3.3936    -0.8292     2.9475    -0.2828
    -3.3313    -0.3817     2.6258     0.1309
    -3.2245     0.1484     2.2416     0.4601
    -2.9752     0.5873     1.8486     0.8552
    -2.8238     0.9442     1.3841     1.2222
    -2.6191     1.4111     0.9198     1.6552
    -2.4410     1.7958     0.4467     1.9659
    -2.1295     2.1441     0.0451     2.2861
    -1.6757     2.5109    -0.3296     2.6252
    -1.2397     2.8044    -0.6240     2.9173
    -0.8572     3.1073    -0.9719     3.2000
    -0.3146     3.3184    -1.4089     3.3414
     0.1033     3.4561    -1.7477     3.5110
     0.5033     3.5847    -2.0864     3.6336
     0.9122     3.6215    -2.3538     3.6430
     1.3833     3.6077    -2.5677     3.6336
     1.8364     3.5939    -2.7192     3.5864
     2.1473     3.5664    -2.9063     3.5299
     2.5115     3.4745    -3.0132     3.3791
     2.8757     3.3643    -3.0756     3.0869
     3.1687     3.1440    -3.1112     2.6911
     3.4794     2.8870    -3.0934     2.2673
     3.7191     2.5017    -2.9954     1.7305
     3.9322     1.9974    -2.8885     1.2316
     4.0564     1.6218    -2.6746     0.7141
     4.0920     1.0815    -2.4429     0.2250
     4.0653     0.6239    -2.2290    -0.3298
     3.8878     0.3038    -2.0419    -0.6870
     3.7191    -0.0984    -1.7031    -1.1192
     3.3729    -0.6101    -1.3732    -1.4574
     3.0000    -1.0574    -1.0789    -1.8425
     2.5915    -1.5501    -0.7846    -2.1899
     2.1118    -1.9423    -0.4367    -2.4715
     1.5965    -2.2430     0.0630    -2.6968
     1.0722    -2.5255     0.6431    -2.8282
     0.6456    -2.7441     1.0895    -2.8939
     0.1477    -2.9535     1.5449    -2.9126
    -0.1279    -3.1264     1.9379    -2.9877
    -0.6081    -3.2721     2.4024    -2.9783
    -1.0796    -3.3630     2.8581    -3.1378
    -1.5867    -3.3539     3.2067    -3.0909
    -2.0138    -3.3448     3.6000    -3.0909
    -2.3698    -3.2630     3.7878    -3.0722
    -2.6191    -3.0991     3.8951    -2.9126
    -2.7882    -3.0172     3.9130    -2.7250
    -3.0108    -2.8169     3.8504    -2.5185
    -3.1087    -2.6166     3.8504    -2.2556
    -3.2512    -2.3524     3.8146    -1.8707
    -3.3758    -1.9423     3.6179    -1.4011
    -3.4025    -1.5319     3.3408    -0.8373
    -3.3669    -1.0666     3.0101    -0.3486
    -3.3135    -0.5553     2.6794     0.0745
    -3.1799    -0.0710     2.3846     0.4601
    -3.0286     0.4593     1.9557     0.8458
    -2.7615     0.9076     1.5895     1.2034
    -2.5834     1.2921     1.1431     1.6270
    -2.4143     1.7134     0.5985     1.9565
    -2.0850     2.0799     0.2325     2.2767
    -1.7290     2.4742    -0.1512     2.5781
    -1.2842     2.7494    -0.4545     2.8890
    -0.8572     3.0797    -0.8916     3.1623
    -0.3858     3.2082    -1.2751     3.3131
     0.1122     3.3919    -1.7120     3.4545
     0.4945     3.4653    -2.0508     3.5487
     0.9033     3.5480    -2.3360     3.5440
     1.3655     3.6582    -2.5321     3.5393
     1.7653     3.6306    -2.7637     3.4827
     2.1740     3.6123    -2.9330     3.4450
     2.4671     3.5480    -3.0399     3.2283
     2.7869     3.3643    -3.1290     2.9644
     3.1154     3.1623    -3.1469     2.5498
     3.3285     2.9054    -3.1379     2.1542
     3.5771     2.4834    -3.0578     1.6552
     3.7902     2.1166    -2.9687     1.1752
     3.8700     1.6492    -2.7637     0.6482
     4.0032     1.1547    -2.6123     0.2156
     3.9854     0.7520    -2.3716    -0.2546
     3.8700     0.4227    -2.1043    -0.6306
     3.6570    -0.0893    -1.7833    -1.0253
     3.3640    -0.6009    -1.4267    -1.4011
     2.9822    -1.0757    -1.0700    -1.7486
     2.6003    -1.5593    -0.7132    -2.1054
     2.1118    -2.0425    -0.3475    -2.3965
     1.6143    -2.3251     0.2415    -2.6217
     1.1789    -2.5801     0.7859    -2.7813
     0.6722    -2.8169     1.1788    -2.8939
     0.2278    -2.9353     1.5538    -2.9596
    -0.2079    -3.1173     1.9289    -2.9689
    -0.6437    -3.1901     2.3667    -2.9783
    -1.1507    -3.2357     2.7867    -3.0065
    -1.6757    -3.3176     3.2157    -2.9971
    -2.1206    -3.3176     3.5732    -2.9877
    -2.4232    -3.2721     3.7789    -2.9126
    -2.6547    -3.0900     3.8414    -2.8376
    -2.8950    -2.9808     3.8504    -2.7250
    -3.0731    -2.7350     3.8862    -2.5373
    -3.3046    -2.5164     3.8325    -2.3120
    -3.4293    -2.2157     3.8593    -1.8801
    -3.5272    -1.8602     3.7878    -1.4105
    -3.6074    -1.5319     3.5285    -0.8561
    -3.6163    -1.0301     3.1978    -0.3674
    -3.5450    -0.5644     2.8224     0.0275
    -3.3046    -0.0984     2.3399     0.4695
    -3.0909     0.3770     1.9289     0.8834
    -2.9217     0.8527     1.4199     1.2693
    -2.6992     1.2280     0.9198     1.6740
    -2.3876     1.7592     0.4914     2.0224
    -2.0227     2.0983     0.0808     2.3520
    -1.6668     2.5659    -0.2850     2.6817
    -1.2130     2.8778    -0.6151     2.9267
    -0.9105     3.1532    -1.0254     3.2000
    -0.3146     3.3184    -1.4445     3.3885
     0.1566     3.4561    -1.8457     3.5393
     0.5745     3.6123    -2.1756     3.6053
     0.9478     3.6490    -2.3895     3.6147
     1.3921     3.7133    -2.6212     3.5582
     1.8186     3.7868    -2.8707     3.4733
     2.1473     3.7501    -2.9954     3.3979
     2.5204     3.6215    -3.0667     3.1623
     2.7869     3.5572    -3.1914     2.8607
     3.1687     3.2633    -3.1736     2.5027
     3.4528     2.9054    -3.1023     2.0412
     3.6748     2.5200    -3.0043     1.5328
     3.8789     2.0066    -2.8796     1.0528
     3.9766     1.5576    -2.6925     0.5542
     3.9943     1.0083    -2.4518     0.1215
     4.0298     0.5599    -2.2647    -0.3298
     3.9411     0.1118    -1.9349    -0.5930
     3.6659    -0.3177    -1.6407    -0.9125
     3.3463    -0.7196    -1.2929    -1.2884
     2.9733    -1.2491    -0.9095    -1.6265
     2.5915    -1.6687    -0.5437    -1.9082
     2.0763    -2.0608    -0.1066    -2.2838
     1.6054    -2.3615     0.4467    -2.5654
     1.1078    -2.6348     0.8931    -2.7719
     0.5922    -2.7623     1.3306    -2.9314
     0.1833    -2.9171     1.6789    -3.1003
    -0.2524    -3.1264     2.0719    -3.1847
    -0.7060    -3.2448     2.4918    -3.2129
    -1.1329    -3.3721     2.8760    -3.1847
    -1.6312    -3.3357     3.2335    -3.1754
    -2.0939    -3.2266     3.5911    -3.1191
    -2.3965    -3.1446     3.7789    -2.9689
    -2.6547    -2.9717     3.8236    -2.8282
    -2.8327    -2.7896     3.8862    -2.6123
    -3.0464    -2.6894     3.9040    -2.3777
    -3.2690    -2.4526     3.8951    -2.0773
    -3.3936    -2.2066     3.9309    -1.8050
    -3.5272    -1.8876     3.7699    -1.3353
    -3.5717    -1.5684     3.4749    -0.8937
    -3.5896    -1.1396     3.0816    -0.4520
    -3.4382    -0.5918     2.7509    -0.0007
    -3.2690    -0.1076     2.3310     0.4131
    -3.0731     0.3495     1.8932     0.8364
    -2.9395     0.8344     1.4734     1.2504
    -2.7348     1.3287     1.0002     1.6458
    -2.4054     1.8416     0.5538     2.0130
    -2.0939     2.2358     0.0898     2.3332
    -1.6846     2.6118    -0.1779     2.6535
    -1.2753     2.9879    -0.5081     2.9361
    -0.9283     3.3551    -0.9451     3.2094
    -0.4658     3.4745    -1.4267     3.4073
     0.0233     3.6215    -1.7923     3.5204
     0.4678     3.7225    -2.1221     3.5582
     0.8234     3.7960    -2.3627     3.5864
     1.2588     3.8419    -2.5766     3.5299
     1.7653     3.7960    -2.7994     3.4922
     2.1385     3.7501    -2.9330     3.3791
     2.4494     3.6398    -3.0221     3.1717
     2.8046     3.5204    -3.0845     2.8702
     3.1509     3.2082    -3.0845     2.5310
     3.3995     2.8503    -3.0756     2.1731
     3.6570     2.4192    -2.9330     1.7493
     3.8700     1.9608    -2.7905     1.3069
     3.9411     1.4477    -2.6390     0.8364
     4.0476     0.9259    -2.4251     0.3943
     4.0653     0.4593    -2.2290     0.0181
     3.9766     0.0204    -1.9260    -0.3110
     3.7191    -0.2903    -1.7031    -0.7246
     3.4262    -0.7470    -1.3732    -1.1380
     3.1065    -1.1304    -1.0076    -1.5232
     2.6536    -1.5775    -0.6686    -1.8707
     2.1651    -2.0152    -0.3207    -2.2275
     1.7120    -2.3251     0.1701    -2.5748
     1.1433    -2.5710     0.7324    -2.8282
     0.6722    -2.7350     1.2591    -2.9689
     0.1833    -2.9899     1.6253    -3.1097
    -0.2257    -3.1992     1.9736    -3.1660
    -0.6882    -3.2812     2.4114    -3.3067
    -1.1240    -3.2994     2.8224    -3.3630
    -1.5778    -3.2630     3.1620    -3.3911
    -2.0138    -3.0991     3.5375    -3.3161
    -2.3876    -3.0445     3.8236    -3.2598
    -2.6280    -3.0263     3.8772    -3.0252
    -2.8238    -2.9262     3.9130    -2.8376
    -3.0553    -2.8442     3.9219    -2.5748
    -3.2156    -2.6530     3.8772    -2.2181
    -3.3580    -2.3524     3.8951    -1.8613
    -3.4738    -2.0972     3.8146    -1.3823
    -3.5272    -1.6778     3.5017    -0.9125
    -3.5628    -1.1943     3.2157    -0.5272
    -3.4471    -0.6740     2.9118    -0.1136
    -3.2601    -0.0984     2.4828     0.2814
    -3.0642     0.4318     2.0004     0.6859
    -2.9039     0.8710     1.5628     1.0999
    -2.7526     1.4294     1.0181     1.4575
    -2.5033     1.8325     0.5003     1.8435
    -2.1295     2.3366     0.0451     2.2107
    -1.6935     2.6852    -0.2226     2.5216
    -1.2753     3.0797    -0.5348     2.8230
    -0.9461     3.3184    -0.9630     3.1340
    -0.2969     3.4470    -1.3821     3.3037
     0.1388     3.5572    -1.7655     3.4545
     0.5211     3.6306    -2.0597     3.4827
     0.9922     3.7409    -2.3895     3.5487
     1.4277     3.7684    -2.6212     3.5110
     1.8009     3.7041    -2.7548     3.4733
     2.1740     3.6490    -2.8974     3.3508
     2.4849     3.4745    -3.0043     3.2094
     2.7513     3.3368    -3.1112     2.9832
     3.0888     3.0338    -3.1023     2.6158
     3.3108     2.7035    -3.0845     2.2107
     3.5593     2.3091    -2.9509     1.7870
     3.7990     1.9699    -2.7459     1.3352
     3.9588     1.4752    -2.6033     0.8834
     4.0564     1.0449    -2.4518     0.4319
     4.0742     0.6056    -2.2647     0.1121
     3.9854     0.2124    -2.0597    -0.2076
     3.7813    -0.1898    -1.7655    -0.5836
     3.4972    -0.6009    -1.4178    -1.0159
     3.0355    -1.1304    -1.1057    -1.4105
     2.6625    -1.6140    -0.7132    -1.8237
     2.1562    -2.0972    -0.4010    -2.3120
     1.7031    -2.4526     0.1433    -2.6405
     1.1344    -2.6530     0.6431    -2.9502
     0.6367    -2.8989     1.0716    -3.0909
     0.1833    -3.0536     1.5002    -3.2598
    -0.2435    -3.2448     1.8486    -3.4099
    -0.6526    -3.3903     2.2952    -3.4568
    -1.1151    -3.3539     2.7598    -3.4380
    -1.5422    -3.3357     3.0905    -3.4193
    -2.0316    -3.2994     3.4838    -3.3817
    -2.3787    -3.2903     3.7789    -3.2692
    -2.5656    -3.2175     3.8325    -3.1191
    -2.7882    -3.0809     3.8862    -2.8845
    -3.0197    -2.9626     3.9130    -2.5748
    -3.1977    -2.7805     3.9040    -2.2838
    -3.3936    -2.4890     3.8504    -1.9458
    -3.4560    -2.0972     3.8414    -1.4856
    -3.4738    -1.6778     3.6179    -1.0159
    -3.4916    -1.1670     3.3050    -0.5460
    -3.3491    -0.6101     2.9386    -0.1700
    -3.1799    -0.0436     2.4918     0.1874
    -3.0375     0.4135     2.0897     0.5636
    -2.9039     0.8984     1.6163     0.9775
    -2.7348     1.3470     1.0806     1.3352
    -2.4855     1.6951     0.6253     1.6552
    -2.2007     2.1074     0.1344     2.0506
          3          3          3          3
