    4   2048 0.020000  2016   1  19  15  14
         16         10         11         42
    -0.8602     1.0476    -0.7268     1.3109
    -0.7446     0.9835    -0.8339     1.1885
    -0.6290     0.9286    -0.9498     1.0286
    -0.4689     0.8096    -1.0390     0.8027
    -0.3355     0.6998    -1.1193     0.6334
    -0.2644     0.6175    -1.1371     0.4735
    -0.1221     0.4437    -1.1639     0.3324
     0.0291     0.3156    -1.2530     0.1255
     0.2158     0.2059    -1.2709    -0.0344
     0.3225     0.0870    -1.2709    -0.1754
     0.4203    -0.0410    -1.2753    -0.4198
     0.5892    -0.1506    -1.2798    -0.5326
     0.6780    -0.2877    -1.3155    -0.7300
     0.8114    -0.3882    -1.2441    -0.8991
     0.9180    -0.4796    -1.2174    -1.0307
     0.9625    -0.6531    -1.2085    -1.1434
     1.0425    -0.7536    -1.1193    -1.2844
     1.0869    -0.8358    -1.0301    -1.4065
     1.0513    -0.8632    -1.0122    -1.4441
     1.0647    -0.9727    -0.8785    -1.5755
     1.0780    -1.0914    -0.8339    -1.6225
     1.0869    -1.1279    -0.6911    -1.6601
     1.1313    -1.1462    -0.5930    -1.7258
     1.1224    -1.2009    -0.4592    -1.7352
     1.1224    -1.2466    -0.3521    -1.7352
     1.0513    -1.2466    -0.2629    -1.7164
     1.0691    -1.2466    -0.1201    -1.6976
     0.9891    -1.2192     0.0227    -1.6131
     0.9891    -1.1462     0.2011    -1.5098
     0.8203    -1.1553     0.2904    -1.4628
     0.7314    -1.0823     0.4153    -1.3783
     0.6514    -1.0184     0.5492    -1.2562
     0.5536    -0.9819     0.7099    -1.0965
     0.3669    -0.8997     0.7813    -0.9931
     0.2869    -0.7719     0.9242    -0.8240
     0.1358    -0.6897     1.0135    -0.6830
     0.0202    -0.5618     1.1385    -0.5044
    -0.0687    -0.5253     1.2724    -0.3258
    -0.2199    -0.3974     1.2813    -0.1942
    -0.2999    -0.2694     1.3439     0.0033
    -0.4511    -0.1506     1.3885     0.1631
    -0.5667    -0.0318     1.3885     0.2948
    -0.6201     0.1510     1.3349     0.4453
    -0.7624     0.2973     1.3796     0.6240
    -0.8069     0.4345     1.3796     0.8310
    -0.8780     0.5534     1.3439     0.9721
    -0.9403     0.6358     1.3528     1.1791
    -1.0115     0.7730     1.3260     1.3203
    -1.0737     0.8828     1.2992     1.4332
    -1.1449     0.9927     1.2903     1.5179
    -1.1716     1.0476     1.1474     1.5556
    -1.2605     1.0476     1.0492     1.5368
    -1.2605     1.0110     0.9153     1.5744
    -1.2872     1.0018     0.7903     1.5650
    -1.3139     1.0110     0.7188     1.5462
    -1.3317     1.0384     0.5671     1.5462
    -1.2961     1.0476     0.3796     1.5744
    -1.2605     1.0293     0.2815     1.5933
    -1.2783     1.0568     0.1654     1.5556
    -1.2605     1.0476    -0.0130     1.5650
    -1.1538     1.0293    -0.1915     1.5933
    -1.1538     1.0751    -0.2807     1.5368
    -1.1004     1.0110    -0.4146     1.5274
    -1.0115     1.0384    -0.5752     1.5462
    -0.9492     1.0201    -0.6822     1.4709
    -0.8424     1.0476    -0.7982     1.3579
    -0.6735     0.9744    -0.9587     1.2262
    -0.6023     0.9103    -1.0033     1.0474
    -0.4511     0.8737    -1.1460     0.8498
    -0.3533     0.7730    -1.1728     0.6992
    -0.2555     0.6541    -1.2709     0.4829
    -0.0954     0.4711    -1.2976     0.3324
     0.0380     0.3613    -1.3779     0.1349
     0.1891     0.2607    -1.3957    -0.0156
     0.3758     0.0870    -1.3779    -0.1660
     0.4914    -0.0227    -1.3868    -0.3728
     0.5892    -0.1689    -1.3957    -0.5608
     0.7047    -0.3060    -1.3779    -0.7112
     0.8291    -0.3608    -1.3601    -0.8428
     0.9269    -0.5070    -1.2976    -1.0025
     1.0336    -0.5892    -1.1817    -1.1810
     1.0958    -0.6805    -1.1549    -1.2656
     1.0513    -0.8084    -1.0568    -1.3971
     1.0602    -0.8814    -0.9766    -1.4816
     1.1047    -1.0001    -0.8339    -1.6131
     1.0958    -1.0458    -0.7268    -1.6976
     1.0869    -1.1370    -0.6108    -1.7352
     1.1313    -1.1735    -0.5038    -1.8197
     1.0869    -1.2466    -0.3967    -1.7916
     1.0691    -1.3196    -0.2272    -1.8009
     1.1136    -1.3378    -0.1023    -1.8479
     1.0869    -1.3561     0.0405    -1.8197
     0.9980    -1.3013     0.1922    -1.7446
     0.9980    -1.2831     0.3796    -1.6976
     0.9180    -1.2466     0.5135    -1.6319
     0.8114    -1.2192     0.6564    -1.5004
     0.6780    -1.1735     0.7456    -1.4253
     0.6158    -1.1553     0.9153    -1.3031
     0.5003    -1.0458     1.0313    -1.1716
     0.3314    -0.9271     1.1117    -1.0589
     0.2069    -0.8084     1.2635    -0.8709
     0.1358    -0.6988     1.3260    -0.7394
    -0.0065    -0.6166     1.3706    -0.5514
    -0.1221    -0.5435     1.3706    -0.4104
    -0.2733    -0.3700     1.3528    -0.2506
    -0.3444    -0.3151     1.3706    -0.0720
    -0.4511    -0.1598     1.3617     0.0785
    -0.6023    -0.0501     1.3974     0.2666
    -0.6468     0.1145     1.3617     0.4076
    -0.7891     0.2607     1.3974     0.6052
    -0.8158     0.3613     1.3439     0.7275
    -0.8958     0.4894     1.3349     0.8780
    -0.9670     0.6449     1.3081     1.0380
    -1.0115     0.6998     1.2992     1.2450
    -1.0826     0.8554     1.2188     1.3768
    -1.1449     0.9103     1.0849     1.4615
    -1.1360     0.9927     0.9867     1.5462
    -1.1449     1.0110     0.8617     1.5838
    -1.1805     1.0476     0.6742     1.5368
    -1.2338     1.0659     0.6117     1.5556
    -1.2338     1.0293     0.4957     1.5650
    -1.2427     1.0110     0.3618     1.5368
    -1.2338     1.0384     0.2279     1.5556
    -1.1716     1.0293     0.0940     1.5838
    -1.1360     1.0384    -0.0487     1.5838
    -1.1449     1.0384    -0.1469     1.5650
    -1.0915     1.0751    -0.2986     1.4897
    -1.0115     1.0476    -0.4324     1.4991
    -0.9314     1.0430    -0.5395     1.4803
    -0.8513     1.0384    -0.6287     1.3579
    -0.7891     0.9469    -0.7268     1.1885
    -0.6823     0.9286    -0.8071     1.0191
    -0.5578     0.8279    -0.9141     0.8780
    -0.4333     0.6815    -0.9766     0.7087
    -0.3266     0.5626    -1.0568     0.5205
    -0.1843     0.4437    -1.1103     0.3606
    -0.0065     0.3888    -1.1460     0.2195
     0.1713     0.2059    -1.2085     0.0973
     0.2513     0.1419    -1.2798    -0.1096
     0.4469     0.0139    -1.2620    -0.2412
     0.5892    -0.1049    -1.2887    -0.4480
     0.7314    -0.2786    -1.2887    -0.5890
     0.8558    -0.3425    -1.2620    -0.7394
     0.9091    -0.5070    -1.2976    -0.9461
     1.0513    -0.5527    -1.2174    -1.0401
     1.0780    -0.6988    -1.1728    -1.2186
     1.1136    -0.8084    -1.1103    -1.2938
     1.0780    -0.8814    -1.0925    -1.4347
     1.1136    -0.9271    -0.9587    -1.5380
     1.0869    -1.0458    -0.9230    -1.6131
     1.1136    -1.0549    -0.8160    -1.6695
     1.1047    -1.1188    -0.7090    -1.7352
     1.1047    -1.1827    -0.5662    -1.8103
     1.1491    -1.2557    -0.4413    -1.8385
     1.0958    -1.3196    -0.3700    -1.8197
     1.1224    -1.3378    -0.2450    -1.8197
     1.1402    -1.2831    -0.0844    -1.8197
     1.1224    -1.2831     0.0494    -1.7822
     1.0602    -1.3013     0.1654    -1.6976
     1.0247    -1.2557     0.3082    -1.6319
     0.9802    -1.2283     0.4600    -1.5192
     0.8825    -1.2101     0.5849    -1.4441
     0.7580    -1.0823     0.7367    -1.3125
     0.5803    -1.0458     0.8260    -1.1340
     0.4825    -0.9180     0.9688    -1.0307
     0.2958    -0.8266     1.0313    -0.8428
     0.2247    -0.7901     1.1920    -0.7018
     0.0291    -0.6166     1.2367    -0.5044
    -0.0332    -0.5161     1.3528    -0.3540
    -0.1488    -0.3791     1.3796    -0.1848
    -0.2466    -0.2603     1.3885    -0.0156
    -0.3800    -0.1232     1.3439     0.1443
    -0.4689     0.0047     1.3439     0.3042
    -0.5312     0.1145     1.3528     0.4547
    -0.6468     0.2607     1.3439     0.6710
    -0.6823     0.4528     1.3349     0.8027
    -0.7268     0.5260     1.3617     0.9345
    -0.8336     0.7090     1.3260     1.1415
    -0.9047     0.8279     1.2367     1.2638
    -0.9403     0.8920     1.1295     1.3673
    -0.9670     1.0110     1.0313     1.4521
    -0.9759     0.9835     0.9420     1.5085
    -1.0470     0.9927     0.7813     1.5556
    -1.0915     1.0110     0.6296     1.5462
    -1.0915     1.0384     0.5314     1.5933
    -1.0737     1.0659     0.3975     1.5462
    -1.0826     1.0796     0.2636     1.5838
    -1.1182     1.0934     0.0851     1.5933
    -1.0648     1.0934    -0.0487     1.5556
    -1.0470     1.0934    -0.2094     1.5556
    -1.0648     1.0842    -0.3878     1.5462
    -1.0115     1.0751    -0.5216     1.5368
    -0.9492     1.0293    -0.6376     1.5274
    -0.8691     1.0018    -0.7357     1.4991
    -0.7179     1.0293    -0.8606     1.4144
    -0.6557     1.0293    -1.0033     1.2450
    -0.5134     0.9286    -1.0925     1.1321
    -0.4600     0.8554    -1.1639     0.9345
    -0.3355     0.7913    -1.2263     0.7839
    -0.1843     0.7181    -1.2976     0.6240
    -0.0865     0.5900    -1.3244     0.4829
     0.0913     0.4254    -1.3601     0.2948
     0.2513     0.2973    -1.3868     0.1349
     0.3580     0.2150    -1.4046    -0.0156
     0.5091     0.0779    -1.4002    -0.1378
     0.6958    -0.0775    -1.3957    -0.3634
     0.7669    -0.1963    -1.4225    -0.4950
     0.8825    -0.3243    -1.3868    -0.6924
     0.9891    -0.3700    -1.3155    -0.8615
     1.0869    -0.5435    -1.2263    -0.9931
     1.0691    -0.6623    -1.2085    -1.1340
     1.1224    -0.7079    -1.0658    -1.2280
     1.0869    -0.8084    -1.0301    -1.3689
     1.1313    -0.9271    -0.8963    -1.4159
     1.0958    -0.9453    -0.8249    -1.5380
     1.0958    -1.0275    -0.7090    -1.6225
     1.1047    -1.1553    -0.5752    -1.6695
     1.1580    -1.1462    -0.4146    -1.6883
     1.1047    -1.2283    -0.3164    -1.7164
     1.1580    -1.2374    -0.1469    -1.7446
     1.1224    -1.2831    -0.0398    -1.7540
     1.1047    -1.2739     0.0940    -1.7352
     1.1313    -1.2739     0.2725    -1.6883
     1.0958    -1.2192     0.3975    -1.6413
     1.0425    -1.1735     0.5492    -1.5568
     0.8914    -1.2009     0.6474    -1.4347
     0.7847    -1.1279     0.7813    -1.3313
     0.7225    -1.0914     0.9331    -1.2468
     0.5714    -0.9545     1.0849    -1.1152
     0.4558    -0.8997     1.1920    -0.9743
     0.2869    -0.7353     1.2367    -0.7864
     0.1624    -0.6714     1.3081    -0.6548
     0.0202    -0.5435     1.3796    -0.4762
    -0.0954    -0.4156     1.3974    -0.3352
    -0.1932    -0.3517     1.3885    -0.1754
    -0.3444    -0.1689     1.3528     0.0127
    -0.4689    -0.0501     1.3617     0.1631
    -0.5134     0.1145     1.4153     0.3230
    -0.6646     0.1967     1.3617     0.5111
    -0.7357     0.3248     1.3528     0.6616
    -0.7980     0.4802     1.3796     0.8027
    -0.9225     0.5443     1.3528     0.9815
    -0.9670     0.6632     1.3439     1.1509
    -1.0203     0.8645     1.3617     1.2826
    -1.0737     0.9469     1.2724     1.4238
    -1.1182     1.0018     1.1742     1.4991
    -1.1538     1.0018     1.0760     1.5650
    -1.1360     1.0293     0.9867     1.5744
    -1.2072     1.0934     0.8617     1.5933
    -1.2250     1.0659     0.7188     1.5933
    -1.1716     1.0751     0.6206     1.5462
    -1.1983     1.1025     0.4778     1.5556
    -1.2161     1.1025     0.3350     1.5556
    -1.1716     1.0293     0.2011     1.5556
    -1.1983     1.0384     0.0316     1.5556
    -1.1805     1.0293    -0.1290     1.5650
    -1.0915     1.0384    -0.2361     1.5368
    -1.0292     1.0476    -0.3700     1.5274
    -0.9670     1.0293    -0.5127     1.4991
    -0.9225     1.0018    -0.6554     1.3579
    -0.8513     0.9744    -0.8160     1.2544
    -0.7268     0.9194    -0.9141     1.0944
    -0.5756     0.8645    -0.9855     0.9439
    -0.4956     0.7547    -1.1282     0.7557
    -0.3088     0.6541    -1.1906     0.5864
    -0.2199     0.4711    -1.2441     0.4359
    -0.0332     0.3705    -1.3333     0.2666
     0.0646     0.2973    -1.3601     0.1067
     0.2247     0.1785    -1.4225    -0.0626
     0.3758    -0.0044    -1.4581    -0.2412
     0.5091    -0.1232    -1.4492    -0.4668
     0.6692    -0.2512    -1.4671    -0.6454
     0.7580    -0.3608    -1.4581    -0.7864
     0.9358    -0.4796    -1.4492    -0.9273
     0.9802    -0.6166    -1.3511    -1.1340
     1.0336    -0.7079    -1.3244    -1.2468
     1.1224    -0.8540    -1.2887    -1.3407
     1.0869    -0.8997    -1.1817    -1.5004
     1.1491    -0.9819    -1.1103    -1.5474
     1.1402    -1.0914    -0.9587    -1.6789
     1.1047    -1.2009    -0.8517    -1.7634
     1.1669    -1.2283    -0.7357    -1.7822
     1.1669    -1.3104    -0.6287    -1.8197
     1.1580    -1.3652    -0.4859    -1.8385
     1.1224    -1.3287    -0.3878    -1.8949
     1.1491    -1.3834    -0.2183    -1.8479
     1.1136    -1.3834    -0.1112    -1.8573
     1.1136    -1.3652     0.0405    -1.8103
     1.0869    -1.3469     0.2011    -1.7446
     1.0158    -1.2739     0.3886    -1.6319
     0.9358    -1.2922     0.5046    -1.5380
     0.8025    -1.2101     0.6117    -1.4534
     0.6958    -1.1005     0.7635    -1.3031
     0.5358    -0.9910     0.8706    -1.1810
     0.4203    -0.8997     1.0313    -1.0213
     0.2424    -0.8358     1.1563    -0.8428
     0.1624    -0.7079     1.2456    -0.7394
    -0.0332    -0.6166     1.2992    -0.5326
    -0.0954    -0.5070     1.3796    -0.3728
    -0.2555    -0.3060     1.3439    -0.2130
    -0.3622    -0.1963     1.3528    -0.0438
    -0.4778    -0.1049     1.3706     0.1443
    -0.5045     0.0870     1.4153     0.3042
    -0.6468     0.2425     1.3885     0.5017
    -0.7090     0.3065     1.4064     0.6710
    -0.8247     0.4437     1.3528     0.8121
    -0.8780     0.5992     1.3706     1.0003
    -0.9403     0.6815     1.3171     1.1415
    -1.0115     0.8554     1.2813     1.3109
    -1.0559     0.9103     1.2188     1.4521
    -1.1093     0.9927     1.0938     1.5462
    -1.1182     1.0659     1.0135     1.5838
    -1.1716     1.0568     0.8528     1.6027
    -1.1894     1.0751     0.7635     1.6215
    -1.1627     1.0568     0.6742     1.5933
    -1.1894     1.1025     0.5492     1.6121
    -1.1805     1.1208     0.4243     1.5838
    -1.2161     1.1208     0.2636     1.6309
    -1.1538     1.0568     0.1744     1.5838
    -1.1894     1.1025    -0.0130     1.6215
    -1.1716     1.0568    -0.1469     1.6215
    -1.0915     1.0476    -0.2540     1.6121
    -1.0115     1.0568    -0.3432     1.5838
    -0.9937     1.0751    -0.4949     1.5838
    -0.8958     1.0659    -0.5841     1.5274
    -0.7980     1.0659    -0.7090     1.4238
    -0.6735     1.0384    -0.7893     1.2544
    -0.5134     0.9378    -0.8517     1.0662
    -0.4511     0.8645    -0.9766     0.9156
    -0.2733     0.8096    -1.0301     0.7275
    -0.1577     0.6907    -1.1014     0.5581
    -0.0421     0.5351    -1.1014     0.4076
     0.1535     0.3888    -1.1728     0.2101
     0.2869     0.2425    -1.2441     0.0503
     0.4114     0.1236    -1.2352    -0.0908
     0.5892     0.0322    -1.2798    -0.2694
     0.6869    -0.1415    -1.2352    -0.4386
     0.8291    -0.2969    -1.2263    -0.6360
     0.9625    -0.3425    -1.2441    -0.7582
     0.9980    -0.5253    -1.2085    -0.8615
     1.1136    -0.6166    -1.1728    -1.0213
     1.1224    -0.7353    -1.0479    -1.1528
     1.1136    -0.7993    -1.0122    -1.2092
     1.1491    -0.8632    -0.9498    -1.2844
     1.1136    -0.9636    -0.8339    -1.3971
     1.1846    -1.0458    -0.7447    -1.4722
     1.1758    -1.1005    -0.6376    -1.5192
     1.1402    -1.0823    -0.5038    -1.5943
     1.1224    -1.1644    -0.3521    -1.6601
     1.1313    -1.1918    -0.2183    -1.6695
     1.1313    -1.1918    -0.0934    -1.6883
     1.1402    -1.2009     0.0048    -1.6225
     1.1136    -1.2009     0.1654    -1.6225
     1.1047    -1.1462     0.3439    -1.5474
     1.0602    -1.1279     0.4421    -1.4628
     0.9447    -1.0549     0.5582    -1.4065
     0.8114    -1.0184     0.7278    -1.3407
     0.6869    -0.9819     0.8706    -1.2468
     0.5980    -0.8814     0.9599    -1.0965
     0.4469    -0.8266     1.0938    -1.0119
     0.2958    -0.6988     1.2546    -0.8334
     0.2069    -0.6714     1.3171    -0.6924
     0.0824    -0.4979     1.3349    -0.5514
    -0.0687    -0.4430     1.3706    -0.4198
    -0.2199    -0.3425     1.3885    -0.2600
    -0.3088    -0.1598     1.4242    -0.0532
    -0.3978    -0.0684     1.3706     0.0973
    -0.4778     0.0687     1.4153     0.2854
    -0.6379     0.1785     1.4153     0.3982
    -0.7268     0.3431     1.4242     0.5864
    -0.7980     0.4620     1.3796     0.7181
    -0.8869     0.5717     1.3885     0.8686
    -0.9314     0.6449     1.4064     1.0662
    -0.9670     0.7639     1.2992     1.1979
    -1.0292     0.8554     1.2188     1.3015
    -1.0470     0.9378     1.1295     1.4521
    -1.1271     0.9927     1.0403     1.5274
    -1.1360     1.0476     0.9063     1.5933
    -1.1271     1.0934     0.7456     1.5838
    -1.1404     1.1117     0.6296     1.5650
    -1.1538     1.0659     0.4600     1.5650
    -1.1805     1.0659     0.3261     1.5556
    -1.2072     1.0659     0.2190     1.5838
    -1.1805     1.0659     0.0583     1.5650
    -1.1538     1.1025    -0.0844     1.5650
    -1.1004     1.0934    -0.2361     1.5368
    -1.1271     1.0568    -0.3343     1.5556
    -1.0292     1.0751    -0.4949     1.4803
    -0.9670     1.0751    -0.5484     1.4332
    -0.9225     1.0659    -0.7179     1.2826
    -0.8069     0.9927    -0.7714     1.1697
    -0.7001     0.9652    -0.8785     1.0003
    -0.6201     0.8737    -0.9498     0.8780
    -0.5312     0.7639    -1.0658     0.7463
    -0.3889     0.6175    -1.1282     0.5958
    -0.2110     0.5260    -1.1460     0.4076
    -0.0865     0.3979    -1.2174     0.2572
     0.0202     0.2699    -1.2530     0.1067
     0.2158     0.1327    -1.2976    -0.0438
     0.3580    -0.0227    -1.3065    -0.2130
     0.5003    -0.1415    -1.2798    -0.3822
     0.6336    -0.2694    -1.2263    -0.5796
     0.8114    -0.3700    -1.2263    -0.7394
     0.9003    -0.4979    -1.2085    -0.8709
     0.9536    -0.5709    -1.1103    -0.9837
     1.0869    -0.6623    -1.0925    -1.1528
     1.0869    -0.7627    -0.9944    -1.2374
     1.0958    -0.7901    -0.9052    -1.3125
     1.1091    -0.9271    -0.8874    -1.4534
     1.1224    -0.9910    -0.7268    -1.4816
     1.1669    -1.0092    -0.6554    -1.5849
     1.1580    -1.0914    -0.5306    -1.6225
     1.1402    -1.1279    -0.4146    -1.6601
     1.1313    -1.1188    -0.2986    -1.6976
     1.1846    -1.1827    -0.2183    -1.7070
     1.1491    -1.2009    -0.0844    -1.7258
     1.1491    -1.2009     0.0405    -1.6976
     1.1491    -1.1918     0.1833    -1.6225
     1.0247    -1.1827     0.3707    -1.5662
     0.9536    -1.0914     0.4778    -1.5004
     0.8736    -1.0823     0.6296    -1.3783
     0.7492    -0.9727     0.7367    -1.2938
     0.6336    -0.8906     0.8974    -1.1528
     0.5447    -0.8266     0.9778    -0.9837
     0.4203    -0.7262     1.1117    -0.8522
     0.2336    -0.6714     1.2546    -0.7300
     0.1447    -0.5435     1.2992    -0.5420
     0.0291    -0.4613     1.3528    -0.3540
    -0.1399    -0.3243     1.3974    -0.2224
    -0.2733    -0.1872     1.4332    -0.0532
    -0.3444    -0.0592     1.3974     0.1349
    -0.4511     0.1327     1.4064     0.2854
    -0.5756     0.2516     1.4153     0.4547
    -0.6823     0.4071     1.4332     0.5958
    -0.7802     0.4620     1.4242     0.7557
    -0.8780     0.5900     1.4332     0.8874
    -0.9047     0.7090     1.3885     1.0662
    -0.9670     0.8554     1.3706     1.2356
    -1.0648     0.9469     1.3974     1.3203
    -1.1093     1.0110     1.3171     1.4709
    -1.1182     1.1117     1.1831     1.5744
    -1.1449     1.0751     1.0581     1.5933
    -1.1627     1.0751     0.9153     1.6215
    -1.1983     1.1208     0.7813     1.6027
    -1.2250     1.1117     0.6296     1.6215
    -1.2516     1.1300     0.5135     1.5933
    -1.2250     1.1391     0.3529     1.6309
    -1.2161     1.0934     0.2279     1.6309
    -1.1805     1.0934     0.0405     1.6121
    -1.1805     1.0842    -0.0666     1.5933
    -1.1538     1.1117    -0.2094     1.5838
    -1.0559     1.0934    -0.3700     1.6121
    -1.0470     1.0934    -0.4592     1.5933
    -0.9759     1.0568    -0.6019     1.5462
    -0.8513     1.0384    -0.7714     1.4144
    -0.7891     1.0384    -0.8695     1.2921
    -0.6290     0.9561    -0.9587     1.1321
    -0.5489     0.8554    -1.0122     0.9815
    -0.4511     0.7547    -1.0925     0.8121
    -0.2733     0.6724    -1.1460     0.6334
    -0.1754     0.5717    -1.2530     0.4641
    -0.0154     0.3888    -1.2798     0.2948
     0.1002     0.2790    -1.3333     0.0785
     0.3047     0.1602    -1.3065    -0.1002
     0.4114     0.0413    -1.3511    -0.2506
     0.5714    -0.0867    -1.3065    -0.4574
     0.7669    -0.2329    -1.3333    -0.6078
     0.8558    -0.3700    -1.2887    -0.7394
     0.9536    -0.4979    -1.2174    -0.8991
     1.0691    -0.6166    -1.1906    -1.0401
     1.1224    -0.6988    -1.1103    -1.1904
     1.1935    -0.8175    -1.0658    -1.3125
     1.1935    -0.8906    -0.9855    -1.4534
     1.1935    -0.9910    -0.8785    -1.5286
     1.1669    -1.0731    -0.7536    -1.6131
     1.2024    -1.2009    -0.6733    -1.7070
     1.2113    -1.2739    -0.5841    -1.7540
     1.1580    -1.2831    -0.4146    -1.7916
     1.2113    -1.2739    -0.3610    -1.7916
     1.1758    -1.3287    -0.1826    -1.8385
     1.1402    -1.3743    -0.0844    -1.7916
     1.1402    -1.3469     0.0227    -1.7634
     1.1402    -1.3013     0.1922    -1.7446
     1.1669    -1.2831     0.3261    -1.6789
     1.1136    -1.2192     0.4332    -1.5849
     1.0869    -1.2009     0.5492    -1.4628
     0.9358    -1.1553     0.7188    -1.4159
     0.8291    -1.0458     0.7992    -1.2562
     0.7136    -0.9362     0.9599    -1.1434
     0.6247    -0.8723     1.0224    -0.9743
     0.4736    -0.7993     1.1206    -0.8146
     0.3225    -0.6440     1.2546    -0.6830
     0.2247    -0.5527     1.3349    -0.4856
     0.0380    -0.4430     1.4153    -0.3634
    -0.0332    -0.2603     1.3706    -0.1566
    -0.1754    -0.1232     1.4242    -0.0061
    -0.2910    -0.0318     1.4287     0.1631
    -0.4155     0.1327     1.4332     0.2948
    -0.5134     0.2607     1.4332     0.4547
    -0.5934     0.4345     1.4153     0.6522
    -0.7179     0.5351     1.4064     0.7745
    -0.7535     0.6541     1.3706     0.9627
    -0.8513     0.8188     1.3706     1.1038
    -0.8958     0.8920     1.3974     1.2638
    -0.9225     0.9927     1.3171     1.4332
    -1.0115     1.0751     1.2724     1.4991
    -1.0737     1.1025     1.1117     1.5462
    -1.0648     1.1208     0.9599     1.5838
    -1.0737     1.1025     0.8349     1.6121
    -1.1004     1.0842     0.6742     1.6215
    -1.1538     1.1208     0.5492     1.6027
    -1.1627     1.1483     0.4243     1.6027
    -1.1627     1.1208     0.2725     1.5933
    -1.1538     1.0751     0.1119     1.5838
    -1.1182     1.0751    -0.0577     1.5838
    -1.1182     1.1391    -0.1647     1.6027
    -1.0826     1.1117    -0.2986     1.6121
    -1.0381     1.0842    -0.4503     1.5650
    -0.9403     1.1300    -0.5573     1.5744
    -0.9136     1.0934    -0.6911     1.4615
    -0.7891     1.0568    -0.8339     1.3109
    -0.7001     1.0293    -0.9320     1.1509
    -0.5845     0.9194    -1.0122     0.9721
    -0.4778     0.8371    -1.0479     0.8498
    -0.3266     0.6815    -1.1371     0.6146
    -0.1843     0.5351    -1.1639     0.4923
    -0.0510     0.4802    -1.1995     0.2948
     0.1180     0.3613    -1.2352     0.1443
     0.2602     0.1602    -1.2530    -0.0438
     0.3669     0.0596    -1.2709    -0.2412
     0.5269    -0.1232    -1.2887    -0.3728
     0.7225    -0.2146    -1.2976    -0.5326
     0.8380    -0.3882    -1.2263    -0.7582
     0.9447    -0.4705    -1.1728    -0.9085
     1.0958    -0.6075    -1.1728    -1.0401
     1.1047    -0.7262    -1.0658    -1.1340
     1.1180    -0.7536    -1.0568    -1.3219
     1.1313    -0.8997    -0.9052    -1.3783
     1.1846    -1.0092    -0.8695    -1.5098
     1.1402    -1.0184    -0.7268    -1.5662
     1.1846    -1.1097    -0.6733    -1.6695
     1.1935    -1.2101    -0.5484    -1.7446
     1.1846    -1.2466    -0.4235    -1.7822
     1.1758    -1.2831    -0.3164    -1.8103
     1.1580    -1.2922    -0.2004    -1.8009
     1.1669    -1.3013    -0.0844    -1.8197
     1.1491    -1.3378     0.0137    -1.7540
     1.1846    -1.3469     0.1208    -1.7352
     1.1402    -1.3469     0.2993    -1.7070
     1.1136    -1.3104     0.4153    -1.6225
     1.0513    -1.2101     0.4957    -1.4816
     0.9180    -1.1735     0.6206    -1.3783
     0.7936    -1.1005     0.7813    -1.3031
     0.7047    -0.9910     0.8795    -1.1622
     0.5714    -0.8997     0.9867    -1.0213
     0.4736    -0.8632     1.0492    -0.8240
     0.3047    -0.7262     1.2099    -0.7112
     0.1713    -0.6440     1.2813    -0.5514
     0.1002    -0.4613     1.3081    -0.3258
    -0.0598    -0.3608     1.3885    -0.1754
    -0.1488    -0.2055     1.3796     0.0033
    -0.2644    -0.1141     1.3974     0.1537
    -0.4155     0.0596     1.3885     0.3136
    -0.4778     0.1876     1.4064     0.4829
    -0.6023     0.3156     1.3706     0.6522
    -0.6379     0.4437     1.3439     0.8404
    -0.7713     0.6175     1.3706     0.9345
    -0.7980     0.7639     1.2903     1.1509
    -0.8424     0.8737     1.2724     1.2826
    -0.8780     0.9469     1.1385     1.4332
    -0.9047     0.9835     1.0313     1.5462
    -1.0026     1.1025     0.9242     1.5462
    -1.0115     1.1025     0.7992     1.5838
    -1.0203     1.0568     0.7010     1.5838
    -1.0026     1.0659     0.5135     1.6027
    -0.9670     1.0934     0.4153     1.6215
    -1.0203     1.0796     0.2725     1.5838
    -1.0026     1.0659     0.1297     1.5933
    -0.9314     1.1300    -0.0041     1.6403
    -0.9136     1.1300    -0.1469     1.6403
    -0.8780     1.0751    -0.2986     1.6121
    -0.9136     1.1300    -0.4503     1.5933
    -0.8336     1.1208    -0.5752     1.5838
    -0.7357     1.1300    -0.6465     1.5838
    -0.6823     1.0568    -0.8071     1.4897
    -0.6112     1.0751    -0.9230     1.3391
    -0.5045     1.0018    -0.9944     1.2168
    -0.3978     0.9561    -1.0836     1.0191
    -0.2821     0.9103    -1.1728     0.8310
    -0.1754     0.7456    -1.2174     0.6428
    -0.0421     0.6632    -1.2441     0.4735
     0.0913     0.5443    -1.2798     0.3042
     0.2958     0.3796    -1.3601     0.1537
     0.3936     0.2333    -1.3422    -0.0156
     0.5358     0.1327    -1.3333    -0.1942
     0.6869    -0.0318    -1.3422    -0.3728
     0.8380    -0.2055    -1.3065    -0.5044
     0.9447    -0.2969    -1.2530    -0.6736
     1.0780    -0.4339    -1.2352    -0.8522
     1.1224    -0.5527    -1.1549    -1.0213
     1.1580    -0.6805    -1.0747    -1.0777
     1.1846    -0.7079    -1.0212    -1.2186
     1.1491    -0.8540    -0.8963    -1.3031
     1.1491    -0.9088    -0.7893    -1.4065
     1.1669    -1.0184    -0.7357    -1.5192
     1.1669    -1.0823    -0.6287    -1.5849
     1.1402    -1.1005    -0.4859    -1.6319
     1.1758    -1.1370    -0.4503    -1.7352
     1.1935    -1.2283    -0.3164    -1.7446
     1.1491    -1.2648    -0.2094    -1.7446
     1.1313    -1.3013    -0.0755    -1.7352
     1.1269    -1.2739     0.0048    -1.7446
     1.1224    -1.2557     0.1744    -1.7070
     1.0425    -1.2557     0.3082    -1.6225
     0.9714    -1.2466     0.3975    -1.5943
     0.8380    -1.1918     0.5492    -1.4722
     0.7847    -1.1279     0.6028    -1.3971
     0.6514    -1.0275     0.7188    -1.2938
     0.4736    -0.9819     0.8885    -1.1434
     0.3669    -0.8540     0.9688    -1.0213
     0.2247    -0.7353     1.0849    -0.8615
     0.1180    -0.6714     1.1653    -0.7018
    -0.0421    -0.5527     1.2724    -0.5138
    -0.1488    -0.4065     1.3081    -0.3164
    -0.2733    -0.3334     1.3706    -0.1942
    -0.3622    -0.1689     1.3439     0.0221
    -0.4778    -0.0135     1.3885     0.1443
    -0.5934     0.1236     1.3706     0.3606
    -0.7001     0.2242     1.4064     0.4923
    -0.8247     0.3705     1.3974     0.6992
    -0.8602     0.5168     1.3617     0.8592
    -0.9492     0.6632     1.3885     0.9909
    -1.0026     0.7730     1.3081     1.2168
    -1.1004     0.8645     1.2992     1.3203
    -1.1093     0.9835     1.1742     1.4615
    -1.1627     1.0568     1.0670     1.5274
    -1.2072     1.0751     0.9331     1.5838
    -1.2161     1.1300     0.7992     1.6121
    -1.2516     1.0751     0.6831     1.5744
    -1.1983     1.1208     0.5135     1.6215
    -1.1983     1.1300     0.3796     1.6121
    -1.2427     1.1300     0.2547     1.5933
    -1.2250     1.1391     0.0851     1.6215
    -1.2072     1.1025    -0.0487     1.5933
    -1.1805     1.0659    -0.2004     1.6027
    -1.1538     1.1300    -0.3164     1.5838
    -1.0737     1.0934    -0.4859     1.6027
    -0.9937     1.0659    -0.5752     1.6121
    -0.9759     1.0751    -0.7179     1.5462
    -0.8602     1.1117    -0.7803     1.5274
    -0.8069     1.0751    -0.9320     1.3862
    -0.6379     0.9744    -0.9766     1.2638
    -0.5667     0.9194    -1.0836     1.0756
    -0.4511     0.8371    -1.1549     0.8874
    -0.2821     0.7364    -1.1728     0.7557
    -0.1843     0.6266    -1.2798     0.5487
    -0.0332     0.4985    -1.2441     0.3700
     0.1535     0.3339    -1.3155     0.2101
     0.2869     0.2059    -1.3422     0.0221
     0.4380     0.1236    -1.3422    -0.1848
     0.5358    -0.0044    -1.2709    -0.4292
     0.7403    -0.2146    -1.2976    -0.5326
     0.8114    -0.3334    -1.2085    -0.7488
     0.9269    -0.4522    -1.1728    -0.9085
     0.9980    -0.5527    -1.1014    -1.0871
     1.1047    -0.6440    -1.0301    -1.1716
     1.1669    -0.7719    -0.9855    -1.3031
     1.1313    -0.8906    -0.8428    -1.4253
     1.1758    -0.9453    -0.7803    -1.5098
     1.1313    -1.0549    -0.6644    -1.6225
     1.1846    -1.1553    -0.6019    -1.7070
     1.2024    -1.2374    -0.4859    -1.7634
     1.1758    -1.2466    -0.3789    -1.8103
     1.1758    -1.3378    -0.2361    -1.8009
     1.1935    -1.3104    -0.1558    -1.8573
     1.1491    -1.3150     0.0227    -1.8103
     1.1758    -1.3196     0.1119    -1.8103
     1.1224    -1.3378     0.2725    -1.7540
     1.1047    -1.2831     0.3707    -1.7070
     1.0425    -1.3196     0.4868    -1.6319
     0.8914    -1.2009     0.6385    -1.4816
     0.8558    -1.1827     0.7188    -1.4253
     0.6869    -1.0366     0.8706    -1.2374
     0.6158    -0.9636     0.9510    -1.1528
     0.4558    -0.8814     1.1117    -1.0025
     0.3402    -0.7627     1.1742    -0.8428
     0.2069    -0.6166     1.2992    -0.7206
     0.0824    -0.5892     1.3260    -0.5138
    -0.0687    -0.4065     1.3974    -0.3634
    -0.2377    -0.2420     1.3706    -0.1378
    -0.3177    -0.1049     1.3617     0.0409
    -0.4066     0.0505     1.3885     0.1631
    -0.5489     0.1327     1.3706     0.3888
    -0.6023     0.2699     1.4064     0.5299
    -0.7357     0.4620     1.3796     0.7463
    -0.8247     0.5900     1.3706     0.9062
    -0.9136     0.6724     1.3706     1.0944
    -0.9848     0.8005     1.3349     1.3015
    -1.0115     0.9561     1.3171     1.4332
    -1.0381     0.9927     1.2099     1.5462
    -1.0826     1.0751     1.1028     1.6027
    -1.1538     1.0751     0.9420     1.6309
    -1.1271     1.1117     0.8617     1.6027
    -1.1983     1.0934     0.6742     1.6403
    -1.2161     1.1300     0.5225     1.6592
    -1.2161     1.1025     0.3796     1.6686
    -1.1716     1.1117     0.2547     1.6686
    -1.1271     1.1208     0.1297     1.6874
    -1.1182     1.0751    -0.0220     1.7062
    -1.0826     1.1117    -0.1647     1.7062
    -1.0470     1.0934    -0.3432     1.6592
    -0.9848     1.1391    -0.4592     1.6592
    -0.9670     1.0751    -0.5662     1.6874
    -0.8691     1.0568    -0.7268     1.6309
    -0.7980     1.0568    -0.8606     1.5744
    -0.7001     1.0751    -0.9676     1.4521
    -0.6468     1.0476    -1.0122     1.3297
    -0.4778     1.0293    -1.1460     1.1603
    -0.3800     0.9103    -1.2085     1.0003
    -0.2644     0.8005    -1.2530     0.7839
    -0.1577     0.6998    -1.3065     0.6428
     0.0113     0.5260    -1.3065     0.4076
     0.1802     0.4345    -1.3155     0.2289
     0.3314     0.2333    -1.3690     0.0973
     0.5091     0.0870    -1.3244    -0.1378
     0.6247     0.0047    -1.3601    -0.2788
     0.7847    -0.1689    -1.2976    -0.4668
     0.8914    -0.2969    -1.2798    -0.6736
     1.0513    -0.4339    -1.1817    -0.8240
     1.1136    -0.5618    -1.1460    -1.0495
     1.1136    -0.6623    -1.0836    -1.1998
     1.1758    -0.7079    -0.9944    -1.3407
     1.1313    -0.8449    -0.9230    -1.4628
     1.1580    -0.8997    -0.8428    -1.5849
     1.1402    -0.9910    -0.7179    -1.6789
     1.1935    -1.1188    -0.6019    -1.7446
     1.1669    -1.2101    -0.5395    -1.8573
     1.1758    -1.2009    -0.3700    -1.8667
     1.1758    -1.2922    -0.3075    -1.9230
     1.1758    -1.3196    -0.1380    -1.9418
     1.1491    -1.3469    -0.0934    -1.9418
     1.1402    -1.3561     0.0583    -1.9230
     1.1758    -1.3515     0.2190    -1.8479
     1.0869    -1.3469     0.3439    -1.8291
     1.0958    -1.3652     0.4868    -1.7258
     0.9891    -1.3378     0.5671    -1.6037
     0.8736    -1.2831     0.6831    -1.4816
     0.7492    -1.1644     0.8617    -1.3877
     0.6247    -1.1279     0.9956    -1.2750
     0.5003    -0.9636     1.0670    -1.0777
     0.3847    -0.9180     1.2367    -0.9743
     0.2069    -0.7445     1.3260    -0.8052
     0.0646    -0.6166     1.3617    -0.6172
    -0.0243    -0.5527     1.3528    -0.4480
    -0.1488    -0.3517     1.3796    -0.2882
    -0.2999    -0.2238     1.4064    -0.1378
    -0.4244    -0.1415     1.3974     0.0315
    -0.5578     0.0505     1.4153     0.1913
    -0.6112     0.1876     1.3706     0.3982
    -0.7179     0.3431     1.3706     0.5958
    -0.8424     0.4894     1.3974     0.7181
    -0.9314     0.6175     1.3796     0.9156
    -0.9581     0.7364     1.3439     1.1132
    -1.0470     0.8554     1.3171     1.2826
    -1.1360     0.9835     1.2813     1.4050
    -1.1805     1.0018     1.1563     1.5368
    -1.1983     1.0659     1.0135     1.6592
    -1.1983     1.0751     0.8349     1.6874
    -1.1983     1.0384     0.6921     1.6686
    -1.2338     1.1117     0.5671     1.6780
    -1.2250     1.1208     0.4243     1.6780
    -1.2694     1.0751     0.3350     1.7062
    -1.2338     1.0568     0.1476     1.6686
    -1.1983     1.1025     0.0316     1.7251
    -1.2250     1.1025    -0.1290     1.6686
    -1.1449     1.1300    -0.2897     1.6592
    -1.1360     1.1025    -0.3789     1.6968
    -1.0292     1.0842    -0.5127     1.6592
    -1.0203     1.1208    -0.6644     1.6403
    -0.9581     1.0751    -0.7714     1.5556
    -0.8780     1.0842    -0.9141     1.4332
    -0.7624     1.0751    -0.9855     1.3015
    -0.5934     0.9927    -1.0122     1.1038
    -0.5312     0.9835    -1.1371     0.9345
    -0.4066     0.8462    -1.1817     0.7651
    -0.2466     0.7181    -1.1995     0.5864
    -0.0687     0.5626    -1.2530     0.3982
     0.0291     0.4254    -1.2620     0.2289
     0.2247     0.2699    -1.3244     0.0785
     0.4025     0.1236    -1.3244    -0.0908
     0.5180    -0.0501    -1.2352    -0.2506
     0.6869    -0.1689    -1.2620    -0.4856
     0.7758    -0.3060    -1.1817    -0.6360
     0.9358    -0.4796    -1.0925    -0.7864
     1.0158    -0.5253    -1.0747    -1.0025
     1.0958    -0.6623    -0.9766    -1.1622
     1.1224    -0.7445    -0.8606    -1.2562
     1.1224    -0.8358    -0.7714    -1.3877
     1.1313    -0.9453    -0.7000    -1.5004
     1.1224    -1.0366    -0.6019    -1.6225
     1.1669    -1.1005    -0.4770    -1.7634
     1.1669    -1.1735    -0.3610    -1.8479
     1.1402    -1.2739    -0.2629    -1.8855
     1.1935    -1.2922    -0.1201    -1.9606
     1.1402    -1.3926    -0.0041    -1.9606
     1.1669    -1.4108     0.1119    -1.9888
     1.1580    -1.4108     0.2368    -1.9606
     1.1491    -1.4564     0.3796    -1.8949
     1.1224    -1.4290     0.5135    -1.8291
     1.0158    -1.4199     0.5582    -1.7446
     0.9536    -1.3469     0.7367    -1.6413
     0.8203    -1.3196     0.8617    -1.5004
     0.7403    -1.2557     1.0045    -1.3877
     0.5980    -1.1735     1.0849    -1.2938
     0.4558    -1.1462     1.2367    -1.0965
     0.3402    -1.0275     1.2992    -0.9837
     0.1535    -0.8814     1.3349    -0.8146
     0.0735    -0.8175     1.3885    -0.6078
    -0.1132    -0.6623     1.3796    -0.4762
    -0.2288    -0.4887     1.4153    -0.2788
    -0.3088    -0.3608     1.3706    -0.1378
    -0.4778    -0.2694     1.4153     0.0597
    -0.5400    -0.1232     1.3885     0.2101
    -0.6290     0.0687     1.3796     0.3512
    -0.7357     0.2242     1.3617     0.5393
    -0.8869     0.3705     1.4153     0.7275
    -0.9225     0.5626     1.3796     0.8780
    -0.9848     0.6815     1.3528     1.0568
    -1.0381     0.7730     1.2992     1.2450
    -1.1271     0.8828     1.2635     1.3956
    -1.1805     0.9469     1.1474     1.5462
    -1.2072     1.0476     1.0224     1.6403
    -1.2250     1.1117     0.8885     1.6780
    -1.2250     1.0842     0.7456     1.6592
    -1.2072     1.0934     0.5671     1.6780
    -1.2072     1.1025     0.4421     1.6780
    -1.2427     1.0842     0.3082     1.6968
    -1.2161     1.0659     0.1030     1.7439
    -1.2161     1.1300    -0.0398     1.7156
    -1.1538     1.1300    -0.1915     1.7439
    -1.1004     1.1117    -0.2986     1.7062
    -1.0915     1.0568    -0.4770     1.7156
    -0.9937     1.0751    -0.5662     1.6968
    -0.9403     1.0934    -0.7268     1.6592
    -0.8958     1.1117    -0.8428     1.6497
    -0.7802     1.0568    -0.9676     1.5368
    -0.6290     1.0934    -1.0122     1.4426
    -0.5134     1.0293    -1.1103     1.2732
    -0.4511     1.0568    -1.1639     1.0662
    -0.2999     0.9469    -1.2263     0.8592
    -0.1043     0.9011    -1.3065     0.6992
    -0.0065     0.7181    -1.2976     0.5393
     0.1713     0.6175    -1.3065     0.3324
     0.3847     0.4071    -1.3155     0.1631
     0.5358     0.3156    -1.3065     0.0127
     0.6425     0.1419    -1.3333    -0.1566
     0.7847    -0.0044    -1.2887    -0.3352
     0.9802    -0.1689    -1.1906    -0.5044
     1.0869    -0.2786    -1.1371    -0.6642
     1.1136    -0.3882    -1.0747    -0.8240
     1.1669    -0.5253    -1.0122    -1.0119
     1.1224    -0.6440    -0.9587    -1.1716
     1.1580    -0.7445    -0.8963    -1.3031
     1.1935    -0.8449    -0.7803    -1.3877
     1.1580    -0.9088    -0.6644    -1.5380
     1.1491    -1.0549    -0.5930    -1.6507
     1.1935    -1.1188    -0.4859    -1.7070
     1.1580    -1.1644    -0.3967    -1.8009
     1.2113    -1.2466    -0.3164    -1.8197
     1.2024    -1.3013    -0.2183    -1.8385
     1.1580    -1.3104    -0.0666    -1.8761
     1.1491    -1.3196     0.0673    -1.8573
     1.1580    -1.3013     0.1833    -1.8479
     1.1935    -1.3196     0.2815    -1.7446
     1.1846    -1.2739     0.3975    -1.7070
     1.1402    -1.2557     0.5225    -1.6037
     1.0602    -1.2557     0.6385    -1.4816
     0.9269    -1.1827     0.7546    -1.3501
     0.8114    -1.1553     0.8617    -1.2656
     0.6336    -0.9910     0.9956    -1.1340
     0.5180    -0.9362     1.0849    -0.9555
     0.3314    -0.8358     1.2099    -0.8146
     0.2424    -0.6988     1.2546    -0.6642
     0.0735    -0.5801     1.3260    -0.4668
    -0.0332    -0.5070     1.3439    -0.3352
    -0.1843    -0.3425     1.3974    -0.1284
    -0.3444    -0.1781     1.3617     0.0033
    -0.3978    -0.0684     1.3974     0.1819
    -0.5400     0.0870     1.3796     0.3324
    -0.6290     0.2790     1.3885     0.5017
    -0.7357     0.4071     1.3617     0.6898
    -0.8247     0.5351     1.2992     0.8121
    -0.8691     0.6449     1.3081     1.0003
    -0.9937     0.7547     1.1920     1.1885
    -1.0292     0.9194     1.0938     1.3485
    -1.0737     0.9744     0.9510     1.4991
    -1.1093     0.9927     0.8438     1.6121
    -1.1627     1.0201     0.6831     1.6874
    -1.2072     1.0476     0.5671     1.6780
    -1.1894     1.0568     0.4243     1.7156
    -1.1716     1.0659     0.3172     1.6968
    -1.2072     1.1117     0.2011     1.6780
    -1.2161     1.0568     0.0048     1.7345
    -1.2072     1.0842    -0.1023     1.6968
    -1.1449     1.0476    -0.2629     1.6874
    -1.1360     1.0842    -0.3700     1.6780
    -1.1182     1.1025    -0.4949     1.6968
    -1.0381     1.0568    -0.6376     1.7062
    -0.9670     1.1117    -0.7803     1.6027
    -0.9403     1.0659    -0.8785     1.5274
    -0.8513     1.0934    -0.9676     1.3956
    -0.7001     1.0659    -1.0747     1.2450
    -0.5845     1.0842    -1.1282     1.0944
    -0.4867     0.9652    -1.2263     0.9062
    -0.3800     0.9286    -1.2709     0.8027
    -0.2466     0.8005    -1.3333     0.6240
    -0.0510     0.6266    -1.3065     0.4170
     0.0735     0.5168    -1.3511     0.2948
     0.2247     0.3248    -1.3422     0.0879
     0.4291     0.2059    -1.3779    -0.0344
     0.5536     0.0505    -1.3511    -0.2036
     0.7225    -0.1232    -1.3333    -0.3728
     0.8025    -0.2694    -1.2352    -0.5608
     0.9891    -0.3608    -1.2352    -0.7488
     1.0513    -0.4887    -1.1103    -0.8709
     1.1047    -0.5801    -1.0747    -1.0777
     1.1846    -0.7079    -1.0033    -1.2374
     1.1491    -0.8540    -0.8785    -1.3313
     1.1669    -0.9180    -0.7803    -1.4816
     1.2024    -1.0092    -0.7090    -1.6413
     1.1846    -1.1279    -0.6376    -1.7352
     1.1935    -1.1735    -0.5216    -1.8291
     1.2024    -1.2557    -0.3700    -1.8855
     1.1491    -1.2374    -0.3253    -1.9042
     1.2024    -1.3104    -0.1469    -1.9981
     1.1580    -1.3378    -0.0844    -1.9700
     1.1935    -1.3469     0.1119    -1.9981
     1.1313    -1.4017     0.1922    -1.9136
     1.1402    -1.4199     0.3350    -1.8855
     1.0869    -1.4199     0.4421    -1.7916
     1.0336    -1.3926     0.6117    -1.7352
     0.8825    -1.3196     0.7010    -1.6131
     0.7669    -1.2739     0.8081    -1.4628
     0.6692    -1.2283     0.9688    -1.3501
     0.5003    -1.1005     1.0760    -1.1434
     0.3491    -1.0640     1.1653    -1.0025
     0.2691    -0.9453     1.3081    -0.8334
     0.0735    -0.8449     1.3349    -0.6548
     0.0024    -0.7353     1.3974    -0.5326
    -0.1488    -0.6075     1.4064    -0.3258
    -0.2555    -0.4339     1.3974    -0.1848
    -0.3978    -0.3151     1.3528    -0.0250
    -0.4867    -0.1232     1.3796     0.1255
    -0.6379    -0.0135     1.4153     0.3230
    -0.7179     0.1602     1.3528     0.4547
    -0.8247     0.3156     1.3528     0.5958
    -0.8869     0.4711     1.3439     0.7557
    -1.0203     0.5809     1.3706     0.9533
    -1.0737     0.7456     1.2813     1.0850
    -1.1538     0.8737     1.2010     1.2921
    -1.1716     0.9194     1.0581     1.3956
    -1.2605     1.0018     0.9599     1.5744
    -1.2427     1.0659     0.7992     1.6686
    -1.3228     1.0384     0.6921     1.6968
    -1.2872     1.0384     0.5314     1.7062
    -1.2872     1.0751     0.4153     1.6968
    -1.3228     1.0568     0.3261     1.6874
    -1.2961     1.0659     0.1833     1.6968
    -1.3050     1.0613     0.0227     1.6592
    -1.2516     1.0568    -0.1558     1.7345
    -1.2161     1.1117    -0.2718     1.7156
    -1.1449     1.0934    -0.3789     1.7156
    -1.1004     1.0934    -0.5216     1.6686
    -1.0915     1.0659    -0.6822     1.6780
    -0.9581     1.0842    -0.7625     1.5744
    -0.8691     1.0384    -0.8874     1.4426
    -0.8158     1.0659    -0.9498     1.3391
    -0.6912     1.0110    -1.0479     1.1321
    -0.5312     0.9652    -1.1014     1.0003
    -0.3711     0.8828    -1.2174     0.7839
    -0.2821     0.8371    -1.2174     0.6428
    -0.1132     0.6358    -1.2441     0.4359
     0.0291     0.5077    -1.3065     0.3136
     0.2424     0.3888    -1.3155     0.1255
     0.3491     0.2607    -1.3333     0.0033
     0.4914     0.1327    -1.3065    -0.1660
     0.7047    -0.0592    -1.2263    -0.3728
     0.8291    -0.2146    -1.1817    -0.5138
     0.9447    -0.3882    -1.1549    -0.6454
     1.0602    -0.4796    -1.0925    -0.8615
     1.1313    -0.6257    -1.0301    -1.0119
     1.1758    -0.6623    -0.9052    -1.1152
     1.1580    -0.8266    -0.8695    -1.2938
     1.2113    -0.8632    -0.7714    -1.3971
     1.2024    -1.0184    -0.6465    -1.4910
     1.1669    -1.0640    -0.5841    -1.6601
     1.1935    -1.1553    -0.4949    -1.7446
     1.1669    -1.1644    -0.3432    -1.8291
     1.1580    -1.2374    -0.2361    -1.8855
     1.1580    -1.3013    -0.1290    -1.9418
     1.2202    -1.2739    -0.0755    -1.9136
     1.2113    -1.2831     0.0583    -1.9136
     1.2024    -1.3652     0.1833    -1.8949
     1.1846    -1.3196     0.3172    -1.8479
     1.1224    -1.2739     0.4600    -1.8103
     1.0780    -1.2739     0.5760    -1.6976
     0.9802    -1.2922     0.6742    -1.5755
     0.8825    -1.1735     0.7635    -1.4253
     0.7847    -1.1097     0.8706    -1.2844
     0.6514    -1.0640     0.9778    -1.1246
     0.5091    -0.9727     1.1028    -0.9273
     0.3314    -0.8449     1.2188    -0.8052
     0.2513    -0.8084     1.2813    -0.5890
     0.0735    -0.6714     1.3528    -0.4386
    -0.0332    -0.5618     1.3974    -0.2318
    -0.1399    -0.3608     1.3885    -0.0720
    -0.3266    -0.2786     1.3439     0.0315
    -0.4066    -0.1324     1.3617     0.1819
    -0.5400     0.1236     1.3528     0.3324
    -0.6290     0.2790     1.3706     0.5205
    -0.6912     0.4254     1.3885     0.7087
    -0.8336     0.5077     1.3349     0.8027
    -0.8869     0.6632     1.3349     0.9909
    -0.9492     0.8188     1.2367     1.1603
    -1.0115     0.8920     1.1563     1.3297
    -1.1093     0.9835     1.0045     1.4521
    -1.1360     1.0934     0.9331     1.6027
    -1.1805     1.1208     0.7635     1.6968
    -1.2161     1.1254     0.6653     1.7062
    -1.2872     1.1300     0.5403     1.6874
    -1.3139     1.1025     0.3886     1.6874
    -1.3317     1.0659     0.2368     1.6968
    -1.3228     1.1117     0.0940     1.7156
    -1.3050     1.0934    -0.0398     1.7156
    -1.3139     1.1025    -0.1826     1.7062
    -1.2783     1.0751    -0.3075     1.7062
    -1.1894     1.1391    -0.4859     1.7439
    -1.1627     1.1208    -0.6019     1.7345
    -1.0915     1.0568    -0.7268     1.6968
    -1.0737     1.0568    -0.7893     1.6403
    -1.0026     1.0842    -0.8874     1.5179
    -0.8780     1.1117    -1.0033     1.3673
    -0.8336     1.0751    -1.0925     1.1509
    -0.7090     1.0842    -1.1728     0.9721
    -0.5223     0.9744    -1.1728     0.8310
    -0.4066     0.8828    -1.2441     0.6334
    -0.2377     0.7639    -1.2530     0.4923
    -0.0776     0.5809    -1.2976     0.3418
     0.0646     0.4528    -1.2887     0.1537
     0.2424     0.2882    -1.3422     0.0221
     0.3491     0.1236    -1.3065    -0.1754
     0.5447    -0.0318    -1.2887    -0.3446
     0.6780    -0.1598    -1.2352    -0.5232
     0.8203    -0.3425    -1.1995    -0.6924
     0.9536    -0.4156    -1.1460    -0.8803
     1.0691    -0.5618    -1.0836    -1.0495
     1.1136    -0.7445    -0.9944    -1.2468
     1.1313    -0.7901    -0.8695    -1.3407
     1.1402    -0.8997    -0.7982    -1.4816
     1.1669    -1.0731    -0.6911    -1.6037
     1.1580    -1.1188    -0.6465    -1.7540
     1.1846    -1.2009    -0.5484    -1.8385
     1.1491    -1.2831    -0.4146    -1.8855
     1.2113    -1.3013    -0.3075    -1.9794
     1.1846    -1.3378    -0.1915    -2.0169
     1.2202    -1.4382    -0.0934    -2.0357
     1.1580    -1.4017     0.0137    -1.9888
     1.1491    -1.4473     0.1833    -1.9981
     1.1313    -1.4747     0.3082    -1.9136
     1.1669    -1.4290     0.4332    -1.8761
     1.1136    -1.3834     0.5760    -1.7822
     0.9891    -1.3652     0.7010    -1.6507
     0.8825    -1.3561     0.7724    -1.4722
     0.7580    -1.2739     0.8885    -1.3313
     0.6247    -1.1553     1.0403    -1.2186
     0.5269    -1.0914     1.1295    -1.0307
     0.4025    -0.9727     1.2367    -0.8615
     0.2513    -0.8906     1.2903    -0.7018
     0.1891    -0.7353     1.3796    -0.5420
     0.0291    -0.6349     1.3796    -0.4010
    -0.1310    -0.5161     1.3528    -0.2036
    -0.2021    -0.3608     1.3885     0.0033
    -0.3266    -0.1963     1.4153     0.1349
    -0.4422    -0.0135     1.3974     0.3042
    -0.5045     0.1785     1.4064     0.4547
    -0.6112     0.3339     1.3528     0.5958
    -0.6912     0.4620     1.3528     0.7839
    -0.7713     0.5534     1.3439     0.9345
    -0.8869     0.7547     1.2813     1.1509
    -0.9225     0.8462     1.1653     1.3015
    -1.0203     0.9469     1.0403     1.4803
    -1.0381     0.9927     0.9956     1.6403
    -1.0470     1.0476     0.8260     1.6874
    -1.1449     1.0659     0.7010     1.6780
    -1.1271     1.1208     0.5849     1.7345
    -1.1404     1.0751     0.4689     1.7156
    -1.1538     1.1025     0.2904     1.7345
    -1.1983     1.1025     0.1833     1.7062
    -1.2072     1.0659     0.0494     1.7156
    -1.1716     1.1117    -0.1023     1.7156
    -1.1894     1.1208    -0.2094     1.7062
    -1.1360     1.0934    -0.3789     1.7533
    -1.0915     1.0934    -0.4592     1.6968
    -1.0115     1.0842    -0.6019     1.6968
    -0.9314     1.1117    -0.7447     1.6686
    -0.8869     1.1208    -0.8606     1.5556
    -0.8247     1.1300    -0.9498     1.3768
    -0.6646     1.0842    -0.9855     1.2356
    -0.5578     1.0751    -1.0747     1.0662
    -0.4333     1.0018    -1.1460     0.8592
    -0.3444     0.8645    -1.1906     0.6992
    -0.1488     0.6998    -1.2352     0.5299
    -0.0065     0.6083    -1.2709     0.3606
     0.1447     0.4802    -1.3065     0.2101
     0.2602     0.3156    -1.2620     0.0127
     0.3758     0.1510    -1.2441    -0.1378
     0.5714    -0.0227    -1.2441    -0.2694
     0.6869    -0.1232    -1.1995    -0.4856
     0.8203    -0.3060    -1.1460    -0.6172
     0.9536    -0.4248    -1.0390    -0.8240
     1.0425    -0.6075    -1.0033    -0.9555
     1.0691    -0.6623    -0.9320    -1.1716
     1.1402    -0.8358    -0.8249    -1.2844
     1.1846    -0.8997    -0.7179    -1.3971
     1.2024    -0.9636    -0.6198    -1.5098
     1.1935    -1.1097    -0.5484    -1.6413
     1.1758    -1.1279    -0.4681    -1.7446
     1.1669    -1.1918    -0.3789    -1.8479
     1.1580    -1.2374    -0.2807    -1.8855
     1.1758    -1.3378    -0.1558    -1.8855
     1.1846    -1.2922    -0.0220    -1.9324
     1.1491    -1.3834     0.0673    -1.9136
     1.1846    -1.3469     0.2458    -1.8949
     1.1313    -1.3834     0.3439    -1.8385
     1.0958    -1.3469     0.4689    -1.7540
     1.0158    -1.2831     0.5760    -1.6319
     0.9269    -1.2192     0.6831    -1.4722
     0.8647    -1.2374     0.8170    -1.3501
     0.7492    -1.1553     0.9331    -1.1998
     0.6336    -1.0366     1.0760    -1.0965
     0.5003    -0.9636     1.2188    -0.9273
     0.3580    -0.8906     1.3081    -0.7394
     0.2336    -0.7079     1.3171    -0.5514
     0.1091    -0.6257     1.3439    -0.3728
    -0.0065    -0.4796     1.3706    -0.2318
    -0.1577    -0.3425     1.4064    -0.0438
    -0.2110    -0.1598     1.3885     0.0879
    -0.3711    -0.0410     1.4242     0.2666
    -0.4244     0.1693     1.3706     0.4359
    -0.5489     0.3156     1.3974     0.6146
    -0.6379     0.4437     1.3885     0.7839
    -0.7446     0.5992     1.3885     0.8968
    -0.7713     0.7822     1.3081     1.0474
    -0.8780     0.8920     1.2724     1.2356
    -0.9492     1.0293     1.1563     1.3862
    -0.9937     1.0293     1.0938     1.5650
    -1.0115     1.1208     0.9153     1.6403
    -1.0559     1.1300     0.8438     1.7251
    -1.1360     1.1208     0.7099     1.7345
    -1.1093     1.0934     0.5492     1.7156
    -1.1894     1.1208     0.4243     1.7627
    -1.1538     1.1391     0.2725     1.7251
    -1.1538     1.1391     0.1744     1.7533
    -1.1894     1.1025    -0.0309     1.7439
    -1.1805     1.1117    -0.1380     1.7533
    -1.1093     1.1300    -0.2540     1.7251
    -1.0826     1.1483    -0.3789     1.7062
    -1.0292     1.1117    -0.5127     1.6874
    -1.0381     1.1117    -0.6644     1.7062
    -0.9492     1.0751    -0.7982     1.6309
    -0.9047     1.0751    -0.8874     1.5274
    -0.7713     1.1300    -1.0122     1.3109
    -0.6912     1.1025    -1.1014     1.1697
    -0.6112     1.0751    -1.1193     0.9627
    -0.4600     0.9286    -1.2263     0.7745
    -0.3266     0.8554    -1.2709     0.5958
    -0.2288     0.6724    -1.2976     0.4453
    -0.0332     0.5077    -1.3601     0.2383
     0.0824     0.4071    -1.3422     0.1161
     0.2780     0.2607    -1.3511    -0.1002
     0.4291     0.0687    -1.3155    -0.2506
     0.5803    -0.1324    -1.2798    -0.4668
     0.7225    -0.2786    -1.2620    -0.6172
     0.7847    -0.3608    -1.2174    -0.7676
     0.9003    -0.5161    -1.1371    -0.9367
     1.0247    -0.6714    -1.0568    -1.0965
     1.1136    -0.7993    -0.9766    -1.2562
     1.1224    -0.8632    -0.9141    -1.3783
     1.1935    -1.0001    -0.8517    -1.5474
     1.1669    -1.0823    -0.7268    -1.6601
     1.1846    -1.1097    -0.5930    -1.7352
     1.1580    -1.2374    -0.4949    -1.8479
     1.1669    -1.3013    -0.3789    -1.9136
     1.1580    -1.3287    -0.2629    -1.9700
     1.2113    -1.3469    -0.2004    -2.0451
     1.2202    -1.4290    -0.1023    -2.0169
     1.1758    -1.4017     0.0851    -2.0263
     1.1580    -1.4290     0.2190    -1.9888
     1.1935    -1.4564     0.3082    -1.9136
     1.1136    -1.4382     0.4600    -1.8291
     1.0780    -1.4108     0.5760    -1.7258
     1.0425    -1.3469     0.6564    -1.5662
     0.9091    -1.3104     0.7813    -1.4253
     0.8291    -1.2192     0.8974    -1.2844
     0.6603    -1.0914     1.0581    -1.1716
     0.5714    -1.0549     1.1653    -0.9649
     0.3936    -0.9180     1.2546    -0.8334
     0.2691    -0.8175     1.3260    -0.6548
     0.1535    -0.6623     1.3796    -0.4762
     0.0024    -0.5527     1.3349    -0.2882
    -0.0598    -0.3974     1.3885    -0.0720
    -0.1932    -0.2329     1.3706     0.0691
    -0.2910    -0.0592     1.4153     0.2572
    -0.3978     0.1693     1.4242     0.4170
    -0.5489     0.2699     1.3617     0.5581
    -0.6112     0.4254     1.4064     0.7839
    -0.6912     0.5626     1.3885     0.9062
    -0.7713     0.7273     1.3974     1.1227
    -0.8602     0.8828     1.3349     1.2638
    -0.9759     0.9652     1.2546     1.4144
    -1.0026     1.0201     1.1920     1.6027
    -1.0292     1.0476     1.0581     1.7156
    -1.1271     1.1300     0.8974     1.7062
    -1.1449     1.0934     0.7278     1.7251
    -1.2072     1.0751     0.6296     1.7251
    -1.1805     1.1025     0.4421     1.7721
    -1.2427     1.1208     0.3082     1.7439
    -1.2427     1.1483     0.1922     1.7815
    -1.2161     1.1300     0.0227     1.7910
    -1.2338     1.1208    -0.0934     1.7721
    -1.2072     1.1575    -0.2272     1.7721
    -1.1716     1.1575    -0.3610     1.7627
    -1.1271     1.0934    -0.4770     1.7439
    -1.0292     1.1117    -0.6465     1.7251
    -1.0115     1.1300    -0.7536     1.6497
    -0.8869     1.0842    -0.8071     1.5933
    -0.7980     1.0751    -0.8963     1.4238
    -0.6912     1.1208    -0.9766     1.2262
    -0.5756     1.0659    -1.0479     1.0474
    -0.4689     0.9469    -1.1193     0.8310
    -0.3266     0.8737    -1.1728     0.6898
    -0.2288     0.7730    -1.2085     0.4453
    -0.0776     0.5717    -1.2085     0.2854
     0.0824     0.4345    -1.2352     0.1349
     0.2513     0.2973    -1.2441    -0.0438
     0.4469     0.1419    -1.2798    -0.1754
     0.5892    -0.0044    -1.2530    -0.3822
     0.6869    -0.2146    -1.1906    -0.5890
     0.7936    -0.3243    -1.1371    -0.7488
     0.9625    -0.4705    -1.1103    -0.9085
     1.0780    -0.6257    -0.9944    -1.0401
     1.1136    -0.7627    -0.9587    -1.2374
     1.2024    -0.7993    -0.8517    -1.3501
     1.1758    -0.8997    -0.7447    -1.4722
     1.2113    -1.0092    -0.6287    -1.6037
     1.2113    -1.1097    -0.5752    -1.7540
     1.2291    -1.2009    -0.4413    -1.8291
     1.1935    -1.2831    -0.3610    -1.8761
     1.2380    -1.2739    -0.2361    -1.9888
     1.2380    -1.3013    -0.1201    -2.0169
     1.1935    -1.4108    -0.0577    -1.9981
     1.1669    -1.4017     0.0762    -1.9700
     1.1935    -1.3743     0.2190    -1.9418
     1.1580    -1.3743     0.3350    -1.8761
     1.1580    -1.3561     0.4689    -1.8103
     1.1047    -1.3652     0.5760    -1.6976
     1.0336    -1.3378     0.6921    -1.6037
     0.9536    -1.2557     0.8438    -1.4722
     0.8469    -1.1644     0.9778    -1.3407
     0.6692    -1.1188     1.0403    -1.1434
     0.5447    -0.9910     1.1653    -0.9555
     0.4736    -0.9362     1.2903    -0.8146
     0.3314    -0.8084     1.2903    -0.6548
     0.2069    -0.6988     1.3349    -0.4856
     0.0913    -0.5161     1.3617    -0.2976
    -0.0776    -0.4156     1.4064    -0.0720
    -0.2021    -0.2877     1.4064     0.0973
    -0.2644    -0.1141     1.3528     0.2007
    -0.3711     0.0322     1.3617     0.3794
    -0.4689     0.2425     1.3528     0.5581
    -0.6379     0.3522     1.3974     0.7651
    -0.6823     0.4985     1.3349     0.8874
    -0.7713     0.6724     1.2813     1.0380
    -0.8958     0.8371     1.2546     1.2450
    -0.9136     0.9469     1.1028     1.3768
    -0.9937     1.0110     1.0313     1.5462
    -1.0292     1.1025     0.8974     1.6592
    -1.0915     1.0659     0.7456     1.7533
    -1.1716     1.1117     0.6653     1.7721
    -1.1894     1.0568     0.5403     1.7533
    -1.2427     1.0842     0.3707     1.8004
    -1.2161     1.0751     0.1922     1.8286
    -1.2516     1.1025     0.0316     1.8286
    -1.2072     1.1117    -0.0755     1.8004
    -1.2027     1.1117    -0.2629     1.8004
    -1.1983     1.1300    -0.3610     1.7627
    -1.1538     1.1483    -0.4859     1.7627
    -1.1360     1.1300    -0.6465     1.7533
    -1.0737     1.1483    -0.7536     1.7721
    -0.9848     1.1025    -0.8785     1.6497
    -0.9403     1.1025    -0.9944     1.5556
    -0.8513     1.1300    -1.0747     1.3673
    -0.7624     1.0842    -1.1371     1.1979
    -0.6112     1.0751    -1.2085     1.0568
    -0.4867     0.9561    -1.2709     0.8686
    -0.3889     0.8188    -1.3065     0.6992
    -0.2733     0.7364    -1.3155     0.4829
    -0.0865     0.5351    -1.3244     0.2854
     0.0735     0.4071    -1.3333     0.1255
     0.2424     0.2973    -1.3244    -0.0344
     0.3936     0.0962    -1.3065    -0.1848
     0.5269    -0.0410    -1.2887    -0.4104
     0.6247    -0.1781    -1.2887    -0.5608
     0.8291    -0.2969    -1.2085    -0.7488
     0.9003    -0.4887    -1.1193    -0.8803
     1.0158    -0.5983    -1.0122    -1.0307
     1.0780    -0.6531    -0.9409    -1.2186
     1.1758    -0.7536    -0.8428    -1.3313
     1.2024    -0.8906    -0.7893    -1.5004
     1.2024    -0.9545    -0.7000    -1.6319
     1.2291    -1.0366    -0.5930    -1.6976
     1.2291    -1.1279    -0.4770    -1.7822
     1.2113    -1.1918    -0.3521    -1.8667
     1.1758    -1.2101    -0.2272    -1.9606
     1.2291    -1.2739    -0.1469    -1.9606
     1.2113    -1.3469    -0.0309    -1.9700
     1.2113    -1.3196     0.1208    -1.9606
     1.2291    -1.3196     0.2279    -1.9042
     1.2202    -1.3196     0.3529    -1.8761
     1.1758    -1.3652     0.4957    -1.8197
     1.1136    -1.2648     0.6474    -1.6883
     1.0780    -1.2922     0.7278    -1.5568
     0.9714    -1.2283     0.8438    -1.4534
     0.7936    -1.1370     1.0135    -1.3031
     0.6780    -1.0823     1.1206    -1.1622
     0.6069    -0.9727     1.1920    -0.9837
     0.4825    -0.8814     1.2724    -0.8146
     0.3136    -0.7901     1.3349    -0.6360
     0.1980    -0.6623     1.3974    -0.4198
     0.1002    -0.5709     1.3974    -0.2506
    -0.0332    -0.3700     1.3617    -0.1002
    -0.1665    -0.2603     1.3528     0.0597
    -0.2555    -0.0867     1.4064     0.2478
    -0.3800     0.0687     1.4242     0.4265
    -0.5134     0.2607     1.3617     0.5487
    -0.6201     0.4162     1.3706     0.6992
    -0.6912     0.5534     1.3885     0.8780
    -0.8247     0.6632     1.3171     1.0474
    -0.8513     0.8005     1.2992     1.2356
    -0.9136     0.9194     1.2010     1.3862
    -1.0026     0.9744     1.0492     1.5838
    -1.0826     1.0384     0.9242     1.6686
    -1.1271     1.0934     0.7813     1.7627
    -1.1627     1.0934     0.7010     1.7439
    -1.1627     1.0842     0.5403     1.7815
    -1.2338     1.0751     0.3707     1.8098
    -1.2516     1.1117     0.2725     1.7627
    -1.2427     1.1391     0.0673     1.8004
    -1.2872     1.1483    -0.0577     1.8098
    -1.2338     1.1300    -0.2272     1.7627
    -1.2250     1.1117    -0.3432     1.8098
    -1.1983     1.1208    -0.4859     1.7439
    -1.1538     1.1575    -0.5841     1.7815
    -1.1360     1.1483    -0.7179     1.7251
    -1.0203     1.0842    -0.8339     1.6497
    -0.9403     1.1208    -0.9230     1.5274
    -0.8780     1.0659    -1.0836     1.3109
    -0.7980     1.0934    -1.1728     1.1697
    -0.6557     1.0476    -1.2174     1.0097
    -0.5400     1.0293    -1.2530     0.7745
    -0.4155     0.8920    -1.3422     0.6146
    -0.2466     0.7547    -1.3244     0.4359
    -0.0954     0.5992    -1.4046     0.3042
     0.0202     0.4802    -1.3601     0.1067
     0.2158     0.2882    -1.3690    -0.0250
     0.3491     0.1327    -1.3244    -0.2318
     0.5358    -0.0410    -1.3422    -0.4386
     0.6780    -0.1141    -1.2530    -0.5514
     0.8114    -0.2694    -1.2441    -0.7488
     0.9714    -0.3974    -1.1549    -0.9085
     1.0869    -0.5527    -1.0925    -1.0965
     1.1136    -0.6714    -1.0301    -1.2374
     1.1491    -0.7719    -0.9498    -1.3595
     1.2202    -0.9088    -0.8071    -1.5098
     1.2291    -0.9636    -0.7179    -1.6319
     1.2380    -1.0184    -0.6108    -1.7446
     1.2024    -1.1097    -0.5484    -1.8103
     1.1758    -1.2192    -0.4413    -1.8667
     1.2380    -1.2831    -0.2986    -1.9418
     1.2202    -1.2922    -0.2183    -1.9606
     1.1758    -1.2922    -0.1112    -1.9324
     1.2291    -1.3378     0.0494    -1.9324
     1.1758    -1.3926     0.1387    -1.8667
     1.1935    -1.3469     0.3082    -1.8291
     1.2113    -1.3104     0.4064    -1.7822
     1.1224    -1.3196     0.5314    -1.6225
     1.1047    -1.2374     0.6385    -1.5474
     0.9980    -1.2101     0.7456    -1.4065
     0.8469    -1.1462     0.8617    -1.2562
     0.7225    -1.0914     0.9867    -1.0777
     0.6069    -0.9545     1.1474    -0.8709
     0.5180    -0.8449     1.2188    -0.7394
     0.3580    -0.8084     1.3349    -0.5232
     0.2158    -0.6440     1.3349    -0.4104
     0.0824    -0.5070     1.3617    -0.2224
    -0.0510    -0.3700     1.3974    -0.0344
    -0.1310    -0.2420     1.3617     0.1067
    -0.2555    -0.1141     1.3617     0.2383
    -0.4244    -0.0135     1.4153     0.4359
    -0.4778     0.2333     1.3796     0.5675
    -0.6379     0.3888     1.3974     0.7839
    -0.7357     0.5260     1.3617     0.9345
    -0.8158     0.6175     1.3617     1.0756
    -0.9136     0.7456     1.2546     1.2638
    -0.9492     0.8645     1.1474     1.4144
    -1.0381     1.0018     1.0403     1.5744
    -1.0470     1.0568     0.9510     1.6592
    -1.1538     1.0659     0.8170     1.7721
    -1.1538     1.1300     0.7278     1.7251
    -1.2427     1.1208     0.5582     1.7439
    -1.2250     1.1254     0.4600     1.7627
    -1.2605     1.1300     0.2815     1.8098
    -1.3139     1.1346     0.1119     1.8004
    -1.2605     1.1391     0.0137     1.7533
    -1.2961     1.0934    -0.1647     1.8004
    -1.2427     1.1391    -0.2718     1.8098
    -1.2338     1.0842    -0.4413     1.7815
    -1.1716     1.1025    -0.5662     1.7345
    -1.0826     1.0659    -0.6376     1.7251
    -1.0026     1.0751    -0.7982     1.5838
    -0.9136     1.0751    -0.8963     1.4709
    -0.8513     1.0751    -0.9944     1.2450
    -0.7891     1.0476    -1.0301     1.1132
    -0.6379     0.9927    -1.1460     0.9439
    -0.5223     0.9286    -1.1639     0.7087
    -0.3800     0.8645    -1.2620     0.5770
    -0.2466     0.7181    -1.2352     0.3606
    -0.0954     0.5900    -1.2530     0.1913
     0.0735     0.3888    -1.2709     0.0409
     0.2247     0.2516    -1.3065    -0.1566
     0.3402     0.1236    -1.2798    -0.2882
     0.5269    -0.0501    -1.2620    -0.5138
     0.7136    -0.1963    -1.1817    -0.6266
     0.7936    -0.3151    -1.1103    -0.7770
     0.9714    -0.5161    -1.0925    -0.9931
     1.0602    -0.5527    -1.0033    -1.1059
     1.1047    -0.7262    -0.9052    -1.2844
     1.1402    -0.8084    -0.8339    -1.3877
     1.1447    -0.9271    -0.7982    -1.5098
     1.1491    -0.9453    -0.6644    -1.6507
     1.1580    -1.0275    -0.5841    -1.7446
     1.1669    -1.1553    -0.4681    -1.8667
     1.2024    -1.1827    -0.4235    -1.8949
     1.1669    -1.2648    -0.2540    -1.9794
     1.1669    -1.3378    -0.1915    -2.0075
     1.2113    -1.3196    -0.0398    -1.9794
     1.2158    -1.3652     0.0851    -2.0075
     1.2202    -1.4290     0.2101    -1.9136
     1.1580    -1.3926     0.3350    -1.9042
     1.1669    -1.3561     0.4153    -1.8197
     1.1846    -1.3561     0.6028    -1.6883
     1.1047    -1.3104     0.6921    -1.6037
     1.0069    -1.2831     0.8349    -1.4534
     0.8825    -1.1827     0.9867    -1.2938
     0.7758    -1.1462     1.1028    -1.1434
     0.6425    -1.0640     1.2188    -0.9649
     0.4558    -0.8906     1.2546    -0.8615
     0.3225    -0.8540     1.3171    -0.6360
     0.1980    -0.6897     1.3528    -0.4950
     0.1091    -0.5344     1.3974    -0.2788
    -0.0865    -0.4430     1.3617    -0.1284
    -0.1754    -0.3151     1.4064     0.0315
    -0.2733    -0.1781     1.3706     0.2383
    -0.4333    -0.0135     1.3528     0.3512
    -0.5667     0.1876     1.3706     0.5393
    -0.6023     0.3613     1.3349     0.7275
    -0.7535     0.4985     1.3528     0.8404
    -0.7891     0.5626     1.2903     1.0380
    -0.9403     0.7090     1.2635     1.1603
    -0.9759     0.8645     1.1295     1.3391
    -1.0826     0.9011     1.0403     1.4709
    -1.1360     1.0110     0.9510     1.5933
    -1.1449     1.0293     0.7903     1.7251
    -1.2072     1.0476     0.7010     1.7533
    -1.3050     1.0476     0.5671     1.7251
    -1.2783     1.0568     0.3886     1.7721
    -1.3317     1.0659     0.2547     1.7439
    -1.3673     1.1208     0.1119     1.7251
    -1.3139     1.1208    -0.0220     1.7815
    -1.3584     1.0659    -0.1826     1.7533
    -1.2783     1.0934    -0.2807     1.7910
    -1.2427     1.0568    -0.4324     1.7439
    -1.2338     1.1208    -0.5841     1.7251
    -1.1360     1.1117    -0.6733     1.7345
    -1.1182     1.1025    -0.8428     1.6215
    -1.0203     1.0842    -0.8963     1.4615
    -0.9581     1.1117    -1.0033     1.3015
    -0.8069     1.0934    -1.0747     1.1321
    -0.6912     1.0110    -1.1639     0.9439
    -0.6201     0.9469    -1.1995     0.8027
    -0.4511     0.8554    -1.2976     0.5864
    -0.2999     0.6998    -1.2887     0.4453
    -0.1932     0.5443    -1.3065     0.2383
    -0.0065     0.4528    -1.2976     0.1067
     0.1713     0.2973    -1.3065    -0.0720
     0.3580     0.0870    -1.2709    -0.2412
     0.4914    -0.0867    -1.2620    -0.4386
     0.6780    -0.1872    -1.1728    -0.6078
     0.8203    -0.3791    -1.1193    -0.7864
     0.9358    -0.4979    -1.1014    -0.9273
     1.0691    -0.6531    -1.0212    -1.0965
     1.0958    -0.7079    -0.8963    -1.2938
     1.1136    -0.8632    -0.8339    -1.4253
     1.1224    -0.9453    -0.7357    -1.5568
     1.1758    -1.0549    -0.6644    -1.7070
     1.1846    -1.1188    -0.5841    -1.8009
     1.1491    -1.1553    -0.4681    -1.8573
     1.1669    -1.2557    -0.3610    -1.9042
     1.1580    -1.3287    -0.2540    -1.9700
     1.1491    -1.3469    -0.1737    -2.0263
     1.1402    -1.4017    -0.0220    -1.9888
     1.1402    -1.3926     0.0583    -2.0263
     1.1402    -1.4199     0.2190    -1.9512
     1.1402    -1.4382     0.3261    -1.8855
     1.1136    -1.4017     0.4600    -1.8009
     1.1136    -1.4290     0.6028    -1.7070
     1.0869    -1.3743     0.7099    -1.6225
     0.9891    -1.2739     0.8438    -1.4910
     0.8203    -1.2557     0.9242    -1.2844
     0.7403    -1.1553     1.0492    -1.1434
     0.6247    -1.0275     1.2188    -1.0119
     0.4914    -0.9819     1.2724    -0.8334
     0.3669    -0.8632     1.3706    -0.6642
     0.1891    -0.6897     1.3439    -0.4668
     0.1091    -0.5435     1.3885    -0.3258
    -0.0332    -0.4339     1.3706    -0.1096
    -0.1665    -0.2877     1.3796     0.0221
    -0.2910    -0.1232     1.3617     0.1913
    -0.4066     0.0047     1.3528     0.3606
    -0.5489     0.2059     1.3706     0.5581
    -0.6023     0.3705     1.3974     0.6898
    -0.7090     0.4985     1.3349     0.8404
    -0.8424     0.5717     1.3528     1.0568
    -0.9403     0.7181     1.2546     1.2450
    -1.0026     0.8279     1.1474     1.3673
    -1.0915     0.9378     1.0938     1.5556
    -1.1449     1.0110     0.9510     1.6592
    -1.2161     1.0293     0.8438     1.7439
    -1.2605     1.0842     0.7010     1.7533
    -1.3228     1.0659     0.5760     1.7721
    -1.3139     1.0934     0.3975     1.7533
    -1.3139     1.1025     0.2547     1.7345
    -1.3228     1.0934     0.1387     1.7910
    -1.3317     1.0842    -0.0487     1.7627
    -1.3139     1.0659    -0.1558     1.7345
    -1.3317     1.0568    -0.2986     1.7721
    -1.2605     1.0934    -0.4146     1.7251
    -1.2338     1.1025    -0.5930     1.7627
    -1.1360     1.0842    -0.6911     1.6968
    -1.1004     1.0476    -0.8249     1.6027
    -1.0470     1.0293    -0.9409     1.4897
    -0.9225     1.0201    -0.9855     1.2921
    -0.8869     1.0659    -1.1193     1.1321
    -0.7357     1.0293    -1.1639     0.9156
    -0.6823     0.8828    -1.2085     0.7745
    -0.5400     0.8188    -1.2709     0.5864
    -0.3711     0.6632    -1.3422     0.3606
    -0.2999     0.5992    -1.3333     0.2572
    -0.1310     0.4071    -1.3511     0.0973
     0.0824     0.2973    -1.2976    -0.1096
     0.2069     0.1327    -1.3065    -0.2412
     0.3847    -0.0501    -1.2530    -0.4574
     0.5803    -0.2329    -1.1995    -0.6266
     0.7403    -0.3243    -1.1371    -0.8052
     0.8114    -0.4613    -1.1282    -0.9555
     0.9536    -0.5983    -1.0390    -1.1340
     1.0602    -0.7445    -0.9230    -1.2750
     1.1136    -0.8084    -0.8339    -1.3971
     1.1313    -0.9453    -0.7982    -1.5662
     1.1491    -1.0001    -0.6733    -1.6695
     1.1136    -1.1097    -0.5752    -1.7728
     1.1491    -1.2101    -0.4859    -1.8385
     1.1758    -1.2739    -0.4235    -1.9512
     1.1758    -1.3378    -0.3075    -1.9606
     1.1846    -1.3469    -0.2094    -2.0169
     1.1491    -1.3561    -0.0666    -1.9981
     1.1224    -1.4473     0.0851    -2.0169
     1.1491    -1.4382     0.1744    -1.9230
     1.1580    -1.4290     0.2993    -1.8761
     1.1402    -1.4473     0.4243    -1.8009
     1.0958    -1.3743     0.6028    -1.7352
     1.0602    -1.3652     0.6921    -1.5568
     0.9269    -1.2466     0.8260    -1.4441
     0.8647    -1.2009     0.9510    -1.2750
     0.7314    -1.1462     1.1117    -1.1434
     0.6158    -1.0184     1.1920    -0.9555
     0.4736    -0.9545     1.2724    -0.8052
     0.3225    -0.7901     1.3081    -0.6360
     0.2513    -0.6988     1.3885    -0.4198
     0.1269    -0.5892     1.3885    -0.2224
     0.0024    -0.4248     1.3885    -0.0438
    -0.1488    -0.2877     1.3617     0.0691
    -0.3088    -0.1506     1.3439     0.2289
    -0.3978     0.0139     1.3974     0.4453
    -0.4867     0.1693     1.3617     0.6052
    -0.5845     0.3339     1.3528     0.7745
    -0.7090     0.5168     1.3796     0.9439
    -0.7802     0.6724     1.3081     1.0944
    -0.9314     0.7730     1.2724     1.2168
    -0.9492     0.8645     1.1563     1.4238
    -1.0381     0.9927     1.0581     1.5744
    -1.1449     1.0018     0.9510     1.6403
    -1.1716     1.0064     0.7992     1.6968
    -1.1983     1.0110     0.6564     1.7627
    -1.2961     1.0156     0.5760     1.7156
    -1.3317     1.0201     0.4421     1.7251
    -1.3406     1.0476     0.2904     1.7439
    -1.3851     1.0384     0.1297     1.7439
    -1.3673     1.0659    -0.0487     1.7815
    -1.3228     1.0476    -0.1647     1.7721
    -1.3406     1.0384    -0.2986     1.7251
    -1.3317     1.0384    -0.4592     1.7156
    -1.2694     1.0293    -0.6019     1.7345
    -1.1805     1.0201    -0.6733     1.7156
    -1.1449     1.0339    -0.8160     1.5838
    -1.0826     1.0476    -0.9230     1.4426
    -0.9670     1.0659    -1.0301     1.2826
    -0.9136     1.0568    -1.1371     1.0756
    -0.8158     1.0018    -1.1639     0.8874
    -0.7179     0.8920    -1.2352     0.6992
    -0.5756     0.8005    -1.2887     0.5487
    -0.4066     0.6998    -1.3244     0.3700
    -0.2999     0.5717    -1.3244     0.1819
    -0.1310     0.4254    -1.3110     0.0503
     0.0557     0.2333    -1.2976    -0.1284
     0.2247     0.0870    -1.2798    -0.2788
     0.3669    -0.0592    -1.2709    -0.4950
     0.5091    -0.1872    -1.1995    -0.6548
     0.6780    -0.3334    -1.0925    -0.7958
     0.7936    -0.5435    -1.0658    -1.0213
     0.9003    -0.6349    -0.9855    -1.1810
     1.0425    -0.7719    -0.9409    -1.2844
     1.0513    -0.8084    -0.8160    -1.4628
     1.0780    -0.8997    -0.7357    -1.5755
     1.0958    -1.0549    -0.6376    -1.7164
     1.1047    -1.1370    -0.5395    -1.8197
     1.1313    -1.1827    -0.4859    -1.8855
     1.1047    -1.2557    -0.3878    -1.9606
     1.1580    -1.3469    -0.3164    -1.9700
     1.1402    -1.3834    -0.2094    -2.0263
     1.1047    -1.3926    -0.0755    -2.0357
     1.1669    -1.4382     0.0583    -1.9700
     1.1491    -1.4290     0.1654    -1.9606
     1.1402    -1.4655     0.3350    -1.8667
     1.0869    -1.4838     0.4153    -1.8197
     1.1224    -1.4108     0.5849    -1.7258
     1.0158    -1.3561     0.6831    -1.5755
     0.9003    -1.2831     0.7903    -1.4816
     0.8025    -1.2192     0.9242    -1.3031
     0.7403    -1.2009     1.0760    -1.1434
     0.5980    -1.1097     1.1831    -0.9649
     0.4380    -0.9819     1.2635    -0.8334
     0.3491    -0.8358     1.3528    -0.6642
     0.1980    -0.7353     1.3528    -0.4856
     0.0824    -0.5801     1.3439    -0.2600
     0.0024    -0.4613     1.3796    -0.1096
    -0.1043    -0.3334     1.3439     0.0879
    -0.2288    -0.1232     1.3528     0.2195
    -0.3533     0.0413     1.3439     0.3888
    -0.4778     0.1602     1.3349     0.5864
    -0.5667     0.3065     1.3260     0.7463
    -0.6735     0.4437     1.3439     0.9250
    -0.8247     0.5992     1.3260     1.0662
    -0.8869     0.7639     1.2188     1.2356
    -0.9759     0.9194     1.1831     1.4144
    -1.0648     0.9927     1.0224     1.5462
    -1.0737     1.0293     0.9153     1.6874
    -1.1271     1.0659     0.7992     1.7345
    -1.2338     1.0751     0.6564     1.7345
    -1.2338     1.0842     0.5671     1.7815
    -1.3050     1.0659     0.3886     1.7439
    -1.2783     1.0476     0.3082     1.7815
    -1.3317     1.0384     0.1119     1.7721
    -1.3495     1.0293    -0.0130     1.7533
    -1.3317     1.0339    -0.1915     1.7627
    -1.2694     1.0384    -0.2897     1.7533
    -1.2961     1.0659    -0.4324     1.7439
    -1.2427     1.0384    -0.5573     1.7345
    -1.1716     1.0842    -0.6911     1.7345
    -1.1360     1.0568    -0.7982     1.6215
    -1.0737     1.0476    -0.8785     1.4991
    -0.9759     1.0110    -0.9855     1.3673
    -0.9225     1.0018    -1.1193     1.1415
    -0.7713     1.0201    -1.1460     0.9909
    -0.7090     0.9652    -1.2441     0.7839
    -0.5845     0.8828    -1.2887     0.5770
    -0.4511     0.6815    -1.3422     0.4076
    -0.3088     0.5717    -1.3511     0.2289
    -0.1221     0.3796    -1.3333     0.0785
     0.0380     0.2425    -1.3422    -0.0814
     0.2336     0.0962    -1.3333    -0.2600
     0.3936    -0.0410    -1.2887    -0.4292
     0.5180    -0.2055    -1.1817    -0.6172
     0.7047    -0.4065    -1.1282    -0.7770
     0.8203    -0.5435    -1.0479    -0.9367
     0.8825    -0.6440    -1.0479    -1.1528
     1.0069    -0.7445    -0.9409    -1.2468
     1.0869    -0.8814    -0.8339    -1.3971
     1.1047    -1.0001    -0.7447    -1.5568
     1.1313    -1.0731    -0.7000    -1.6413
     1.1402    -1.1462    -0.5752    -1.7822
     1.1402    -1.2466    -0.5306    -1.8385
     1.1402    -1.2922    -0.4324    -1.9042
     1.1580    -1.3013    -0.3343    -1.9700
     1.1136    -1.4108    -0.1737    -2.0263
     1.1136    -1.4473    -0.0755    -2.0451
     1.1491    -1.4382     0.0137    -1.9888
     1.1224    -1.4655     0.1565    -1.9794
     1.1136    -1.4382     0.2725    -1.9230
     1.0780    -1.4108     0.4064    -1.8197
     1.1047    -1.3834     0.5046    -1.7352
     0.9891    -1.4017     0.6653    -1.5662
     0.9536    -1.2922     0.8081    -1.4347
     0.8114    -1.2739     0.8795    -1.3313
     0.6958    -1.1644     1.0045    -1.1340
     0.5892    -1.0458     1.1206    -0.9649
     0.4825    -0.9453     1.2188    -0.8052
     0.3669    -0.8449     1.2992    -0.6360
     0.2691    -0.7627     1.3439    -0.4574
     0.1180    -0.6257     1.3171    -0.2600
     0.0469    -0.4430     1.3260    -0.1284
    -0.0865    -0.3151     1.3349     0.0691
    -0.2377    -0.1781     1.3885     0.1913
    -0.3177    -0.0318     1.3439     0.3606
    -0.4333     0.1876     1.3349     0.5487
    -0.5934     0.2699     1.3796     0.7087
    -0.6646     0.4802     1.3349     0.9062
    -0.7624     0.5809     1.2992     1.0662
    -0.8602     0.7364     1.2010     1.1979
    -0.9759     0.8737     1.1295     1.3768
    -1.0203     0.9378     1.0581     1.5744
    -1.0381     0.9835     0.8974     1.6592
    -1.1449     1.0384     0.7546     1.7156
    -1.1983     1.0751     0.6206     1.7251
    -1.1894     1.0751     0.5403     1.7533
    -1.2427     1.0659     0.3886     1.7910
    -1.2516     1.0568     0.2636     1.7815
    -1.3139     1.0751     0.0673     1.8004
    -1.3406     1.0934    -0.0666     1.7627
    -1.2783     1.0934    -0.2183     1.7815
    -1.3050     1.0751    -0.3700     1.7910
    -1.2961     1.0568    -0.4592     1.7439
    -1.2694     1.0842    -0.6019     1.7627
    -1.2072     1.0934    -0.7536     1.6968
    -1.1538     1.0384    -0.8874     1.6121
    -1.1004     1.0110    -1.0033     1.4897
    -1.0115     1.0476    -1.1014     1.3109
    -0.8869     1.0293    -1.1460     1.1603
    -0.8069     0.9927    -1.2352     0.9909
    -0.6557     1.0018    -1.2709     0.7933
    -0.5756     0.9103    -1.3601     0.6146
    -0.4511     0.7639    -1.3422     0.4076
    -0.2555     0.5809    -1.4046     0.2666
    -0.1310     0.4071    -1.3779     0.1067
     0.0557     0.3156    -1.3690    -0.0344
     0.1891     0.1053    -1.3690    -0.2694
     0.3402    -0.0227    -1.3422    -0.4480
     0.5536    -0.1963    -1.2352    -0.5702
     0.6958    -0.3060    -1.1639    -0.7394
     0.7669    -0.5161    -1.1282    -0.9461
     0.8736    -0.5983    -1.0568    -1.1434
     0.9714    -0.6988    -0.9676    -1.2750
     1.0780    -0.8084    -0.8695    -1.3971
     1.1224    -0.9453    -0.8339    -1.5098
     1.0869    -1.0640    -0.6911    -1.6789
     1.1313    -1.0823    -0.6287    -1.7446
     1.1047    -1.1918    -0.4859    -1.8855
     1.1580    -1.2557    -0.4235    -1.9324
     1.1758    -1.3652    -0.3432    -2.0263
     1.1313    -1.3561    -0.2183    -2.0639
     1.1224    -1.3834    -0.0934    -2.0545
     1.1313    -1.4929     0.0673    -2.0169
     1.1402    -1.4655     0.1387    -2.0357
     1.1313    -1.5020     0.2636    -1.9418
     1.0958    -1.5112     0.3707    -1.8761
     1.0602    -1.4564     0.4957    -1.7446
     1.0780    -1.4108     0.7010    -1.6695
     0.9802    -1.3834     0.7992    -1.5380
     0.8736    -1.3013     0.9420    -1.3877
     0.7580    -1.2466     1.0581    -1.1998
     0.6514    -1.0914     1.1920    -1.0589
     0.5358    -0.9910     1.2903    -0.8803
     0.4114    -0.8814     1.3528    -0.6830
     0.2602    -0.7445     1.3260    -0.4762
     0.1624    -0.6897     1.3885    -0.3446
     0.0469    -0.5344     1.3528    -0.1566
    -0.0776    -0.3974     1.3439     0.0127
    -0.2110    -0.1781     1.3617     0.1631
    -0.3622    -0.0867     1.3885     0.3324
    -0.4244     0.1510     1.3528     0.5205
    -0.5667     0.3065     1.3528     0.6710
    -0.6646     0.4437     1.3260     0.8404
    -0.7179     0.5717     1.2546     0.9909
    -0.8336     0.6632     1.1742     1.1791
    -0.9314     0.8279     1.1028     1.3673
    -0.9670     0.8645     0.9867     1.4991
    -1.0737     1.0293     0.8617     1.6497
    -1.0915     1.0293     0.7724     1.7627
    -1.1627     1.0659     0.6653     1.7251
    -1.1894     1.0842     0.5135     1.7392
    -1.2338     1.0476     0.4243     1.7533
    -1.2516     1.0659     0.2725     1.7533
    -1.3228     1.0568     0.1297     1.7721
    -1.3317     1.0384    -0.0309     1.8098
    -1.2783     1.0522    -0.2183     1.8004
    -1.2516     1.0659    -0.3521     1.7533
    -1.2250     1.0659    -0.4681     1.7910
    -1.1805     1.1117    -0.6198     1.7439
    -1.1894     1.0568    -0.7179     1.7439
    -1.0915     1.0384    -0.8785     1.6497
    -1.0737     1.0842    -0.9766     1.5368
    -0.9848     1.0476    -1.0836     1.3862
    -0.8691     1.0568    -1.1193     1.1791
    -0.7446     1.0384    -1.2085     1.0191
    -0.6379     0.9561    -1.2441     0.8027
    -0.5134     0.8645    -1.3422     0.6616
    -0.3889     0.7822    -1.3601     0.4735
    -0.2910     0.5992    -1.3333     0.3042
    -0.0865     0.4894    -1.3511     0.1443
     0.0291     0.3522    -1.3511    -0.0344
     0.1891     0.1967    -1.3601    -0.2506
     0.4025     0.0047    -1.2798    -0.3728
     0.5091    -0.1689    -1.2798    -0.5702
     0.6780    -0.3243    -1.1639    -0.7582
     0.7758    -0.4339    -1.1193    -0.9085
     0.9003    -0.6166    -1.0658    -1.0495
     1.0425    -0.6805    -0.9944    -1.1998
     1.0602    -0.8540    -0.8695    -1.3877
     1.1491    -0.9453    -0.8339    -1.5098
     1.1580    -1.0366    -0.7447    -1.6695
     1.1224    -1.0640    -0.6287    -1.7446
     1.1224    -1.1553    -0.5484    -1.8385
     1.1313    -1.2101    -0.4503    -1.9324
     1.1402    -1.3378    -0.3700    -1.9888
     1.1313    -1.3743    -0.2540    -1.9888
     1.1669    -1.4290    -0.1290    -2.0357
     1.1402    -1.4564    -0.0220    -1.9981
     1.1224    -1.4290     0.1208    -1.9700
     1.1669    -1.4655     0.2993    -1.9418
     1.1313    -1.4382     0.4153    -1.8479
     1.1224    -1.4838     0.5046    -1.7446
     1.1136    -1.3743     0.6653    -1.6507
     1.0158    -1.3378     0.8081    -1.4910
     0.9180    -1.3104     0.9242    -1.3595
     0.7847    -1.1827     1.0403    -1.1810
     0.7047    -1.1097     1.1474    -1.0495
     0.5803    -1.0184     1.2456    -0.8803
     0.4736    -0.9362     1.3081    -0.7112
     0.3225    -0.8084     1.3796    -0.5044
     0.1624    -0.6623     1.3706    -0.3070
     0.0913    -0.4613     1.3349    -0.1754
    -0.0421    -0.2969     1.3439     0.0127
    -0.2021    -0.1689     1.3528     0.2007
    -0.2644    -0.0684     1.3439     0.3136
    -0.4422     0.1510     1.3349     0.5299
    -0.5489     0.2699     1.3260     0.6898
    -0.5756     0.4711     1.3617     0.8404
    -0.7268     0.6083     1.3260     1.0097
    -0.7980     0.7181     1.3081     1.1697
    -0.8513     0.8462     1.1742     1.3485
    -0.9403     0.9927     1.0670     1.4991
    -0.9848     1.0568     0.9420     1.6592
    -1.0381     1.0659     0.8260     1.7533
    -1.1004     1.0659     0.6831     1.7439
    -1.1894     1.0476     0.6028     1.8004
    -1.2250     1.0476     0.4510     1.8098
    -1.2427     1.0476     0.2636     1.7721
    -1.2783     1.1208     0.1208     1.7910
    -1.2605     1.1117    -0.0309     1.7721
    -1.2694     1.1208    -0.1647     1.7627
    -1.2605     1.0751    -0.3432     1.8004
    -1.2250     1.0659    -0.4235     1.7533
    -1.1983     1.1025    -0.5395     1.7439
    -1.1182     1.0568    -0.7179     1.7345
    -1.0915     1.1025    -0.8071     1.6497
    -1.0559     1.0568    -0.8963     1.5462
    -0.9314     1.0751    -1.0301     1.3862
    -0.8958     1.1025    -1.1282     1.1979
    -0.8069     1.0110    -1.1460     1.0568
    -0.6646     1.0293    -1.2263     0.8216
    -0.5845     0.8828    -1.2887     0.6522
    -0.4600     0.8096    -1.3422     0.5017
    -0.2644     0.6449    -1.3155     0.3042
    -0.1043     0.5260    -1.3601     0.1819
     0.0469     0.3705    -1.3511    -0.0250
     0.1802     0.1876    -1.2976    -0.2036
     0.3402     0.0413    -1.2976    -0.3916
     0.5447    -0.1324    -1.2441    -0.5326
     0.6780    -0.2877    -1.1639    -0.6736
     0.7492    -0.4430    -1.1639    -0.8803
     0.8825    -0.5253    -1.0568    -1.0119
     0.9447    -0.6440    -1.0122    -1.2186
     1.0158    -0.7719    -0.9141    -1.3689
     1.0869    -0.9271    -0.8428    -1.4722
     1.1669    -0.9545    -0.7536    -1.5943
     1.1846    -1.0640    -0.6465    -1.7352
     1.1491    -1.1370    -0.5216    -1.8291
     1.1580    -1.2466    -0.4235    -1.9324
     1.2024    -1.3287    -0.3610    -1.9606
     1.1980    -1.3196    -0.2094    -2.0075
     1.1935    -1.4290    -0.1023    -1.9981
     1.1669    -1.4017    -0.0130    -2.0075
     1.1491    -1.4199     0.1565    -1.9418
     1.1758    -1.4382     0.3082    -1.8761
     1.1846    -1.4199     0.4332    -1.8385
     1.1224    -1.4655     0.5314    -1.7352
     1.0602    -1.3652     0.6742    -1.5849
     1.0069    -1.3469     0.8170    -1.4722
     0.8914    -1.3013     0.9420    -1.3313
     0.7580    -1.1553     1.0670    -1.1810
     0.6869    -1.0549     1.2010    -1.0495
     0.5714    -0.9636     1.2813    -0.8334
     0.4469    -0.8358     1.3260    -0.6642
     0.2869    -0.7627     1.3885    -0.4762
     0.2069    -0.6531     1.3796    -0.3352
     0.0380    -0.4613     1.4153    -0.1284
    -0.0243    -0.3060     1.3528     0.0033
    -0.1665    -0.1506     1.3706     0.1631
    -0.3088    -0.0501     1.3796     0.3418
    -0.4244     0.1602     1.3796     0.5111
    -0.4867     0.3065     1.3528     0.6616
    -0.5845     0.4894     1.3528     0.8216
    -0.6735     0.6083     1.3439     0.9909
    -0.7357     0.7639     1.3439     1.1885
    -0.8513     0.8920     1.2188     1.3673
    -0.9492     0.9927     1.1295     1.5085
    -1.0115     1.0293     0.9867     1.6686
    -1.0115     1.0934     0.8617     1.7721
    -1.1182     1.0476     0.7724     1.7627
    -1.1716     1.0659     0.6206     1.7627
    -1.2161     1.1208     0.4689     1.7721
    -1.2516     1.1300     0.3172     1.7721
    -1.2783     1.0659     0.1833     1.8098
    -1.2605     1.0751    -0.0130     1.7721
    -1.2338     1.0751    -0.1469     1.8004
    -1.2694     1.1483    -0.3164     1.7627
    -1.2338     1.1208    -0.4413     1.7627
    -1.1449     1.1391    -0.5216     1.7721
    -1.1271     1.1391    -0.6911     1.7721
    -1.0915     1.1208    -0.8339     1.7062
    -1.0292     1.0659    -0.9320     1.5744
    -0.9492     1.1025    -1.0212     1.3956
    -0.8513     1.0842    -1.1103     1.2074
    -0.7802     1.0659    -1.1460     1.0286
    -0.7001     1.0201    -1.2085     0.8027
    -0.5845     0.9103    -1.2798     0.6146
    -0.4155     0.7913    -1.2887     0.4359
    -0.3177     0.6541    -1.3333     0.2572
    -0.1488     0.5351    -1.3511     0.1443
    -0.0065     0.3796    -1.2976    -0.0438
     0.2336     0.2333    -1.3065    -0.1754
     0.3580     0.0596    -1.2352    -0.3634
     0.5091    -0.1415    -1.2263    -0.5420
     0.6603    -0.2603    -1.1817    -0.7206
     0.7580    -0.3791    -1.1103    -0.8991
     0.8469    -0.5801    -1.0390    -1.0589
     0.9536    -0.6714    -0.9587    -1.1810
     1.0958    -0.7901    -0.8428    -1.3219
     1.1313    -0.9180    -0.7447    -1.4347
     1.1047    -0.9545    -0.7090    -1.5943
     1.1313    -1.0640    -0.6108    -1.6976
     1.1402    -1.1735    -0.5216    -1.7634
     1.1846    -1.2009    -0.4146    -1.8761
     1.1491    -1.2922    -0.2897    -1.9230
     1.1580    -1.3013    -0.2004    -1.9230
     1.2024    -1.3834    -0.1558    -1.9230
     1.1758    -1.3834     0.0137    -1.8949
     1.1491    -1.3743     0.1476    -1.9042
     1.1669    -1.4473     0.2815    -1.8197
     1.1580    -1.4473     0.4153    -1.7446
     1.1491    -1.3561     0.4957    -1.6976
     1.0602    -1.3652     0.6474    -1.5474
     0.9802    -1.3469     0.7546    -1.4441
     0.8558    -1.2374     0.8795    -1.2844
     0.7758    -1.1462     1.0403    -1.1152
     0.6958    -1.0914     1.2010    -0.9931
     0.5447    -0.9819     1.2635    -0.8052
     0.4291    -0.8814     1.3260    -0.6078
     0.3491    -0.6988     1.3796    -0.4574
     0.2336    -0.5709     1.3706    -0.3164
     0.0557    -0.4522     1.4153    -0.1284
    -0.0065    -0.3334     1.3349     0.0503
    -0.1310    -0.1506     1.3617     0.1631
    -0.2466     0.0413     1.3528     0.3230
    -0.3266     0.2150     1.3796     0.5299
    -0.4956     0.3065     1.3528     0.6616
    -0.5489     0.4345     1.3617     0.8310
    -0.6201     0.5443     1.3706     1.0380
    -0.7802     0.6815     1.2635     1.1509
    -0.8513     0.8096     1.1831     1.3391
    -0.8780     0.9652     1.1117     1.5274
    -0.9492     0.9835     1.0135     1.6497
    -1.0648     1.0842     0.8617     1.7156
    -1.0915     1.1117     0.7635     1.7439
    -1.1182     1.0934     0.5939     1.7815
    -1.1983     1.1117     0.4868     1.7721
    -1.1716     1.0659     0.2904     1.8004
    -1.2427     1.1300     0.1744     1.7721
    -1.2338     1.1300     0.0048     1.7721
    -1.2338     1.1391    -0.1558     1.7721
    -1.2161     1.1483    -0.2361     1.7910
    -1.1983     1.1208    -0.4056     1.7627
    -1.1716     1.0659    -0.5484     1.7439
    -1.1093     1.0934    -0.6733     1.7533
    -1.0292     1.1117    -0.7893     1.7062
    -1.0292     1.0934    -0.8517     1.5556
    -0.9581     1.0568    -0.9855     1.3862
    -0.9314     1.0568    -1.0479     1.1979
    -0.8158     1.0842    -1.1103     1.0286
    -0.7535     1.0384    -1.2174     0.8121
    -0.6379     0.9744    -1.2709     0.6334
    -0.4778     0.8005    -1.2976     0.4641
    -0.3800     0.6541    -1.3155     0.2572
    -0.1843     0.5077    -1.2887     0.1725
     0.0024     0.3979    -1.3333     0.0033
     0.1269     0.2607    -1.2887    -0.1660
     0.3314     0.0962    -1.2709    -0.3634
     0.4203    -0.1141    -1.2174    -0.5514
     0.5892    -0.2694    -1.1817    -0.6830
     0.7669    -0.4065    -1.0568    -0.8803
     0.8291    -0.5344    -1.0479    -1.0683
     0.9536    -0.6714    -0.9587    -1.1904
     1.0602    -0.7171    -0.8785    -1.3219
     1.0958    -0.8175    -0.8071    -1.4534
     1.1402    -0.9362    -0.7268    -1.5943
     1.1047    -1.0092    -0.5841    -1.7070
     1.1491    -1.0914    -0.5216    -1.7540
     1.1669    -1.2192    -0.4235    -1.8667
     1.1669    -1.2283    -0.3610    -1.8761
     1.1402    -1.3378    -0.2094    -1.9512
     1.1402    -1.3926    -0.1469    -1.9512
     1.1935    -1.4290    -0.0220    -1.9136
     1.1758    -1.4108     0.1387    -1.9324
     1.1802    -1.4017     0.2190    -1.9042
     1.1846    -1.4564     0.3886    -1.7916
     1.1313    -1.4564     0.5046    -1.7352
     1.0513    -1.4108     0.5939    -1.6601
     1.0425    -1.3104     0.7456    -1.4628
          3          3          3          3
