    4   2048 0.020000  2016   1  19  15  19
         16         10         11         42
     0.5336     1.5161    -1.2228     1.2535
     0.4714     1.4703    -1.1426     1.1029
     0.3825     1.4520    -1.0177     0.9147
     0.2313     1.4429    -0.8929     0.7454
     0.1691     1.3604    -0.7501     0.6137
    -0.0087     1.1865    -0.5985     0.4350
    -0.0887     1.0766    -0.4647     0.2939
    -0.1777     0.8844    -0.3398     0.1622
    -0.3377     0.7837    -0.1702    -0.0165
    -0.4000     0.6282    -0.0453    -0.1669
    -0.4889     0.4727     0.1332    -0.2891
    -0.6490     0.3721     0.2670    -0.4677
    -0.6935     0.2075     0.4545    -0.5805
    -0.8091     0.0429     0.5973    -0.7403
    -0.9336    -0.0851     0.7848    -0.8249
    -1.0048    -0.2130     0.9276    -0.9094
    -1.1027    -0.3592     1.0526    -1.0034
    -1.1738    -0.4963     1.2312    -1.1162
    -1.2005    -0.5419     1.3741    -1.2101
    -1.2806    -0.6515     1.4991    -1.2947
    -1.2984    -0.7702     1.6152    -1.4074
    -1.3518    -0.9163     1.6688    -1.4262
    -1.3962    -0.9985     1.8296    -1.5107
    -1.4140    -1.0715     1.8832    -1.5577
    -1.3784    -1.1172     1.9457    -1.5483
    -1.4051    -1.1810     1.9368    -1.5765
    -1.3695    -1.2723     1.9368    -1.5765
    -1.4140    -1.3088     1.9636    -1.6328
    -1.3784    -1.3818     1.9725    -1.6140
    -1.3340    -1.3727     1.9368    -1.5483
    -1.2806    -1.4092     1.9546    -1.5201
    -1.2450    -1.4730     1.9278    -1.4919
    -1.1649    -1.4730     1.8474    -1.4544
    -1.1471    -1.4548     1.8296    -1.4262
    -1.0404    -1.4274     1.7045    -1.3510
    -0.9425    -1.3909     1.5973    -1.2947
    -0.8981    -1.4365     1.4455    -1.1819
    -0.7913    -1.4000     1.2937    -1.0974
    -0.6757    -1.3635     1.1151    -1.0034
    -0.5245    -1.2814     1.0080    -0.9094
    -0.4445    -1.2176     0.8115    -0.7779
    -0.3288    -1.1445     0.6866    -0.6745
    -0.1955    -1.1263     0.5259    -0.5617
    -0.0799    -1.0168     0.3117    -0.4771
     0.0535    -0.9255     0.1956    -0.3361
     0.1780    -0.8433     0.0082    -0.1951
     0.2936    -0.7063    -0.1881    -0.0635
     0.4447    -0.6059    -0.3398     0.0964
     0.5425    -0.4871    -0.4825     0.2092
     0.6669    -0.4049    -0.6342     0.3033
     0.8181    -0.3227    -0.8215     0.4914
     0.8625    -0.1216    -0.9553     0.6043
     1.0403     0.0063    -1.0445     0.7454
     1.1291     0.1709    -1.2139     0.8865
     1.1824     0.3263    -1.2853     1.0371
     1.3157     0.4178    -1.3923     1.1500
     1.3602     0.5641    -1.4815     1.3006
     1.4046     0.7014    -1.5974     1.4135
     1.3780     0.8844    -1.6687     1.5641
     1.3780     0.9942    -1.7757     1.6771
     1.3780     1.0949    -1.8381     1.7618
     1.3824     1.2322    -1.8648     1.7806
     1.3868     1.3879    -1.8648     1.8748
     1.3824     1.4612    -1.9183     1.8654
     1.3780     1.4337    -1.9272     1.9030
     1.3691     1.5253    -1.9005     1.9030
     1.3513     1.4887    -1.8470     1.8936
     1.3780     1.5070    -1.8381     1.8560
     1.2980     1.5345    -1.8024     1.8654
     1.1736     1.5345    -1.7133     1.8654
     1.1202     1.4887    -1.6420     1.8183
     0.9958     1.5161    -1.5795     1.7618
     0.9425     1.4795    -1.4904     1.6206
     0.7825     1.5253    -1.3745     1.5076
     0.7381     1.5253    -1.3031     1.3759
     0.6225     1.5253    -1.1604     1.2441
     0.5158     1.4520    -1.0712     1.1218
     0.3736     1.4795    -0.9018     0.9053
     0.2580     1.4245    -0.7858     0.7736
     0.1513     1.3971    -0.6609     0.6137
     0.0802     1.2414    -0.4736     0.4726
    -0.0621     1.0674    -0.3308     0.2845
    -0.1510     0.9485    -0.2327     0.1622
    -0.2577     0.7929    -0.0185     0.0118
    -0.3911     0.6922     0.1153    -0.1857
    -0.4533     0.4910     0.2670    -0.3549
    -0.6045     0.3263     0.4456    -0.4677
    -0.6935     0.1800     0.5794    -0.6275
    -0.8091     0.0795     0.7669    -0.7403
    -0.8803    -0.0668     0.9008    -0.9094
    -0.9336    -0.2313     1.0705    -1.0128
    -1.0315    -0.3684     1.1598    -1.1256
    -1.0938    -0.5054     1.3294    -1.2759
    -1.1738    -0.6241     1.4455    -1.3792
    -1.1738    -0.7429     1.5080    -1.4450
    -1.2717    -0.9163     1.5973    -1.5765
    -1.3073    -1.0168     1.6866    -1.6610
    -1.2984    -1.0989     1.7313    -1.6704
    -1.3251    -1.1810     1.7938    -1.7455
    -1.3429    -1.2906     1.8564    -1.8113
    -1.3695    -1.3544     1.8385    -1.8488
    -1.3518    -1.4548     1.8206    -1.8770
    -1.3429    -1.4822     1.8385    -1.8206
    -1.3073    -1.4913     1.8296    -1.8676
    -1.2895    -1.5825     1.7581    -1.8113
    -1.2183    -1.5916     1.7313    -1.8019
    -1.2361    -1.5643     1.6688    -1.7173
    -1.1204    -1.5643     1.5437    -1.7080
    -1.0938    -1.5643     1.4634    -1.6328
    -0.9959    -1.5643     1.4009    -1.5483
    -0.9425    -1.5369     1.3026    -1.4825
    -0.8358    -1.5278     1.1508    -1.3416
    -0.7735    -1.5369     0.9990    -1.2947
    -0.6045    -1.4183     0.9276    -1.1537
    -0.4889    -1.4000     0.7758    -1.0316
    -0.3822    -1.3453     0.5973    -0.9094
    -0.3111    -1.2084     0.4991    -0.8343
    -0.1243    -1.1354     0.3652    -0.6651
    -0.0176    -1.0806     0.1867    -0.5617
     0.1424    -0.9346     0.0350    -0.4301
     0.2669    -0.8342    -0.0632    -0.2703
     0.4091    -0.7885    -0.1970    -0.1387
     0.5425    -0.6698    -0.3754    -0.0071
     0.6136    -0.5145    -0.4647     0.1528
     0.7292    -0.4597    -0.6252     0.2751
     0.8714    -0.3318    -0.7323     0.3879
     0.9692    -0.2039    -0.8304     0.5290
     1.0580    -0.0394    -0.9464     0.6889
     1.1913     0.0612    -1.0445     0.8207
     1.2980     0.2532    -1.1604     0.9806
     1.3069     0.3629    -1.3031     1.0747
     1.3424     0.5001    -1.3388     1.1594
     1.4046     0.6099    -1.4012     1.3288
     1.3868     0.6922    -1.5350     1.3853
     1.3691     0.8935    -1.5528     1.4794
     1.3735     0.9759    -1.6420     1.6112
     1.3780     1.0400    -1.6776     1.6300
     1.4402     1.2048    -1.6776     1.7242
     1.4313     1.2597    -1.7489     1.7618
     1.3780     1.3879    -1.7222     1.7524
     1.4135     1.4612    -1.7133     1.7901
     1.3513     1.4612    -1.7311     1.7901
     1.3157     1.4978    -1.7044     1.7524
     1.3424     1.5070    -1.6954     1.7618
     1.2358     1.4429    -1.6598     1.7242
     1.2002     1.4612    -1.5528     1.6583
     1.0580     1.4703    -1.4993     1.5547
     1.0047     1.4887    -1.4190     1.4323
     0.8892     1.4520    -1.3655     1.3665
     0.7825     1.5070    -1.2496     1.2535
     0.6936     1.5161    -1.1961     1.1218
     0.5869     1.4978    -1.0534     0.9712
     0.4714     1.4245    -0.9285     0.8018
     0.2847     1.4245    -0.8304     0.7078
     0.1513     1.2963    -0.6788     0.5384
     0.0446     1.1681    -0.5806     0.3409
    -0.0443     1.0308    -0.3933     0.2186
    -0.1599     0.9027    -0.2862     0.0870
    -0.3111     0.7654    -0.0810    -0.1011
    -0.3911     0.6739     0.0975    -0.2327
    -0.5601     0.4727     0.2403    -0.4301
    -0.6579     0.3629     0.4188    -0.5805
    -0.7113     0.1709     0.5794    -0.7215
    -0.8269     0.0155     0.7133    -0.8813
    -0.8892    -0.0942     0.8651    -1.0034
    -0.9959    -0.2222     1.0705    -1.0974
    -1.0315    -0.4232     1.2312    -1.2383
    -1.0582    -0.5237     1.3830    -1.3698
    -1.1649    -0.7063     1.4991    -1.4262
    -1.1471    -0.7885     1.5884    -1.5483
    -1.2272    -0.8798     1.7492    -1.6234
    -1.2717    -0.9985     1.8296    -1.6892
    -1.2895    -1.0989     1.9189    -1.7831
    -1.2628    -1.2541     1.9100    -1.8019
    -1.2806    -1.3362     1.9636    -1.8300
    -1.3340    -1.4274     1.9278    -1.8676
    -1.3073    -1.4822     1.9546    -1.8394
    -1.3429    -1.5278     1.9814    -1.8582
    -1.2984    -1.5460     1.9814    -1.8864
    -1.2806    -1.6372     1.9368    -1.8113
    -1.2450    -1.6555     1.9278    -1.7925
    -1.2272    -1.6737     1.9100    -1.7455
    -1.1649    -1.7102     1.9189    -1.6610
    -1.1204    -1.6919     1.8742    -1.5765
    -1.0671    -1.6646     1.7313    -1.4919
    -1.0048    -1.6463     1.6063    -1.3980
    -0.9425    -1.6190     1.4723    -1.3322
    -0.8180    -1.5004     1.3116    -1.2195
    -0.6668    -1.4730     1.1508    -1.0786
    -0.6134    -1.3909     0.9990    -0.9846
    -0.4445    -1.3544     0.7848    -0.8343
    -0.3111    -1.2906     0.6687    -0.7121
    -0.2221    -1.1810     0.4545    -0.5711
    -0.0887    -1.0989     0.3563    -0.4301
     0.0535    -0.9985     0.1689    -0.2797
     0.1869    -0.9072    -0.0096    -0.1481
     0.3291    -0.7976    -0.1435    -0.0165
     0.5069    -0.6515    -0.3041     0.1528
     0.5958    -0.5419    -0.4290     0.2469
     0.7647    -0.4232    -0.5539     0.4161
     0.8447    -0.2861    -0.6877     0.5290
     0.9425    -0.2222    -0.8393     0.6795
     1.0136    -0.0577    -0.9731     0.8207
     1.1558     0.1069    -1.0177     0.9712
     1.1558     0.1892    -1.1426     1.0559
     1.2713     0.3355    -1.2585     1.2159
     1.2891     0.4361    -1.2764     1.2912
     1.3424     0.5916    -1.3477     1.3853
     1.3602     0.7380    -1.4458     1.5076
     1.3157     0.8569    -1.4547     1.6583
     1.3602     0.9576    -1.5171     1.7147
     1.3957     1.0674    -1.5260     1.7430
     1.3868     1.1865    -1.5439     1.7995
     1.3868     1.2414    -1.5795     1.8183
     1.3780     1.3604    -1.5260     1.8183
     1.3424     1.4429    -1.4993     1.8560
     1.3246     1.4245    -1.4547     1.8371
     1.2980     1.4887    -1.4369     1.8371
     1.3246     1.4520    -1.3477     1.7995
     1.2624     1.5161    -1.2942     1.7430
     1.1913     1.5070    -1.2585     1.6677
     1.1025     1.4887    -1.1337     1.6206
     0.9869     1.4703    -1.0445     1.4888
     0.8625     1.5253    -0.9910     1.3665
     0.7114     1.4887    -0.8483     1.2535
     0.6136     1.4887    -0.7412     1.1500
     0.4892     1.4520    -0.6609     0.9806
     0.3469     1.4520    -0.5628     0.8301
     0.1780     1.4245    -0.3844     0.6419
     0.0535     1.2872    -0.2595     0.5102
    -0.1154     1.2231    -0.1613     0.3409
    -0.2132     1.1224    -0.0542     0.1998
    -0.3288     0.9759     0.1599     0.0400
    -0.4622     0.8569     0.2492    -0.0729
    -0.5868     0.7197     0.4366    -0.2609
    -0.6312     0.5184     0.5616    -0.3831
    -0.7202     0.4361     0.7044    -0.5617
    -0.8002     0.2989     0.7848    -0.6745
    -0.8803     0.1343     0.9455    -0.8249
    -0.9514    -0.0668     1.0705    -0.9564
    -1.0048    -0.1856     1.2044    -1.1068
    -1.1204    -0.3592     1.3562    -1.2101
    -1.1382    -0.4963     1.4276    -1.3228
    -1.2183    -0.5785     1.5437    -1.4168
    -1.2005    -0.7429     1.7045    -1.5389
    -1.3073    -0.8433     1.7849    -1.5859
    -1.3073    -0.9529     1.8296    -1.6610
    -1.3518    -1.0624     1.8474    -1.7549
    -1.3695    -1.1172     1.9010    -1.7643
    -1.4318    -1.2358     1.9368    -1.8300
    -1.4407    -1.2997     1.9457    -1.8394
    -1.4229    -1.4183     1.9100    -1.8394
    -1.4496    -1.4913     1.9100    -1.8488
    -1.4496    -1.4913     1.9457    -1.7925
    -1.4140    -1.5278     1.8832    -1.7549
    -1.3695    -1.5643     1.8742    -1.7549
    -1.3873    -1.6190     1.8117    -1.6892
    -1.3429    -1.6281     1.7492    -1.6140
    -1.2539    -1.6281     1.6599    -1.5483
    -1.2183    -1.6099     1.5437    -1.4450
    -1.0671    -1.5734     1.4723    -1.3510
    -1.0226    -1.5004     1.3562    -1.2571
    -0.8536    -1.4913     1.1865    -1.1256
    -0.7202    -1.4183     1.0883    -1.0034
    -0.5868    -1.3727     0.9544    -0.8813
    -0.4889    -1.2997     0.8115    -0.7967
    -0.3199    -1.1537     0.6687    -0.6463
    -0.2132    -1.0715     0.5170    -0.5147
    -0.0710    -1.0168     0.3920    -0.3643
     0.0980    -0.9072     0.1956    -0.2233
     0.1869    -0.7429     0.0707    -0.0353
     0.3469    -0.6789    -0.0721     0.0588
     0.4180    -0.5237    -0.2238     0.1998
     0.5603    -0.4049    -0.4201     0.3503
     0.6314    -0.3409    -0.5628     0.4820
     0.7025    -0.1673    -0.6966     0.6325
     0.8003    -0.0394    -0.7947     0.7736
     0.9069     0.1069    -0.9107     0.9336
     0.9514     0.2532    -1.0712     1.0559
     1.0491     0.3721    -1.1872     1.1782
     1.1114     0.4818    -1.2585     1.3100
     1.1647     0.6739    -1.3745     1.4982
     1.1913     0.7654    -1.4547     1.5924
     1.2358     0.9027    -1.4815     1.7147
     1.3069     1.0400    -1.6152     1.7524
     1.2891     1.1498    -1.6687     1.8466
     1.3157     1.2597    -1.7044     1.8936
     1.3780     1.3330    -1.7489     1.8560
     1.3691     1.4245    -1.7311     1.8936
     1.3246     1.4337    -1.7668     1.8842
     1.2980     1.4429    -1.7311     1.8748
     1.2802     1.4612    -1.7668     1.8654
     1.2802     1.4337    -1.6954     1.9125
     1.2269     1.5161    -1.6509     1.8842
     1.0847     1.4887    -1.5706     1.8654
     1.0047     1.4703    -1.5617     1.8560
     0.9069     1.4978    -1.4993     1.7901
     0.7914     1.4703    -1.3745     1.7053
     0.7292     1.5436    -1.2853     1.6300
     0.5781     1.5345    -1.2050     1.4700
     0.4536     1.5070    -1.0623     1.3853
     0.3647     1.5253    -0.9642     1.2065
     0.2313     1.4978    -0.8037     1.0559
     0.0624     1.4612    -0.6520     0.9241
    -0.0354     1.4703    -0.5539     0.7266
    -0.1866     1.4154    -0.4111     0.5761
    -0.2488     1.3696    -0.2148     0.4256
    -0.3555     1.2048    -0.0899     0.2845
    -0.5245     1.0674     0.0886     0.0964
    -0.5690     0.8752     0.2938     0.0024
    -0.6846     0.7288     0.4277    -0.1951
    -0.7735     0.6282     0.5973    -0.3361
    -0.9070     0.4727     0.7401    -0.4677
    -0.9336     0.2715     0.9276    -0.6087
    -1.0582     0.1983     1.0794    -0.7121
    -1.0671     0.0429     1.2312    -0.8719
    -1.1293    -0.1034     1.3651    -0.9752
    -1.1738    -0.3135     1.4544    -1.0786
    -1.2183    -0.4232     1.5705    -1.1631
    -1.3073    -0.4963     1.6599    -1.2853
    -1.3251    -0.6515     1.7402    -1.3322
    -1.3429    -0.7246     1.8028    -1.4074
    -1.4051    -0.8707     1.8564    -1.4825
    -1.3784    -0.9620     1.9278    -1.5201
    -1.4585    -0.9985     1.9100    -1.5389
    -1.4407    -1.1445     1.9189    -1.5952
    -1.4318    -1.1993     1.9368    -1.5952
    -1.4674    -1.2632     1.8921    -1.5952
    -1.4674    -1.3362     1.9010    -1.5671
    -1.4051    -1.3179     1.8117    -1.5295
    -1.4318    -1.3635     1.7849    -1.5013
    -1.3606    -1.4274     1.7581    -1.4825
    -1.3073    -1.3818     1.6152    -1.4074
    -1.2628    -1.4183     1.5348    -1.3416
    -1.1827    -1.3727     1.4366    -1.2477
    -1.0849    -1.3544     1.3562    -1.1725
    -0.9781    -1.3909     1.1865    -1.1256
    -0.8625    -1.3179     1.0973    -1.0128
    -0.7824    -1.3088     0.9098    -0.8719
    -0.6401    -1.2541     0.8383    -0.7967
    -0.4533    -1.1445     0.6687    -0.6651
    -0.3288    -1.0533     0.5437    -0.5335
    -0.2310    -0.9711     0.3741    -0.4489
    -0.0443    -0.9529     0.2403    -0.2797
     0.0535    -0.8159     0.0796    -0.1575
     0.2225    -0.7155    -0.0096     0.0024
     0.3558    -0.6333    -0.1970     0.0870
     0.4625    -0.5602    -0.3308     0.2563
     0.6047    -0.3958    -0.4290     0.3409
     0.6758    -0.3044    -0.5360     0.5102
     0.7558    -0.1765    -0.6699     0.6513
     0.8625    -0.0668    -0.7858     0.8018
     0.9425     0.0429    -0.8750     0.8865
     1.0403     0.1892    -1.0177     1.0277
     1.1025     0.3172    -1.0712     1.1970
     1.1380     0.4544    -1.2050     1.2912
     1.2091     0.6373    -1.3031     1.3947
     1.2180     0.7563    -1.3209     1.4700
     1.2535     0.8935    -1.4280     1.5924
     1.3424     1.0400    -1.4458     1.7147
     1.3335     1.1041    -1.5082     1.7806
     1.3868     1.2231    -1.5528     1.8089
     1.3780     1.3421    -1.5528     1.8277
     1.3513     1.3696    -1.5974     1.8654
     1.3335     1.4337    -1.5885     1.8748
     1.3246     1.4612    -1.6330     1.8654
     1.3157     1.4887    -1.5528     1.8560
     1.2891     1.5253    -1.5706     1.8183
     1.2269     1.5253    -1.5439     1.8183
     1.1736     1.5253    -1.4904     1.7995
     1.0758     1.5253    -1.3834     1.7336
     0.9780     1.5253    -1.3299     1.6206
     0.8892     1.5253    -1.2674     1.5171
     0.7469     1.4703    -1.2050     1.3665
     0.6225     1.4887    -1.1247     1.2253
     0.5336     1.4978    -0.9731     1.1312
     0.3825     1.4887    -0.8750     0.9806
     0.2580     1.4245    -0.7858     0.8301
     0.1513     1.4429    -0.6431     0.6419
     0.0446     1.3330    -0.5004     0.4726
    -0.1243     1.2414    -0.3665     0.3409
    -0.2221     1.1041    -0.1970     0.1528
    -0.2933     1.0125    -0.0721     0.0588
    -0.3822     0.8386     0.1510    -0.1011
    -0.5334     0.7288     0.2670    -0.2985
    -0.5956     0.5184     0.4366    -0.4677
    -0.7113     0.3629     0.6330    -0.5899
    -0.7646     0.2257     0.7848    -0.7215
    -0.8803     0.1160     0.9455    -0.8249
    -0.8981    -0.0942     1.0615    -1.0128
    -1.0048    -0.1673     1.2133    -1.1162
    -1.0760    -0.3227     1.4187    -1.2289
    -1.1471    -0.4871     1.5348    -1.3322
    -1.2183    -0.5693     1.6152    -1.4262
    -1.1916    -0.7337     1.7760    -1.4638
    -1.3073    -0.8159     1.8385    -1.5859
    -1.3162    -0.9620     1.9100    -1.6516
    -1.3518    -1.0441     1.9010    -1.6516
    -1.3518    -1.0989     1.9278    -1.7549
    -1.3695    -1.1810     1.9189    -1.7831
    -1.4318    -1.2906     1.9457    -1.7643
    -1.4140    -1.3727     1.9457    -1.8019
    -1.3962    -1.4365     1.9814    -1.8019
    -1.3518    -1.5186     1.9457    -1.7361
    -1.3784    -1.5004     1.9100    -1.7549
    -1.3429    -1.5278     1.9278    -1.7080
    -1.2539    -1.5825     1.8653    -1.6328
    -1.2272    -1.5734     1.7849    -1.5671
    -1.1738    -1.5688     1.6777    -1.4919
    -1.0226    -1.5643     1.5437    -1.4731
    -0.9692    -1.5825     1.4634    -1.3510
    -0.8536    -1.5734     1.2848    -1.2853
    -0.7024    -1.5186     1.1687    -1.1913
    -0.5779    -1.4457     0.9901    -1.0410
    -0.5067    -1.4000     0.8294    -0.9658
    -0.3555    -1.3088     0.6866    -0.8625
    -0.2043    -1.2632     0.5616    -0.7309
    -0.0265    -1.2176     0.4456    -0.5899
     0.1158    -1.0806     0.2938    -0.4301
     0.2047    -1.0076     0.1332    -0.2797
     0.3647    -0.9163    -0.0364    -0.1199
     0.5336    -0.7520    -0.1881    -0.0071
     0.6314    -0.6424    -0.3487     0.1528
     0.7469    -0.5328    -0.4468     0.2845
     0.8269    -0.4232    -0.5985     0.4256
     0.9336    -0.2953    -0.6966     0.5572
     1.0225    -0.1582    -0.8661     0.7454
     1.0847    -0.0851    -0.9731     0.8489
     1.2180     0.0977    -1.0623     0.9994
     1.2358     0.2623    -1.1247     1.1312
     1.3157     0.3629    -1.2228     1.2535
     1.3424     0.5001    -1.2942     1.4041
     1.4046     0.6282    -1.4101     1.5171
     1.4135     0.8020    -1.4280     1.6300
     1.3957     0.9759    -1.5082     1.7147
     1.3868     1.0308    -1.5617     1.8089
     1.3868     1.1773    -1.6330     1.8371
     1.4046     1.3513    -1.6954     1.8560
     1.3868     1.4245    -1.6776     1.8654
     1.3913     1.4429    -1.6954     1.8842
     1.3957     1.4429    -1.7311     1.8371
     1.3913     1.5070    -1.7222     1.8230
     1.3868     1.5253    -1.6776     1.8089
     1.3957     1.4612    -1.6598     1.7901
     1.3691     1.4978    -1.5885     1.7901
     1.2713     1.4795    -1.5528     1.6865
     1.2358     1.4887    -1.4904     1.5735
     1.0580     1.5253    -1.4101     1.5076
     0.9869     1.5161    -1.3655     1.3194
     0.8447     1.4703    -1.2764     1.2253
     0.7203     1.5070    -1.2228     1.1218
     0.5869     1.5161    -1.1158     0.9430
     0.5069     1.4978    -0.9375     0.8395
     0.3736     1.4703    -0.8750     0.6983
     0.2136     1.3696    -0.7145     0.4820
     0.1247     1.2963    -0.5985     0.3597
     0.0180     1.1865    -0.4201     0.2186
    -0.0799     1.0491    -0.3130     0.0776
    -0.2132     0.8478    -0.1792    -0.0729
    -0.3111     0.7654    -0.0007    -0.2233
    -0.3555     0.5733     0.1510    -0.4301
    -0.4356     0.4361     0.3652    -0.5429
    -0.5156     0.3538     0.4813    -0.6557
    -0.6401     0.1983     0.6330    -0.8249
    -0.7557     0.0155     0.7669    -0.9188
    -0.7913    -0.1308     0.9812    -1.0128
    -0.9070    -0.2039     1.1240    -1.1350
    -0.9781    -0.4140     1.2401    -1.2289
    -0.9959    -0.4689     1.3919    -1.3416
    -1.0404    -0.5693     1.4634    -1.4168
    -1.1293    -0.6881     1.6420    -1.4450
    -1.1382    -0.8524     1.7492    -1.5389
    -1.2272    -0.9346     1.7760    -1.5952
    -1.2183    -1.0624     1.8385    -1.6234
    -1.2628    -1.1537     1.8921    -1.6986
    -1.2984    -1.2084     1.8921    -1.7080
    -1.3073    -1.3179     1.9278    -1.7267
    -1.2450    -1.3362     1.8921    -1.7080
    -1.2539    -1.4274     1.9100    -1.6986
    -1.2272    -1.4183     1.8564    -1.6422
    -1.2183    -1.5278     1.8206    -1.6422
    -1.1293    -1.5004     1.7849    -1.5295
    -1.1115    -1.4913     1.6956    -1.5013
    -1.0048    -1.5643     1.5973    -1.4262
    -0.9158    -1.5734     1.5259    -1.3416
    -0.8269    -1.5369     1.4187    -1.2571
    -0.7735    -1.5004     1.2758    -1.2007
    -0.6223    -1.4183     1.0973    -1.0786
    -0.5512    -1.4183     0.9633    -0.9470
    -0.4000    -1.3635     0.8294    -0.8249
    -0.2577    -1.2449     0.7133    -0.7121
    -0.1510    -1.2267     0.5794    -0.6087
    -0.0176    -1.0715     0.4009    -0.4489
     0.0713    -1.0350     0.2670    -0.3079
     0.2580    -0.9072     0.1689    -0.1763
     0.3914    -0.8250    -0.0185    -0.0353
     0.4358    -0.6607    -0.1256     0.1434
     0.6314    -0.5693    -0.2416     0.2280
     0.6847    -0.4597    -0.3754     0.4161
     0.8447    -0.2861    -0.5271     0.5666
     0.9514    -0.1582    -0.5985     0.7078
     0.9780    -0.0211    -0.7412     0.8301
     1.0847     0.1617    -0.8215     0.9900
     1.1913     0.2989    -0.9464     1.1029
     1.2358     0.3721    -0.9910     1.2723
     1.2713     0.5458    -1.0623     1.3853
     1.3424     0.6282    -1.1426     1.4794
     1.3691     0.8478    -1.1961     1.6300
     1.3957     0.9485    -1.2942     1.6865
     1.4135     1.0674    -1.3209     1.7430
     1.3957     1.1590    -1.3566     1.8277
     1.3868     1.3055    -1.3923     1.8560
     1.4135     1.3513    -1.3923     1.9030
     1.4046     1.4337    -1.4458     1.9030
     1.3957     1.4429    -1.4190     1.8748
     1.3691     1.4566    -1.4280     1.8560
     1.3780     1.4703    -1.4369     1.8936
     1.3246     1.4703    -1.4012     1.8466
     1.2891     1.4795    -1.4012     1.8842
     1.2269     1.4612    -1.3388     1.8466
     1.1291     1.5070    -1.3388     1.7336
     1.0403     1.5253    -1.2942     1.6583
     0.8625     1.4795    -1.2407     1.5829
     0.8003     1.4978    -1.1515     1.4041
     0.6669     1.4795    -1.0891     1.2629
     0.5336     1.4795    -0.9464     1.1876
     0.4003     1.5070    -0.8393     0.9712
     0.3025     1.4795    -0.7947     0.8489
     0.1424     1.4887    -0.6699     0.6983
     0.0357     1.3971    -0.5717     0.4820
    -0.1154     1.3421    -0.4557     0.3691
    -0.1955     1.1590    -0.3308     0.1716
    -0.3466     1.0034    -0.1702     0.0306
    -0.4000     0.9118    -0.0364    -0.1293
    -0.4978     0.7197     0.1064    -0.2891
    -0.6223     0.5733     0.2403    -0.4771
    -0.6846     0.4544     0.3741    -0.5805
    -0.8269     0.2440     0.4991    -0.7591
    -0.9070     0.0795     0.6776    -0.9000
    -0.9692    -0.0394     0.8026    -1.0034
    -0.9959    -0.2313     0.9544    -1.1537
    -1.0404    -0.3958     1.0348    -1.2665
    -1.0938    -0.4780     1.1776    -1.3604
    -1.2005    -0.6607     1.2758    -1.4638
    -1.1916    -0.7611     1.4098    -1.5389
    -1.2806    -0.9163     1.4902    -1.6234
    -1.2984    -0.9985     1.6331    -1.7173
    -1.3784    -1.0715     1.6866    -1.7643
    -1.3518    -1.2358     1.7045    -1.8019
    -1.4229    -1.2997     1.7581    -1.8300
    -1.4140    -1.3635     1.8117    -1.8676
    -1.4318    -1.4183     1.7670    -1.8864
    -1.4585    -1.5186     1.7492    -1.8770
    -1.3873    -1.6099     1.7402    -1.8300
    -1.4140    -1.6099     1.7134    -1.8300
    -1.3695    -1.6372     1.6420    -1.7737
    -1.2984    -1.6555     1.6331    -1.7173
    -1.2539    -1.6919     1.5348    -1.6610
    -1.1382    -1.6874     1.4276    -1.6328
    -1.0938    -1.6828     1.2937    -1.5107
    -0.9870    -1.6463     1.2133    -1.4356
    -0.8714    -1.6190     1.0348    -1.3604
    -0.7024    -1.5369     0.9365    -1.2195
    -0.6312    -1.4822     0.8205    -1.1537
    -0.4445    -1.4548     0.6776    -1.0410
    -0.3377    -1.3909     0.5348    -0.8907
    -0.1866    -1.3179     0.3474    -0.7967
    -0.0621    -1.2176     0.2313    -0.6463
     0.0268    -1.1263     0.0529    -0.4583
     0.1602    -0.9985    -0.0632    -0.3455
     0.2758    -0.8798    -0.2148    -0.1763
     0.4091    -0.7702    -0.2951     0.0118
     0.5514    -0.6515    -0.4468     0.1152
     0.6758    -0.5237    -0.5360     0.2563
     0.7292    -0.4597    -0.6520     0.4632
     0.8358    -0.2953    -0.7769     0.6231
     0.9247    -0.1308    -0.8929     0.7736
     1.0758    -0.0028    -0.9820     0.9241
     1.1202     0.1343    -1.0177     1.0841
     1.2535     0.3080    -1.0891     1.2347
     1.2980     0.4544    -1.1515     1.3570
     1.3335     0.5550    -1.2318     1.4700
     1.3602     0.7105    -1.2853     1.5924
     1.3602     0.8478    -1.3209     1.7147
     1.4224     1.0308    -1.3923     1.7712
     1.4224     1.1132    -1.4012     1.8748
     1.3780     1.3055    -1.4101     1.9125
     1.3691     1.3604    -1.4280     1.9125
     1.3780     1.4154    -1.4725     1.9313
     1.4135     1.4245    -1.4636     1.9219
     1.4135     1.4337    -1.4280     1.9313
     1.3957     1.4795    -1.3655     1.9219
     1.3780     1.4841    -1.3655     1.9407
     1.2713     1.4887    -1.3209     1.8748
     1.2624     1.5161    -1.2585     1.9219
     1.1114     1.5619    -1.2050     1.8936
     1.0314     1.5619    -1.2228     1.8560
     0.8714     1.5482    -1.1426     1.7806
     0.8181     1.5345    -1.0445     1.6394
     0.6403     1.5528    -0.9107     1.5453
     0.5603     1.4887    -0.8215     1.3853
     0.4091     1.5070    -0.7145     1.2629
     0.2669     1.5070    -0.6163     1.0653
     0.1424     1.4887    -0.4736     0.8865
     0.0446     1.5161    -0.3487     0.7266
    -0.0887     1.4337    -0.2595     0.5761
    -0.1955     1.2963    -0.1256     0.4161
    -0.3022     1.1590     0.0439     0.2939
    -0.3644     1.0674     0.1956     0.1152
    -0.4800     0.9393     0.3206     0.0024
    -0.5779     0.7837     0.4813    -0.1857
    -0.6668     0.6282     0.5973    -0.3455
    -0.6846     0.4544     0.7312    -0.4583
    -0.8091     0.2806     0.9276    -0.6181
    -0.8625     0.1892     1.0169    -0.7779
    -0.9781     0.0063     1.1865    -0.8343
    -0.9870    -0.1947     1.3026    -1.0034
    -1.1204    -0.2770     1.4187    -1.0974
    -1.1560    -0.4597     1.5348    -1.1819
    -1.2272    -0.5876     1.5884    -1.3135
    -1.2717    -0.7063     1.6866    -1.3604
    -1.2806    -0.7611     1.7581    -1.4544
    -1.3518    -0.8798     1.8385    -1.4919
    -1.3429    -1.0076     1.9278    -1.5859
    -1.4051    -1.0441     1.9636    -1.5952
    -1.3962    -1.1719     1.9546    -1.6234
    -1.3606    -1.2541     1.9546    -1.6610
    -1.3606    -1.3271     1.9010    -1.6422
    -1.3429    -1.3362     1.8832    -1.6422
    -1.3340    -1.4000     1.8832    -1.6422
    -1.2717    -1.4639     1.8028    -1.6516
    -1.2450    -1.5095     1.8028    -1.5952
    -1.1649    -1.5095     1.6866    -1.5295
    -1.1115    -1.5460     1.5973    -1.4638
    -1.0226    -1.5460     1.4276    -1.4356
    -0.9781    -1.5551     1.3026    -1.3792
    -0.8714    -1.5004     1.1865    -1.2947
    -0.7735    -1.4822     1.0258    -1.2007
    -0.6134    -1.4000     0.8651    -1.1256
    -0.4889    -1.4092     0.7223    -1.0222
    -0.4000    -1.2906     0.6152    -0.8813
    -0.2933    -1.2632     0.4723    -0.8061
    -0.1421    -1.1719     0.3027    -0.6463
    -0.0354    -1.0624     0.1243    -0.5335
     0.1424    -1.0259    -0.0364    -0.3925
     0.2225    -0.8707    -0.1435    -0.2327
     0.4180    -0.7794    -0.2595    -0.1105
     0.5069    -0.7063    -0.4022     0.0682
     0.6403    -0.5419    -0.5628     0.1528
     0.7381    -0.4597    -0.6431     0.2939
     0.8358    -0.3409    -0.7412     0.4256
     0.9425    -0.1673    -0.8393     0.5949
     1.0314    -0.0759    -0.9910     0.7266
     1.1025     0.0795    -1.0445     0.8583
     1.1913     0.2715    -1.1337     1.0182
     1.2358     0.3538    -1.1693     1.1688
     1.2980     0.5184    -1.2496     1.2441
     1.3602     0.6373    -1.2853     1.3382
     1.3780     0.7837    -1.3834     1.4794
     1.3602     0.9118    -1.4280     1.5453
     1.4313     1.0674    -1.4101     1.6771
     1.4046     1.1315    -1.4369     1.7147
     1.3957     1.2963    -1.4815     1.7618
     1.4046     1.3879    -1.4993     1.8089
     1.4402     1.4337    -1.4904     1.8277
     1.4046     1.5070    -1.4190     1.8183
     1.3513     1.4887    -1.4280     1.8560
     1.3780     1.4887    -1.3923     1.8089
     1.3335     1.4978    -1.3299     1.7712
     1.2624     1.5345    -1.3031     1.7242
     1.1736     1.5253    -1.2674     1.6771
     1.0314     1.5619    -1.1961     1.6112
     0.9158     1.5436    -1.0712     1.4888
     0.8003     1.5161    -0.9999     1.3665
     0.7381     1.5161    -0.9196     1.2441
     0.5781     1.5161    -0.8126     1.1218
     0.4892     1.5436    -0.6788     0.9806
     0.3202     1.5345    -0.6074     0.8489
     0.2402     1.5070    -0.5004     0.6795
     0.0713     1.4154    -0.3398     0.5761
    -0.0621     1.3696    -0.2059     0.3879
    -0.1599     1.2963    -0.0810     0.2751
    -0.3288     1.1132     0.0529     0.1434
    -0.3911     0.9485     0.1867    -0.0353
    -0.5156     0.8020     0.3920    -0.1575
    -0.6668     0.6648     0.4902    -0.2703
    -0.7113     0.5733     0.6419    -0.4583
    -0.8269     0.3721     0.7758    -0.5617
    -0.8803     0.2349     0.9812    -0.6463
    -0.9425     0.1435     1.1062    -0.8061
    -0.9959    -0.0668     1.2669    -0.9188
    -1.0938    -0.1947     1.3651    -0.9940
    -1.1293    -0.2953     1.4902    -1.0880
    -1.1649    -0.4049     1.6509    -1.2007
    -1.2361    -0.4780     1.6866    -1.2383
    -1.3340    -0.5876     1.8028    -1.3604
    -1.3162    -0.7429     1.8742    -1.3698
    -1.4051    -0.8159     1.8564    -1.4638
    -1.4051    -0.8889     1.9278    -1.4919
    -1.5119    -0.9894     1.9189    -1.4825
    -1.4852    -1.0076     1.9457    -1.5389
    -1.5297    -1.0989     1.9189    -1.5389
    -1.5030    -1.1537     1.9636    -1.5201
    -1.4941    -1.2084     1.8832    -1.4731
    -1.4941    -1.3179     1.8564    -1.4731
    -1.4229    -1.2723     1.8296    -1.4731
    -1.4140    -1.3544     1.8028    -1.3980
    -1.3606    -1.3727     1.6420    -1.3510
    -1.2272    -1.3544     1.5437    -1.3228
    -1.1293    -1.3453     1.4009    -1.2571
    -1.0671    -1.3362     1.3116    -1.1631
    -0.9870    -1.3362     1.1508    -1.1256
    -0.8625    -1.3088     0.9901    -0.9940
    -0.7468    -1.2723     0.8383    -0.9000
    -0.6312    -1.2267     0.6866    -0.8437
    -0.5067    -1.1445     0.5437    -0.7309
    -0.3644    -1.1354     0.4188    -0.5993
    -0.2221    -1.0168     0.2403    -0.4865
    -0.1154    -0.9711     0.1421    -0.3643
     0.0180    -0.8342    -0.0096    -0.2139
     0.1780    -0.7429    -0.2059    -0.1011
     0.2936    -0.6607    -0.2951     0.0306
     0.4180    -0.5602    -0.4557     0.1622
     0.5247    -0.5054    -0.5628     0.2657
     0.6669    -0.3592    -0.6788     0.4256
     0.7825    -0.2496    -0.7501     0.5478
     0.9069    -0.1673    -0.8572     0.6983
     0.9692    -0.0485    -1.0088     0.8207
     1.1025     0.1435    -1.0712     0.9806
     1.2091     0.2440    -1.1426     1.0747
     1.2358     0.3995    -1.1961     1.2253
     1.3335     0.4818    -1.3031     1.3006
     1.3157     0.6099    -1.3655     1.4135
     1.3957     0.7837    -1.4280     1.5171
     1.3780     0.8661    -1.4458     1.5641
     1.3868     0.9759    -1.4815     1.6300
     1.3868     1.1132    -1.4636     1.6865
     1.4490     1.1681    -1.4815     1.7053
     1.4402     1.2780    -1.5350     1.7336
     1.4224     1.3604    -1.4904     1.7618
     1.3957     1.4337    -1.5260     1.7995
     1.3957     1.4887    -1.4725     1.7806
     1.3868     1.5253    -1.4547     1.7147
     1.3957     1.5161    -1.3923     1.6583
     1.3780     1.5253    -1.4101     1.6394
     1.3157     1.5253    -1.2853     1.5453
     1.2358     1.4612    -1.2228     1.4888
     1.1114     1.4978    -1.1961     1.3853
     1.0047     1.4612    -1.0802     1.2159
     0.9069     1.5161    -1.0177     1.1123
     0.7558     1.4887    -0.8661     1.0182
     0.6225     1.4795    -0.8126     0.8677
     0.5514     1.4062    -0.6877     0.7454
     0.3736     1.3788    -0.5717     0.5478
     0.2936     1.3055    -0.4022     0.4444
     0.1158     1.1315    -0.2862     0.2845
     0.0535     1.0491    -0.1256     0.1246
    -0.0710     0.8935    -0.0185    -0.0165
    -0.2132     0.8020     0.1332    -0.1669
    -0.3199     0.6831     0.2938    -0.2891
    -0.4356     0.5550     0.4902    -0.4583
    -0.5245     0.4178     0.5973    -0.5617
    -0.5423     0.2989     0.7491    -0.6933
    -0.6579     0.1435     0.9455    -0.8249
    -0.7646     0.0063     1.0258    -0.9000
    -0.8002    -0.1582     1.1865    -0.9940
    -0.8714    -0.3135     1.3651    -1.0974
    -0.9603    -0.3775     1.4991    -1.2101
    -0.9959    -0.5328     1.5795    -1.3041
    -1.1115    -0.6698     1.6509    -1.3510
    -1.1204    -0.7246     1.7224    -1.4356
    -1.1560    -0.8342     1.7938    -1.5107
    -1.1916    -0.9255     1.8832    -1.5107
    -1.2450    -1.0533     1.8742    -1.5671
    -1.3162    -1.0806     1.9278    -1.5952
    -1.2984    -1.2084     1.9278    -1.5859
    -1.3251    -1.2723     1.8832    -1.6328
    -1.3518    -1.3179     1.8653    -1.6046
    -1.3518    -1.3909     1.8921    -1.5952
    -1.3695    -1.3727     1.8474    -1.5671
    -1.2984    -1.4730     1.8028    -1.5013
    -1.3073    -1.4274     1.7402    -1.5107
    -1.2628    -1.4365     1.6420    -1.4919
    -1.1560    -1.5004     1.5437    -1.4168
    -1.1115    -1.4822     1.4187    -1.3322
    -0.9870    -1.4548     1.3026    -1.2947
    -0.9158    -1.3909     1.1955    -1.2195
    -0.8447    -1.3362     1.0437    -1.1256
    -0.7291    -1.2997     0.8651    -1.0316
    -0.5956    -1.2449     0.7848    -0.8907
    -0.4445    -1.2084     0.6062    -0.8343
    -0.3288    -1.1537     0.4991    -0.7497
    -0.2132    -1.0898     0.3206    -0.5805
    -0.1065    -1.0259     0.2046    -0.4395
     0.0180    -0.9346     0.0796    -0.3549
     0.1780    -0.8524    -0.1256    -0.1763
     0.2847    -0.7702    -0.2238    -0.0541
     0.4536    -0.6241    -0.3933     0.0400
     0.5247    -0.5419    -0.5004     0.2186
     0.7025    -0.4780    -0.5806     0.3033
     0.7736    -0.3318    -0.7145     0.4914
     0.8714    -0.1856    -0.8215     0.5949
     0.9958    -0.0851    -0.9107     0.7736
     1.0847     0.0063    -1.0356     0.8865
     1.1469     0.2075    -1.1247     0.9618
     1.2180     0.2898    -1.1783     1.1312
     1.2713     0.3995    -1.2496     1.2253
     1.3513     0.5275    -1.3299     1.3006
     1.3157     0.6099    -1.3566     1.4135
     1.3868     0.8020    -1.4280     1.5171
     1.3602     0.8661    -1.4280     1.5359
     1.4313     0.9576    -1.4725     1.6394
     1.4224     1.0583    -1.5528     1.6394
     1.3957     1.1590    -1.5662     1.6771
     1.3780     1.2414    -1.5795     1.7336
     1.4313     1.3696    -1.5617     1.6771
     1.4135     1.4429    -1.5483     1.6959
     1.3780     1.4520    -1.5350     1.6959
     1.3513     1.4795    -1.4904     1.6112
     1.3335     1.4703    -1.4190     1.5829
     1.2358     1.4887    -1.3834     1.5359
     1.1736     1.5070    -1.3120     1.4229
     1.0669     1.4978    -1.2942     1.3288
     0.9514     1.4429    -1.2228     1.2535
     0.8625     1.4520    -1.0802     1.1218
     0.7114     1.4978    -0.9910     0.9994
     0.6403     1.4795    -0.9107     0.9053
     0.4625     1.3696    -0.7858     0.7548
     0.3825     1.3513    -0.7145     0.6607
     0.2136     1.2963    -0.5896     0.4914
     0.1513     1.1224    -0.4736     0.3221
     0.0180     1.0034    -0.2773     0.2280
    -0.1065     0.8844    -0.1970     0.1058
    -0.1599     0.8203    -0.0275    -0.0353
    -0.2577     0.6922     0.1332    -0.1669
    -0.4000     0.5184     0.2938    -0.3643
    -0.4356     0.3721     0.4188    -0.4959
    -0.5512     0.2715     0.5794    -0.6275
    -0.6134     0.1526     0.6776    -0.7591
    -0.6490    -0.0485     0.8205    -0.8249
    -0.7646    -0.1491     0.9812    -0.9846
    -0.7557    -0.2222     1.1151    -1.0504
    -0.8625    -0.4140     1.2401    -1.1350
    -0.8625    -0.4871     1.3205    -1.2665
    -0.9514    -0.5602     1.4098    -1.3135
    -0.9870    -0.6881     1.5170    -1.3698
    -1.0404    -0.7702     1.5616    -1.4731
    -1.0760    -0.8524     1.6688    -1.5013
    -1.1204    -0.9529     1.7134    -1.5295
    -1.1027    -1.0715     1.7581    -1.5765
    -1.1071    -1.1263     1.7134    -1.5577
    -1.1115    -1.1719     1.7224    -1.5952
    -1.1382    -1.2267     1.7402    -1.5859
    -1.1649    -1.3362     1.7313    -1.5671
    -1.1382    -1.3818     1.6420    -1.5201
    -1.0671    -1.3727     1.6509    -1.4638
    -1.0582    -1.4548     1.5616    -1.4262
    -0.9425    -1.4365     1.5080    -1.4168
    -0.9603    -1.5095     1.4098    -1.3604
    -0.8358    -1.4822     1.3116    -1.2665
    -0.7291    -1.4274     1.2044    -1.1913
    -0.6668    -1.4548     1.0705    -1.1631
    -0.5779    -1.4092     0.9098    -1.0222
    -0.4711    -1.3635     0.7848    -0.9470
    -0.3733    -1.3179     0.6776    -0.8719
    -0.2043    -1.1902     0.5616    -0.7591
    -0.0976    -1.1354     0.3831    -0.6651
    -0.0176    -1.0898     0.2492    -0.5335
     0.1069    -1.0076     0.1510    -0.4207
     0.2313    -0.9255    -0.0364    -0.3079
     0.3558    -0.8342    -0.1524    -0.2139
     0.5247    -0.6881    -0.3041    -0.0447
     0.6314    -0.6333    -0.3844     0.0776
     0.6847    -0.4963    -0.5271     0.1998
     0.7736    -0.3958    -0.6699     0.3127
     0.8447    -0.2679    -0.7412     0.4444
     0.9425    -0.1673    -0.8750     0.5478
     1.0314    -0.1034    -0.9375     0.7078
     1.1202     0.0063    -1.0266     0.8018
     1.2091     0.1160    -1.1247     0.9806
     1.2091     0.2898    -1.1872     1.0935
     1.2802     0.3538    -1.2407     1.1876
     1.3513     0.5001    -1.2942     1.3006
     1.3157     0.5733    -1.3655     1.4512
     1.3780     0.7288    -1.4458     1.4982
     1.3868     0.8386    -1.4547     1.5829
     1.3602     0.9668    -1.4904     1.6865
     1.3246     1.0766    -1.5260     1.7053
     1.2980     1.2231    -1.5082     1.7053
     1.2891     1.3238    -1.5706     1.7618
     1.3069     1.4154    -1.5528     1.7242
     1.2447     1.4520    -1.5171     1.7147
     1.2358     1.4612    -1.4904     1.6959
     1.1114     1.5070    -1.4458     1.6771
     1.0314     1.5161    -1.4547     1.6206
     0.9603     1.4429    -1.4190     1.5453
     0.9158     1.4703    -1.3477     1.4982
     0.7914     1.5161    -1.3031     1.3759
     0.7114     1.4887    -1.2585     1.2817
     0.5781     1.4703    -1.1426     1.1782
     0.4625     1.4520    -1.0980     1.0747
     0.3291     1.4337    -0.9464     0.9900
     0.1780     1.4154    -0.8572     0.8207
     0.0446     1.3513    -0.7591     0.6983
    -0.0176     1.3421    -0.6342     0.5666
    -0.1599     1.1590    -0.5271     0.4538
    -0.3111     1.1041    -0.4468     0.3033
    -0.3822     0.9485    -0.2951     0.1904
    -0.4711     0.7929    -0.1167     0.0494
    -0.5779     0.6648    -0.0185    -0.1105
    -0.6490     0.6007     0.1421    -0.2421
    -0.7468     0.4635     0.3295    -0.4207
    -0.8447     0.3538     0.4545    -0.5147
    -0.9158     0.2257     0.6241    -0.6369
    -0.9603     0.0703     0.7223    -0.7685
    -1.0760    -0.0394     0.8830    -0.9282
    -1.0493    -0.1947     1.0437    -0.9846
    -1.1115    -0.2679     1.1240    -1.1256
    -1.1471    -0.4140     1.2580    -1.2289
    -1.2183    -0.5237     1.3473    -1.2665
    -1.2628    -0.6698     1.4634    -1.3980
    -1.2984    -0.7611     1.5259    -1.4638
    -1.2628    -0.8433     1.6063    -1.4544
    -1.2895    -0.9346     1.7045    -1.5295
    -1.3606    -1.0076     1.7492    -1.5201
    -1.3518    -1.0715     1.7938    -1.5295
    -1.3695    -1.1810     1.7760    -1.5765
    -1.3429    -1.2449     1.7849    -1.5577
    -1.3429    -1.3271     1.7492    -1.5107
    -1.2717    -1.4183     1.7581    -1.5107
    -1.2984    -1.4183     1.7402    -1.4356
    -1.2183    -1.4639     1.6688    -1.3980
    -1.1916    -1.4730     1.6331    -1.4074
    -1.0760    -1.5369     1.5348    -1.3041
    -1.0404    -1.5004     1.4455    -1.2571
    -0.9336    -1.4730     1.3562    -1.2289
    -0.8447    -1.4730     1.2044    -1.1256
    -0.7024    -1.4183     1.0794    -1.0410
    -0.5690    -1.4092     0.9544    -0.9940
    -0.4445    -1.3453     0.8383    -0.8625
    -0.3377    -1.2723     0.6687    -0.7967
    -0.2221    -1.1902     0.5884    -0.6933
    -0.1243    -1.0533     0.4545    -0.5899
     0.0091    -0.9620     0.3206    -0.4771
     0.0980    -0.8524     0.2135    -0.4113
     0.2758    -0.8159     0.0439    -0.2327
     0.3825    -0.7155    -0.0988    -0.1481
     0.4625    -0.5785    -0.1702     0.0212
     0.6225    -0.4780    -0.2773     0.1152
     0.7292    -0.4323    -0.4557     0.2845
     0.8269    -0.2861    -0.4825     0.4161
     0.8892    -0.1765    -0.6074     0.5761
     1.0047    -0.0759    -0.7234     0.6983
     1.0136     0.0429    -0.8304     0.8489
     1.1380     0.1343    -0.9107     0.9712
     1.1824     0.3172    -0.9820     1.1123
     1.2447     0.3904    -1.0802     1.2817
     1.2535     0.4910    -1.0980     1.3947
     1.2713     0.6190    -1.2050     1.4794
     1.3335     0.8020    -1.2496     1.6112
     1.3602     0.8844    -1.2764     1.6583
     1.3780     0.9942    -1.3655     1.7336
     1.3780     1.1407    -1.3745     1.7524
     1.3424     1.2414    -1.4458     1.8089
     1.3602     1.4154    -1.4547     1.7806
     1.2980     1.4520    -1.4815     1.7901
     1.2713     1.4520    -1.4636     1.7712
     1.2624     1.4978    -1.4190     1.7430
     1.1913     1.4978    -1.4190     1.7336
     1.1114     1.5161    -1.4280     1.6959
     1.0491     1.5070    -1.3745     1.5924
     0.9514     1.5253    -1.3209     1.5735
     0.8536     1.4887    -1.2407     1.4418
     0.7025     1.5070    -1.1783     1.3759
     0.6492     1.4612    -1.1158     1.3476
     0.5158     1.5070    -1.0534     1.2441
     0.4091     1.4612    -0.9375     1.1123
     0.2758     1.4612    -0.9018     1.0371
     0.1513     1.4429    -0.7412     0.9053
     0.0446     1.3879    -0.6431     0.7736
    -0.1065     1.2506    -0.5806     0.6137
    -0.2399     1.1681    -0.4201     0.4538
    -0.3111     1.0034    -0.3130     0.2751
    -0.3822     0.8935    -0.1256     0.1434
    -0.5334     0.8386     0.0082    -0.0353
    -0.6045     0.7014     0.1332    -0.1857
    -0.6401     0.5916     0.2581    -0.3173
    -0.7202     0.5001     0.4277    -0.4959
    -0.7913     0.4086     0.5616    -0.6181
    -0.9070     0.2349     0.7044    -0.7403
    -0.9070     0.1069     0.8473    -0.8155
    -0.9603    -0.0394     0.9455    -0.9282
    -1.0493    -0.1216     1.0794    -1.0504
    -1.0582    -0.2587     1.1955    -1.1350
    -1.1027    -0.4232     1.3562    -1.2195
    -1.0938    -0.4871     1.4366    -1.2665
    -1.1738    -0.6424     1.5348    -1.3604
    -1.2005    -0.7611     1.5616    -1.3980
    -1.2139    -0.8250     1.6331    -1.3886
    -1.2272    -0.9802     1.6688    -1.4168
    -1.1738    -1.0350     1.7313    -1.4731
    -1.2005    -1.1263     1.7492    -1.4356
    -1.2005    -1.2541     1.7313    -1.4731
    -1.1560    -1.2997     1.7492    -1.4356
    -1.1649    -1.3818     1.6777    -1.4262
    -1.1382    -1.4365     1.6688    -1.3980
    -1.0404    -1.4274     1.5884    -1.4168
    -1.0048    -1.4457     1.5527    -1.3416
    -0.9781    -1.4365     1.5080    -1.3510
    -0.8358    -1.4274     1.4187    -1.3228
    -0.7468    -1.4183     1.2580    -1.2571
    -0.6490    -1.3818     1.1598    -1.2101
    -0.5512    -1.3544     1.0883    -1.1443
    -0.4622    -1.3453     0.9633    -1.0692
    -0.3199    -1.2267     0.8383    -0.9564
    -0.2221    -1.1993     0.7133    -0.8907
    -0.0443    -1.0624     0.5884    -0.8155
     0.0357    -1.0259     0.4634    -0.7215
     0.2047    -0.9163     0.3117    -0.5617
     0.3025    -0.8707     0.1599    -0.4677
     0.3825    -0.8068     0.0529    -0.3079
     0.4980    -0.7246    -0.0453    -0.1669
     0.5958    -0.6515    -0.1613    -0.0165
     0.6847    -0.5693    -0.3398     0.0682
     0.8358    -0.4597    -0.4290     0.2563
     0.8714    -0.3775    -0.5360     0.3597
     0.9958    -0.2953    -0.6163     0.5102
     1.0136    -0.1582    -0.6877     0.6795
     1.1025    -0.0577    -0.8215     0.8395
     1.1736     0.0703    -0.8483     0.9524
     1.2447     0.2257    -0.9820     1.1123
     1.2802     0.3172    -1.0177     1.1970
     1.3069     0.4727    -1.1247     1.2912
     1.3513     0.6007    -1.1783     1.3853
     1.3780     0.7654    -1.2407     1.4606
     1.3691     0.8935    -1.2585     1.5265
     1.3246     1.0034    -1.2764     1.6112
     1.3780     1.1956    -1.3209     1.6206
     1.3246     1.3055    -1.3745     1.6677
     1.3069     1.4337    -1.3477     1.6677
     1.2980     1.4337    -1.4012     1.6583
     1.2447     1.4520    -1.3834     1.6394
     1.1202     1.5345    -1.3477     1.6583
     1.1114     1.5253    -1.3477     1.5829
     0.9869     1.4612    -1.3209     1.5735
     0.9247     1.5070    -1.2496     1.5171
     0.8269     1.5253    -1.2228     1.4418
     0.7647     1.4795    -1.1515     1.4323
     0.6847     1.4795    -1.0623     1.3100
     0.5247     1.5345    -1.0088     1.2629
     0.4447     1.5253    -0.9553     1.1312
     0.3114     1.4612    -0.8750     1.0371
     0.1869     1.4703    -0.7680     0.9147
     0.0446     1.4062    -0.5985     0.8018
    -0.1154     1.3238    -0.5182     0.6325
    -0.1955     1.2322    -0.4022     0.4820
    -0.3377     1.1315    -0.2862     0.3033
    -0.4356     1.0583    -0.1613     0.1622
    -0.5067     0.9118     0.0082     0.0118
    -0.5779     0.8020     0.1956    -0.1293
    -0.7202     0.7105     0.3474    -0.2421
    -0.7646     0.5916     0.4456    -0.4301
    -0.8358     0.4452     0.5973    -0.5523
    -0.8892     0.3263     0.7937    -0.6745
    -0.9870     0.1435     0.9187    -0.7403
    -0.9781    -0.0211     1.0348    -0.9094
    -1.0938    -0.1034     1.1865    -1.0034
    -1.1293    -0.2496     1.3562    -1.0974
    -1.1560    -0.3684     1.4455    -1.1537
    -1.1827    -0.5511     1.5080    -1.2665
    -1.2183    -0.6789     1.6509    -1.3135
    -1.2450    -0.7337     1.7134    -1.3980
    -1.3073    -0.9255     1.7760    -1.4074
    -1.2628    -0.9437     1.8385    -1.4262
    -1.2895    -1.0989     1.8653    -1.4919
    -1.2628    -1.1537     1.9100    -1.5013
    -1.3162    -1.2997     1.9100    -1.4731
    -1.3162    -1.3544     1.8742    -1.5107
    -1.2895    -1.4274     1.8564    -1.5201
    -1.2628    -1.4274     1.8206    -1.4919
    -1.1916    -1.5095     1.8117    -1.5107
    -1.2183    -1.5186     1.7670    -1.4450
    -1.1204    -1.5460     1.7224    -1.4450
    -1.0938    -1.5825     1.6241    -1.3980
    -1.0226    -1.5871     1.4812    -1.3416
    -0.8803    -1.5916     1.3830    -1.2571
    -0.7824    -1.5460     1.2758    -1.2571
    -0.6757    -1.5369     1.1330    -1.1443
    -0.5334    -1.5186     1.0348    -1.0692
    -0.4711    -1.4000     0.8651    -1.0222
    -0.3199    -1.3818     0.7312    -0.9094
    -0.1510    -1.3544     0.6509    -0.8437
    -0.0710    -1.2358     0.4991    -0.7403
     0.0891    -1.1902     0.3920    -0.5805
     0.2225    -1.0715     0.2224    -0.4677
     0.3291    -0.9711     0.1153    -0.3831
     0.4358    -0.9072    -0.0453    -0.2233
     0.5069    -0.7520    -0.1792    -0.0917
     0.6492    -0.6881    -0.2595     0.0306
     0.7381    -0.5876    -0.3665     0.2092
     0.8358    -0.4871    -0.4647     0.3503
     0.9069    -0.2953    -0.6252     0.4914
     0.9869    -0.1673    -0.6788     0.6419
     1.0847    -0.0759    -0.8126     0.7924
     1.1469     0.0886    -0.8661     0.9618
     1.2269     0.2623    -0.9999     1.0935
     1.3069     0.3446    -1.0177     1.2159
     1.2891     0.5367    -1.1158     1.3100
     1.3602     0.6190    -1.2139     1.4512
     1.3957     0.7746    -1.2228     1.5171
     1.3691     0.8752    -1.2585     1.6394
     1.3780     1.0125    -1.3566     1.7147
     1.3424     1.1498    -1.3655     1.7242
     1.3291     1.3238    -1.3655     1.7995
     1.3157     1.3788    -1.3745     1.8089
     1.3069     1.4520    -1.4190     1.7901
     1.2802     1.5253    -1.3923     1.8183
     1.2535     1.4978    -1.3477     1.7995
     1.1647     1.5436    -1.3120     1.7336
     1.1469     1.5345    -1.3031     1.7430
     1.0047     1.5482    -1.2853     1.6677
     0.9692     1.5619    -1.2407     1.6112
     0.8181     1.4978    -1.1604     1.5829
     0.7469     1.5070    -1.1247     1.4794
     0.6225     1.5528    -1.0177     1.3947
     0.5425     1.5253    -0.9196     1.3100
     0.4536     1.5070    -0.8304     1.2065
     0.3202     1.5619    -0.7591     1.0841
     0.1869     1.5436    -0.6252     0.9524
     0.0268     1.4612    -0.5004     0.8112
    -0.0354     1.4978    -0.3844     0.6889
    -0.1866     1.3971    -0.2595     0.5478
    -0.2755     1.3055    -0.1792     0.3879
    -0.3199     1.1407    -0.0542     0.2374
    -0.4000     0.9668     0.1332     0.0964
    -0.5245     0.9118     0.2849    -0.0917
    -0.5868     0.7654     0.3741    -0.1951
    -0.6045     0.5641     0.5170    -0.3737
    -0.6579     0.4452     0.6955    -0.5053
    -0.7024     0.3721     0.8026    -0.6087
    -0.7380     0.2349     0.9365    -0.7309
    -0.8358     0.0338     1.0258    -0.8813
    -0.8358    -0.0485     1.1955    -0.9846
    -0.8714    -0.1947     1.2758    -1.0598
    -0.9603    -0.3318     1.4098    -1.1631
    -0.9781    -0.4414     1.4634    -1.2383
    -0.9692    -0.5785     1.5527    -1.3041
    -1.0048    -0.6972     1.6152    -1.3135
    -0.9781    -0.8433     1.6331    -1.3698
    -1.0226    -0.9072     1.6688    -1.4262
    -1.0315    -1.0076     1.6956    -1.4356
    -1.0315    -1.1080     1.7045    -1.4168
    -1.0137    -1.2084     1.7402    -1.4450
    -0.9781    -1.3179     1.6599    -1.4731
    -0.9425    -1.4000     1.6688    -1.4544
    -0.9247    -1.4000     1.6152    -1.4356
    -0.9247    -1.4730     1.5170    -1.4074
    -0.8536    -1.5369     1.4544    -1.3792
    -0.7824    -1.5460     1.3651    -1.3886
    -0.6935    -1.5551     1.2312    -1.3322
    -0.6223    -1.5643     1.1062    -1.2947
    -0.4978    -1.4913     0.9990    -1.2383
    -0.4445    -1.5004     0.9098    -1.1725
    -0.3199    -1.4457     0.7491    -1.1068
    -0.2043    -1.4000     0.6776    -1.0316
    -0.1065    -1.3453     0.5527    -0.9564
     0.0180    -1.2814     0.3652    -0.8343
     0.1247    -1.2267     0.2581    -0.7309
     0.2491    -1.1445     0.1510    -0.6181
     0.3647    -0.9894     0.0172    -0.5429
     0.5069    -0.9072    -0.1435    -0.3831
     0.5692    -0.8707    -0.2951    -0.2703
     0.6492    -0.7246    -0.4022    -0.1199
     0.7114    -0.6789    -0.5093     0.0212
     0.8536    -0.5237    -0.6342     0.1622
     0.8625    -0.4780    -0.7412     0.2751
     0.9603    -0.3775    -0.7947     0.4726
     1.0669    -0.2039    -0.9018     0.6043
     1.1647    -0.1216    -1.0088     0.7172
     1.1824     0.0520    -1.0623     0.9147
     1.2091     0.1983    -1.1247     0.9900
     1.3069     0.3080    -1.2050     1.1876
     1.2891     0.4818    -1.2496     1.2629
     1.2891     0.5641    -1.3477     1.3759
     1.3024     0.7746    -1.3923     1.4041
     1.3157     0.8844    -1.4101     1.5265
     1.3602     1.0217    -1.4458     1.5641
     1.3602     1.1590    -1.5082     1.6206
     1.2891     1.3055    -1.4993     1.6583
     1.2358     1.4429    -1.5171     1.6771
     1.2713     1.4520    -1.4993     1.6300
     1.1824     1.4887    -1.4904     1.6865
     1.1202     1.5436    -1.4904     1.6300
     1.0847     1.5161    -1.4725     1.6300
     0.9780     1.4887    -1.4547     1.6112
     0.9692     1.5436    -1.4369     1.5359
     0.8269     1.5070    -1.3745     1.5171
     0.8003     1.4887    -1.3299     1.4512
     0.6581     1.5345    -1.2585     1.3759
     0.5781     1.4887    -1.1783     1.2912
     0.4003     1.5253    -1.1069     1.2065
     0.3202     1.5436    -0.9999     1.0747
     0.1424     1.4612    -0.8929     0.9618
     0.0535     1.4703    -0.7680     0.8112
    -0.0443     1.4612    -0.6252     0.6607
    -0.1866     1.3147    -0.5182     0.5384
    -0.2755     1.2872    -0.3844     0.3597
    -0.4089     1.1315    -0.2238     0.1998
    -0.4889     1.0308    -0.1167     0.0400
    -0.5779     0.9210     0.0796    -0.1011
    -0.6134     0.7563     0.1956    -0.2421
    -0.7113     0.6282     0.3563    -0.4207
    -0.7380     0.4727     0.5348    -0.5523
    -0.8358     0.3172     0.6598    -0.6933
    -0.9070     0.1617     0.7669    -0.7967
    -0.9336     0.0429     0.9455    -0.9000
    -0.9603    -0.1034     1.0883    -1.0128
    -0.9870    -0.2313     1.1687    -1.0974
    -1.0760    -0.3592     1.3205    -1.2195
    -1.1027    -0.5511     1.4544    -1.2571
    -1.1471    -0.6241     1.5080    -1.3135
    -1.1738    -0.7429     1.6063    -1.3980
    -1.1827    -0.8433     1.6777    -1.4450
    -1.2094    -1.0076     1.7670    -1.4544
    -1.1738    -1.0624     1.7849    -1.5201
    -1.1738    -1.1902     1.8117    -1.5013
    -1.1738    -1.2632     1.8028    -1.5389
    -1.2183    -1.3088     1.8117    -1.5389
    -1.1827    -1.3727     1.8206    -1.5389
    -1.2094    -1.4822     1.7581    -1.5295
    -1.1204    -1.4730     1.7134    -1.5389
    -1.0938    -1.5186     1.7224    -1.4825
    -1.0671    -1.5825     1.6599    -1.4731
    -1.0226    -1.5369     1.5527    -1.4638
    -0.8981    -1.5551     1.4634    -1.4262
    -0.8714    -1.5369     1.3562    -1.3510
    -0.7646    -1.5186     1.2669    -1.3322
    -0.6490    -1.4822     1.0883    -1.2571
    -0.5512    -1.4548     1.0080    -1.1819
    -0.4445    -1.4365     0.8205    -1.0692
    -0.2755    -1.4457     0.6955    -1.0222
    -0.1599    -1.3179     0.5973    -0.8813
    -0.0710    -1.2632     0.4545    -0.7967
     0.0891    -1.1902     0.3384    -0.6839
     0.1691    -1.1080     0.1956    -0.5147
     0.3025    -1.0259     0.0082    -0.4677
     0.4269    -0.8981    -0.1167    -0.2985
     0.5069    -0.8616    -0.2416    -0.1199
     0.6047    -0.7246    -0.3219     0.0306
     0.7558    -0.6241    -0.4557     0.1246
     0.8181    -0.4506    -0.5806     0.3127
     0.8536    -0.3775    -0.6788     0.4161
     0.9958    -0.2587    -0.7858     0.6043
     1.0669    -0.1308    -0.8393     0.7360
     1.0847     0.0703    -0.9107     0.8959
     1.1736     0.1892    -0.9910     1.0559
     1.2624     0.3355    -1.1069     1.1970
     1.2980     0.4818    -1.1515     1.3006
     1.3424     0.6465    -1.2228     1.3759
     1.2980     0.7471    -1.2585     1.5076
     1.3246     0.9118    -1.3655     1.5924
     1.3424     1.0034    -1.3834     1.6018
     1.3513     1.1498    -1.3745     1.6959
     1.3335     1.2780    -1.4458     1.7524
     1.2891     1.4520    -1.4458     1.7712
     1.2713     1.5070    -1.4636     1.7901
     1.2535     1.4887    -1.4815     1.7806
     1.2358     1.5436    -1.4369     1.7901
     1.1824     1.5711    -1.4101     1.7618
     1.0491     1.5665    -1.4101     1.7147
     1.0580     1.5619    -1.3477     1.6583
     0.9425     1.5070    -1.3477     1.6018
     0.8536     1.5161    -1.2318     1.5265
     0.7469     1.5345    -1.1693     1.4888
     0.5958     1.5894    -1.1069     1.3853
     0.4625     1.5436    -1.0266     1.2912
     0.3914     1.5711    -0.9196     1.1782
     0.2669     1.5253    -0.8126     1.0841
     0.1247     1.4978    -0.7145     0.9053
     0.0535     1.5253    -0.5985     0.8112
    -0.0887     1.4703    -0.5182     0.6419
    -0.1777     1.3147    -0.3754     0.4632
    -0.2844     1.2048    -0.2416     0.3127
    -0.4000     1.1498    -0.1435     0.1810
    -0.4533     1.0217     0.0439     0.0306
    -0.5512     0.9027     0.1778    -0.0917
    -0.5868     0.7105     0.3027    -0.2515
    -0.6401     0.5824     0.5080    -0.3737
    -0.7646     0.4910     0.6598    -0.5617
    -0.7824     0.3080     0.7758    -0.6557
    -0.8803     0.1983     0.9455    -0.7591
    -0.9158     0.0429     1.0258    -0.9000
    -0.9514    -0.1216     1.2044    -0.9940
    -0.9781    -0.2404     1.2848    -1.0880
    -0.9870    -0.3409     1.3741    -1.1725
    -1.0226    -0.5054     1.5259    -1.2477
    -1.0849    -0.5876     1.5795    -1.2759
    -1.1204    -0.7155     1.6241    -1.3510
    -1.1560    -0.8798     1.6866    -1.3510
    -1.1204    -0.9163     1.7402    -1.4356
    -1.1916    -1.0350     1.7313    -1.4168
    -1.2005    -1.1628     1.7045    -1.4731
    -1.2005    -1.2449     1.7402    -1.4544
    -1.2005    -1.3088     1.6688    -1.4544
    -1.1827    -1.3544     1.6688    -1.4544
    -1.1471    -1.3544     1.6063    -1.5013
    -1.1115    -1.3818     1.5973    -1.4544
    -1.0938    -1.4183     1.4812    -1.4168
    -0.9959    -1.4365     1.4098    -1.4262
    -0.9692    -1.4229     1.3294    -1.3322
    -0.8981    -1.4092     1.2401    -1.3416
    -0.7824    -1.4046     1.1240    -1.2477
    -0.7468    -1.4000     0.9901    -1.1725
    -0.5956    -1.3909     0.8473    -1.1162
    -0.5245    -1.3271     0.7758    -1.0316
    -0.3733    -1.3271     0.6419    -0.9094
    -0.3111    -1.2176     0.4991    -0.8531
    -0.1599    -1.1993     0.3741    -0.7309
    -0.0354    -1.0989     0.2403    -0.6181
     0.0624    -1.0259     0.1243    -0.5147
     0.1780    -0.8889    -0.0007    -0.3831
     0.2758    -0.8616    -0.1613    -0.2045
     0.4003    -0.6972    -0.2684    -0.0823
     0.5247    -0.6241    -0.3487     0.0588
     0.5869    -0.5328    -0.5093     0.1904
     0.6847    -0.3684    -0.5985     0.2939
     0.7469    -0.3044    -0.7323     0.4820
     0.8447    -0.1673    -0.8126     0.6137
     0.9069    -0.0577    -0.9642     0.7736
     0.9425     0.1343    -1.0177     0.9053
     0.9692     0.2806    -1.0980     1.0371
     1.0758     0.3995    -1.1604     1.1312
     1.0491     0.4910    -1.2496     1.2535
     1.1025     0.6007    -1.3209     1.3006
     1.1469     0.7563    -1.3477     1.3947
     1.1913     0.9027    -1.4369     1.4606
     1.2447     0.9942    -1.4725     1.5076
     1.2535     1.0766    -1.4547     1.5641
     1.1913     1.2689    -1.4636     1.6300
     1.2180     1.3421    -1.5260     1.6394
     1.2091     1.3879    -1.4815     1.6394
     1.1824     1.5070    -1.4636     1.6771
     1.1647     1.4887    -1.4458     1.6206
     1.1469     1.4932    -1.4280     1.5924
     1.0580     1.4978    -1.3655     1.6018
     1.0047     1.5161    -1.3834     1.5359
     0.9869     1.5803    -1.2853     1.4982
     0.9158     1.5528    -1.2228     1.4229
     0.7736     1.5253    -1.1872     1.3853
     0.6936     1.5711    -1.0802     1.2817
     0.6225     1.5070    -0.9464     1.1876
     0.5069     1.5161    -0.8839     1.0559
     0.3469     1.5253    -0.7947     0.9430
     0.2402     1.4887    -0.6520     0.7830
     0.1602     1.4245    -0.5450     0.6231
     0.1069     1.3421    -0.4468     0.5102
    -0.0532     1.1773    -0.3308     0.3691
    -0.1065     1.0949    -0.1970     0.1904
    -0.1777     1.0034    -0.0364     0.1058
    -0.2933     0.8386     0.0886    -0.0541
    -0.3555     0.7471     0.2313    -0.2233
    -0.4533     0.5550     0.3920    -0.3267
    -0.5334     0.4361     0.5616    -0.5053
    -0.5690     0.3629     0.6955    -0.6275
    -0.5779     0.2075     0.8205    -0.7027
    -0.6312     0.0338     0.9901    -0.8437
    -0.7113    -0.0851     1.0794    -0.9094
    -0.7468    -0.2679     1.2580    -0.9940
    -0.8180    -0.3684     1.3562    -1.1350
    -0.8447    -0.5054     1.5080    -1.2101
    -0.8625    -0.6515     1.5527    -1.2759
    -0.9692    -0.7155     1.6152    -1.3135
    -0.9870    -0.8342     1.6956    -1.3698
    -1.0315    -0.9163     1.7224    -1.3886
    -1.0315    -1.0533     1.7670    -1.4544
    -1.0315    -1.1810     1.8028    -1.5013
    -1.0493    -1.2541     1.7938    -1.4731
    -1.0582    -1.3088     1.8385    -1.5295
    -1.0582    -1.3635     1.7760    -1.5295
    -1.1027    -1.3818     1.7670    -1.4919
    -1.0493    -1.4548     1.7134    -1.5201
    -1.0582    -1.4548     1.6866    -1.4825
    -1.0137    -1.4822     1.5884    -1.4262
    -0.9870    -1.5095     1.4723    -1.4074
    -0.9425    -1.5095     1.4098    -1.3604
    -0.8625    -1.5460     1.3026    -1.2759
    -0.7824    -1.4730     1.1508    -1.2007
    -0.7468    -1.4457     1.0080    -1.1256
    -0.5956    -1.4730     0.9008    -1.0692
    -0.4800    -1.4183     0.8205    -0.9846
    -0.4267    -1.3088     0.6866    -0.9000
    -0.3111    -1.2541     0.5616    -0.8249
    -0.1599    -1.1902     0.4188    -0.7121
    -0.0887    -1.0806     0.2938    -0.6369
     0.0802    -0.9894     0.1867    -0.4583
     0.1335    -0.9072     0.0529    -0.3361
     0.2402    -0.8342    -0.0542    -0.1951
     0.3380    -0.7246    -0.2059    -0.0541
     0.4269    -0.6241    -0.2684     0.0494
     0.5869    -0.4506    -0.4111     0.2092
     0.6314    -0.3958    -0.5360     0.3785
     0.7114    -0.2679    -0.5985     0.5196
     0.8181    -0.0851    -0.7055     0.7360
     0.8447     0.0338    -0.8393     0.8301
     0.9603     0.1617    -0.9285     1.0088
     0.9958     0.3355    -1.0356     1.1500
     1.0491     0.4452    -1.0534     1.2817
     1.1025     0.6190    -1.1337     1.3759
     1.1202     0.7654    -1.2407     1.4888
     1.1824     0.8569    -1.2764     1.5641
     1.2358     0.9759    -1.3209     1.6488
     1.2535     1.1498    -1.3388     1.7053
     1.2713     1.2597    -1.4101     1.7430
     1.3069     1.4154    -1.4369     1.8089
     1.2891     1.4978    -1.4012     1.8183
     1.2624     1.5528    -1.4369     1.8089
     1.2269     1.5070    -1.4012     1.7995
     1.2002     1.4978    -1.4190     1.8183
     1.1202     1.5711    -1.4012     1.7806
     1.0758     1.5803    -1.3209     1.7524
     1.0225     1.5711    -1.3388     1.7618
     0.9514     1.5619    -1.2764     1.6959
     0.8625     1.5711    -1.2228     1.5829
     0.7914     1.5070    -1.1515     1.4982
     0.7025     1.5436    -1.0980     1.3759
     0.6047     1.5619    -0.9285     1.2629
     0.4892     1.5803    -0.8929     1.1970
     0.3558     1.5665    -0.7769     1.0277
     0.2847     1.5528    -0.6877     0.9053
     0.1247     1.4978    -0.5806     0.7830
     0.0624     1.3879    -0.4647     0.5761
    -0.0265     1.2872    -0.2862     0.4538
    -0.1065     1.1498    -0.2238     0.3127
    -0.1955     1.0125    -0.0721     0.1246
    -0.3111     0.9210     0.0886     0.0212
    -0.4089     0.8020     0.1956    -0.1387
    -0.4356     0.6099     0.3652    -0.2985
    -0.5512     0.5641     0.5080    -0.4207
    -0.6312     0.4178     0.5884    -0.5617
    -0.6935     0.2806     0.7848    -0.7215
    -0.7024     0.1343     0.8830    -0.8061
    -0.8002    -0.0485     1.0705    -0.9470
    -0.8358    -0.1673     1.1687    -1.0504
    -0.8269    -0.2861     1.2758    -1.1443
    -0.8714    -0.4140     1.4634    -1.2289
    -0.9158    -0.5511     1.5080    -1.3041
    -0.9692    -0.6789     1.6331    -1.3792
    -0.9781    -0.8159     1.6420    -1.4450
    -1.0671    -0.9437     1.7134    -1.5295
    -1.0315    -1.0076     1.7224    -1.5201
    -1.1027    -1.1263     1.7402    -1.5765
    -1.0849    -1.2084     1.7313    -1.6516
    -1.1382    -1.2997     1.7224    -1.6328
    -1.1027    -1.3727     1.6956    -1.6422
    -1.1115    -1.4183     1.6688    -1.6422
    -1.0938    -1.4822     1.6420    -1.6140
    -1.0671    -1.5278     1.5795    -1.6328
    -1.0315    -1.5643     1.4991    -1.6046
    -0.9247    -1.5734     1.3830    -1.5201
    -0.8625    -1.5551     1.3026    -1.5201
    -0.8447    -1.5916     1.2133    -1.4450
    -0.7202    -1.5460     1.0973    -1.3416
    -0.6668    -1.5734     0.9633    -1.3041
    -0.5512    -1.4548     0.8205    -1.2007
    -0.4178    -1.4730     0.6955    -1.1443
    -0.3822    -1.3635     0.5616    -1.0598
    -0.1955    -1.3544     0.4545    -0.9188
    -0.0887    -1.2632     0.3474    -0.8437
     0.0535    -1.2084     0.2135    -0.7309
     0.1513    -1.0624     0.0886    -0.5899
     0.2313    -1.0076    -0.0185    -0.4677
     0.3380    -0.8981    -0.1613    -0.3173
     0.4180    -0.8342    -0.2862    -0.1857
     0.5336    -0.7246    -0.3308    -0.0447
     0.5958    -0.6150    -0.4825     0.0964
     0.7203    -0.4780    -0.5628     0.2845
     0.7914    -0.3044    -0.6342     0.4350
     0.8536    -0.1673    -0.7858     0.6419
     0.9336    -0.0668    -0.8304     0.7924
     0.9336     0.1252    -0.9107     0.9147
     1.0225     0.2349    -1.0088     1.1029
     1.0314     0.4361    -1.0712     1.2347
     1.1291     0.5184    -1.1337     1.3382
     1.1469     0.6556    -1.2050     1.4512
     1.1913     0.8569    -1.2496     1.5829
     1.1824     0.9851    -1.3209     1.6583
     1.2002     1.1041    -1.3655     1.7242
     1.2713     1.2780    -1.4190     1.7430
     1.2891     1.3971    -1.4190     1.8183
     1.2891     1.4978    -1.4012     1.8089
     1.2180     1.4795    -1.3834     1.8466
     1.1824     1.4887    -1.4190     1.8466
     1.1736     1.5528    -1.3655     1.8371
     1.1025     1.5161    -1.3566     1.8089
     1.0669     1.4978    -1.2942     1.8183
     0.9958     1.5803    -1.2764     1.8089
     0.9336     1.5894    -1.1693     1.7524
     0.8714     1.5345    -1.1604     1.6865
     0.8092     1.5253    -1.0712     1.6112
     0.6758     1.5070    -0.9999     1.4794
     0.5958     1.5024    -0.8750     1.3665
     0.4269     1.4978    -0.7769     1.2817
     0.3202     1.4887    -0.6966     1.1218
     0.2313     1.5070    -0.5717     0.9618
     0.1335     1.5253    -0.4914     0.8489
     0.0535     1.5161    -0.3487     0.7078
    -0.0887     1.3971    -0.2595     0.5008
    -0.1332     1.3421    -0.0899     0.3409
    -0.2666     1.1681    -0.0007     0.2280
    -0.3466     1.0400     0.1510     0.0494
    -0.3911     0.9301     0.3027    -0.1105
    -0.4267     0.7380     0.4723    -0.2797
    -0.5156     0.5824     0.5527    -0.4395
    -0.5601     0.4361     0.7580    -0.5523
    -0.6579     0.3080     0.8651    -0.6933
    -0.6579     0.1160     1.0348    -0.8155
    -0.7380     0.0338     1.1955    -0.9188
    -0.8180    -0.1216     1.3383    -1.0410
    -0.8180    -0.3044     1.4455    -1.1162
    -0.8981    -0.3866     1.5705    -1.2289
    -0.9070    -0.5693     1.6509    -1.2947
    -0.9959    -0.6424     1.7313    -1.3604
    -1.0137    -0.7611     1.7581    -1.4262
    -1.0048    -0.9072     1.7938    -1.4825
    -1.0671    -1.0259     1.8206    -1.5013
    -1.1027    -1.1172     1.8742    -1.5389
    -1.1027    -1.1628     1.8206    -1.5859
    -1.0671    -1.2541     1.8206    -1.6046
    -1.0671    -1.3179     1.8296    -1.6140
    -1.1115    -1.4365     1.7492    -1.6328
    -1.0760    -1.4730     1.6599    -1.5952
    -1.0849    -1.5186     1.6152    -1.5859
    -1.0404    -1.5369     1.4991    -1.5577
    -0.9781    -1.5825     1.4455    -1.4919
    -0.8892    -1.5825     1.2937    -1.4450
    -0.8714    -1.5278     1.1955    -1.4356
    -0.7380    -1.5369     1.0615    -1.3604
    -0.6312    -1.5278     0.9990    -1.2759
    -0.5868    -1.5278     0.8651    -1.2101
    -0.4533    -1.4457     0.7133    -1.1256
    -0.3288    -1.3818     0.5705    -1.0504
    -0.2043    -1.3271     0.4813    -0.9376
    -0.1332    -1.2814     0.3027    -0.8249
     0.0091    -1.1719     0.2224    -0.6651
     0.1602    -1.1445     0.0796    -0.6087
     0.2225    -1.0168    -0.0810    -0.4301
     0.3380    -0.9255    -0.2059    -0.3079
     0.4625    -0.8524    -0.3576    -0.1951
     0.4892    -0.6881    -0.4825    -0.0071
     0.5869    -0.6241    -0.5806     0.0870
     0.6492    -0.4780    -0.6877     0.2280
     0.7736    -0.3958    -0.8215     0.4161
     0.8181    -0.2496    -0.9285     0.5666
     0.8536    -0.1216    -1.0266     0.7266
     0.9069     0.0155    -1.1069     0.9053
     0.9603     0.1617    -1.1783     1.0088
     1.0136     0.2806    -1.2674     1.1594
     1.0136     0.4635    -1.3566     1.3288
     1.1114     0.6099    -1.4012     1.3947
     1.1469     0.7380    -1.4101     1.5076
     1.1469     0.8295    -1.4369     1.5735
     1.2091     1.0125    -1.5260     1.6300
     1.1824     1.1041    -1.5260     1.7242
     1.1736     1.2139    -1.5350     1.7147
     1.2002     1.3788    -1.5528     1.7336
     1.2091     1.4520    -1.5617     1.7806
     1.1380     1.4429    -1.5260     1.7901
     1.1025     1.4612    -1.4993     1.7430
     1.1114     1.5070    -1.4458     1.7806
     1.0314     1.5345    -1.4190     1.7336
     0.9780     1.4795    -1.3566     1.6959
     0.8892     1.5161    -1.2942     1.6959
     0.8269     1.4978    -1.2853     1.6394
     0.7469     1.4887    -1.1604     1.5641
     0.5869     1.4841    -1.0980     1.4794
     0.5069     1.4795    -1.0356     1.3382
     0.3647     1.4978    -0.9196     1.2159
     0.2936     1.5345    -0.8037     1.1218
     0.1691     1.5161    -0.7501     0.9806
     0.0980     1.4978    -0.6252     0.8112
    -0.0354     1.3971    -0.5182     0.6889
    -0.0710     1.3788    -0.3844     0.5196
    -0.1599     1.2780    -0.2416     0.3597
    -0.3022     1.0766    -0.1167     0.2374
    -0.3911     0.9485     0.0618     0.0494
    -0.4000     0.8935     0.2313    -0.0635
    -0.4889     0.7288     0.3563    -0.2139
    -0.5423     0.5916     0.5259    -0.4019
    -0.5868     0.5001     0.6687    -0.4865
    -0.6579     0.3629     0.8026    -0.6275
    -0.7024     0.2166     0.9544    -0.7591
    -0.8002     0.0246     1.1419    -0.8437
    -0.8091    -0.0577     1.2848    -0.9470
    -0.8803    -0.2313     1.4187    -1.0598
    -0.8714    -0.3775     1.5348    -1.1443
    -0.9158    -0.4414     1.6063    -1.2195
    -0.9781    -0.6333     1.7045    -1.3135
    -1.0137    -0.6972     1.7760    -1.3792
    -1.0493    -0.8159     1.7670    -1.4168
    -1.0404    -0.9163     1.8206    -1.4825
    -1.1115    -1.0715     1.8117    -1.5107
    -1.1293    -1.1719     1.7983    -1.5671
    -1.1115    -1.2449     1.7849    -1.5952
    -1.1115    -1.2906     1.7849    -1.6046
    -1.1027    -1.3544     1.7670    -1.5952
    -1.0760    -1.4457     1.7224    -1.5671
    -1.0849    -1.4548     1.6956    -1.5483
    -1.0048    -1.5551     1.6331    -1.5577
    -0.9514    -1.5460     1.5170    -1.4825
    -0.9425    -1.6007     1.4276    -1.4262
    -0.8803    -1.6099     1.3026    -1.3698
    -0.7557    -1.5369     1.2044    -1.3604
    -0.6935    -1.5460     1.0437    -1.2571
    -0.6045    -1.5095     0.9723    -1.1819
    -0.4622    -1.4730     0.8294    -1.1350
    -0.3555    -1.4730     0.6687    -1.0222
    -0.2399    -1.4183     0.5794    -0.9188
    -0.1688    -1.2997     0.4456    -0.8531
    -0.0354    -1.2084     0.2581    -0.7215
     0.0624    -1.1810     0.1243    -0.6557
     0.1691    -1.0898    -0.0007    -0.4959
     0.2847    -0.9711    -0.1435    -0.3925
     0.4091    -0.8342    -0.2951    -0.2703
     0.4980    -0.7246    -0.3665    -0.1105
     0.5514    -0.6698    -0.5004     0.0306
     0.6669    -0.4871    -0.6252     0.1810
     0.7469    -0.4232    -0.7234     0.3691
     0.7558    -0.2953    -0.8393     0.4914
     0.8269    -0.1947    -0.9731     0.6607
     0.8803    -0.0485    -1.0266     0.8395
     0.9425     0.1435    -1.1426     0.9712
     1.0225     0.3263    -1.2407     1.1500
     1.0047     0.4086    -1.3299     1.2253
     1.0936     0.6007    -1.3388     1.3194
     1.0669     0.7105    -1.4190     1.4606
     1.1647     0.8752    -1.4458     1.5265
     1.1469     1.0308    -1.4993     1.5735
     1.1558     1.1224    -1.5706     1.6677
     1.1736     1.2506    -1.5974     1.6959
     1.1736     1.3604    -1.5617     1.6865
     1.2002     1.4429    -1.5706     1.7712
     1.1469     1.4978    -1.5974     1.7524
     1.0758     1.5161    -1.5795     1.7524
     1.0847     1.4703    -1.5439     1.7336
     1.0225     1.4795    -1.4815     1.7524
     0.9869     1.4795    -1.4369     1.7242
     0.8625     1.4887    -1.4101     1.6583
     0.8003     1.4703    -1.3209     1.6018
     0.7558     1.4887    -1.3120     1.5453
     0.6581     1.4978    -1.1872     1.4794
     0.5069     1.4795    -1.0980     1.2912
     0.4003     1.4703    -1.0356     1.2441
     0.3380     1.5161    -0.9553     1.0935
     0.2136     1.4887    -0.8215     0.9430
     0.1335     1.5161    -0.7055     0.8207
    -0.0354     1.4154    -0.5985     0.6983
    -0.0887     1.3696    -0.4557     0.4914
    -0.1599     1.3055    -0.3398     0.3785
    -0.2666     1.1773    -0.2416     0.1998
    -0.3377     0.9759    -0.0632     0.0306
    -0.4267     0.8661     0.1064    -0.0729
    -0.4533     0.7197     0.2760    -0.2045
    -0.5067     0.6190     0.4277    -0.4019
    -0.6045     0.4361     0.5616    -0.5053
    -0.6134     0.3446     0.7312    -0.6369
    -0.6579     0.1983     0.8383    -0.7873
    -0.7557     0.0063     0.9723    -0.8531
    -0.7824    -0.1765     1.1151    -0.9940
    -0.8536    -0.2953     1.2669    -1.0880
    -0.8536    -0.3775     1.4098    -1.1725
    -0.8892    -0.5145     1.4634    -1.2665
    -0.9692    -0.6881     1.5527    -1.3041
    -0.9603    -0.7976     1.6241    -1.3135
    -1.0137    -0.8616     1.6956    -1.4168
    -1.0226    -0.9711     1.7045    -1.4544
    -1.1027    -1.1354     1.7402    -1.5013
    -1.1027    -1.2267     1.7849    -1.5295
    -1.1382    -1.2906     1.7760    -1.5201
    -1.1204    -1.3635     1.7402    -1.5107
    -1.0671    -1.4639     1.6866    -1.5201
    -1.1027    -1.4548     1.6509    -1.5577
    -1.0226    -1.5643     1.5705    -1.5389
    -1.0137    -1.5916     1.5705    -1.5201
    -0.9870    -1.6007     1.4455    -1.4544
    -0.9336    -1.5643     1.3562    -1.4356
    -0.8536    -1.5734     1.2937    -1.3792
    -0.7735    -1.5825     1.1419    -1.2665
    -0.6757    -1.5551     1.0437    -1.1913
    -0.6045    -1.5643     0.9008    -1.1631
    -0.5423    -1.4639     0.7758    -1.0316
    -0.4000    -1.4548     0.6776    -0.9752
    -0.3022    -1.3635     0.5437    -0.9094
    -0.1955    -1.3635     0.4009    -0.7873
    -0.0710    -1.2176     0.2760    -0.6651
    -0.0176    -1.1993     0.1599    -0.6087
     0.1335    -1.0441     0.0439    -0.4395
     0.2402    -0.9346    -0.0721    -0.3549
     0.3380    -0.8342    -0.2416    -0.2233
     0.4536    -0.7976    -0.3487    -0.0447
     0.5425    -0.6881    -0.4468     0.0494
     0.6136    -0.5511    -0.6074     0.1998
     0.7114    -0.4323    -0.6788     0.3597
     0.7647    -0.3227    -0.7947     0.5102
     0.8358    -0.1947    -0.8929     0.6607
     0.8625    -0.0485    -0.9731     0.8395
     0.8980     0.1800    -1.0802     0.9430
     1.0047     0.2989    -1.1872     1.1406
     0.9869     0.3812    -1.2228     1.2253
     1.0847     0.5458    -1.2853     1.3006
     1.0758     0.6648    -1.3477     1.4229
     1.1469     0.8203    -1.4280     1.4982
     1.1913     0.9851    -1.4904     1.5547
     1.2002     1.0858    -1.5082     1.5829
     1.2002     1.2414    -1.5260     1.5735
     1.2180     1.3330    -1.5260     1.6677
     1.1558     1.3788    -1.5350     1.6394
     1.1824     1.4795    -1.5082     1.6394
     1.1202     1.4703    -1.4993     1.6865
     1.0758     1.4978    -1.4101     1.6488
     1.0314     1.5161    -1.4280     1.6206
     0.9425     1.4887    -1.3745     1.6018
     0.9336     1.5070    -1.3388     1.5265
     0.8003     1.4612    -1.2764     1.4794
     0.7469     1.4520    -1.2318     1.4418
     0.6847     1.4795    -1.1247     1.3100
     0.5247     1.4795    -1.0356     1.2347
     0.4003     1.4887    -0.8929     1.0935
     0.3469     1.4703    -0.8215     0.9712
     0.2136     1.4612    -0.7412     0.8771
     0.0891     1.4612    -0.6074     0.7172
    -0.0176     1.4154    -0.5004     0.5290
    -0.0443     1.2506    -0.4022     0.4067
    -0.1599     1.1681    -0.2595     0.2563
    -0.2221     1.0125    -0.1167     0.1246
    -0.3111     0.8844     0.0261    -0.0071
    -0.4533     0.8112     0.1689    -0.1293
    -0.4622     0.6190     0.3206    -0.3173
    -0.5245     0.4818     0.5259    -0.4113
    -0.6134     0.3995     0.6776    -0.5899
    -0.6935     0.2898     0.8026    -0.6463
    -0.7380     0.1343     0.9544    -0.7685
    -0.7913    -0.0028     1.1062    -0.9470
    -0.7824    -0.2130     1.2312    -1.0034
    -0.8803    -0.3135     1.3741    -1.0692
    -0.9247    -0.4323     1.4544    -1.2101
    -0.9158    -0.6150     1.5170    -1.2289
    -0.9870    -0.6881     1.6331    -1.3041
    -0.9959    -0.8433     1.6688    -1.4074
    -1.0760    -0.8981     1.6866    -1.4356
    -1.1027    -1.0441     1.6956    -1.4825
    -1.0760    -1.1263     1.7045    -1.5577
    -1.1382    -1.2176     1.7134    -1.5295
    -1.1471    -1.3453     1.7224    -1.5952
    -1.1471    -1.4183     1.6777    -1.6046
    -1.1382    -1.4639     1.6688    -1.5671
    -1.0760    -1.5004     1.5884    -1.5765
    -1.0849    -1.5004     1.5616    -1.5765
    -1.0493    -1.5278     1.5080    -1.5483
    -0.9781    -1.5916     1.4634    -1.5013
    -0.9870    -1.5734     1.3651    -1.4638
    -0.8625    -1.5369     1.2401    -1.3792
    -0.7913    -1.5369     1.1508    -1.3416
    -0.7380    -1.5825     1.0169    -1.2195
    -0.6579    -1.4822     0.8830    -1.2007
    -0.5423    -1.4913     0.8026    -1.1162
    -0.4622    -1.4274     0.6598    -1.0128
    -0.3466    -1.3544     0.5794    -0.9376
    -0.2310    -1.2997     0.4099    -0.8625
    -0.1421    -1.2906     0.2581    -0.6933
    -0.0265    -1.1993     0.1956    -0.6181
     0.0891    -1.0989     0.0172    -0.5429
     0.2313    -0.9437    -0.1256    -0.3455
     0.2936    -0.8981    -0.2416    -0.2139
     0.4269    -0.7976    -0.3130    -0.0353
     0.4714    -0.6515    -0.4379     0.0400
     0.5781    -0.5693    -0.5806     0.1904
     0.6314    -0.3958    -0.6520     0.3879
     0.7203    -0.2679    -0.7591     0.5102
     0.8092    -0.1856    -0.8661     0.6889
     0.8092    -0.0120    -0.9464     0.8489
     0.8714     0.1343    -1.0802     0.9994
     0.9603     0.2257    -1.1337     1.1312
     1.0136     0.3995    -1.1783     1.2347
     1.0314     0.4635    -1.2318     1.2912
     1.0936     0.6099    -1.3477     1.3853
     1.0936     0.8112    -1.3923     1.4418
     1.1114     0.8661    -1.3745     1.5076
     1.1558     1.0308    -1.4369     1.6112
     1.1736     1.1407    -1.4280     1.6394
     1.2091     1.3147    -1.4904     1.6677
     1.1558     1.3604    -1.4993     1.6583
     1.1736     1.4795    -1.4815     1.6959
     1.1202     1.4887    -1.4547     1.6865
     1.0669     1.4978    -1.4101     1.6959
     0.9869     1.4612    -1.3923     1.6677
     0.9069     1.4520    -1.3834     1.6300
     0.8892     1.4520    -1.3299     1.5641
     0.8358     1.5161    -1.2674     1.5265
     0.7647     1.4887    -1.2407     1.4512
     0.6758     1.4520    -1.1247     1.3382
     0.5603     1.4429    -1.0356     1.2253
     0.4180     1.4978    -0.8839     1.1029
     0.3202     1.4978    -0.8393     0.9524
     0.2491     1.4612    -0.7323     0.8489
     0.1069     1.4703    -0.5806     0.7266
     0.0268     1.4062    -0.4557     0.5855
    -0.0710     1.2963    -0.3130     0.3973
    -0.1243     1.1956    -0.2148     0.2469
    -0.2132     1.0674    -0.0721     0.1528
    -0.3199     0.9668     0.0529    -0.0071
    -0.3911     0.8295     0.2313    -0.1105
    -0.4889     0.7197     0.4099    -0.2891
    -0.5156     0.5733     0.4991    -0.4301
    -0.5512     0.4086     0.7044    -0.5617
    -0.6223     0.2623     0.8294    -0.6745
    -0.6757     0.1252     0.9723    -0.7685
    -0.7113    -0.0577     1.0973    -0.9000
    -0.8002    -0.1491     1.2133    -1.0598
    -0.8180    -0.3409     1.3473    -1.1443
    -0.9158    -0.4140     1.4812    -1.2101
    -0.9514    -0.5419     1.5437    -1.3228
    -1.0048    -0.6972     1.6331    -1.3322
    -1.0493    -0.7885     1.6509    -1.3886
    -1.0849    -0.9529     1.7045    -1.4919
    -1.0671    -1.0168     1.7670    -1.4919
    -1.1649    -1.1537     1.7670    -1.5013
    -1.1738    -1.2449     1.7849    -1.5483
    -1.1204    -1.2723     1.7849    -1.5295
    -1.1649    -1.3362     1.7402    -1.5295
    -1.1204    -1.4639     1.7313    -1.5765
    -1.1471    -1.4913     1.6956    -1.5107
    -1.1027    -1.5643     1.6063    -1.5483
    -1.0671    -1.5643     1.5616    -1.5107
    -1.0849    -1.5643     1.4544    -1.4168
    -1.0404    -1.5916     1.3473    -1.4074
    -1.0048    -1.5916     1.2580    -1.3416
    -0.9158    -1.6099     1.1240    -1.2759
    -0.8625    -1.5369     1.0258    -1.2383
    -0.7646    -1.5186     0.9187    -1.1725
    -0.6757    -1.4730     0.7758    -1.0504
    -0.5245    -1.4000     0.6687    -1.0034
    -0.4445    -1.3362     0.5259    -0.9094
    -0.3466    -1.3362     0.4099    -0.7967
    -0.1866    -1.1993     0.3027    -0.7121
    -0.0532    -1.1172     0.1956    -0.5523
     0.0091    -1.0259     0.0439    -0.4583
     0.1335    -0.9255    -0.1345    -0.3173
     0.2402    -0.8068    -0.2773    -0.1857
     0.3647    -0.7246    -0.3398    -0.0259
     0.4625    -0.6515    -0.4379     0.0870
     0.4980    -0.5054    -0.5717     0.2657
     0.5781    -0.3592    -0.7055     0.4067
     0.6492    -0.2313    -0.7858     0.5384
     0.7736    -0.1765    -0.9018     0.7172
     0.8181    -0.0394    -0.9464     0.8301
     0.8625     0.1435    -1.0623     0.9712
     0.8892     0.2989    -1.1515     1.1218
     0.9514     0.4452    -1.1783     1.1876
     1.0136     0.5001    -1.2942     1.3288
     1.0580     0.6648    -1.3120     1.4512
     1.0936     0.8386    -1.3834     1.5171
     1.1291     0.9485    -1.4369     1.5453
     1.1380     1.1315    -1.4458     1.6488
     1.1913     1.2139    -1.4458     1.6394
     1.1736     1.3421    -1.4815     1.6771
     1.1736     1.4429    -1.4636     1.7336
     1.2002     1.4337    -1.4369     1.6865
     1.1202     1.4337    -1.3923     1.6818
     1.0403     1.4795    -1.3655     1.6771
     1.0403     1.4520    -1.3299     1.6677
     0.9780     1.4703    -1.3299     1.6206
     0.8714     1.4887    -1.2496     1.5735
     0.7914     1.4795    -1.2318     1.5076
     0.7558     1.4703    -1.1604     1.4323
     0.6936     1.5161    -1.0088     1.3382
     0.5692     1.5161    -0.9731     1.2347
     0.4180     1.5116    -0.8483     1.1406
     0.3825     1.5070    -0.7323     1.0182
     0.2669     1.4887    -0.6788     0.8865
     0.1069     1.4154    -0.5806     0.7454
     0.0446     1.4062    -0.4647     0.6513
    -0.0887     1.3238    -0.3041     0.4914
    -0.1510     1.2322    -0.1970     0.2845
    -0.1955     1.1681    -0.0899     0.1998
    -0.2755     1.0400     0.0529     0.0212
    -0.4000     0.8569     0.2135    -0.0823
    -0.4267     0.7837     0.3295    -0.2327
    -0.5512     0.5824     0.4723    -0.4113
    -0.5868     0.4544     0.6776    -0.5617
    -0.6846     0.3080     0.8115    -0.6463
    -0.7113     0.1892     0.9276    -0.7497
    -0.7646     0.0246     1.0705    -0.8907
    -0.8269    -0.1216     1.1687    -0.9564
    -0.9070    -0.2770     1.3026    -1.1068
    -0.9425    -0.4049     1.4723    -1.1819
    -0.9425    -0.4780     1.5348    -1.2571
    -0.9959    -0.6059     1.5705    -1.3698
    -1.0671    -0.7702     1.6688    -1.4074
    -1.0582    -0.8433     1.6777    -1.4262
    -1.1115    -0.9985     1.6956    -1.4825
    -1.1382    -1.0898     1.7581    -1.4919
    -1.1560    -1.1810     1.7224    -1.5107
    -1.1738    -1.2449     1.7313    -1.5952
    -1.2183    -1.3544     1.6866    -1.6234
    -1.1916    -1.3727     1.6599    -1.5765
    -1.2272    -1.5004     1.6331    -1.5671
    -1.1649    -1.4822     1.6063    -1.5483
    -1.1293    -1.5734     1.5527    -1.4919
    -1.1293    -1.5460     1.4812    -1.5013
    -1.0582    -1.5734     1.3919    -1.3980
    -1.0137    -1.5734     1.2401    -1.3510
    -0.9070    -1.6099     1.1508    -1.3135
    -0.8269    -1.5916     1.0437    -1.2101
    -0.7202    -1.5278     0.8919    -1.1631
    -0.6312    -1.4822     0.8294    -1.1068
    -0.4889    -1.4548     0.6866    -0.9940
    -0.4267    -1.4000     0.5437    -0.9000
    -0.3111    -1.3271     0.4456    -0.8531
    -0.1599    -1.2814     0.2849    -0.6839
    -0.0710    -1.1902     0.1778    -0.5805
     0.0535    -1.0533     0.0618    -0.4959
     0.1602    -0.9346    -0.0899    -0.3173
     0.2313    -0.8342    -0.1970    -0.1857
     0.3647    -0.7063    -0.3308    -0.0729
     0.4447    -0.6515    -0.4647     0.1058
     0.5514    -0.5328    -0.5360     0.2563
     0.5958    -0.3501    -0.6966     0.4256
     0.6847    -0.2953    -0.7947     0.5572
     0.7647    -0.1308    -0.8572     0.6889
     0.7825     0.0155    -0.9196     0.8301
     0.8714     0.1892    -1.0177     1.0182
     0.9336     0.3263    -1.1247     1.1312
     1.0225     0.3812    -1.1872     1.2441
     1.0403     0.5824    -1.2407     1.3194
     1.0936     0.6556    -1.2496     1.4135
     1.1469     0.7929    -1.3566     1.5076
     1.1824     0.9851    -1.3834     1.5453
     1.2358     1.0674    -1.4280     1.6394
     1.2002     1.1865    -1.4369     1.6771
     1.2047     1.3330    -1.4458     1.6771
     1.2091     1.3971    -1.4369     1.7336
     1.2180     1.4887    -1.4369     1.7430
     1.2269     1.4795    -1.4280     1.7242
     1.1202     1.4612    -1.3923     1.7430
     1.1114     1.5161    -1.3745     1.6865
     1.0491     1.4978    -1.3388     1.6677
     0.9158     1.4520    -1.2853     1.6394
     0.9069     1.5070    -1.2050     1.5359
     0.8181     1.5161    -1.1426     1.5171
     0.7292     1.5070    -1.0445     1.4323
     0.6047     1.4887    -0.9731     1.3382
     0.4447     1.4520    -0.9107     1.2347
     0.3647     1.4520    -0.8304     1.0747
     0.2847     1.4978    -0.7145     0.9712
     0.1158     1.4520    -0.6074     0.8301
     0.0180     1.3879    -0.4825     0.6325
    -0.0887     1.3513    -0.3665     0.4914
    -0.1065     1.2963    -0.2148     0.3503
    -0.1955     1.1681    -0.1435     0.1904
    -0.3288     0.9942     0.0439     0.0494
    -0.3644     0.9301     0.2046    -0.0823
    -0.4267     0.7929     0.3027    -0.2233
    -0.4889     0.6556     0.4902    -0.3361
    -0.5956     0.4727     0.5973    -0.4771
    -0.6935     0.3172     0.7937    -0.5899
    -0.7113     0.1983     0.9276    -0.7027
    -0.7824     0.0338     1.0169    -0.8155
    -0.8447    -0.1125     1.1598    -0.9564
    -0.8892    -0.2404     1.3294    -1.0316
    -0.9603    -0.3958     1.3919    -1.0974
    -1.0048    -0.5145     1.5170    -1.2195
    -1.0849    -0.6515     1.6152    -1.2477
    -1.0760    -0.7611     1.6241    -1.3228
    -1.1560    -0.8433     1.6866    -1.4168
    -1.1382    -0.9711     1.6956    -1.4919
    -1.2183    -1.0259     1.7402    -1.4919
    -1.2539    -1.0989     1.7849    -1.5295
    -1.2361    -1.2541     1.7849    -1.5201
    -1.2628    -1.3362     1.7134    -1.5201
    -1.2539    -1.3909     1.7224    -1.5577
    -1.1738    -1.3909     1.7045    -1.5013
    -1.1738    -1.5095     1.6420    -1.5201
    -1.1649    -1.4913     1.5884    -1.4825
    -1.1204    -1.5369     1.4366    -1.4544
    -1.0493    -1.5551     1.3562    -1.3980
    -0.9603    -1.6007     1.2848    -1.3416
    -0.8892    -1.5734     1.1151    -1.2759
    -0.8002    -1.5734     0.9990    -1.1913
    -0.6846    -1.5460     0.9365    -1.1256
    -0.5779    -1.5095     0.7669    -1.0692
    -0.5156    -1.4365     0.6598    -1.0034
    -0.3911    -1.4183     0.5259    -0.8907
    -0.2310    -1.3271     0.3741    -0.8437
    -0.1510    -1.2449     0.2760    -0.7027
    -0.0087    -1.1537     0.2046    -0.5993
     0.0802    -1.0989     0.0439    -0.4959
     0.1780    -0.9437    -0.1078    -0.3831
     0.3291    -0.8889    -0.1970    -0.2045
     0.3736    -0.7337    -0.3487    -0.0917
     0.4714    -0.6698    -0.4825     0.0400
     0.6047    -0.5511    -0.5806     0.2280
     0.6758    -0.4689    -0.6609     0.3503
     0.7381    -0.3409    -0.8037     0.5102
     0.8092    -0.1765    -0.9196     0.6701
     0.8536    -0.0851    -0.9820     0.7736
     0.9514     0.0703    -1.0980     0.9618
     0.9692     0.2715    -1.1515     1.0841
     1.0403     0.3629    -1.2407     1.1594
     1.1202     0.5184    -1.3031     1.2723
     1.1025     0.6648    -1.3477     1.3665
     1.1736     0.7471    -1.4101     1.4512
     1.2180     0.9118    -1.4636     1.5547
     1.1736     1.0674    -1.4815     1.5735
     1.2624     1.1773    -1.4725     1.6394
     1.2269     1.3513    -1.5082     1.7242
     1.2624     1.4245    -1.4904     1.7524
     1.2713     1.4703    -1.4815     1.7242
     1.2091     1.5070    -1.4725     1.7430
     1.2180     1.4887    -1.4190     1.7336
     1.1202     1.5253    -1.3834     1.7053
     1.0403     1.5253    -1.3745     1.6488
     1.0225     1.5207    -1.3031     1.6112
     0.8803     1.5161    -1.2496     1.6018
     0.8003     1.5070    -1.2228     1.5076
     0.6936     1.5253    -1.1515     1.4323
     0.6136     1.4887    -1.0445     1.3382
     0.4714     1.5253    -0.9731     1.2253
     0.4180     1.4795    -0.8929     1.1312
     0.2580     1.5161    -0.7323     1.0182
     0.1513     1.5070    -0.6699     0.8489
     0.0802     1.4703    -0.5628     0.7078
    -0.0621     1.4337    -0.3933     0.5478
    -0.1243     1.3513    -0.2862     0.3879
    -0.1777     1.1773    -0.1792     0.2563
    -0.2666     1.0583    -0.0185     0.1246
    -0.3822     0.9576     0.1332    -0.0259
    -0.4178     0.7654     0.2670    -0.1857
    -0.4889     0.6465     0.4009    -0.3267
    -0.5423     0.4727     0.5884    -0.4677
    -0.6223     0.3446     0.7133    -0.6275
    -0.6757     0.2075     0.8740    -0.6839
    -0.8091     0.0886     1.0169    -0.8343
    -0.8180    -0.0759     1.1240    -0.9376
    -0.9158    -0.2039     1.2490    -1.0128
    -0.9603    -0.3409     1.4187    -1.1350
    -0.9692    -0.4871     1.4634    -1.2289
    -1.0671    -0.5876     1.5616    -1.2571
    -1.0671    -0.7429     1.5973    -1.3416
          3          3          3          3
