    4   2048 0.020000  2016   1  20  10  10
         16         10         11         42
    -1.7303     1.9417    -0.1335     1.6254
    -1.6324     1.9050    -0.1781     1.5406
    -1.5701     1.8683    -0.1514     1.4089
    -1.4456     1.6759    -0.1960     1.1736
    -1.1876     1.4193    -0.0978     0.9853
    -0.8763     1.1812    -0.0800     0.7031
    -0.5472     0.8150    -0.0889     0.4491
    -0.1826     0.3575    -0.0086     0.1293
     0.2708     0.0466    -0.0175    -0.1246
     0.6086    -0.2185     0.0539    -0.3408
     0.9819    -0.5201     0.1164    -0.5852
     1.2396    -0.7119     0.0896    -0.7638
     1.5772    -0.9219     0.1788    -0.8954
     1.7638    -0.9859     0.2056    -0.9800
     1.9148    -1.1776     0.2235    -0.9800
     1.9060    -1.1867     0.2413    -0.9424
     1.9415    -1.1776     0.2235    -0.8390
     1.8882    -1.0406     0.2770    -0.7262
     1.5062    -0.8854     0.2413    -0.5758
     1.0441    -0.7393     0.2413    -0.3408
     0.5286    -0.4470     0.2770    -0.0776
     0.0041    -0.2002     0.2502     0.2422
    -0.5027     0.2478     0.2413     0.5808
    -0.8941     0.6503     0.2502     0.8724
    -1.1876     1.0347     0.1967     1.1641
    -1.3477     1.4651     0.1878     1.4842
    -1.5078     1.7950     0.1610     1.7666
    -1.5701     2.1067     0.0985     1.9549
    -1.5612     2.1525     0.0896     1.9455
    -1.5523     2.1158     0.0003     1.8796
    -1.4367     2.0883     0.0182     1.6630
    -1.2410     2.0242    -0.0354     1.4183
    -0.9919     1.5659    -0.1246     1.0795
    -0.6183     0.9798    -0.1514     0.6278
    -0.3071     0.4033    -0.1424     0.1481
     0.1108    -0.1728    -0.2138    -0.2186
     0.4308    -0.7302    -0.2228    -0.5758
     0.8308    -1.0863    -0.2138    -0.9330
     1.1241    -1.4057    -0.2584    -1.1773
     1.4084    -1.5426    -0.2495    -1.3464
     1.7549    -1.6794    -0.2317    -1.5624
     1.8704    -1.6794    -0.1781    -1.6564
     1.9770    -1.6794    -0.1603    -1.6658
     2.0037    -1.6430    -0.1514    -1.5906
     2.0037    -1.3966    -0.0978    -1.4779
     1.7994    -1.1502    -0.0800    -1.2900
     1.4884    -0.7850     0.0003    -1.0363
     1.0263    -0.3373     0.0093    -0.7168
     0.4930     0.2478     0.0539    -0.1998
    -0.0226     0.6960     0.0985     0.2892
    -0.5027     1.1904     0.1699     0.7219
    -0.7340     1.6484     0.2056     1.2677
    -1.0364     1.9783     0.2324     1.7289
    -1.3121     2.1067     0.2145     2.0491
    -1.4901     2.0883     0.2413     2.1433
    -1.5256     2.0425     0.2324     2.1433
    -1.5345     1.8867     0.2324     2.1056
    -1.5256     1.5568     0.2770     1.9078
    -1.3833     1.2270     0.2770     1.4089
    -1.1787     0.7326     0.2770     0.8442
    -0.9474     0.1929     0.2592     0.2986
    -0.6094    -0.2825     0.2235    -0.1434
    -0.2004    -0.5840     0.2413    -0.5100
     0.2353    -0.8580     0.2145    -0.8390
     0.5908    -0.9950     0.1610    -1.0833
     1.0263    -1.1228     0.1431    -1.2524
     1.2751    -1.2506     0.0539    -1.2994
     1.6128    -1.3236     0.0271    -1.3746
     1.8615    -1.3145     0.0360    -1.4403
     1.9681    -1.2415    -0.0354    -1.4121
     1.9770    -1.0772    -0.0710    -1.2900
     2.0214    -0.9311    -0.0889    -1.1397
     1.9326    -0.6480    -0.0889    -0.8954
     1.6927    -0.4287    -0.1067    -0.6228
     1.3107    -0.0723    -0.0710    -0.3408
     0.8130     0.3758    -0.0889    -0.0212
     0.2175     0.8242    -0.0621     0.4021
    -0.2449     1.1812    -0.0889     0.8536
    -0.7073     1.5476    -0.0532     1.1641
    -0.9563     1.8042    -0.0443     1.4842
    -1.2143     2.0700     0.0182     1.6348
    -1.4278     2.0517     0.0539     1.7666
    -1.5701     2.0883     0.0450     1.7289
    -1.6591     1.9783     0.1253     1.6348
    -1.6591     1.7400     0.1521     1.4748
    -1.5790     1.3827     0.1342     1.2771
    -1.4011     0.9157     0.2145     0.9948
    -1.1609     0.4947     0.2056     0.7031
    -0.8496    -0.0265     0.2145     0.3832
    -0.4227    -0.4744     0.2413     0.0353
    -0.0492    -0.8124     0.2324    -0.2186
     0.3330    -0.9767     0.2681    -0.4254
     0.7064    -1.1958     0.2235    -0.6228
     1.0263    -1.3327     0.2502    -0.8296
     1.4440    -1.4514     0.2681    -0.9987
     1.7194    -1.4240     0.2592    -1.1115
     1.9148    -1.2597     0.2145    -1.1303
     1.9504    -1.1593     0.2145    -1.0739
     1.9593    -0.9493     0.2056    -0.9236
     1.9237    -0.7576     0.1521    -0.8296
     1.7461    -0.3190     0.1431    -0.6510
     1.3729     0.0740     0.0628    -0.3220
     0.9463     0.6320     0.0628     0.0541
     0.4219     1.0988     0.0182     0.4115
    -0.0937     1.5934     0.0003     0.7501
    -0.6006     1.9875    -0.0800     1.0795
    -0.8763     2.1525    -0.1157     1.4842
    -1.1164     2.1800    -0.1424     1.9172
    -1.3299     2.1250    -0.1514     2.0962
    -1.4989     2.1617    -0.1781     2.1527
    -1.5123     2.1250    -0.1960     2.1433
    -1.5256     1.8867    -0.1603     2.0773
    -1.4989     1.4102    -0.1960     1.7760
    -1.3744     0.9157    -0.1692     1.2300
    -1.1342     0.3118    -0.1960     0.6184
    -0.8674    -0.2733    -0.1871     0.0165
    -0.4672    -0.7667    -0.1424    -0.5476
    -0.1026    -1.0680    -0.0621    -0.8954
     0.2530    -1.2506    -0.0800    -1.1961
     0.6086    -1.5061    -0.0443    -1.4121
     0.9908    -1.5973     0.0182    -1.5249
     1.3285    -1.6110     0.0182    -1.5812
     1.7283    -1.6247     0.0093    -1.6376
     1.9415    -1.5335     0.0450    -1.6564
     2.0214    -1.3601     0.0985    -1.5155
     2.0126    -1.1319     0.1253    -1.2806
     2.0392    -0.8854     0.1521    -0.9800
     1.9948    -0.6297     0.1521    -0.6698
     1.7194    -0.1911     0.1431    -0.1434
     1.1330     0.3026     0.0985     0.3832
     0.6175     0.7510     0.0807     0.8160
     0.0486     1.1629     0.0762     1.3618
    -0.4583     1.5568     0.0717     1.8890
    -0.7606     1.8592     0.0450     2.1527
    -0.9563     2.0700     0.0450     2.1809
    -1.1965     2.0792     0.0271     2.1998
    -1.3744     2.0700    -0.0532     2.1998
    -1.4278     2.0517    -0.0710     2.1338
    -1.4545     1.9233    -0.0710     1.8984
    -1.3566     1.6484    -0.1157     1.4277
    -1.2232     1.2911    -0.1424     0.7783
    -1.0808     0.9432    -0.1603     0.1763
    -0.8674     0.3667    -0.2228    -0.2562
    -0.5294    -0.0997    -0.2049    -0.6792
    -0.1648    -0.5018    -0.2495    -1.0081
     0.1552    -0.7667    -0.2406    -1.2055
     0.5108    -0.9767    -0.2138    -1.3370
     0.8664    -1.2141    -0.2049    -1.4121
     1.2307    -1.3419    -0.1871    -1.4403
     1.5772    -1.4787    -0.1603    -1.5530
     1.8171    -1.5517    -0.1335    -1.4967
     1.9681    -1.5335    -0.1514    -1.4309
     1.9859    -1.4970    -0.0978    -1.2430
     2.0126    -1.3875    -0.0532    -1.0175
     1.9681    -1.1593    -0.0443    -0.7450
     1.8882    -0.9037    -0.0086    -0.4536
     1.5417    -0.6297     0.0450    -0.1152
     1.0174    -0.2185     0.0093     0.2986
     0.4575     0.1929     0.1074     0.7031
    -0.0581     0.6503     0.0807     1.0606
    -0.5561     1.0256     0.1342     1.3712
    -0.8763     1.4193     0.1164     1.6442
    -1.1876     1.7034     0.1164     1.8796
    -1.3477     1.9783     0.1699     1.9643
    -1.5345     2.0608     0.1788     2.0208
    -1.6413     2.1067     0.1788     1.8702
    -1.6591     2.0792     0.1699     1.6913
    -1.6057     1.9050     0.1521     1.3712
    -1.4545     1.7125     0.1164     1.0983
    -1.1965     1.3369     0.1431     0.8160
    -0.9385     0.9249     0.0985     0.5149
    -0.6361     0.4582     0.0985     0.1763
    -0.2537     0.0009     0.0896    -0.1152
     0.1730    -0.3921     0.0539    -0.4348
     0.5553    -0.6662     0.0539    -0.6510
     0.8664    -0.8946     0.0450    -0.8296
     1.1952    -1.0954     0.0360    -1.0269
     1.5417    -1.2415     0.0450    -1.1115
     1.7816    -1.3510     0.0360    -1.2055
     1.8882    -1.4422     0.0360    -1.2149
     1.9593    -1.4422     0.0093    -1.2055
     2.0037    -1.4787    -0.0086    -1.1679
     1.8349    -1.3419     0.0182    -1.0457
     1.4973    -1.1319     0.0182    -0.8766
     1.0441    -0.8946     0.0360    -0.6698
     0.5286    -0.6206     0.0539    -0.3408
    -0.0492    -0.3008     0.0896    -0.0494
    -0.6006     0.0649     0.1164     0.2610
    -0.9830     0.5222     0.1521     0.5526
    -1.2854     0.9340     0.1699     0.8630
    -1.4723     1.3094     0.1788     1.0983
    -1.7036     1.6575     0.1610     1.3241
    -1.7570     1.9325     0.2145     1.4748
    -1.8370     2.0150     0.2413     1.6630
    -1.8282     2.0517     0.2056     1.6536
    -1.6680     1.9600     0.2056     1.5406
    -1.4989     1.7858     0.2235     1.3994
    -1.3210     1.5018     0.2145     1.2112
    -1.0453     1.1446     0.2235     1.0136
    -0.6183     0.6777     0.2324     0.6278
    -0.2804     0.2569     0.2235     0.2798
     0.1552    -0.1820     0.1788    -0.0682
     0.5108    -0.4744     0.1699    -0.3314
     0.9019    -0.7667     0.1342    -0.5476
     1.1774    -0.9676     0.1164    -0.7826
     1.4973    -1.0772     0.0896    -0.9142
     1.7461    -1.2506     0.0360    -1.1115
     1.8882    -1.2871     0.0450    -1.2055
     1.9237    -1.3419     0.0182    -1.2055
     1.9504    -1.3236    -0.0264    -1.1961
     1.7283    -1.1776    -0.0175    -1.0833
     1.3462    -1.0224    -0.0621    -0.9612
     0.8130    -0.8398    -0.0621    -0.7638
     0.3242    -0.6023    -0.0978    -0.5194
    -0.1737    -0.2185    -0.0621    -0.2468
    -0.7251     0.1380    -0.1067     0.0917
    -0.9919     0.5313    -0.1157     0.5055
    -1.2943     0.9615    -0.0889     0.8724
    -1.5078     1.3277    -0.0710     1.0983
    -1.6235     1.5751    -0.0264     1.4089
    -1.7125     1.8317    -0.0175     1.7760
    -1.7036     1.9875     0.0182     1.9267
    -1.6769     1.9875    -0.0086     1.9361
    -1.4989     1.8408     0.0093     1.7948
    -1.3299     1.6209     0.0717     1.5501
    -1.0186     1.3552     0.0717     1.2489
    -0.6895     0.9249     0.0896     0.8913
    -0.2893     0.3941     0.1521     0.4961
     0.0930    -0.0448     0.1342     0.1763
     0.5108    -0.5018     0.1610    -0.1246
     0.8041    -0.8306     0.1521    -0.4724
     1.1685    -0.9950     0.1788    -0.7074
     1.5417    -1.1958     0.1610    -0.8954
     1.8527    -1.2780     0.1164    -1.0833
     1.9948    -1.3875     0.1342    -1.2243
     1.9681    -1.3875     0.0896    -1.2994
     2.0037    -1.2415     0.0628    -1.2900
     2.0214    -1.1137     0.0628    -1.2055
     1.8971    -0.9950     0.0093    -1.0927
     1.4617    -0.7302     0.0360    -0.8766
     0.9463    -0.3190    -0.0354    -0.6322
     0.3953     0.0832    -0.0710    -0.3220
    -0.1737     0.7510    -0.0621     0.0259
    -0.6272     1.1812    -0.1335     0.4491
    -0.8229     1.5751    -0.1157     0.9101
    -1.1253     2.0150    -0.1871     1.3336
    -1.3299     2.1525    -0.1781     1.8796
    -1.4456     2.1617    -0.1871     2.1056
    -1.4812     2.1663    -0.1781     2.1621
    -1.4723     2.1709    -0.1424     2.1998
    -1.3477     1.9508    -0.1692     2.1715
    -1.1342     1.4651    -0.1157     2.0208
    -0.9474     0.8974    -0.0889     1.5971
    -0.6361     0.2386    -0.0710     1.0136
    -0.2804    -0.2825    -0.0443     0.3832
     0.0397    -0.6662     0.0093    -0.1058
     0.4130    -1.0315     0.0360    -0.5570
     0.7508    -1.2780     0.1074    -0.8578
     1.1419    -1.4149     0.1342    -1.1209
     1.4884    -1.4787     0.2056    -1.3088
     1.8260    -1.5882     0.1967    -1.4497
     1.9859    -1.5608     0.2592    -1.5343
     2.0037    -1.4149     0.2502    -1.5061
     2.0659    -1.2050     0.2859    -1.4403
     2.0836    -0.9219     0.2859    -1.2430
     2.0747    -0.6754     0.2770    -1.0457
     1.7549    -0.3556     0.2681    -0.7544
     1.0885     0.1197     0.2592    -0.3690
     0.5819     0.6411     0.2502     0.0447
     0.0663     1.2178     0.2859     0.6278
    -0.4938     1.6942     0.2324     1.1265
    -0.7340     2.0425     0.1878     1.5501
    -1.0453     2.1067     0.1610     2.0020
    -1.2054     2.1158     0.0360     2.1527
    -1.4011     2.1158    -0.0264     2.1621
    -1.4456     2.1617    -0.1067     2.1715
    -1.5078     2.1433    -0.1871     2.1715
    -1.4723     1.8867    -0.2674     2.0302
    -1.2943     1.4468    -0.3566     1.6913
    -1.0986     0.8791    -0.3834     1.1265
    -0.8674     0.4216    -0.4458     0.5149
    -0.5472    -0.0448    -0.4994     0.0353
    -0.1826    -0.4470    -0.5440    -0.3314
     0.1286    -0.7941    -0.5529    -0.7074
     0.5108    -0.9859    -0.5172    -0.9894
     0.8486    -1.1958    -0.5172    -1.1397
     1.2396    -1.3784    -0.4280    -1.1961
     1.6839    -1.4240    -0.3834    -1.3840
     1.9326    -1.4057    -0.2852    -1.4873
     2.0037    -1.3784    -0.2049    -1.5249
     2.0570    -1.2141    -0.0710    -1.3934
     2.0392    -1.0954     0.0093    -1.2430
     2.0392    -0.8672     0.0896    -1.1021
     1.7816    -0.6480     0.1788    -0.8202
     1.0885    -0.4013     0.2681    -0.4536
     0.5642    -0.0083     0.3216    -0.0494
     0.0841     0.3941     0.2859     0.3926
    -0.4227     0.7876     0.3306     0.9383
    -0.7606     1.3186     0.3216     1.3712
    -1.0719     1.7309     0.3127     1.8231
    -1.3210     1.9875     0.3127     2.1056
    -1.4901     2.0608     0.3038     2.1903
    -1.5167     2.1067     0.3216     2.1998
    -1.6146     2.0883     0.3484     2.1338
    -1.5612     2.0700     0.2949     2.0491
    -1.5167     1.8683     0.3038     1.7666
    -1.3210     1.4926     0.1967     1.2677
    -1.1342     1.1080     0.0450     0.6937
    -0.8585     0.5496    -0.1424     0.1857
    -0.4227     0.1106    -0.2674    -0.2280
    -0.1382    -0.3008    -0.4458    -0.5852
     0.2619    -0.6480    -0.5975    -0.9330
     0.5908    -0.9402    -0.6956    -1.2243
     1.0352    -1.1502    -0.8205    -1.3746
     1.4173    -1.4149    -0.8473    -1.5155
     1.7372    -1.4970    -0.8919    -1.6564
     1.9415    -1.5426    -0.9276    -1.6658
     2.0303    -1.5700    -0.8740    -1.5812
     2.0659    -1.5517    -0.7581    -1.4967
     2.0925    -1.5335    -0.6689    -1.3558
     1.9148    -1.3692    -0.5529    -1.1303
     1.3640    -1.1502    -0.3477    -0.8484
     0.7330    -0.8398    -0.1067    -0.5006
     0.2441    -0.4470     0.1342    -0.0964
    -0.2093     0.0283     0.3127     0.2798
    -0.7429     0.4673     0.2859     0.7125
    -0.9741     0.9432     0.4645     1.1641
    -1.3032     1.4102     0.6609     1.5124
    -1.5256     1.7950     0.9287     1.7760
    -1.6057     1.9417     1.0894     1.9549
    -1.6591     2.0333     1.2591     2.0020
    -1.7125     2.0608     1.3216     1.9172
    -1.5790     1.9142     1.3752     1.7760
    -1.4723     1.6209     1.3216     1.4936
    -1.2854     1.2270     1.3484     1.2018
    -1.1253     0.8699     1.3037     0.6843
    -0.8229     0.4947     1.1698     0.2422
    -0.4849     0.0740     0.8305    -0.1058
    -0.1204    -0.3190     0.3395    -0.4066
     0.2175    -0.7028     0.0182    -0.7638
     0.5730    -0.8854    -0.2763    -1.0269
     0.9641    -1.0315    -0.6064    -1.1491
     1.3196    -1.2597    -0.8830    -1.2900
     1.7105    -1.3601    -1.0881    -1.4215
     1.9859    -1.4240    -1.1951    -1.4215
     2.0836    -1.4879    -1.3200    -1.4309
     2.0925    -1.4514    -1.3646    -1.3840
     2.0659    -1.3966    -1.3022    -1.2524
     1.7105    -1.2232    -1.1595    -1.0645
     1.1685    -1.0133    -1.0078    -0.8390
     0.5997    -0.8032    -0.7402    -0.5288
     0.0930    -0.4470    -0.4726    -0.2468
    -0.5027    -0.1271    -0.1514     0.0353
    -0.9563     0.1563     0.3484     0.4679
    -1.2143     0.5771     0.8930     0.9195
    -1.3922     0.9798     1.2144     1.2865
    -1.6057     1.4377     1.3305     1.6160
    -1.7659     1.7492     1.6253     1.9267
    -1.8193     1.9600     1.8843     2.1244
    -1.6858     2.1067     2.0808     2.1244
    -1.6057     2.1342     2.0272     2.0867
    -1.4456     2.0792     2.0272     1.8890
    -1.2143     1.8317     1.8486     1.5971
    -0.9296     1.5201     1.3305     1.1453
    -0.6094     1.0805     0.7680     0.6654
    -0.2093     0.5954     0.3841     0.2610
     0.1375     0.1563     0.0003    -0.0400
     0.4486    -0.2459    -0.4191    -0.3220
     0.8664    -0.5840    -0.6243    -0.6792
     1.2307    -0.8398    -0.8205    -0.8766
     1.6306    -1.0133    -1.0168    -0.9518
     1.9681    -1.2050    -1.1238    -1.0833
     2.0925    -1.2962    -1.2041    -1.0833
     2.1014    -1.2871    -1.1862    -1.0833
     2.0925    -1.3692    -1.1060    -0.9987
     1.9770    -1.3510    -0.9543    -0.8672
     1.5239    -1.1502    -0.7848    -0.7168
     0.9730    -0.9219    -0.4994    -0.5194
     0.4664    -0.6114    -0.2406    -0.2656
    -0.1115    -0.2459     0.0360    -0.0682
    -0.5917     0.1380     0.3038     0.2422
    -0.9385     0.5954     0.5805     0.5055
    -1.1075     0.9981     0.8483     0.8442
    -1.3388     1.4468     1.2144     1.1830
    -1.5167     1.7583     1.4109     1.4748
    -1.6146     1.9875     1.5002     1.6160
    -1.5701     2.0975     1.5627     1.7666
    -1.4634     2.1067     1.4109     1.8137
    -1.2854     1.9967     1.2323     1.7666
    -1.1520     1.8408     1.1251     1.5877
    -0.8496     1.5842     0.9019     1.4089
    -0.5205     1.0805     0.6966     1.1359
    -0.1737     0.6960     0.5002     0.7878
     0.1552     0.1838     0.2413     0.3832
     0.5375    -0.2002     0.0360     0.0259
     0.9197    -0.5749    -0.1424    -0.2374
     1.3373    -0.8398    -0.3655    -0.5664
     1.6839    -1.0498    -0.5172    -0.7732
     2.0214    -1.2415    -0.6867    -0.9236
     2.0481    -1.3327    -0.7492    -1.0269
     2.2080    -1.3145    -0.8384    -1.1209
     2.3234    -1.3145    -0.8473    -1.2055
     2.3146    -1.1593    -0.7848    -1.1585
     1.9237    -1.1045    -0.7670    -1.0457
     1.3373    -0.8854    -0.6689    -0.8954
     0.7330    -0.6114    -0.6243    -0.7074
     0.2530    -0.2368    -0.4815    -0.4536
    -0.2449     0.1472    -0.3388    -0.1810
    -0.7340     0.5679    -0.0889     0.1199
    -0.9652     0.9432     0.1878     0.5431
    -1.1876     1.4468     0.4020     0.9665
    -1.3388     1.8042     0.6430     1.3430
    -1.4545     2.1158     0.8216     1.7383
    -1.4989     2.1158     0.9733     1.9926
    -1.4456     2.0975     1.1430     2.1527
    -1.2765     2.0883     1.3216     2.1150
    -1.0986     2.0242     1.4198     2.0020
    -0.8852     1.5934     1.4734     1.6913
    -0.5917     1.0622     1.3752     1.1924
    -0.2893     0.4947     1.0448     0.5526
     0.0397    -0.0448     0.7680     0.0165
     0.4130    -0.4652     0.4555    -0.3596
     0.7686    -0.8489     0.1342    -0.6698
     1.1685    -1.0863    -0.2584    -0.9612
     1.6039    -1.2141    -0.5350    -1.1397
     2.0126    -1.4331    -0.7759    -1.2712
     2.2968    -1.4286    -0.9900    -1.3464
     2.3323    -1.4240    -1.1060    -1.4309
     2.3412    -1.3966    -1.1104    -1.4309
     2.3590    -1.2050    -1.1149    -1.2806
     2.1103    -1.0498    -0.9543    -1.1115
     1.4795    -0.7941    -0.7938    -0.8954
     0.8752    -0.5475    -0.5261    -0.5758
     0.3686    -0.0997    -0.1781    -0.1904
    -0.1559     0.3758     0.2413     0.2045
    -0.5472     0.9706     0.6073     0.6937
    -0.8763     1.5934     1.1877     1.1359
    -1.0808     1.9783     1.9647     1.4653
    -1.3388     2.1709     2.0183     1.7854
    -1.4367     2.1709     2.0094     2.0491
    -1.4367     2.1709     1.8128     2.1150
    -1.4367     2.1525     1.3127     2.1809
    -1.4189     2.1342     0.7948     2.0679
    -1.2854     2.0333     0.2056     1.9267
    -1.1075     1.4468    -0.3655     1.5877
    -0.7962     0.9157    -0.7402     1.0606
    -0.5116     0.4490    -1.0614     0.4397
    -0.2271    -0.1271    -1.3735    -0.0306
     0.1464    -0.5657    -1.5340    -0.3596
     0.5019    -0.8854    -1.5251    -0.6792
     0.9197    -1.0406    -1.5162    -0.9330
     1.3462    -1.2871    -1.4627    -1.1115
     1.8260    -1.4422    -1.2665    -1.2430
     2.2435    -1.5700    -1.0970    -1.4027
     2.3234    -1.5152    -0.8294    -1.5436
     2.3945    -1.4696    -0.4815    -1.5436
     2.3767    -1.3145     0.1253    -1.4497
     2.1991    -1.1502     0.6430    -1.3558
     1.5950    -1.0772     1.1073    -1.1773
     1.0796    -0.8398     1.7950    -0.9142
     0.5286    -0.5109     2.0272    -0.5946
    -0.0315    -0.1637     2.1613    -0.2656
    -0.4938     0.2569     2.4561     0.1857
    -0.8318     0.7052     2.4114     0.6654
    -1.0986     1.0530     2.3757     1.0889
    -1.3744     1.5109     1.9379     1.5124
    -1.5167     1.9233     1.2770     1.8137
    -1.5968     2.0517     0.6341     1.9832
    -1.5523     2.0608     0.0628     1.9926
    -1.4901     2.0333    -0.4369     2.0114
    -1.4367     1.8775    -0.8384     1.7948
    -1.2854     1.6026    -1.3022     1.5124
    -1.0719     1.2270    -1.5608     1.1077
    -0.8496     0.8425    -1.6945     0.5243
    -0.5116     0.3941    -1.8194     0.0917
    -0.2004    -0.0265    -1.8550    -0.2280
     0.1375    -0.4378    -1.8639    -0.5664
     0.5375    -0.7576    -1.7391    -0.8390
     0.8575    -0.9767    -1.5697    -1.1115
     1.2929    -1.3145    -1.2932    -1.2712
     1.7905    -1.4696    -1.0524    -1.3370
     2.2169    -1.5335    -0.6956    -1.4779
     2.3679    -1.5791    -0.2317    -1.4685
     2.3856    -1.6065     0.3841    -1.5061
     2.2346    -1.6065     0.9108    -1.4403
     1.8260    -1.5335     1.3663    -1.3464
     1.2663    -1.3419     1.8754    -1.1585
     0.7419    -1.1502     2.2863    -0.8954
     0.2441    -0.8763     2.4382    -0.5852
    -0.2893    -0.4104     2.4561    -0.2186
    -0.7606    -0.0174     2.4740     0.1105
    -1.0897     0.3667     2.4025     0.4961
    -1.2676     0.7418     2.3578     0.9477
    -1.5078     1.2270     2.0808     1.3524
    -1.5701     1.6484     1.7057     1.5877
    -1.6591     1.9692     1.1251     1.7572
    -1.7125     2.1525     0.6251     1.9172
    -1.6235     2.0975     0.1342     1.9267
    -1.4723     2.0883    -0.3209     1.8231
    -1.3299     1.8500    -0.6956     1.6536
    -1.0897     1.4743    -0.8651     1.4183
    -0.8229     0.9889    -1.0881     0.9665
    -0.5294     0.5862    -1.3200     0.5714
    -0.1648     0.2386    -1.4538     0.2045
     0.1908    -0.2002    -1.4716    -0.1434
     0.5464    -0.6023    -1.4894    -0.4724
     1.0174    -0.8306    -1.3913    -0.7544
     1.4529    -1.0589    -1.2041    -0.9894
     1.9148    -1.1867    -1.0435    -1.1021
     2.2879    -1.2506    -0.9097    -1.2430
     2.3501    -1.2597    -0.6778    -1.2994
     2.3501    -1.2871    -0.3744    -1.2900
     2.2257    -1.3054     0.0450    -1.2618
     1.6750    -1.2506     0.4645    -1.1585
     1.1152    -1.1137     0.9555    -0.9142
     0.6530    -0.8489     1.3752    -0.6980
     0.1641    -0.5292     1.6699    -0.4254
    -0.3605    -0.1820     1.9647    -0.1340
    -0.7695     0.1015     2.1077     0.1857
    -1.0097     0.4764     2.2863     0.5714
    -1.2854     0.8791     2.2238     1.0795
    -1.4367     1.3277     2.1077     1.3994
    -1.5523     1.6575     1.8754     1.6442
    -1.5479     1.9233     1.6610     1.8607
    -1.5434     2.1342     1.2770     2.0208
    -1.4011     2.1433     0.9287     2.0397
    -1.3210     2.0883     0.4912     1.9361
    -1.1520     1.9600     0.1699     1.7666
    -0.9029     1.6026    -0.1692     1.4653
    -0.6006     1.2178    -0.4547     1.0889
    -0.1826     0.7693    -0.7135     0.6372
     0.2175     0.2844    -0.8919     0.2610
     0.5730    -0.0905    -1.0524    -0.0494
     0.9819    -0.5109    -1.2041    -0.3690
     1.5328    -0.7667    -1.2754    -0.6792
     1.9859    -1.0041    -1.3824    -0.8578
     2.3146    -1.1776    -1.3824    -1.0269
     2.3945    -1.2688    -1.3468    -1.1679
     2.3945    -1.2871    -1.2041    -1.2336
     2.3590    -1.3419    -1.0257    -1.2149
     1.9237    -1.3327    -0.8651    -1.2055
     1.3818    -1.2050    -0.6153    -1.0833
     0.8930    -1.0498    -0.3477    -0.8484
     0.3775    -0.7393    -0.0621    -0.6604
    -0.1293    -0.4470     0.2324    -0.3690
    -0.5116    -0.0265     0.5894    -0.0964
    -0.7962     0.3667     0.9287     0.3174
    -1.0631     0.8333     1.2770     0.7501
    -1.2499     1.2545     1.4645     1.1736
    -1.4011     1.7675     1.6074     1.5501
    -1.4723     2.0150     1.7235     1.7948
    -1.5167     2.1433     1.7771     1.9832
    -1.4545     2.1433     1.7682     2.0962
    -1.3477     2.1342     1.6967     2.0679
    -1.2143     2.0333     1.5092     1.9455
    -1.0008     1.7309     1.3573     1.7007
    -0.6895     1.2820     1.0537     1.3430
    -0.3516     0.7326     0.6698     0.8066
     0.0130     0.2661     0.3038     0.2986
     0.4842    -0.1911    -0.0086    -0.1058
     0.9463    -0.5657    -0.2852    -0.4160
     1.5062    -0.8489    -0.5707    -0.7544
     2.1724    -1.0954    -0.8116    -0.9518
     2.3412    -1.2962    -1.0614    -1.1115
     2.4744    -1.3601    -1.2041    -1.2900
     2.4922    -1.3875    -1.3289    -1.3746
     2.3767    -1.3784    -1.3468    -1.3840
     1.9237    -1.2962    -1.3468    -1.3182
     1.4262    -1.1228    -1.3200    -1.1679
     0.9197    -1.0041    -1.1862    -1.0269
     0.4042    -0.7484    -1.0703    -0.7638
    -0.1470    -0.3921    -0.8294    -0.4724
    -0.5472     0.0009    -0.6510    -0.1246
    -0.8674     0.3758    -0.3566     0.2798
    -1.1342     0.8882    -0.0800     0.7407
    -1.3210     1.3369     0.2235     1.1924
    -1.5434     1.7583     0.5002     1.5218
    -1.6769     1.9967     0.7948     1.7854
    -1.6324     2.0883     1.0358     2.0114
    -1.6235     2.0975     1.2055     2.0867
    -1.4989     2.1067     1.2859     2.0773
    -1.3566     2.0333     1.3216     1.9455
    -1.1520     1.7675     1.2680     1.7383
    -0.8318     1.2362     1.1877     1.3430
    -0.5472     0.7693     0.9823     0.7595
    -0.1382     0.3301     0.7948     0.2798
     0.3775    -0.1637     0.5448    -0.1528
     0.8752    -0.5749     0.2681    -0.5194
     1.4529    -0.8672     0.0271    -0.8484
     2.0836    -1.0954    -0.1514    -1.0645
     2.4567    -1.2780    -0.3477    -1.1867
     2.5011    -1.3875    -0.5083    -1.4027
     2.4744    -1.4605    -0.6332    -1.5155
     2.3590    -1.4331    -0.7759    -1.5530
     1.9504    -1.3966    -0.8562    -1.5155
     1.5328    -1.1867    -0.8919    -1.4121
     1.0796    -1.0772    -0.8562    -1.2524
     0.5730    -0.9767    -0.7848    -0.9706
     0.0574    -0.6936    -0.6778    -0.7450
    -0.3605    -0.2642    -0.5618    -0.3972
    -0.6717     0.2295    -0.3566    -0.0588
    -0.9741     0.6320    -0.0978     0.3832
    -1.1876     1.0530     0.2235     0.8254
    -1.4723     1.4651     0.5805     1.2300
    -1.6769     1.8500     0.9287     1.5312
    -1.6591     2.0792     1.4645     1.8325
    -1.6858     2.0517     1.4600     1.9172
    -1.6680     2.0471     1.4556     1.9549
    -1.6146     2.0425     1.2144     1.8702
    -1.4011     1.8592     0.8305     1.7101
    -1.2410     1.3461     0.4912     1.4183
    -0.9741     0.8425     0.1253     0.9665
    -0.5739     0.3667    -0.2406     0.5149
    -0.1470    -0.0814    -0.4726     0.0447
     0.4130    -0.5475    -0.7848    -0.2468
     0.9463    -0.8672    -0.9365    -0.5852
     1.5062    -1.1593    -1.0257    -0.8202
     2.1369    -1.2780    -1.0703    -1.0363
     2.4211    -1.5061    -0.9365    -1.2524
     2.4034    -1.5335    -0.8205    -1.4027
     2.4389    -1.5198    -0.6332    -1.4967
     2.1991    -1.5061    -0.3744    -1.5061
     1.7905    -1.4605    -0.0800    -1.5155
     1.3907    -1.3510     0.2592    -1.4027
     0.9463    -1.1593     0.6966    -1.1585
     0.4486    -0.9402     1.1698    -0.9706
    -0.0759    -0.5383     1.6253    -0.6698
    -0.4494    -0.1545     2.1881    -0.3596
    -0.8585     0.2569     2.3936     0.0259
    -1.1164     0.6228     2.4382     0.3926
    -1.3477     1.0805     2.4382     0.8348
    -1.6146     1.5109     2.3578     1.1830
    -1.7036     1.8133     1.8039     1.4371
    -1.8459     1.9692     1.1698     1.6065
    -1.8637     2.0242     0.5627     1.7289
    -1.7303     1.9692     0.0717     1.7478
    -1.5879     1.8867    -0.4191     1.6348
    -1.3744     1.5842    -0.8294     1.4748
    -1.1075     1.2087    -1.1505     1.2300
    -0.8496     0.7235    -1.2932     0.8630
    -0.4049     0.3484    -1.3913     0.4773
     0.1730    -0.1545    -1.4894     0.1105
     0.7330    -0.6023    -1.5162    -0.1246
     1.2129    -0.9128    -1.4359    -0.4348
     1.8349    -1.1502    -1.2932    -0.7450
     2.2613    -1.3601    -1.1327    -0.9424
     2.4567    -1.4696    -0.8384    -1.1397
     2.4300    -1.5244    -0.5261    -1.2712
     2.3590    -1.5608    -0.1067    -1.3652
     2.1369    -1.5700     0.2592    -1.4121
     1.7549    -1.5061     0.5984    -1.4027
     1.3196    -1.4331     0.9823    -1.2900
     0.9108    -1.2415     1.3484    -1.0833
     0.3508    -0.9311     1.6610    -0.8390
    -0.0937    -0.5749     2.0272    -0.5194
    -0.5027    -0.1362     2.2327    -0.2562
    -0.8318     0.2661     2.2774     0.0917
    -1.0631     0.6686     2.2238     0.4867
    -1.3388     1.0713     2.0183     0.8818
    -1.5345     1.5018     1.7771     1.2394
    -1.6146     1.7858     1.5002     1.4559
    -1.6413     2.0333     1.1877     1.6913
    -1.6324     2.0333     0.8216     1.8702
    -1.4634     2.0333     0.4109     1.8890
    -1.2943     1.9967     0.0182     1.7478
    -1.0631     1.6850    -0.3477     1.6065
    -0.7517     1.3277    -0.6332     1.3336
    -0.4049     0.8699    -0.8740     0.8913
     0.0308     0.3667    -1.1060     0.4773
     0.6708    -0.0631    -1.2754     0.0635
     1.1419    -0.4835    -1.4003    -0.1998
     1.7727    -0.8032    -1.4359    -0.5100
     2.2879    -1.0133    -1.4270    -0.7638
     2.4123    -1.1867    -1.3468    -0.9236
     2.4567    -1.3145    -1.1773    -1.0739
     2.4922    -1.2962    -1.0524    -1.2055
     2.3856    -1.3145    -0.8740    -1.2994
     2.0214    -1.2597    -0.6421    -1.3276
     1.6039    -1.2232    -0.3388    -1.2149
     1.1507    -1.1502     0.0628    -1.0739
     0.5908    -0.9676     0.5270    -0.9048
     0.0130    -0.6114     0.8930    -0.6228
    -0.4405    -0.2825     1.2412    -0.3220
    -0.8407     0.1472     1.5449     0.0541
    -1.0631     0.5313     1.8218     0.4491
    -1.3655     0.9249     2.1077     0.9571
    -1.6235     1.3461     2.0987     1.3900
    -1.6591     1.7217     2.0898     1.6630
    -1.8015     1.9508     1.8128     1.9643
    -1.8459     2.1067     1.5717     2.1433
    -1.7214     2.0700     1.2770     2.1715
    -1.5790     2.0425     0.8394     2.0962
    -1.3655     1.9875     0.3931     2.0397
    -1.0631     1.7492     0.0271     1.7289
    -0.7251     1.2728    -0.3298     1.2018
    -0.3071     0.8333    -0.5707     0.6278
     0.2264     0.2661    -0.7759     0.1293
     0.7686    -0.2185    -0.9722    -0.2186
     1.2751    -0.5383    -1.1595    -0.6040
     1.8260    -0.8489    -1.3557    -0.8766
     2.2613    -1.1228    -1.4894    -1.0457
     2.4211    -1.3145    -1.4761    -1.1679
     2.4300    -1.3601    -1.4627    -1.2712
     2.3590    -1.3692    -1.3557    -1.4121
     2.0126    -1.3601    -1.2130    -1.4309
     1.5861    -1.2780    -1.1060    -1.3558
     1.0708    -1.1867    -0.8830    -1.2055
     0.5019    -1.0772    -0.6064    -1.0363
     0.0041    -0.8124    -0.2406    -0.7732
    -0.5027    -0.3921     0.1699    -0.4630
    -1.0097     0.0557     0.5180    -0.1340
    -1.3121     0.4124     0.9823     0.2233
    -1.4723     0.8425     1.3752     0.6937
    -1.7214     1.3827     1.6789     1.1453
    -1.8459     1.8133     1.9826     1.5877
    -1.9171     2.0058     2.1166     1.9078
    -1.8904     2.0883     2.0451     2.0867
    -1.8015     2.1250     1.7950     2.0962
    -1.6324     2.1158     1.5895     2.1150
    -1.4278     2.0150     1.2323     2.0020
    -1.1787     1.5568     0.9287     1.7383
    -0.7784     1.0530     0.5180     1.2394
    -0.4405     0.5679     0.1967     0.6937
     0.1197     0.0923    -0.1157     0.2045
     0.6619    -0.3465    -0.3477    -0.1528
     1.1596    -0.7576    -0.6243    -0.4912
     1.7727    -0.9676    -0.8116    -0.8578
     2.2346    -1.2323    -1.0524    -1.0175
     2.4123    -1.4057    -1.1773    -1.1961
     2.4211    -1.5244    -1.3468    -1.3558
     2.4300    -1.5791    -1.3824    -1.4497
     2.3234    -1.4879    -1.4270    -1.5061
     1.8793    -1.4149    -1.3735    -1.4779
     1.3107    -1.2415    -1.2397    -1.3182
     0.7597    -1.0954    -1.0257    -1.1961
     0.2619    -0.8854    -0.7670    -0.9800
    -0.2626    -0.5018    -0.5529    -0.6980
    -0.6806    -0.1271    -0.1960    -0.3690
    -1.0186     0.2569     0.0896    -0.0400
    -1.3032     0.6869     0.4466     0.2892
    -1.4989     1.1171     0.7769     0.7501
    -1.7036     1.6667     1.2055     1.1641
    -1.7303     1.9050     1.4734     1.4559
    -1.7570     2.0883     1.6253     1.7101
    -1.7303     2.0517     1.7325     1.8890
    -1.6057     2.0792     1.7414     1.8796
    -1.3833     1.9875     1.5627     1.8702
    -1.1876     1.7309     1.3841     1.6536
    -0.8140     1.2728     1.0805     1.3900
    -0.4227     0.7876     0.7769     1.0512
    -0.0492     0.3758     0.4912     0.5620
     0.4753    -0.0723     0.1878     0.1669
     1.0352    -0.5292    -0.0175    -0.1434
     1.6039    -0.8489    -0.3031    -0.4160
     2.1902    -1.0954    -0.4994    -0.7544
     2.4389    -1.3054    -0.7670    -0.9518
     2.4833    -1.5608    -0.9365    -1.1585
     2.4300    -1.5563    -1.0078    -1.3088
     2.4567    -1.5517    -1.1060    -1.4215
     2.1014    -1.4970    -1.0614    -1.4591
     1.5595    -1.3966    -0.9989    -1.4215
     1.1241    -1.3692    -0.8830    -1.3370
     0.6175    -1.1776    -0.6689    -1.1585
     0.1019    -0.8763    -0.4904    -0.9518
    -0.4494    -0.4835    -0.3388    -0.7168
    -0.8051    -0.0905    -0.0443    -0.4348
    -1.0897     0.3209     0.2592    -0.1434
    -1.3833     0.6869     0.6251     0.1857
    -1.5345     1.0988     0.9108     0.5714
    -1.7481     1.5568     1.2680     1.0324
    -1.7837     1.8225     1.5092     1.3241
    -1.8015     1.9783     1.6789     1.6160
    -1.7570     2.0425     1.6610     1.8137
    -1.5968     2.0242     1.6610     1.7948
    -1.4634     1.8408     1.4556     1.7760
    -1.1342     1.5659     1.2055     1.6065
    -0.7873     1.0713     0.7769     1.3618
    -0.3605     0.6686     0.3752     1.0324
     0.0219     0.2661     0.0003     0.5902
     0.5730    -0.2277    -0.4369     0.1951
     1.1330    -0.6297    -0.6956    -0.0964
     1.6661    -0.8946    -0.9543    -0.3972
     2.1813    -1.0772    -1.0435    -0.6886
     2.4300    -1.2050    -1.2130    -0.8484
     2.4433    -1.3601    -1.2665    -1.1021
     2.4567    -1.3784    -1.2219    -1.2524
     2.3590    -1.3784    -1.0078    -1.3464
     1.9948    -1.3601    -0.7224    -1.3934
     1.4884    -1.2506    -0.3388    -1.2900
     1.0441    -1.1776     0.1074    -1.1961
     0.5197    -0.8672     0.5805    -1.0269
    -0.0137    -0.5566     1.1251    -0.7262
    -0.4494    -0.2459     1.7057    -0.4912
    -0.8229     0.1197     2.3668    -0.1716
    -1.1342     0.5313     2.4293     0.1763
    -1.3477     0.9523     2.5633     0.6278
    -1.5256     1.3369     2.5633     1.0983
    -1.6324     1.7492     2.4919     1.4277
    -1.7659     1.9967     1.9736     1.7760
    -1.8104     2.0608     1.4109     2.0020
    -1.6769     2.0975     0.6876     2.0114
    -1.5701     2.0608     0.1074     2.0208
    -1.3744     1.9783    -0.4191     1.8890
    -1.0897     1.5384    -0.8473     1.6065
    -0.7784     1.0439    -1.2754     1.1641
    -0.3160     0.6137    -1.4984     0.6843
     0.1552     0.1838    -1.6499     0.2516
     0.5997    -0.2825    -1.7302    -0.0870
     1.1596    -0.6662    -1.7391    -0.3502
     1.6750    -0.8763    -1.6410    -0.5946
     2.2524    -1.0589    -1.5162    -0.7826
     2.4656    -1.2688    -1.3378    -0.9142
     2.4567    -1.3875    -1.1238    -1.0457
     2.4922    -1.3601    -0.7938    -1.1679
     2.3856    -1.3601    -0.4191    -1.2336
     1.8793    -1.2506     0.0003    -1.1961
     1.3995    -1.2050     0.6341    -1.1021
     0.8664    -1.0498     1.0894    -0.9894
     0.4219    -0.8215     1.4466    -0.8108
    -0.1026    -0.4652     1.9290    -0.5476
    -0.5027    -0.0265     2.2506    -0.2562
    -0.7784     0.4124     2.4293     0.0635
    -1.0719     0.8333     2.4561     0.3644
    -1.2854     1.2362     2.3489     0.7595
    -1.4634     1.6850     2.1166     1.0983
    -1.6591     1.9508     1.8486     1.4653
    -1.6947     2.0700     1.4198     1.7289
    -1.6591     2.0883     0.9019     1.8890
    -1.5968     2.1342     0.4823     1.8607
    -1.4723     2.0150     0.0717     1.7760
    -1.2765     1.7034    -0.3031     1.5971
    -1.0542     1.1995    -0.7492     1.3524
    -0.6272     0.7326    -0.9632     0.9477
    -0.2004     0.2386    -1.2219     0.4867
     0.2708    -0.2459    -1.3824     0.0917
     0.8130    -0.6754    -1.5608    -0.2468
     1.3462    -0.9950    -1.6143    -0.4818
     2.0126    -1.1502    -1.6232    -0.7544
     2.3679    -1.3601    -1.6321    -0.9330
     2.5100    -1.5152    -1.4627    -1.1397
     2.5188    -1.5700    -1.2308    -1.2806
     2.4744    -1.5426    -1.0435    -1.3934
     2.1902    -1.5061    -0.6867    -1.4027
     1.6217    -1.4696    -0.4101    -1.4215
     1.1419    -1.3601    -0.0443    -1.3088
     0.5730    -1.1776     0.1878    -1.1115
     0.0663    -0.7941     0.5448    -0.8954
    -0.3782    -0.4287     0.9287    -0.5570
    -0.7784     0.0375     1.3484    -0.2374
    -1.0542     0.4307     1.6253     0.0635
    -1.2854     0.7784     1.8396     0.4585
    -1.4634     1.2911     1.9200     0.9101
    -1.5879     1.7950     2.0004     1.2959
    -1.7570     2.0792     1.8128     1.5595
    -1.7659     2.1158     1.6878     1.7383
    -1.7303     2.1617     1.4824     1.8419
    -1.5879     2.0975     1.1073     1.8137
    -1.3744     1.9050     0.8037     1.7007
    -1.0719     1.5109     0.4109     1.4842
    -0.7606     1.0164     0.0360     1.1265
    -0.3427     0.5405    -0.2852     0.6937
     0.1464     0.0832    -0.6064     0.2328
     0.7242    -0.4287    -0.8205    -0.0306
     1.2485    -0.8124    -1.0168    -0.2938
     1.8793    -1.0589    -1.1060    -0.6040
     2.3856    -1.2232    -1.2397    -0.8672
     2.4922    -1.3966    -1.3200    -0.9800
     2.5011    -1.4422    -1.3913    -1.1115
     2.5011    -1.4696    -1.2487    -1.2243
     2.2702    -1.3784    -1.1773    -1.3370
     1.7816    -1.3784    -1.0435    -1.3276
     1.2574    -1.2871    -0.9008    -1.2900
     0.7330    -1.1411    -0.6778    -1.2055
     0.1908    -0.9859    -0.4191    -1.0927
    -0.3160    -0.5840    -0.1157    -0.8390
    -0.7429    -0.2368     0.1878    -0.5758
    -1.1253     0.1746     0.5091    -0.2750
    -1.3388     0.5771     0.7858     0.1105
    -1.5523     0.9615     1.0716     0.4773
    -1.6858     1.3735     1.3752     0.9665
    -1.8370     1.7675     1.5895     1.3241
    -1.8993     2.0608     1.6878     1.6254
    -1.8637     2.0975     1.7235     1.8796
    -1.7214     2.1342     1.5717     1.9832
    -1.4901     2.0242     1.3573     1.9832
    -1.1965     1.7767     1.0626     1.8607
    -0.8674     1.4285     0.8216     1.6442
    -0.4227     0.9889     0.5270     1.2677
     0.1108     0.6137     0.2235     0.8160
     0.6975     0.0923    -0.0443     0.4021
     1.2129    -0.2916    -0.3477     0.0729
     1.7905    -0.6936    -0.5797    -0.2656
     2.3501    -0.8946    -0.7581    -0.5194
     2.4478    -1.0954    -0.8651    -0.7544
     2.5366    -1.2871    -1.0168    -0.9518
     2.5188    -1.3510    -1.0703    -1.1209
     2.4034    -1.3692    -1.1149    -1.2524
     2.0126    -1.2962    -1.1416    -1.3182
     1.4973    -1.2780    -1.0257    -1.3088
     1.0352    -1.1593    -0.9008    -1.2243
     0.5019    -0.9767    -0.7581    -1.0739
    -0.0759    -0.7484    -0.5707    -0.9142
    -0.5650    -0.3099    -0.2852    -0.6322
    -0.9474     0.1106     0.1431    -0.3784
    -1.1965     0.4582     0.5448    -0.0682
    -1.3833     0.9157     0.9376     0.2704
    -1.5523     1.4010     1.3216     0.6278
    -1.6858     1.8867     1.6789     1.1171
    -1.7748     2.0975     2.0630     1.4371
    -1.7926     2.1525     2.1434     1.6724
    -1.6502     2.1617     2.1255     1.8890
    -1.5434     2.1525     1.9290     1.9172
    -1.2587     2.0792     1.6253     1.8325
    -0.9741     1.6026     1.2591     1.7007
    -0.5828     1.0713     0.9019     1.4748
    -0.0759     0.6503     0.4555     1.0983
     0.3775     0.2020     0.0896     0.6560
     0.8841    -0.2551    -0.3477     0.2798
     1.4084    -0.7119    -0.5797    -0.0306
     1.9237    -0.9128    -0.8205    -0.2750
     2.2968    -1.1045    -1.0346    -0.5194
     2.4389    -1.2962    -1.1862    -0.7450
     2.4656    -1.3784    -1.2397    -0.9987
     2.4123    -1.3738    -1.2754    -1.1397
     2.3323    -1.3692    -1.1951    -1.2430
     1.9148    -1.2597    -1.1149    -1.2994
     1.4795    -1.2323    -0.9276    -1.3182
     0.9463    -1.0772    -0.7045    -1.1867
     0.4130    -0.8124    -0.4726    -1.0363
    -0.1115    -0.4470    -0.2049    -0.8108
    -0.6450    -0.0723     0.0985    -0.5852
    -0.9652     0.2661     0.4198    -0.3126
    -1.1965     0.6320     0.7769     0.0071
    -1.4011     1.0439     1.2234     0.3080
    -1.6057     1.5109     1.6521     0.7783
    -1.8193     1.9508     1.8843     1.2112
    -1.8726     2.0517     2.0540     1.4559
    -1.7481     2.0883     2.0004     1.7007
    -1.6235     2.0883     1.7860     1.8137
    -1.4901     1.9600     1.4288     1.8513
    -1.2765     1.5934     0.8930     1.6724
    -0.9207     1.1354     0.4555     1.5030
    -0.5561     0.7143    -0.0710     1.2206
    -0.0226     0.2478    -0.4458     0.8254
     0.5108    -0.1362    -0.8473     0.3738
     0.9730    -0.6023    -1.1149     0.0447
     1.5062    -0.8580    -1.3468    -0.2844
     2.0214    -1.1411    -1.4805    -0.5664
     2.3323    -1.3419    -1.6589    -0.8014
     2.4478    -1.4879    -1.6767    -0.9518
     2.4744    -1.5015    -1.6143    -1.1679
     2.4211    -1.5152    -1.4627    -1.2618
     2.1724    -1.4149    -1.2397    -1.3652
     1.7283    -1.3784    -1.0524    -1.3652
     1.2041    -1.2597    -0.7045    -1.2712
     0.6797    -0.9950    -0.3834    -1.0833
     0.1730    -0.7302     0.0628    -0.8484
    -0.2893    -0.2551     0.5091    -0.6134
    -0.7962     0.2203     0.9019    -0.3032
    -1.0631     0.6869     1.4913     0.0071
    -1.3032     1.2545     1.8575     0.4303
    -1.4812     1.7400     2.1791     0.9007
    -1.7481     2.0242     2.3936     1.3241
    -1.8637     2.1525     2.3668     1.5595
    -1.8815     2.1158     2.1613     1.8796
    -1.7125     2.1525     1.8128     2.0302
    -1.5612     2.1067     1.2323     1.9926
    -1.4011     1.8775     0.7412     1.9078
    -1.1520     1.3461     0.2056     1.7101
    -0.8140     0.8974    -0.1781     1.3524
    -0.3249     0.3758    -0.6421     0.8913
     0.1908    -0.0997    -0.9811     0.3832
     0.6797    -0.5840    -1.1951     0.0541
     1.2929    -0.9128    -1.3824    -0.2562
     1.8082    -1.0772    -1.5251    -0.5006
     2.1636    -1.3145    -1.5429    -0.7262
     2.4211    -1.4331    -1.5429    -0.8484
     2.4744    -1.4514    -1.4538    -1.0269
     2.4922    -1.4696    -1.3200    -1.2336
     2.4211    -1.3966    -1.1505    -1.3276
     2.2435    -1.3236    -0.8294    -1.3746
     1.6306    -1.2050    -0.5440    -1.3088
     1.1596    -1.0498    -0.2228    -1.2336
     0.5908    -0.7941     0.2145    -1.0927
    -0.0226    -0.4378     0.6609    -0.7920
    -0.4938     0.0466     1.0448    -0.5194
    -0.9118     0.4307     1.5270    -0.2092
    -1.2232     0.8242     1.9111     0.1481
    -1.4189     1.3094     2.1523     0.5620
    -1.6146     1.7492     2.4293     1.0606
    -1.8282     2.0700     2.4114     1.4559
    -1.8548     2.1342     2.2774     1.7007
    -1.8459     2.1158     1.9736     1.8796
    -1.7303     2.1342     1.4824     1.8419
    -1.5523     1.9692     0.9555     1.7760
    -1.3210     1.6575     0.5091     1.5877
    -1.0186     1.1721     0.1699     1.3241
    -0.6183     0.7784    -0.3120     0.9101
    -0.1382     0.3026    -0.6243     0.5243
     0.3419    -0.1454    -0.9454     0.1387
     0.8841    -0.5749    -1.0970    -0.1434
     1.3196    -0.9402    -1.2754    -0.4348
     1.8615    -1.1502    -1.3735    -0.6792
     2.1547    -1.3327    -1.4627    -0.8390
     2.4034    -1.5244    -1.4538    -0.9518
     2.4123    -1.6247    -1.3646    -1.1115
     2.3767    -1.6065    -1.2397    -1.2430
     2.2702    -1.5973    -1.1149    -1.2994
     1.8615    -1.4970    -0.8205    -1.3464
     1.3551    -1.3966    -0.4904    -1.2618
     0.8308    -1.2415    -0.1781    -1.1679
     0.3330    -0.9128     0.1610    -0.9800
    -0.2360    -0.5201     0.5180    -0.8202
    -0.6717    -0.0540     0.9644    -0.5664
    -1.0542     0.4399     1.3841    -0.2092
    -1.3299     0.8699     1.7860     0.1481
    -1.5167     1.3461     2.0004     0.5055
    -1.7392     1.8317     2.1791     0.9383
    -1.8370     2.0608     2.1970     1.2959
    -1.8326     2.1525     2.0898     1.4842
    -1.8282     2.0975     1.8664     1.6630
    -1.6413     2.0975     1.5181     1.7101
    -1.4812     1.9600     1.0894     1.6160
    -1.1876     1.6759     0.7591     1.4842
    -0.8852     1.3094     0.3663     1.2771
    -0.4227     0.8882    -0.0175     0.9665
     0.0397     0.4673    -0.3744     0.6749
     0.5997     0.0192    -0.6332     0.3644
     1.1330    -0.3830    -0.8740     0.0823
     1.6927    -0.6297    -0.9989    -0.1904
     2.1547    -0.8854    -1.2041    -0.3596
     2.4034    -1.0863    -1.2932    -0.5758
     2.5011    -1.2141    -1.3378    -0.7826
     2.5011    -1.2506    -1.3022    -1.0081
     2.4478    -1.2597    -1.1951    -1.1491
     2.1813    -1.2780    -1.0703    -1.2430
     1.6039    -1.2962    -0.9276    -1.2994
     1.1330    -1.2323    -0.8116    -1.2430
     0.5019    -1.0406    -0.5529    -1.1303
    -0.0226    -0.8032    -0.2852    -0.9800
    -0.6183    -0.5201     0.1164    -0.7826
    -1.0097    -0.1454     0.3841    -0.5852
    -1.2587     0.1838     0.7412    -0.2656
    -1.5167     0.5496     1.0091     0.0353
    -1.6502     0.8974     1.3663     0.4115
    -1.8282     1.2728     1.6521     0.8724
    -1.9082     1.5934     1.7860     1.2018
    -1.9082     1.8867     1.8486     1.4748
    -1.7392     2.0058     1.6789     1.6536
    -1.5879     1.9875     1.5092     1.6677
    -1.2943     1.8408     1.1341     1.6819
    -0.9830     1.5384     0.7323     1.5689
    -0.5739     1.1721     0.3306     1.3524
    -0.0048     0.8333     0.0182     1.0889
     0.5286     0.3941    -0.2941     0.7313
     1.0174     0.0557    -0.6510     0.3832
     1.5506    -0.3739    -0.8294     0.1011
     2.1902    -0.6754    -1.0524    -0.1998
     2.4567    -0.8398    -1.1773    -0.4442
     2.4922    -1.0680    -1.2308    -0.6792
     2.4744    -1.2415    -1.1416    -0.8860
     2.4567    -1.3692    -1.0346    -1.0363
     2.3057    -1.3692    -0.9276    -1.1961
     1.8171    -1.3555    -0.8294    -1.2712
     1.3551    -1.3419    -0.6778    -1.2618
     0.7775    -1.2050    -0.5261    -1.1773
     0.2353    -1.0133    -0.3298    -1.0645
    -0.3782    -0.7667     0.0093    -0.9236
    -0.9029    -0.4835     0.3127    -0.6510
    -1.1876    -0.0631     0.5984    -0.3972
    -1.4011     0.2935     0.9555    -0.1058
    -1.5790     0.7418     1.2502     0.2139
    -1.7659     1.1354     1.5449     0.6654
    -1.8815     1.6209     1.7503     1.0606
    -1.9972     2.0058     1.7592     1.3618
    -1.9794     2.0517     1.7682     1.5501
    -1.8193     2.0700     1.6789     1.7101
    -1.5879     2.0058     1.4466     1.7760
    -1.3655     1.8042     1.0894     1.7289
    -0.9118     1.3003     0.5716     1.5783
    -0.4761     0.7693     0.1699     1.3994
     0.0841     0.3392    -0.1781     1.1077
     0.6708    -0.1728    -0.5797     0.7031
     1.1952    -0.5201    -0.8473     0.2704
     1.7105    -0.8398    -1.1060    -0.0306
     2.2346    -1.0406    -1.2397    -0.3220
     2.4744    -1.2050    -1.3646    -0.5476
     2.4744    -1.3601    -1.3735    -0.7356
     2.4922    -1.3875    -1.2754    -0.9612
     2.4833    -1.3327    -1.2219    -1.1867
     2.2169    -1.2962    -1.0078    -1.3182
     1.6572    -1.1411    -0.8205    -1.3370
     1.2041    -1.0498    -0.5440    -1.3088
     0.6442    -0.8215    -0.2763    -1.1585
     0.1641    -0.5109     0.1610    -0.9800
    -0.3782    -0.0723     0.5448    -0.7638
    -0.8318     0.3026     1.1519    -0.4912
    -1.0986     0.7967     1.5717    -0.1340
    -1.3121     1.3277     2.0719     0.2328
    -1.5078     1.7217     2.4651     0.6749
    -1.6413     2.0700     2.5276     1.1265
    -1.7659     2.1617     2.5365     1.4559
    -1.8193     2.1892     2.3400     1.7289
    -1.7837     2.1158     1.8754     1.8796
    -1.5790     2.0333     1.2234     1.9078
    -1.4634     1.5842     0.6609     1.7854
    -1.1342     1.0256     0.1610     1.6348
    -0.7695     0.5496    -0.2852     1.3994
    -0.2537     0.0832    -0.7313     0.9759
     0.2530    -0.4378    -1.0970     0.5149
     0.7064    -0.8032    -1.4003     0.0541
     1.2929    -1.0772    -1.5162    -0.2656
     1.7638    -1.2780    -1.6054    -0.6040
     2.2257    -1.4514    -1.6232    -0.8296
     2.3945    -1.6065    -1.5251    -0.9612
     2.5188    -1.6019    -1.3378    -1.1491
     2.4833    -1.5973    -1.1951    -1.2994
     2.4123    -1.5335    -0.9811    -1.4309
     2.0659    -1.3784    -0.6867    -1.4591
     1.6217    -1.1958    -0.4101    -1.4027
     1.0796    -0.9493    -0.0443    -1.2336
     0.6175    -0.6023     0.3663    -0.9987
     0.0219    -0.2094     0.6876    -0.6980
    -0.4405     0.2661     1.1430    -0.3784
    -0.8585     0.7967     1.5985    -0.0776
    -1.1520     1.4560     1.9290     0.3832
    -1.3388     2.0333     2.1345     0.8818
    -1.6057     2.1433     2.2506     1.2959
    -1.8459     2.1525     2.2238     1.6536
    -1.9171     2.1709     2.0630     1.8513
    -1.9171     2.1342     1.7592     1.9926
    -1.8637     2.0975     1.3841     2.0302
    -1.6680     1.6850     0.9733     1.8796
    -1.4278     1.1446     0.6162     1.7101
    -1.1342     0.6960     0.2770     1.3712
    -0.6450     0.2752    -0.1246     0.9477
    -0.1026    -0.2002    -0.5261     0.4303
     0.4575    -0.6388    -0.8116     0.0071
     1.0174    -0.8580    -1.0168    -0.3314
     1.7194    -1.0589    -1.1862    -0.6510
     2.2702    -1.2415    -1.2397    -0.9048
     2.5366    -1.3966    -1.2665    -1.0081
     2.5721    -1.4514    -1.2932    -1.1585
     2.6698    -1.3966    -1.1773    -1.3652
     2.6165    -1.3419    -1.1060    -1.4121
     2.3412    -1.1776    -0.9632    -1.4591
     1.7194    -1.0498    -0.8562    -1.3934
     1.1330    -0.9859    -0.5797    -1.2712
     0.5553    -0.7941    -0.3120    -1.0739
    -0.0226    -0.4196     0.0093    -0.7732
    -0.5205     0.0100     0.3306    -0.4630
    -1.0097     0.4124     0.7055    -0.0400
    -1.3121     0.8882     1.0984     0.3644
    -1.4723     1.2911     1.4556     0.8913
    -1.6413     1.6575     1.7771     1.3241
    -1.8459     2.0058     1.9647     1.6630
    -1.9705     2.1250     1.9468     1.8890
    -1.9705     2.1250     1.9290     1.9926
    -1.8815     2.1158     1.7414     1.9455
    -1.8015     1.9783     1.4288     1.8984
    -1.6146     1.6759     0.9912     1.7007
    -1.2854     1.2820     0.5984     1.4559
    -0.8674     0.9249     0.1967     1.0606
    -0.2804     0.4764    -0.1335     0.5996
     0.3064     0.0009    -0.4904     0.1763
     0.9463    -0.3921    -0.8027    -0.1434
     1.4706    -0.6662    -0.9632    -0.4442
     2.2524    -0.9037    -1.1773    -0.6980
     2.6076    -1.1502    -1.2754    -0.8108
     2.6698    -1.2688    -1.3022    -0.9518
     2.7409    -1.3510    -1.3289    -1.1115
     2.7231    -1.3966    -1.2397    -1.2712
     2.6254    -1.4057    -1.0792    -1.2900
     2.1103    -1.4240    -0.8919    -1.2712
     1.5684    -1.3510    -0.6956    -1.2055
     1.0885    -1.1502    -0.4369    -1.1115
     0.5286    -0.9128    -0.1692    -0.9236
    -0.0581    -0.4470     0.1431    -0.6604
    -0.6094    -0.1180     0.4823    -0.4160
    -1.0186     0.2844     0.7858    -0.1340
    -1.3388     0.6411     1.1341     0.1669
    -1.5078     0.9432     1.4377     0.5337
    -1.6146     1.3003     1.7414     0.9195
    -1.7659     1.7492     1.9647     1.3053
    -1.9082     2.0333     2.0451     1.5124
    -1.8637     2.1158     2.0272     1.6348
    -1.8193     2.1158     1.8754     1.6254
    -1.6591     1.8958     1.6253     1.6160
    -1.4278     1.6301     1.1787     1.5218
    -0.9830     1.3003     0.7144     1.3430
    -0.5383     0.8974     0.3216     1.0606
    -0.0226     0.5222    -0.1067     0.7501
     0.6086     0.1106    -0.5261     0.4115
     1.1685    -0.2551    -0.7938     0.1293
     1.7549    -0.3556    -0.9900    -0.1246
     2.3412    -0.7028    -1.1862    -0.3690
     2.7053    -0.8672    -1.3557    -0.5852
     2.7231    -1.0041    -1.4359    -0.7544
     2.7586    -1.1684    -1.4003    -0.9518
     2.7409    -1.1867    -1.2932    -1.0927
     2.3501    -1.2141    -1.2041    -1.1867
     1.8527    -1.2415    -1.0524    -1.2430
     1.4706    -1.1776    -0.8205    -1.2243
     0.9375    -1.0133    -0.5440    -1.1021
     0.4219    -0.8580    -0.2049    -0.9706
    -0.1115    -0.6114     0.2145    -0.8014
    -0.6272    -0.2368     0.6251    -0.5476
    -0.9296     0.0649     1.0984    -0.2562
    -1.2587     0.3850     1.5985     0.0165
    -1.4278     0.7235     1.8932     0.3268
    -1.6769     1.0622     2.2506     0.7313
    -1.7748     1.3919     2.2506     1.0324
    -1.8815     1.7675     2.2506     1.2771
    -1.8193     1.9600     2.0987     1.4277
    -1.7570     1.9692     1.6967     1.5501
    -1.6413     1.9325     1.2144     1.5218
    -1.4545     1.6117     0.7591     1.4277
    -1.0986     1.3277     0.2770     1.2865
    -0.6361     0.9340    -0.1514     1.1077
    -0.0315     0.5313    -0.5172     0.8913
     0.5108     0.1197    -0.8651     0.6749
     1.1063    -0.2002    -1.0792     0.4303
     1.7016    -0.5292    -1.2130     0.1387
     2.3323    -0.8124    -1.3468    -0.1152
     2.6965    -0.9859    -1.4359    -0.3502
     2.6965    -1.1319    -1.4092    -0.5946
     2.6965    -1.2688    -1.2754    -0.8202
     2.6787    -1.2962    -1.1238    -0.9987
     2.2524    -1.2232    -0.9543    -1.1209
     1.6306    -1.1411    -0.6867    -1.1773
     1.1685    -1.0954    -0.4547    -1.1491
     0.6530    -0.8672    -0.2317    -1.1491
     0.0752    -0.6754     0.0003    -1.0457
    -0.4316    -0.3465     0.3574    -0.8578
    -1.0097     0.0466     0.7323    -0.5664
    -1.3299     0.4033     1.0894    -0.3220
    -1.5612     0.7143     1.5002     0.0447
    -1.7481     1.0988     1.8396     0.3832
    -1.8637     1.5293     1.9736     0.7783
    -1.9972     1.9142     1.9870     1.0795
    -1.9438     2.0792     2.0004     1.3336
    -1.8370     2.1067     1.9111     1.5501
    -1.6858     2.0425     1.6074     1.6819
    -1.4989     1.7767     1.2055     1.7101
    -1.2143     1.3003     0.7323     1.5877
    -0.7162     0.7601     0.3663     1.4183
    -0.1648     0.2752    -0.0621     1.2018
     0.3953    -0.1362    -0.4191     0.8724
     1.0352    -0.5840    -0.6867     0.5808
     1.6572    -0.9037    -0.9186     0.2045
     2.3323    -1.1411    -1.1060    -0.0964
     2.7409    -1.2962    -1.2308    -0.3784
     2.9096    -1.3784    -1.3200    -0.5852
     2.9273    -1.4331    -1.2665    -0.7638
     2.9451    -1.3419    -1.2487    -0.9706
     2.5188    -1.1776    -1.1149    -1.1679
     1.9770    -1.0406    -0.9722    -1.1961
     1.4884    -0.8489    -0.8027    -1.2055
     0.8575    -0.5475    -0.5886    -1.0833
     0.2886    -0.1820    -0.3298    -0.9612
    -0.2271     0.1838    -0.0175    -0.7074
    -0.7251     0.7143     0.3306    -0.5100
    -1.1164     1.1537     0.6787    -0.1340
    -1.4189     1.6667     1.0626     0.1575
    -1.6324     2.0608     1.4556     0.7031
    -1.7748     2.1709     1.7057     1.1359
    -1.8993     2.1800     1.9290     1.4748
    -1.9260     2.2167     1.9290     1.8231
    -1.8370     2.1525     1.9290     1.9832
    -1.6769     1.8958     1.7235     2.0397
    -1.5434     1.3461     1.4109     2.0302
    -1.2943     0.7876     1.0091     1.8607
    -0.9385     0.2661     0.5537     1.5312
    -0.4227    -0.2551     0.1521     1.0230
     0.0574    -0.7302    -0.1514     0.4679
     0.7419    -1.0315    -0.5797     0.0165
     1.2663    -1.2506    -0.8205    -0.3220
     1.8882    -1.3692    -1.0078    -0.6886
     2.5188    -1.5061    -1.1238    -0.9518
     2.9362    -1.6156    -1.2665    -1.0645
     2.9806    -1.5700    -1.2620    -1.2243
     2.9185    -1.4879    -1.2576    -1.3840
     2.5100    -1.3510    -1.2397    -1.4779
     2.0836    -1.1684    -1.0970    -1.5061
     1.4884    -0.8946    -0.9008    -1.4027
     1.0086    -0.6297    -0.6689    -1.2430
     0.5019    -0.2459    -0.4191    -1.0081
    -0.0670     0.1563    -0.1067    -0.7074
    -0.6006     0.5039     0.2502    -0.3878
    -1.0542     1.0347     0.6341     0.0729
    -1.3833     1.5659     0.9733     0.5337
    -1.5701     2.0608     1.4020     1.0889
    -1.8015     2.1433     1.6610     1.4936
    -1.9438     2.1709     1.9111     1.8513
    -1.9349     2.1617     2.0898     2.0302
    -1.9260     2.1342     2.0719     2.0397
    -1.8015     2.0150     1.9200     2.0491
    -1.6146     1.5659     1.7146     1.9078
    -1.4634     1.1080     1.2502     1.6536
    -1.1609     0.6320     0.7234     1.2018
    -0.8585     0.1015     0.2681     0.7595
    -0.3249    -0.3282    -0.0978     0.3080
     0.1552    -0.6114    -0.5083    -0.1152
     0.7330    -0.8489    -0.8830    -0.4442
     1.3907    -1.0680    -1.0703    -0.7168
     1.9415    -1.3054    -1.2130    -0.9142
     2.4833    -1.3875    -1.3378    -0.9424
     2.8918    -1.4422    -1.4270    -1.1115
     2.9096    -1.4240    -1.4449    -1.3182
     2.9273    -1.4240    -1.3468    -1.3652
     2.6432    -1.2871    -1.1595    -1.3840
     2.1280    -1.1867    -0.9632    -1.3558
     1.5684    -1.0498    -0.6689    -1.2806
     0.9730    -0.8946    -0.4191    -1.1303
     0.4219    -0.5475    -0.0889    -0.8484
    -0.1293    -0.1454     0.2770    -0.5476
    -0.5828     0.2752     0.7234    -0.1434
    -1.0631     0.6411     1.2412     0.1951
    -1.3032     1.0256     1.5895     0.5620
    -1.5167     1.3735     1.8843     0.9759
    -1.6858     1.7767     2.0719     1.3806
    -1.8815     2.0700     2.1166     1.6442
    -1.9082     2.1342     2.0540     1.8325
    -1.8548     2.1433     1.8039     1.8890
    -1.6591     2.0517     1.4556     1.8325
    -1.4189     1.7767     0.9198     1.6819
    -1.1342     1.4010     0.4734     1.4465
    -0.8852     1.0805    -0.0086     1.1736
    -0.4494     0.6777    -0.4547     0.8160
    -0.0492     0.3026    -0.7938     0.4491
     0.5108    -0.1271    -1.1149     0.1293
     1.0352    -0.4287    -1.3111    -0.0682
     1.6661    -0.6206    -1.4538    -0.3502
     2.1636    -0.8672    -1.5429    -0.5476
     2.5632    -0.9676    -1.5608    -0.7262
     2.8652    -1.0589    -1.4805    -0.8954
     2.8829    -1.1593    -1.3557    -1.0833
     2.9007    -1.1958    -1.1505    -1.1773
     2.4478    -1.2962    -0.8562    -1.2712
     1.9326    -1.2506    -0.6153    -1.2994
     1.2663    -1.1319    -0.2674    -1.2055
     0.6797    -0.8946     0.1253    -1.0833
     0.1641    -0.7028     0.5359    -0.9236
    -0.4583    -0.4378     1.0984    -0.6698
    -0.9118    -0.1271     1.5181    -0.4066
    -1.2854     0.1838     1.8843    -0.1246
    -1.5968     0.4582     2.1702     0.1575
    -1.6769     0.7693     2.3221     0.5243
    -1.9171     1.0439     2.3310     0.7783
    -2.0506     1.3644     2.2059     1.1359
    -2.0595     1.5659     1.9647     1.3241
    -1.9082     1.7125     1.6163     1.4842
    -1.6947     1.6896     1.0448     1.4748
    -1.4634     1.6667     0.5716     1.4653
    -1.2143     1.4560     0.1074     1.3524
    -0.8051     1.1904    -0.3388     1.2300
    -0.3516     0.8699    -0.8116     1.0512
     0.2353     0.4856    -1.1149     0.8160
     0.7775     0.1838    -1.3646     0.5526
     1.4617    -0.1180    -1.5251     0.2986
     1.9593    -0.3830    -1.6321     0.0259
     2.4656    -0.6480    -1.6143    -0.2280
     2.9007    -0.7758    -1.5964    -0.4160
     3.0250    -0.8946    -1.5251    -0.6416
     3.0161    -1.0315    -1.3646    -0.7920
     2.6965    -1.0680    -1.0703    -0.9330
     2.1280    -1.0406    -0.8473    -1.0269
     1.5151    -1.0772    -0.5618    -1.1397
     0.9286    -0.9585    -0.2584    -1.1209
     0.3686    -0.7576     0.1074    -1.0833
    -0.1648    -0.5932     0.4912    -0.8860
    -0.6895    -0.3008     0.9733    -0.7544
    -1.1075    -0.0631     1.4645    -0.5006
    -1.4100     0.2112     1.7682    -0.2656
    -1.5790     0.5130     2.0451     0.0071
    -1.7125     0.7876     2.2059     0.2798
    -1.8459     0.9798     2.2238     0.5996
    -1.8415     1.2270     2.1881     0.8254
    -1.8370     1.4468     2.0808     1.0324
    -1.6591     1.5934     1.6610     1.2018
    -1.4456     1.5842     1.2591     1.3524
    -1.1431     1.5568     0.8037     1.3806
    -0.8229     1.3735     0.3306     1.3712
    -0.4227     1.1263    -0.0175     1.2489
     0.0041     0.7693    -0.4547     1.1265
     0.5197     0.3667    -0.7581     0.9571
     1.0530    -0.0357    -0.9900     0.7031
     1.6039    -0.4104    -1.1060     0.4115
     2.0481    -0.6662    -1.3022     0.1387
     2.4744    -0.8672    -1.3735    -0.1246
     2.9007    -1.0406    -1.3646    -0.3596
     2.9628    -1.1411    -1.3646    -0.5664
     2.9273    -1.2506    -1.2487    -0.8108
     2.6432    -1.2050    -1.1416    -0.9236
     2.1280    -1.1776    -1.0435    -1.0833
     1.5506    -1.0680    -0.8651    -1.1491
     0.9286    -0.8763    -0.7045    -1.1585
     0.4042    -0.6480    -0.4012    -1.1209
    -0.1382    -0.2916    -0.0710    -0.9330
    -0.6895     0.0923     0.2324    -0.8108
    -1.1520     0.5130     0.5359    -0.5570
    -1.3922     0.8791     0.8483    -0.2562
    -1.5879     1.3919     1.1251    -0.0212
    -1.7926     1.8958     1.3752     0.2798
    -1.9260     2.1158     1.5895     0.5902
    -1.9260     2.1892     1.7503     0.9289
    -1.8193     2.1984     1.7235     1.1359
    -1.6591     2.1158     1.6074     1.3900
    -1.4989     1.8408     1.4288     1.5595
    -1.1787     1.1721     1.1430     1.6724
    -0.8496     0.5771     0.9108     1.6160
    -0.4049     0.0557     0.5894     1.4842
     0.1197    -0.4744     0.2949     1.2489
     0.6975    -0.8763     0.0271     0.9665
     1.2396    -1.1684    -0.2138     0.5620
     1.8171    -1.3327    -0.4458     0.1857
     2.2346    -1.4514    -0.5975    -0.1340
     2.6521    -1.5061    -0.7581    -0.3784
     2.9451    -1.5517    -0.9276    -0.6322
     2.9628    -1.5244    -0.9811    -0.8954
     2.8119    -1.4057    -1.0078    -1.1209
     2.3856    -1.2141    -1.0078    -1.2149
     1.7816    -0.9676    -0.9989    -1.2524
     1.1863    -0.6114    -0.9900    -1.2430
     0.5908    -0.2825    -0.8919    -1.1585
     0.1108     0.1838    -0.6956    -1.0175
    -0.4672     0.6594    -0.4726    -0.8296
    -0.9741     1.1080    -0.2674    -0.5946
    -1.3210     1.6301    -0.0264    -0.2844
    -1.4901     2.0150     0.2592     0.0259
    -1.6591     2.1800     0.5091     0.3644
    -1.8104     2.1525     0.7144     0.8254
    -1.9082     2.1525     0.9466     1.1453
    -1.8993     2.1250     1.1162     1.4748
    -1.8370     2.0517     1.2591     1.6819
    -1.6769     1.6484     1.2546     1.7854
    -1.4545     1.1537     1.2502     1.7289
    -1.0631     0.6320     1.1609     1.5877
    -0.6806     0.1838     0.9555     1.3806
    -0.1382    -0.3465     0.6698     0.9853
     0.4130    -0.7758     0.4198     0.4867
     0.9908    -1.0224     0.1521     0.0635
     1.4440    -1.2232    -0.0443    -0.2656
     2.0037    -1.3875    -0.3031    -0.5476
     2.3945    -1.4879    -0.4815    -0.8108
     2.7320    -1.5700    -0.5707    -1.0269
     2.7275    -1.5517    -0.6332    -1.1961
     2.7231    -1.4514    -0.7492    -1.3746
     2.4833    -1.2962    -0.7581    -1.4779
     2.0659    -1.0680    -0.6956    -1.5343
     1.5684    -0.8854    -0.6064    -1.4873
     0.9641    -0.5749    -0.4815    -1.3652
     0.4308    -0.1545    -0.3031    -1.1397
    -0.0937     0.2386    -0.0978    -0.8860
    -0.6895     0.6594     0.1878    -0.6322
    -1.0719     1.0530     0.4466    -0.2844
    -1.3922     1.3919     0.8573     0.1293
    -1.6235     1.6667     1.2323     0.6749
    -1.8459     1.9142     1.7235     1.1171
    -1.9705     2.0150     2.0808     1.4183
    -2.0506     1.9600     2.1077     1.6819
    -2.0328     1.8133     1.8218     1.8890
    -1.9171     1.5751     1.4377     1.9361
    -1.6947     1.1904     0.9466     1.8419
    -1.3388     0.8059     0.3752     1.6630
    -0.9385     0.4124    -0.2228     1.4371
    -0.4583     0.0923    -0.6778     1.1171
     0.0130    -0.3556    -1.1060     0.6278
     0.6175    -0.6023    -1.3913     0.1951
     1.0174    -0.8398    -1.6143    -0.1528
     1.6394    -1.0041    -1.7213    -0.4348
     2.0214    -1.1319    -1.7837    -0.7356
     2.4389    -1.2141    -1.6678    -0.9142
     2.6521    -1.3145    -1.4894    -1.1209
     2.6876    -1.2962    -1.2487    -1.2994
     2.4567    -1.3054    -0.8919    -1.4591
     2.1991    -1.3145    -0.4637    -1.4873
     1.8349    -1.1137     0.1164    -1.4497
     1.1952    -0.8672     0.7323    -1.3088
     0.7330    -0.5201     1.2859    -1.1209
     0.1730    -0.1271     1.9200    -0.8484
    -0.3871     0.2569     2.3221    -0.5382
    -0.8763     0.5862     2.5723    -0.1998
    -1.2676     0.8791     2.5812     0.1481
    -1.5256     1.1812     2.5633     0.5620
    -1.7214     1.5018     2.4293     1.0136
    -1.8637     1.7400     1.8307     1.3524
    -2.0061     1.8958     1.2323     1.5406
    -2.0061     1.9004     0.7501     1.7760
    -1.9260     1.9050     0.2056     1.8513
    -1.7392     1.6759    -0.1960     1.8231
    -1.4901     1.3461    -0.6599     1.6913
    -1.1520     1.0256    -1.0881     1.5030
    -0.6539     0.6228    -1.3378     1.1641
    -0.2182     0.2112    -1.4894     0.7501
     0.3775    -0.2185    -1.6410     0.2986
     0.8308    -0.5749    -1.7124    -0.0212
     1.4084    -0.8306    -1.7748    -0.2468
     1.8793    -1.0863    -1.8015    -0.5288
     2.2435    -1.2232    -1.7034    -0.7356
     2.4567    -1.3145    -1.4716    -0.8766
     2.6698    -1.3419    -1.1862    -1.0551
     2.5632    -1.3692    -0.8740    -1.1867
     2.4123    -1.3419    -0.4458    -1.2336
     2.0659    -1.2415    -0.0889    -1.2430
     1.6039    -1.0589     0.3931    -1.2149
     1.1419    -0.8124     0.8037    -1.1773
     0.5553    -0.5292     1.1609    -0.9894
     0.0486    -0.2368     1.6342    -0.7826
    -0.4761     0.0923     2.0183    -0.5758
    -0.9118     0.4673     2.2774    -0.3408
    -1.3121     0.8150     2.4204    -0.0870
    -1.5167     1.1537     2.3400     0.2516
    -1.8015     1.4651     2.0004     0.5714
    -1.9705     1.6759     1.7235     0.8254
    -1.9794     1.8500     1.4556     1.1359
    -1.9883     1.8867     1.0626     1.3900
    -1.8548     1.8133     0.7144     1.5406
    -1.6591     1.6484     0.2770     1.5783
    -1.4189     1.3003    -0.1246     1.5124
    -1.0808     0.9432    -0.4726     1.4089
    -0.5917     0.5862    -0.7759     1.2677
    -0.1559     0.1655    -0.9632     1.0042
     0.3953    -0.2002    -1.2219     0.6937
     0.9730    -0.5201    -1.3824     0.4585
     1.5861    -0.7302    -1.5340     0.1951
     2.1369    -0.9219    -1.5251    -0.0306
     2.4744    -1.0589    -1.5073    -0.2468
     2.7142    -1.1776    -1.4092    -0.5288
     2.7409    -1.1867    -1.2219    -0.7168
     2.5632    -1.1411    -1.0435    -0.8296
     2.3057    -1.1411    -0.8919    -0.9236
     1.8171    -1.0315    -0.6510    -0.9894
     1.3551    -0.7667    -0.4280    -1.0081
     0.7953    -0.4652    -0.0443    -0.9987
     0.2708    -0.1180     0.3306    -0.9800
    -0.2626     0.1929     0.6698    -0.8954
    -0.7695     0.6045     1.0001    -0.7168
    -1.1609     0.8699     1.3663    -0.5288
    -1.4367     1.1721     1.6163    -0.2938
    -1.6680     1.4926     1.8307    -0.0212
    -1.8282     1.6209     2.0362     0.1951
    -1.9349     1.6942     2.0808     0.4679
    -1.9705     1.6575     1.9200     0.7501
    -1.8459     1.5842     1.7146     0.9853
    -1.7748     1.3094     1.4556     1.2112
    -1.5345     0.9981     1.1162     1.3241
    -1.2143     0.6503     0.7680     1.3712
    -0.7873     0.2844     0.4288     1.3430
    -0.3693    -0.0905     0.0093     1.2489
     0.1375    -0.4378    -0.3031     1.0889
     0.6886    -0.7302    -0.5975     0.8160
     1.2129    -0.8946    -0.8027     0.5526
     1.7727    -1.0498    -0.9900     0.2986
     2.2257    -1.1593    -1.1327     0.0541
     2.4478    -1.1867    -1.2665    -0.1528
     2.5810    -1.2323    -1.4003    -0.4254
     2.5721    -1.1958    -1.4805    -0.6040
     2.3679    -1.0589    -1.4984    -0.7638
     2.1103    -0.9219    -1.4003    -0.9048
     1.5595    -0.6845    -1.3022    -0.9987
     1.1419    -0.3282    -1.0524    -1.0175
     0.5997     0.1197    -0.7938    -0.9612
     0.0130     0.5679    -0.5440    -0.9236
    -0.4849     0.9981    -0.1871    -0.8766
    -0.9385     1.4285     0.1521    -0.7074
    -1.2054     1.8683     0.4198    -0.4630
    -1.4278     2.0975     0.7234    -0.2750
    -1.6324     2.0883     1.0626    -0.0118
    -1.8548     2.1342     1.3216     0.2704
    -1.9260     2.0517     1.5627     0.5902
    -1.9349     1.8683     1.6610     0.9101
    -1.8282     1.3919     1.6610     1.1924
    -1.6680     0.8791     1.5985     1.4465
    -1.4456     0.3026     1.4556     1.6065
    -1.1164    -0.1728     1.2859     1.5877
    -0.6361    -0.6662     1.0984     1.4936
    -0.2004    -1.0406     0.8483     1.3994
     0.3419    -1.2688     0.6073     1.1077
     0.8308    -1.4514     0.3931     0.7595
     1.3196    -1.5608     0.1253     0.3926
     1.8438    -1.6065    -0.1424    -0.0024
     2.2524    -1.6338    -0.3566    -0.2938
     2.5366    -1.5335    -0.5886    -0.5382
     2.5721    -1.4057    -0.7492    -0.7262
     2.6076    -1.2050    -0.8473    -0.9987
     2.3945    -0.9493    -1.0168    -1.1961
     1.9060    -0.6206    -1.0346    -1.3464
     1.3196    -0.1088    -0.9989    -1.3652
     0.8664     0.3484    -0.9722    -1.3558
     0.2619     0.8425    -0.8294    -1.2994
    -0.2093     1.4010    -0.6956    -1.1867
    -0.6984     1.7858    -0.5440    -0.9894
    -1.0542     2.0517    -0.2941    -0.7920
    -1.3121     2.0792    -0.0800    -0.5476
    -1.5612     2.0792     0.0539    -0.1810
    -1.6947     2.0058     0.2681     0.2328
    -1.9171     1.7858     0.4645     0.7407
    -1.8904     1.4468     0.5894     1.2300
    -1.8282     1.0713     0.7501     1.6160
    -1.7303     0.6594     0.8751     1.8796
    -1.6324     0.2478     0.9466     1.9125
    -1.3299    -0.2094     0.9466     1.9455
    -0.9563    -0.4835     0.8662     1.7854
    -0.4849    -0.7667     0.7948     1.3994
    -0.0492    -0.9402     0.6251     0.9101
     0.4664    -1.0954     0.4645     0.4773
     0.9730    -1.1684     0.2949     0.0447
     1.5151    -1.1684     0.1521    -0.2468
     2.0214    -1.1684     0.0003    -0.5946
     2.3856    -1.1593    -0.1335    -0.8766
     2.6165    -1.0224    -0.2406    -1.0269
     2.7053    -1.0133    -0.3566    -1.1773
     2.5455    -0.9219    -0.4191    -1.3370
     2.2968    -0.7576    -0.4101    -1.4779
     1.8438    -0.5018    -0.3209    -1.4873
     1.2218    -0.1362    -0.1067    -1.4309
     0.7064     0.1106     0.5270    -1.2712
     0.1819     0.3941     1.0269    -1.1115
    -0.4138     0.6869     1.2859    -0.9236
    -0.9474     0.9889     1.4109    -0.6416
    -1.3744     1.1812     1.4824    -0.3126
    -1.5612     1.3644     1.2770     0.0353
    -1.7926     1.4468     1.0269     0.4303
    -1.9705     1.4010     0.8305     0.9853
    -2.0773     1.3003     0.3931     1.4748
    -2.0773     1.1537     0.0182     1.7854
    -1.9705     0.8425    -0.3744     1.8890
    -1.8637     0.6137    -0.7313     1.8749
    -1.5434     0.3209    -0.9811     1.8607
    -1.1609     0.1289    -1.2843     1.6442
    -0.7251    -0.1362    -1.5875     1.3053
    -0.2537    -0.3373    -1.5831     0.9853
     0.3597    -0.5292    -1.5786     0.6090
     0.8130    -0.6571    -1.3200     0.2704
     1.4440    -0.7302    -1.1416     0.0165
     2.0126    -0.8580    -0.9989    -0.2750
     2.4123    -0.8672    -0.8384    -0.4724
     2.6876    -0.9950    -0.5529    -0.6134
     2.7098    -0.9767    -0.1871    -0.8296
     2.7320    -0.9676     0.2681    -1.0551
     2.3679    -0.8124     0.6073    -1.1867
     1.9504    -0.6114     1.1877    -1.2055
     1.3729    -0.4104     1.8128    -1.2149
     0.8664    -0.0723     2.3668    -1.2243
     0.3153     0.2112     2.5902    -1.1867
    -0.2182     0.4764     2.5633    -1.0175
    -0.7340     0.7601     2.3936    -0.8296
    -1.1698     1.0805     1.9200    -0.6322
    -1.4634     1.4560     1.4913    -0.3408
    -1.6591     1.6117     1.0537    -0.0212
    -1.8104     1.6163     0.6251     0.3832
    -1.9171     1.6209     0.1788     0.7595
    -1.9883     1.4560    -0.1871     1.1547
    -2.0150     1.1354    -0.5350     1.4936
    -1.8370     0.6960    -0.9097     1.6724
    -1.6324     0.3118    -1.1505     1.7101
    -1.1876    -0.0997    -1.3468     1.6630
    -0.7784    -0.5201    -1.5073     1.5406
    -0.3071    -0.7667    -1.5875     1.3430
     0.1286    -1.0315    -1.6143     1.0512
     0.6264    -1.1867    -1.6767     0.7689
     1.1419    -1.2597    -1.5697     0.5149
     1.6839    -1.2871    -1.4894     0.2233
     2.1280    -1.3054    -1.4270    -0.0400
     2.4922    -1.2688    -1.1951    -0.2656
     2.6876    -1.2232    -0.9543    -0.5194
     2.6743    -1.0133    -0.6510    -0.7544
     2.6609    -0.7758    -0.2317    -0.9518
     2.4123    -0.4378     0.0985    -1.0833
     1.9237    -0.0083     0.5537    -1.0927
     1.2663     0.4947     0.9287    -1.1303
     0.7330     1.0988     1.2323    -1.1115
     0.1464     1.6484     1.5181    -1.0175
    -0.4227     2.0792     1.7325    -0.9142
    -0.9207     2.1800     1.9111    -0.7074
    -1.2676     2.1525     2.0004    -0.5288
    -1.5434     2.1617     2.0004    -0.2656
    -1.6858     2.0242     1.8664     0.0353
    -1.7926     1.5109     1.6342     0.2986
    -1.9082     0.9706     1.4198     0.6560
    -1.9705     0.5771     1.1519     0.9289
    -1.9260     0.1106     0.8394     1.2583
    -1.6947    -0.3190     0.5270     1.4465
    -1.4278    -0.6754     0.1431     1.5030
    -1.0897    -0.9859    -0.1871     1.5501
    -0.6895    -1.1502    -0.4637     1.4277
    -0.2715    -1.2323    -0.7224     1.3053
     0.2708    -1.3419    -0.9365     1.0983
     0.6886    -1.3692    -1.0792     0.8630
     1.2307    -1.3510    -1.2130     0.6184
     1.7638    -1.2415    -1.2130     0.3174
     2.2435    -1.0772    -1.3111     0.0917
     2.4833    -0.8854    -1.4181    -0.1528
     2.6787    -0.6662    -1.4092    -0.3690
     2.6432    -0.4104    -1.4003    -0.6322
     2.4656    -0.0997    -1.1684    -0.7826
     2.1369     0.1655    -0.8830    -0.9236
     1.5772     0.5130    -0.5707    -1.0551
     0.9197     0.8608    -0.2495    -1.0551
     0.3864     1.2636     0.0896    -1.0833
    -0.1204     1.5018     0.3216    -1.0645
    -0.6183     1.6484     0.5716    -1.0269
    -1.0719     1.7583     0.8305    -0.8672
    -1.3121     1.7583     0.9644    -0.7074
    -1.4723     1.6392     1.1162    -0.5006
    -1.6146     1.4285     1.3037    -0.2280
    -1.8015     1.1354     1.3305     0.0541
    -1.8459     0.8974     1.3261     0.4115
    -1.8193     0.5405     1.3216     0.7031
    -1.7125     0.2295     1.2591     1.0136
    -1.4989     0.0192     1.0984     1.3147
    -1.1698    -0.2459     0.9823     1.4748
    -0.7784    -0.5109     0.8037     1.5783
    -0.4227    -0.6480     0.6430     1.5689
    -0.0581    -0.7667     0.4109     1.4748
     0.4842    -0.8580     0.2235     1.2865
     0.9730    -0.9676    -0.0264     0.9853
     1.5239    -0.9311    -0.2138     0.7219
     1.9237    -1.0041    -0.4191     0.4773
     2.3234    -0.9767    -0.5707     0.1481
     2.5632    -0.9219    -0.7670    -0.1246
     2.6965    -0.7850    -0.8562    -0.3784
     2.7231    -0.6297    -0.9811    -0.5664
     2.5277    -0.4927    -1.0257    -0.8108
     2.0126    -0.2277    -0.9632    -0.9894
     1.4084    -0.0174    -0.8919    -1.1397
     0.6975     0.3209    -0.7848    -1.1867
     0.1197     0.6137    -0.6243    -1.2524
    -0.4049     0.9615    -0.4637    -1.2336
    -0.8941     1.2270    -0.2228    -1.1491
    -1.3121     1.4651    -0.0175    -1.0175
    -1.5523     1.5842     0.1342    -0.7920
    -1.6947     1.6209     0.3038    -0.6040
    -1.8015     1.5476     0.4734    -0.2844
    -1.9794     1.3003     0.6609     0.0917
    -1.9661     1.0256     0.7501     0.4679
    -1.9527     0.7235     0.8930     0.9101
    -1.7481     0.3758     0.9376     1.3900
    -1.5078     0.0557     0.9198     1.7948
    -1.0986    -0.2825     0.9555     2.0585
    -0.7606    -0.5657     0.8394     2.1150
    -0.3160    -0.7393     0.7858     2.0867
     0.1819    -0.8946     0.6519     1.9172
     0.7064    -1.0133     0.5270     1.3053
     1.2663    -1.1137     0.3306     0.7125
     1.7638    -1.1228     0.1342     0.2233
     2.1547    -1.0954     0.0093    -0.2374
     2.5100    -1.0133    -0.1871    -0.6134
     2.6521    -0.8215    -0.3388    -0.8578
     2.6965    -0.6297    -0.3923    -1.0833
     2.5100    -0.3921    -0.4637    -1.2994
     2.0836    -0.0540    -0.4770    -1.4121
     1.6039     0.2386    -0.4904    -1.5155
     0.9108     0.5862    -0.4994    -1.4779
     0.3686     0.9157    -0.3388    -1.4027
    -0.2182     1.2636    -0.1871    -1.2900
    -0.7073     1.7400    -0.0978    -1.1021
    -1.1342     2.0333     0.0628    -0.8014
    -1.3922     2.0517     0.1610    -0.4818
    -1.4989     1.9967     0.2681    -0.1058
    -1.6324     1.8225     0.4109     0.2798
    -1.7570     1.3644     0.5180     0.7501
    -1.8104     0.8242     0.6162     1.1736
    -1.7570     0.2752     0.7055     1.6819
    -1.5879    -0.2185     0.8216     1.9361
    -1.3566    -0.6662     0.8751     2.0302
    -1.0897    -1.0041     0.8305     2.0114
    -0.6806    -1.3145     0.6609     1.8796
    -0.3338    -1.5517     0.4912     1.4842
     0.0041    -1.7250     0.2770     1.0889
     0.5286    -1.8163    -0.0710     0.7031
     0.9908    -1.7889    -0.4369     0.2610
     1.3995    -1.6703    -0.7581    -0.0682
     1.8171    -1.3875    -0.9900    -0.3972
     2.2435    -1.1045    -1.1595    -0.5946
     2.5100    -0.8306    -1.2397    -0.6886
     2.6521    -0.4287    -1.2219    -0.8390
     2.6521     0.1106    -1.1149    -0.9330
     2.5544     0.6686    -0.9365    -1.0645
     2.1014     1.3003    -0.5797    -1.1585
     1.5595     1.7767    -0.1781    -1.1961
     0.8219     2.1158     0.3574    -1.1679
     0.2619     2.1342     0.8483    -1.0645
    -0.2893     2.1433     1.5092    -0.9894
    -0.8318     2.1433     2.4204    -0.7920
    -1.2943     2.1617     2.6170    -0.5382
    -1.5167     1.9692     2.6438    -0.2844
    -1.6324     1.4377     2.4919    -0.0118
    -1.7837     0.8882     1.9022     0.3456
    -1.8815     0.4307     1.2591     0.6372
    -1.9705    -0.0997     0.7591     0.9759
    -1.8193    -0.6114     0.2145     1.3147
    -1.6324    -0.9128    -0.2584     1.5218
    -1.3299    -1.1776    -0.7045     1.6913
    -1.0097    -1.3145    -1.1951     1.7007
    -0.6806    -1.4514    -1.5162     1.5783
    -0.2271    -1.4787    -1.6410     1.3618
     0.1730    -1.5244    -1.7569     1.0512
     0.6086    -1.4422    -1.7748     0.8536
     1.1063    -1.3784    -1.6589     0.4397
     1.6128    -1.1502    -1.5162     0.1387
     2.0659    -1.0133    -1.3824    -0.1058
     2.3945    -0.7850    -1.1773    -0.3690
     2.5188    -0.5566    -0.9008    -0.5476
     2.5277    -0.1362    -0.5707    -0.7356
     2.4034     0.2020    -0.1871    -0.8954
     2.1103     0.5862     0.2592    -1.0175
     1.7016     0.9615     0.7323    -1.1115
     1.0530     1.4010     1.1787    -1.1303
     0.4219     1.6942     1.5627    -1.1115
    -0.0581     1.9142     2.0004    -1.1021
    -0.5561     2.0242     2.3310    -0.9706
    -1.0008     2.0058     2.4651    -0.7920
    -1.2676     1.9875     2.3846    -0.6134
    -1.4812     1.7583     2.0808    -0.4066
    -1.5968     1.5201     1.7860    -0.1434
    -1.7392     1.0896     1.4734     0.0729
    -1.7214     0.7326     1.0716     0.3550
    -1.7036     0.1929     0.7055     0.7125
    -1.6057    -0.2642     0.3038     0.9101
    -1.4100    -0.6571    -0.0443     1.1547
    -1.1075    -0.9311    -0.4369     1.3336
    -0.7784    -1.0498    -0.7045     1.4936
    -0.4494    -1.2688    -0.8740     1.5312
    -0.1293    -1.3236    -1.0078     1.5124
     0.3508    -1.3419    -1.2487     1.3900
     0.8397    -1.2688    -1.4092     1.2489
     1.3018    -1.2323    -1.4805     0.9853
     1.7638    -1.2050    -1.4805     0.7125
     2.1724    -1.0315    -1.3824     0.3832
     2.4211    -0.8215    -1.2754     0.0447
     2.5810    -0.5201    -1.1149    -0.3032
     2.6076    -0.1911    -0.9632    -0.5946
     2.4123     0.2020    -0.8473    -0.8296
     2.1192     0.5130    -0.5172    -1.1115
     1.5861     0.9340    -0.1157    -1.1773
     0.9197     1.2087     0.2502    -1.2524
     0.3330     1.5018     0.6966    -1.2712
    -0.1826     1.7034     1.0894    -1.2336
    -0.7251     1.9050     1.5002    -1.1397
    -1.1520     1.9325     1.7771    -1.0081
    -1.4545     1.8317     2.1613    -0.8672
    -1.5701     1.5934     2.3936    -0.6040
    -1.8193     1.2545     2.3578    -0.3408
    -1.9082     0.8882     2.1523    -0.0118
    -1.9082     0.4124     1.8218     0.3456
    -1.7837     0.0283     1.5359     0.7595
    -1.6680    -0.4104     1.1966     1.2771
    -1.4545    -0.6845     0.8216     1.6724
    -1.1164    -0.9493     0.5002     1.9832
    -0.7873    -1.1502     0.1431     2.1338
    -0.4672    -1.2780    -0.3298     2.1150
     0.0574    -1.3145    -0.6153     1.9361
     0.4575    -1.2232    -0.8473     1.3900
     0.9019    -1.1776    -1.0524     0.8348
     1.4084    -1.1593    -1.2754     0.3456
     1.8171    -1.0863    -1.4003    -0.0400
     2.1369    -0.9585    -1.4627    -0.3502
     2.3323    -0.8215    -1.5429    -0.6134
     2.3101    -0.4927    -1.5519    -0.8202
     2.2879    -0.1271    -1.5608    -1.0363
     2.0126     0.2569    -1.4805    -1.1679
     1.6394     0.6960    -1.2130    -1.2336
     1.1507     1.0713    -0.9008    -1.2524
     0.5730     1.4468    -0.5172    -1.1961
     0.0752     1.8408    -0.1335    -1.0551
    -0.4227     2.1433     0.2859    -0.8954
    -0.9118     2.1067     0.7055    -0.6510
    -1.2676     2.0975     1.1341    -0.3972
    -1.4723     2.0883     1.4734    -0.1152
    -1.6235     1.6942     1.7950     0.1951
    -1.8015     1.3094     2.1523     0.5808
    -1.9082     0.7510     2.3042     0.8818
    -1.8815     0.3758     2.2685     1.2018
    -1.7214    -0.0997     2.1523     1.4653
    -1.5701    -0.5566     1.8932     1.7289
    -1.3032    -0.8854     1.6074     1.8231
    -0.9830    -1.0954     1.2770     1.8325
    -0.6806    -1.3510     0.9376     1.5971
    -0.2893    -1.5426     0.5805     1.3430
     0.1730    -1.5791     0.1610     1.0418
     0.6264    -1.6156    -0.2049     0.6372
     1.0619    -1.4696    -0.5440     0.3080
     1.5684    -1.3419    -0.7313    -0.0118
     1.9415    -1.2415    -0.9632    -0.2562
     2.2080    -1.0498    -1.2041    -0.5100
     2.3590    -0.7210    -1.3735    -0.7450
     2.3412    -0.2916    -1.4270    -0.9048
     2.2169     0.1289    -1.4181    -1.0363
     1.8793     0.6137    -1.3200    -1.1397
     1.4973     1.0622    -1.2665    -1.1679
     0.9908     1.4377    -1.0614    -1.1679
     0.5286     1.8133    -0.9008    -1.1773
    -0.0226     2.1067    -0.6867    -1.0269
    -0.5116     2.1433    -0.4369    -0.8766
    -0.9563     2.1617    -0.0800    -0.6134
    -1.2587     2.0517     0.2502    -0.3408
    -1.5345     1.7767     0.5537    -0.1152
    -1.7125     1.3735     0.8394     0.1951
    -1.7926     0.9432     1.0448     0.4867
    -1.8637     0.5771     1.2591     0.7313
    -1.7392     0.1380     1.3395     0.9477
    -1.6057    -0.3465     1.3216     1.0700
    -1.4100    -0.7028     1.2144     1.2394
    -1.1253    -0.9585     1.0716     1.3524
    -0.8140    -1.2232     0.9108     1.3147
    -0.4227    -1.3875     0.6787     1.3147
    -0.0048    -1.3966     0.4823     1.1077
     0.4486    -1.4331     0.2681     0.9383
     0.8752    -1.3145     0.0093     0.6937
     1.2485    -1.2050    -0.1246     0.3832
     1.6217    -1.1045    -0.2674     0.1293
     1.9859    -0.9585    -0.4191    -0.0588
     2.2169    -0.7576    -0.5083    -0.2844
     2.3590    -0.5018    -0.6153    -0.4818
     2.3456    -0.1454    -0.6243    -0.6322
     2.3323     0.2203    -0.6064    -0.7920
     2.0303     0.6503    -0.5618    -0.8672
     1.5328     0.9981    -0.4547    -0.9894
     0.9730     1.4102    -0.2406    -0.9987
     0.4575     1.9417     0.0539    -1.0457
    -0.0670     2.1433     0.3484    -0.9424
    -0.6183     2.1479     0.7501    -0.8202
    -1.0097     2.1525     1.1787    -0.6416
    -1.2321     2.1250     2.0630    -0.4066
    -1.4278     1.9417     2.1077    -0.1622
    -1.6057     1.4835     1.8307     0.0917
    -1.6769     0.9157     1.3752     0.4021
    -1.6947     0.3667     0.9376     0.6654
    -1.6502    -0.0174     0.3574     0.8536
    -1.5523    -0.5749    -0.1424     1.0795
    -1.3655    -0.9402    -0.6064     1.3430
    -1.0631    -1.2050    -0.8740     1.5124
    -0.6895    -1.3966    -1.2397     1.5689
    -0.2982    -1.4879    -1.4449     1.5595
     0.1286    -1.4879    -1.5964     1.3618
     0.6175    -1.4879    -1.7302     1.0983
     1.0619    -1.3784    -1.8104     0.8442
     1.5328    -1.2871    -1.6589     0.4961
     1.9060    -1.0863    -1.4716     0.1669
     2.1991    -0.9037    -1.2130    -0.0588
     2.3856    -0.5657    -0.8384    -0.3408
     2.3679    -0.1545    -0.4726    -0.5382
     2.2790     0.3026     0.0003    -0.7544
     2.0214     0.7693     0.6609    -0.8390
     1.5950     1.3277     1.3127    -0.9800
     1.1596     1.8133     2.0362    -1.1021
     0.7242     2.1709     2.5902    -1.1397
     0.1730     2.1617     2.6170    -1.1867
    -0.3071     2.1984     2.6617    -1.1585
    -0.7517     2.1525     2.6706    -0.9612
    -1.1342     2.0975     2.6080    -0.7544
    -1.3655     1.7034     2.1613    -0.4912
    -1.4989     1.1721     1.6163    -0.2186
    -1.5968     0.7143     1.1251     0.1293
    -1.6769     0.1563     0.6698     0.4585
    -1.7125    -0.3282     0.1788     0.7878
    -1.6502    -0.7667    -0.2763     1.1077
    -1.5167    -1.0133    -0.6689     1.3994
    -1.3032    -1.2688    -0.9632     1.6913
    -0.9652    -1.4696    -1.2308     1.8607
    -0.6450    -1.5791    -1.3824     1.8702
    -0.2360    -1.6430    -1.4538     1.7478
     0.2264    -1.6065    -1.5340     1.4465
     0.6619    -1.5608    -1.5519     1.1359
     1.0086    -1.3784    -1.5073     0.8066
     1.4440    -1.2688    -1.4181     0.4115
     1.8527    -1.0133    -1.2932     0.0917
     2.1192    -0.7119    -1.0792    -0.1998
     2.3501    -0.3739    -0.7492    -0.4724
     2.3679     0.0466    -0.4280    -0.7262
     2.2524     0.4399    -0.0086    -0.9330
     2.0126     0.9523     0.2770    -1.0833
     1.5950     1.4835     0.5894    -1.2243
     1.0885     1.8775     0.9466    -1.2243
     0.5819     2.1342     1.2680    -1.2336
     0.0663     2.1800     1.5092    -1.2149
    -0.4138     2.1709     1.7414    -1.0833
    -0.8585     2.1617     1.8754    -0.8766
    -1.1164     1.8042     1.8620    -0.6792
    -1.2854     1.4010     1.8486    -0.2750
    -1.4634     0.9523     1.5895     0.0259
    -1.5790     0.4490     1.4377     0.3644
    -1.6680     0.0557     1.2412     0.7595
    -1.6858    -0.4013     1.0180     1.0606
    -1.5612    -0.7119     0.7323     1.3336
    -1.4723    -0.9402     0.4466     1.5877
    -1.2321    -1.1319     0.1967     1.6018
    -0.9118    -1.2780    -0.0264     1.6160
    -0.5739    -1.4696    -0.2674     1.4371
    -0.1115    -1.4970    -0.4994     1.2489
     0.2975    -1.5335    -0.6510     0.9477
     0.6353    -1.4970    -0.7224     0.6466
     1.0352    -1.3054    -0.7848     0.3362
     1.4529    -1.1502    -0.8562     0.0259
     1.7905    -0.9493    -0.8473    -0.1810
     2.1014    -0.7028    -0.7492    -0.3784
     2.2257    -0.3556    -0.7938    -0.6416
     2.2169     0.0192    -0.8027    -0.8202
     2.0747     0.3758    -0.7313    -0.9424
     1.7994     0.8516    -0.4994    -1.0645
     1.3018     1.3552    -0.2852    -1.0269
     0.8219     1.7400    -0.1067    -1.0363
     0.2086     2.0975     0.1074    -0.9987
    -0.2271     2.1984     0.2502    -0.9048
    -0.6895     2.1617     0.3663    -0.8202
    -1.0631     2.1158     0.5091    -0.6416
    -1.2854     1.8958     0.5448    -0.4160
    -1.3655     1.4926     0.6073    -0.1434
    -1.5256     1.0530     0.6698     0.1763
    -1.5790     0.5862     0.7591     0.5337
    -1.6324     0.1746     0.7501     0.8724
    -1.6324    -0.3190     0.7858     1.1453
    -1.5256    -0.6662     0.7501     1.4371
    -1.3833    -0.9585     0.7234     1.5971
    -1.1609    -1.2323     0.5805     1.6348
    -0.8941    -1.3966     0.4198     1.5689
    -0.4938    -1.5152     0.2949     1.4089
    -0.1293    -1.5244     0.1164     1.1641
     0.3153    -1.5700    -0.0621     0.9477
     0.7419    -1.4514    -0.1960     0.6372
     1.1774    -1.3510    -0.3209     0.3456
     1.6661    -1.1958    -0.4191     0.1011
     2.0747    -1.0224    -0.4637    -0.1340
     2.3856    -0.7576    -0.4191    -0.3972
     2.3856    -0.3465    -0.2584    -0.6416
     2.3856     0.1106    -0.1157    -0.8014
     2.1724     0.4673    -0.0086    -1.0363
     1.6661     1.0164     0.0271    -1.1397
     1.0708     1.5384     0.1253    -1.1679
     0.6086     1.9875     0.2592    -1.2336
     0.0486     2.1800     0.3395    -1.2149
    -0.3871     2.1984     0.4377    -1.1397
    -0.8229     2.1800     0.5270    -0.9987
    -1.1876     2.1709     0.6787    -0.8108
    -1.3032     1.8775     0.7680    -0.5758
    -1.4100     1.4560     0.8305    -0.2374
    -1.5078     0.8974     0.8216     0.0447
    -1.6146     0.4582     0.6876     0.4585
    -1.6235    -0.0265     0.5894     0.8254
    -1.5790    -0.5201     0.4288     1.2112
    -1.3744    -0.8672     0.2145     1.5877
    -1.1253    -1.0954     0.0093     1.7760
    -0.8318    -1.2415    -0.1871     1.7760
    -0.5294    -1.4057    -0.4994     1.7007
    -0.1737    -1.5061    -0.6243     1.4748
     0.2086    -1.5107    -0.8027     1.1453
          3          3          3          3
