    4   2048 0.020000  2016   1  20  10  24
         16         10         11         42
    -1.8659    -1.3667    -0.1979    -1.4973
    -1.8481    -1.3941    -0.3763    -1.5630
    -1.8392    -1.4397    -0.4834    -1.6100
    -1.8125    -1.4123    -0.6440    -1.6476
    -1.8214    -1.4671    -0.8046    -1.7227
    -1.7591    -1.4306    -0.8849    -1.7509
    -1.6702    -1.4671    -1.0544    -1.6945
    -1.5545    -1.4580    -1.1079    -1.7133
    -1.4033    -1.3393    -1.2417    -1.6194
    -1.2698    -1.2663    -1.3130    -1.5818
    -1.0830    -1.2389    -1.3665    -1.4973
    -0.9318    -1.1385    -1.4468    -1.4033
    -0.7362    -1.0472    -1.4557    -1.2436
    -0.5316    -0.9468    -1.5003    -1.1497
    -0.3093    -0.8828    -1.5181    -1.0463
    -0.1226    -0.6636    -1.4646    -0.8584
     0.0819    -0.5266    -1.4557    -0.6892
     0.2953    -0.3804    -1.4022    -0.4824
     0.4908    -0.1702    -1.3576    -0.2944
     0.7219     0.0035    -1.2327    -0.1251
     0.8730     0.1681    -1.1614     0.0723
     1.0330     0.2962    -1.1079     0.2322
     1.1929     0.4883    -0.9652     0.4486
     1.3706     0.5889    -0.8314     0.6461
     1.4417     0.7536    -0.7154     0.9001
     1.5839     0.9276    -0.5280     1.0507
     1.6993     1.0374    -0.3317     1.2484
     1.7615     1.1839    -0.1890     1.4743
     1.7793     1.3396     0.0074     1.6343
     1.7837     1.3763     0.1591     1.7849
     1.7882     1.4862     0.3644     1.8885
     1.7793     1.5412     0.5162     1.9827
     1.7704     1.5778     0.6501     2.0580
     1.7882     1.6328     0.8286     2.0957
     1.7349     1.6420     1.0429     2.1522
     1.6016     1.5778     1.0608     2.1522
     1.5128     1.5687     1.1144     2.1428
     1.3884     1.5503     1.1233     2.0957
     1.2640     1.5137     1.1412     2.0769
     1.0774     1.5045     1.2662     1.9262
     0.9085     1.3580     1.3287     1.7944
     0.6864     1.2572     1.3644     1.6625
     0.5619     1.2023     1.3644     1.5025
     0.3219     1.0100     1.3733     1.3142
     0.1619     0.8635     1.3823     1.1448
    -0.0870     0.7628     1.3644     0.9566
    -0.2471     0.6164     1.3555     0.7496
    -0.4071     0.4151     1.3376     0.4862
    -0.6917     0.2230     1.3108     0.2604
    -0.8251     0.1315     1.1947     0.0535
    -1.0030    -0.0696     0.9715    -0.0969
    -1.2342    -0.2159     0.8018    -0.2850
    -1.3766    -0.4078     0.6411    -0.5388
    -1.4566    -0.6362     0.4180    -0.7362
    -1.5990    -0.7550     0.2662    -0.8678
    -1.6346    -0.8555     0.0609    -1.0745
    -1.7769    -1.0472    -0.1265    -1.2530
    -1.7769    -1.1568    -0.3407    -1.3845
    -1.8214    -1.2754    -0.5369    -1.5348
    -1.7947    -1.3302    -0.6708    -1.6476
    -1.7769    -1.4032    -0.8938    -1.6945
    -1.7947    -1.4945    -1.0544    -1.7884
    -1.6702    -1.5675    -1.2060    -1.8354
    -1.6168    -1.6131    -1.3398    -1.9011
    -1.4922    -1.5857    -1.4468    -1.8824
    -1.4299    -1.5857    -1.5360    -1.8824
    -1.2431    -1.5583    -1.6341    -1.8448
    -1.1186    -1.4762    -1.7232    -1.7978
    -0.9229    -1.4215    -1.8035    -1.7133
    -0.7717    -1.3941    -1.8481    -1.6006
    -0.5761    -1.2572    -1.8213    -1.5161
    -0.3182    -1.1933    -1.8302    -1.3752
    -0.1404    -1.0746    -1.8391    -1.1873
     0.0197    -0.9194    -1.7678    -1.0463
     0.2152    -0.7915    -1.7589    -0.8678
     0.4019    -0.5814    -1.6786    -0.6798
     0.5619    -0.4170    -1.5806    -0.4824
     0.7486    -0.2067    -1.4111    -0.2098
     0.9707    -0.0513    -1.3130    -0.0217
     1.1307     0.1681    -1.1792     0.1758
     1.2818     0.3602    -1.0098     0.4203
     1.4684     0.5706    -0.7868     0.6649
     1.5927     0.7353    -0.6262     0.9001
     1.6905     0.9001    -0.4477     1.1542
     1.7882     1.0832    -0.1622     1.3519
     1.7882     1.2938     0.0252     1.5590
     1.8148     1.4038     0.2037     1.7473
     1.8770     1.5778     0.4269     1.9262
     1.8415     1.5962     0.6590     2.0957
     1.8148     1.6786     0.8376     2.1428
     1.8415     1.6328     1.0429     2.1616
     1.7438     1.6511     1.2215     2.1428
     1.6816     1.7061     1.2840     2.1287
     1.5572     1.6970     1.3644     2.1145
     1.4417     1.6878     1.3376     2.1145
     1.3262     1.6786     1.4180     2.1145
     1.1751     1.6420     1.5252     2.0204
     0.9441     1.6328     1.5877     1.8603
     0.8108     1.4771     1.5966     1.6625
     0.6152     1.3580     1.5966     1.4460
     0.4197     1.2206     1.5877     1.2860
     0.1975     1.0100     1.5520     1.0319
     0.0197     0.7811     1.5966     0.8625
    -0.1759     0.5798     1.5341     0.5991
    -0.3360     0.3327     1.4537     0.3639
    -0.5405     0.1956     1.3376     0.1382
    -0.7184    -0.0422     1.1590    -0.0969
    -0.9051    -0.2707     0.9893    -0.3320
    -1.0119    -0.4444     0.7840    -0.5482
    -1.2253    -0.7276     0.5608    -0.7832
    -1.2876    -0.8555     0.3376    -0.9523
    -1.4299    -1.0198     0.1591    -1.1027
    -1.5278    -1.1842    -0.1176    -1.3094
    -1.6524    -1.3119    -0.3228    -1.4597
    -1.7146    -1.4488    -0.5102    -1.5442
    -1.7591    -1.5036    -0.7243    -1.7227
    -1.7858    -1.6039    -0.9206    -1.7978
    -1.7235    -1.6678    -1.0990    -1.8636
    -1.7502    -1.7864    -1.2506    -1.9763
    -1.6702    -1.8046    -1.4111    -1.9763
    -1.6791    -1.7773    -1.5360    -2.0138
    -1.5456    -1.7590    -1.6430    -1.9950
    -1.4566    -1.7408    -1.7232    -2.0232
    -1.3944    -1.6678    -1.8213    -1.9387
    -1.1987    -1.6404    -1.9283    -1.8542
    -1.0919    -1.5401    -1.9372    -1.7321
    -0.9140    -1.4397    -1.9105    -1.6194
    -0.7006    -1.2846    -1.9640    -1.4691
    -0.5049    -1.1933    -1.9194    -1.3282
    -0.2826    -1.0563    -1.8570    -1.1685
    -0.1404    -0.8646    -1.7767    -1.0181
     0.1175    -0.6819    -1.6876    -0.8396
     0.3041    -0.5357    -1.5360    -0.6704
     0.5086    -0.3530    -1.3933    -0.4354
     0.6864    -0.1153    -1.2595    -0.2474
     0.9441     0.0767    -1.0990    -0.0405
     1.0685     0.1773    -0.9206     0.1382
     1.2906     0.4517    -0.7689     0.4015
     1.4062     0.5798    -0.5637     0.6273
     1.6016     0.7720    -0.3585     0.8249
     1.7171     0.9184    -0.1086     0.9754
     1.8148     1.0466     0.1056     1.2107
     1.8060     1.1839     0.3019     1.3895
     1.8415     1.3488     0.5162     1.5402
     1.8593     1.4312     0.7483     1.7002
     1.8237     1.5045     0.9447     1.7944
     1.8504     1.5045     1.1412     1.8979
     1.8060     1.5870     1.3555     1.9638
     1.7615     1.5778     1.5162     2.0580
     1.6993     1.6237     1.5609     2.0674
     1.6194     1.5412     1.5698     2.0486
     1.4950     1.5320     1.5788     2.0204
     1.4150     1.5229     1.6234     1.9450
     1.2640     1.4129     1.6502     1.8603
     1.0863     1.3030     1.7396     1.7002
     0.9352     1.2664     1.7128     1.5590
     0.7219     1.1382     1.7306     1.4272
     0.5797     0.9917     1.7217     1.2672
     0.4019     0.8177     1.7217     1.0978
     0.1441     0.6804     1.6681     0.8719
    -0.0248     0.4791     1.5966     0.6649
    -0.2115     0.3053     1.4537     0.4862
    -0.3627     0.1498     1.2840     0.2322
    -0.6117     0.0309     1.1144     0.0441
    -0.7717    -0.1428     0.9268    -0.1721
    -0.9229    -0.3256     0.6947    -0.3320
    -1.1008    -0.4992     0.4715    -0.5388
    -1.3054    -0.6728     0.2573    -0.7362
    -1.3855    -0.8281     0.0609    -0.8960
    -1.5189    -0.9742    -0.1443    -1.1027
    -1.6346    -1.0929    -0.3228    -1.2624
    -1.6435    -1.1476    -0.5280    -1.3939
    -1.7324    -1.2937    -0.6886    -1.5067
    -1.7947    -1.3211    -0.8581    -1.6194
    -1.8214    -1.4580    -1.0544    -1.7321
    -1.7947    -1.5218    -1.1792    -1.8166
    -1.7769    -1.5492    -1.2952    -1.9387
    -1.7324    -1.5675    -1.4379    -1.9387
    -1.6079    -1.5948    -1.4914    -1.9857
    -1.5367    -1.6313    -1.5895    -1.9481
    -1.4211    -1.5675    -1.6341    -1.9105
    -1.2876    -1.5857    -1.6786    -1.9105
    -1.1364    -1.5036    -1.7054    -1.8636
    -0.9763    -1.4853    -1.6786    -1.7227
    -0.7895    -1.3484    -1.6519    -1.6100
    -0.6028    -1.2298    -1.5806    -1.4973
    -0.3893    -1.1842    -1.5449    -1.3376
    -0.2115    -1.0929    -1.4111    -1.2060
    -0.0248    -0.9559    -1.3576    -1.0181
     0.1619    -0.8098    -1.2417    -0.8302
     0.4286    -0.6910    -1.1168    -0.6328
     0.5708    -0.5266    -0.9473    -0.4448
     0.7575    -0.2981    -0.8314    -0.2286
     0.9530    -0.0971    -0.6262     0.0347
     1.0774     0.0767    -0.4477     0.2416
     1.2373     0.2504    -0.2336     0.5144
     1.4417     0.3693    -0.0462     0.7214
     1.5750     0.5798     0.0877     0.9566
     1.6905     0.7903     0.3019     1.1919
     1.7882     0.9276     0.4894     1.3519
     1.7793     1.0557     0.6858     1.5872
     1.8504     1.1931     0.8376     1.8038
     1.8148     1.3580     1.0429     1.9638
     1.8237     1.4679     1.1412     2.1334
     1.8148     1.5595     1.3108     2.1334
     1.8060     1.5595     1.4448     2.1710
     1.8148     1.5962     1.5877     2.1616
     1.7171     1.6237     1.6502     2.1522
     1.5839     1.6786     1.6770     2.1616
     1.4595     1.6237     1.6592     2.1522
     1.3351     1.5870     1.6860     2.1145
     1.1662     1.5503     1.7128     2.0109
     0.9885     1.4954     1.6681     1.8509
     0.8019     1.4404     1.7217     1.6155
     0.5886     1.3030     1.6949     1.3990
     0.4108     1.1473     1.6949     1.2013
     0.1708     0.9917     1.6234     0.9754
    -0.0070     0.8086     1.4805     0.8249
    -0.2026     0.5981     1.3912     0.5332
    -0.3893     0.3876     1.2662     0.3075
    -0.5494     0.2230     1.0965     0.0441
    -0.7095     0.0309     0.9358    -0.1627
    -0.8873    -0.1702     0.7572    -0.3790
    -1.0652    -0.4261     0.6322    -0.6140
    -1.2342    -0.5723     0.4804    -0.7738
    -1.3677    -0.7915     0.3198    -0.9523
    -1.5011    -0.9559     0.1502    -1.1309
    -1.5901    -1.0381    -0.0372    -1.2812
    -1.6791    -1.2024    -0.1890    -1.4221
    -1.7057    -1.3119    -0.3228    -1.5912
    -1.7769    -1.4215    -0.4923    -1.6476
    -1.7947    -1.5583    -0.6708    -1.7884
    -1.8303    -1.6222    -0.7332    -1.8166
    -1.8481    -1.6678    -0.8314    -1.9011
    -1.7858    -1.7134    -0.9295    -1.9105
    -1.7146    -1.7681    -1.0722    -1.9669
    -1.6168    -1.7773    -1.1346    -1.9293
    -1.5901    -1.7043    -1.2149    -1.8824
    -1.4122    -1.6313    -1.2952    -1.8072
    -1.2787    -1.6131    -1.2684    -1.7603
    -1.1720    -1.4580    -1.3309    -1.6570
    -0.9852    -1.3576    -1.3219    -1.5348
    -0.7984    -1.3211    -1.3309    -1.4315
    -0.6294    -1.1842    -1.2773    -1.2436
    -0.4249    -0.9833    -1.3041    -1.1215
    -0.2471    -0.8281    -1.2060    -0.9335
    -0.0426    -0.6728    -1.1436    -0.7362
     0.1619    -0.5266    -1.1168    -0.5670
     0.3930    -0.2707    -1.0276    -0.3508
     0.5797    -0.0605    -0.8938    -0.1345
     0.7308     0.1315    -0.7778     0.0535
     0.9619     0.2596    -0.7332     0.2981
     1.1129     0.4608    -0.5191     0.4768
     1.2818     0.6713    -0.4388     0.7402
     1.4595     0.8726    -0.2246     0.9001
     1.5839     1.0283    -0.1086     1.1260
     1.6460     1.2114     0.0431     1.3048
     1.7082     1.3396     0.1770     1.4554
     1.7971     1.4038     0.3108     1.6249
     1.7704     1.5045     0.4626     1.7755
     1.7704     1.6145     0.6233     1.9450
     1.7704     1.6053     0.7751     2.0298
     1.7527     1.6695     0.9358     2.1145
     1.7438     1.6603     1.0251     2.1616
     1.6993     1.6237     1.1947     2.1239
     1.5394     1.6420     1.2930     2.1145
     1.4506     1.6695     1.3912     2.1428
     1.3351     1.6145     1.4627     2.0957
     1.1929     1.5778     1.5073     2.0204
     1.0152     1.4587     1.5162     1.9733
     0.8641     1.3580     1.5430     1.7849
     0.5797     1.3030     1.5430     1.6249
     0.4553     1.1565     1.4895     1.4554
     0.2064     0.9550     1.4716     1.2766
     0.0374     0.8360     1.4448     1.1166
    -0.1848     0.6347     1.3823     0.9190
    -0.3538     0.4883     1.2483     0.6837
    -0.5049     0.2687     1.1501     0.5144
    -0.7806     0.1590     1.0429     0.2792
    -0.8962    -0.0331     0.9536     0.0347
    -1.1097    -0.2250     0.8197    -0.1627
    -1.2165    -0.3895     0.6768    -0.3414
    -1.3588    -0.5449     0.4626    -0.5764
    -1.5011    -0.7002     0.3108    -0.7456
    -1.6346    -0.8281     0.1859    -0.9054
    -1.7146    -0.9468    -0.0015    -1.0745
    -1.7947    -1.0563    -0.1890    -1.2624
    -1.8303    -1.1476    -0.3853    -1.4033
    -1.8570    -1.2389    -0.4923    -1.5255
    -1.8926    -1.2663    -0.6619    -1.6100
    -1.9104    -1.3211    -0.8403    -1.6945
    -1.8837    -1.3667    -0.9473    -1.8072
    -1.8214    -1.4945    -1.0990    -1.8542
    -1.7591    -1.4945    -1.1792    -1.8918
    -1.6613    -1.4306    -1.3309    -1.8730
    -1.5723    -1.4306    -1.4379    -1.8542
    -1.4122    -1.3758    -1.4825    -1.8260
    -1.3054    -1.3211    -1.5627    -1.7321
    -1.1186    -1.2663    -1.5984    -1.6382
    -0.9496    -1.1385    -1.6430    -1.5255
    -0.7362    -1.0837    -1.6519    -1.3939
    -0.5049    -0.9650    -1.6251    -1.2060
    -0.3093    -0.8281    -1.5716    -1.0839
    -0.1582    -0.7641    -1.5181    -0.8772
     0.0641    -0.6271    -1.4557    -0.7174
     0.2241    -0.3804    -1.3844    -0.4636
     0.4553    -0.2159    -1.3398    -0.2380
     0.6330    -0.0513    -1.1614    -0.0499
     0.8019     0.1590    -1.0365     0.2510
     0.9796     0.3876    -0.9206     0.4674
     1.1307     0.5981    -0.7243     0.7590
     1.3084     0.7445    -0.5637     1.0037
     1.4328     0.8635    -0.4120     1.1919
     1.4950     1.0832    -0.1979     1.4272
     1.5750     1.2572    -0.0372     1.6625
     1.6993     1.3763     0.1502     1.8979
     1.7527     1.5137     0.3644     2.0392
     1.7082     1.6237     0.5429     2.1239
     1.7171     1.6511     0.6858     2.1805
     1.7038     1.6786     0.8733     2.1616
     1.6905     1.6695     1.0429     2.1993
     1.6194     1.6878     1.1858     2.1805
     1.5394     1.6786     1.3644     2.1899
     1.4506     1.6695     1.4716     2.2087
     1.3617     1.6695     1.5788     2.1710
     1.2462     1.6420     1.6413     2.1428
     1.1129     1.6878     1.6770     2.1145
     0.9263     1.5962     1.6860     1.9921
     0.7841     1.5412     1.7217     1.8414
     0.5353     1.4221     1.7217     1.6343
     0.2953     1.2664     1.6681     1.4272
     0.1708     1.0649     1.6592     1.2389
    -0.0426     0.8452     1.6234     1.0507
    -0.2826     0.6438     1.5162     0.8249
    -0.4605     0.4608     1.4091     0.5332
    -0.6117     0.2413     1.2840     0.3075
    -0.8073     0.0401     1.0876     0.1100
    -0.9852    -0.1245     0.9626    -0.1345
    -1.1542    -0.2981     0.7572    -0.2662
    -1.2787    -0.4718     0.5876    -0.5106
    -1.4122    -0.6454     0.3733    -0.6798
    -1.5278    -0.8281     0.1948    -0.8866
    -1.6257    -0.9559     0.0252    -1.0275
    -1.6968    -1.0381    -0.2068    -1.2248
    -1.7947    -1.1842    -0.4210    -1.3658
    -1.7858    -1.2754    -0.5994    -1.5067
    -1.8303    -1.3028    -0.7243    -1.5912
    -1.8481    -1.4123    -0.8670    -1.6757
    -1.8125    -1.4215    -1.0633    -1.7227
    -1.7680    -1.5218    -1.1792    -1.8072
    -1.7413    -1.4671    -1.2595    -1.8730
    -1.6346    -1.4762    -1.3844    -1.8918
    -1.5367    -1.4580    -1.4914    -1.8636
    -1.4388    -1.4580    -1.5181    -1.8636
    -1.3143    -1.4306    -1.5627    -1.7697
    -1.1453    -1.3119    -1.5895    -1.6851
    -0.9852    -1.2937    -1.5850    -1.6382
    -0.7984    -1.1842    -1.5806    -1.4691
    -0.6205    -1.0746    -1.5895    -1.3845
    -0.3627    -0.9833    -1.5449    -1.2624
    -0.2115    -0.8737    -1.4646    -1.1027
     0.0019    -0.6728    -1.3309    -0.8960
     0.2152    -0.5449    -1.2417    -0.7268
     0.4197    -0.4261    -1.1168    -0.5200
     0.5975    -0.2250    -0.9830    -0.3132
     0.7930    -0.0788    -0.8849    -0.0875
     0.9796     0.1590    -0.6886     0.1194
     1.1662     0.2870    -0.5191     0.3639
     1.2906     0.4425    -0.3496     0.5991
     1.4062     0.6713    -0.1443     0.8437
     1.5394     0.8086     0.0074     1.0225
     1.6372     0.9367     0.1948     1.2107
     1.7171     1.0832     0.4001     1.4272
     1.7438     1.2755     0.5519     1.6061
     1.8148     1.3946     0.7572     1.8132
     1.8237     1.5045     0.8911     1.9262
     1.7971     1.5412     1.0965     2.0486
     1.7882     1.5870     1.2126     2.1051
     1.7615     1.5962     1.3733     2.1334
     1.6905     1.6053     1.4805     2.1428
     1.6816     1.6145     1.5877     2.1428
     1.5572     1.6053     1.6860     2.1051
     1.4417     1.5962     1.7128     2.0674
     1.3262     1.6053     1.6681     2.0109
     1.1040     1.4771     1.6860     1.8697
     0.9707     1.3854     1.6860     1.6625
     0.7663     1.2847     1.6770     1.4648
     0.5619     1.1382     1.7038     1.3331
     0.3841     0.9825     1.6234     1.1072
     0.1175     0.7903     1.5430     0.9190
    -0.0604     0.5889     1.4716     0.7308
    -0.2649     0.3968     1.3108     0.4486
    -0.4960     0.2321     1.2037     0.2322
    -0.6650    -0.0148     1.0429     0.0441
    -0.8073    -0.1519     0.8643    -0.1721
    -1.0297    -0.4170     0.7126    -0.3978
    -1.1898    -0.5540     0.5697    -0.6046
    -1.3054    -0.7459     0.3823    -0.7832
    -1.4477    -0.9011     0.1859    -1.0087
    -1.5278    -1.0290     0.0252    -1.1403
    -1.5901    -1.1842    -0.1265    -1.3000
    -1.6524    -1.2846    -0.2693    -1.4503
    -1.7057    -1.4215    -0.4745    -1.6194
    -1.6968    -1.4671    -0.6172    -1.7415
    -1.6880    -1.5857    -0.7421    -1.8260
    -1.6791    -1.6404    -0.8670    -1.9105
    -1.6791    -1.6222    -0.9473    -1.9293
    -1.6613    -1.6678    -1.0900    -1.9763
    -1.5545    -1.7134    -1.2238    -1.9857
    -1.5011    -1.6861    -1.2684    -1.9669
    -1.3499    -1.5857    -1.3487    -1.9293
    -1.2253    -1.5492    -1.4022    -1.9011
    -1.1364    -1.4671    -1.4200    -1.8072
    -0.9051    -1.4306    -1.4557    -1.7227
    -0.7539    -1.3119    -1.4468    -1.6006
    -0.5405    -1.1842    -1.4735    -1.4503
    -0.3449    -1.0655    -1.4200    -1.3000
    -0.1582    -0.9742    -1.4022    -1.1027
    -0.0248    -0.8189    -1.3487    -0.9241
     0.2152    -0.6180    -1.2773    -0.7456
     0.3841    -0.4444    -1.1882    -0.5388
     0.6064    -0.2342    -1.1168    -0.3038
     0.8374    -0.0788    -1.0187    -0.0875
     0.9796     0.0767    -0.9027     0.1288
     1.2107     0.3053    -0.7689     0.3451
     1.3617     0.4242    -0.5994     0.5332
     1.4772     0.6347    -0.4923     0.7872
     1.5839     0.8086    -0.2871     0.9848
     1.7527     0.9642    -0.1176     1.1636
     1.8148     1.1107     0.0252     1.3801
     1.8326     1.2297     0.1859     1.5496
     1.8948     1.3305     0.3733     1.7284
     1.8859     1.3854     0.5697     1.8791
     1.9037     1.4862     0.7304     2.0298
     1.8415     1.5687     0.8733     2.1239
     1.8593     1.6053     0.9715     2.1428
     1.8148     1.6237     1.1769     2.1710
     1.8415     1.6237     1.2572     2.1805
     1.7082     1.6099     1.4091     2.1899
     1.6105     1.5962     1.4537     2.1145
     1.4417     1.5687     1.5430     2.1051
     1.3351     1.5778     1.5966     2.0486
     1.0863     1.4954     1.6234     1.9356
     0.9885     1.3580     1.6234     1.7755
     0.7930     1.2389     1.6502     1.5684
     0.5619     1.1015     1.6324     1.3801
     0.3308     0.9825     1.5698     1.1825
     0.1175     0.7994     1.4895     0.9660
    -0.0604     0.6987     1.3644     0.7966
    -0.2115     0.4700     1.2572     0.5520
    -0.3627     0.2596     1.1054     0.2698
    -0.5761     0.1041     0.9983     0.0441
    -0.7273    -0.0331     0.8108    -0.1721
    -0.9407    -0.2433     0.6411    -0.3884
    -1.0652    -0.4261     0.5162    -0.5670
    -1.1542    -0.6362     0.3108    -0.7738
    -1.2698    -0.7367     0.1323    -1.0087
    -1.4477    -0.9102    -0.0551    -1.1873
    -1.4477    -1.0472    -0.2157    -1.3564
    -1.5634    -1.1476    -0.4388    -1.5161
    -1.6079    -1.2754    -0.6529    -1.6100
    -1.6257    -1.3850    -0.8135    -1.7321
    -1.6702    -1.4123    -0.9830    -1.8166
    -1.6613    -1.4945    -1.1079    -1.9293
    -1.5634    -1.5218    -1.2417    -1.9857
    -1.5723    -1.5766    -1.3754    -2.0138
    -1.4922    -1.6039    -1.4557    -2.0138
    -1.4122    -1.5857    -1.5984    -1.9669
    -1.3143    -1.5766    -1.6251    -1.8730
    -1.1631    -1.4853    -1.7321    -1.8166
    -0.9852    -1.3941    -1.7767    -1.7133
    -0.8340    -1.3484    -1.8035    -1.6006
    -0.6561    -1.2663    -1.7946    -1.4409
    -0.3982    -1.1111    -1.7767    -1.2812
    -0.2826    -0.9559    -1.7232    -1.1121
    -0.0337    -0.8828    -1.6608    -0.9523
     0.1263    -0.7367    -1.5538    -0.7644
     0.3397    -0.5723    -1.4646    -0.5388
     0.5086    -0.3073    -1.3219    -0.3132
     0.7308    -0.0971    -1.2327    -0.0781
     0.9174     0.0492    -1.0811     0.1194
     1.0863     0.2504    -0.8760     0.3263
     1.2373     0.4425    -0.7065     0.5803
     1.3795     0.6530    -0.5459     0.7872
     1.5128     0.8086    -0.3317     0.9848
     1.6549     0.9642    -0.1265     1.1919
     1.7615     1.1198     0.0877     1.3895
     1.8504     1.2480     0.2394     1.5402
     1.8859     1.3488     0.5072     1.7096
     1.8326     1.4862     0.7126     1.8979
     1.8681     1.5412     0.8911     2.0109
     1.8681     1.5962     1.0876     2.1051
     1.8237     1.6145     1.2037     2.1428
     1.8326     1.6145     1.3555     2.1334
     1.7615     1.6099     1.4895     2.1805
     1.7171     1.6053     1.6413     2.1522
     1.5750     1.6007     1.6502     2.1616
     1.4150     1.5962     1.6681     2.1805
     1.2729     1.5503     1.7217     2.1145
     1.1396     1.5045     1.7306     2.0580
     0.9974     1.4496     1.7396     1.9262
     0.7841     1.3396     1.6860     1.7379
     0.5708     1.2572     1.6860     1.5119
     0.3930     1.0832     1.7038     1.3519
     0.1886     0.9825     1.6681     1.1260
    -0.0248     0.7628     1.5788     0.9096
    -0.1759     0.5889     1.4448     0.7214
    -0.4427     0.4151     1.3108     0.4768
    -0.6294     0.2230     1.1679     0.2322
    -0.8162     0.1041     1.0251     0.0065
    -1.0119    -0.1062     0.8286    -0.2286
    -1.1987    -0.2707     0.6322    -0.4260
    -1.2787    -0.4809     0.4447    -0.6422
    -1.4388    -0.6636     0.2841    -0.8584
    -1.5723    -0.8281     0.1323    -1.0463
    -1.6168    -0.9650    -0.0551    -1.2154
    -1.6791    -1.0746    -0.2246    -1.3939
    -1.7769    -1.2298    -0.4031    -1.5255
    -1.8125    -1.3028    -0.6083    -1.6757
    -1.7680    -1.4397    -0.7332    -1.7603
    -1.7947    -1.4853    -0.8670    -1.8730
    -1.7502    -1.5675    -0.9473    -1.9387
    -1.6968    -1.5492    -1.0990    -2.0232
    -1.5990    -1.6039    -1.2060    -2.0608
    -1.5278    -1.6222    -1.2952    -2.0326
    -1.4566    -1.5857    -1.3219    -1.9481
    -1.3232    -1.5310    -1.3844    -1.9105
    -1.2076    -1.5310    -1.4290    -1.8072
    -1.0474    -1.4580    -1.4468    -1.7415
    -0.8607    -1.3576    -1.5092    -1.6382
    -0.7184    -1.2389    -1.4825    -1.4785
    -0.5049    -1.0837    -1.4290    -1.3282
    -0.3182    -0.9559    -1.4200    -1.1027
    -0.1937    -0.8007    -1.3754    -0.9241
     0.0374    -0.6728    -1.2952    -0.7268
     0.2508    -0.5175    -1.1703    -0.5764
     0.4553    -0.3256    -1.0811    -0.2850
     0.6419    -0.1428    -0.9741    -0.1063
     0.8819     0.0401    -0.8492     0.1476
     1.0330     0.2504    -0.7421     0.3263
     1.1929     0.4151    -0.5816     0.5897
     1.3617     0.6347    -0.4299     0.7966
     1.4950     0.7262    -0.2871     1.0131
     1.5927     0.8909    -0.1443     1.1636
     1.6993     1.0741     0.0163     1.3613
     1.7438     1.1931     0.2037     1.5402
     1.7171     1.2389     0.3555     1.6908
     1.8060     1.3488     0.5162     1.8132
     1.7615     1.4771     0.6411     1.9827
     1.7971     1.4954     0.7751     2.0674
     1.7704     1.5595     0.9804     2.0674
     1.6727     1.5595     1.1054     2.1051
     1.5927     1.5962     1.1590     2.1239
     1.5661     1.5595     1.2930     2.1428
     1.4772     1.5137     1.4359     2.0674
     1.2729     1.4862     1.5162     2.0204
     1.1840     1.4587     1.5877     1.9356
     0.9619     1.2847     1.6234     1.7849
     0.8286     1.2206     1.6145     1.6531
     0.6241     1.0741     1.6413     1.5119
     0.4108     1.0100     1.5609     1.3142
     0.1975     0.8726     1.5430     1.1636
    -0.0159     0.7262     1.4627     0.9566
    -0.2382     0.5706     1.3287     0.7214
    -0.3449     0.3327     1.2215     0.4580
    -0.5939     0.1590     1.1054     0.2228
    -0.7362     0.0218     0.9715    -0.0029
    -0.9140    -0.1153     0.8197    -0.2098
    -1.0652    -0.3621     0.6679    -0.3978
    -1.1809    -0.5175     0.4894    -0.6234
    -1.3410    -0.7184     0.3019    -0.8302
    -1.4477    -0.7915     0.1502    -1.0557
    -1.5011    -0.9833    -0.0283    -1.2530
    -1.6257    -1.0746    -0.2246    -1.4221
    -1.6880    -1.2207    -0.4477    -1.5161
    -1.6613    -1.3211    -0.6351    -1.6757
    -1.6968    -1.3758    -0.7511    -1.8166
    -1.7057    -1.4580    -0.9473    -1.9105
    -1.7235    -1.5766    -1.0633    -1.9669
    -1.6791    -1.5492    -1.2149    -2.0326
    -1.6524    -1.6131    -1.3219    -2.0326
    -1.5812    -1.6496    -1.4825    -2.0326
    -1.4655    -1.5583    -1.4914    -2.0044
    -1.2965    -1.5948    -1.5716    -1.9199
    -1.2076    -1.5310    -1.6162    -1.8448
    -1.0208    -1.4215    -1.6608    -1.7039
    -0.9140    -1.3211    -1.7054    -1.5630
    -0.7362    -1.2480    -1.6608    -1.4785
    -0.5049    -1.0929    -1.6251    -1.2530
    -0.3360    -1.0198    -1.5627    -1.0933
    -0.1493    -0.8555    -1.5181    -0.8772
     0.0197    -0.7276    -1.3754    -0.6986
     0.2686    -0.5175    -1.2595    -0.5012
     0.4819    -0.3438    -1.1971    -0.2474
     0.6241    -0.0605    -1.0276    -0.0029
     0.8463     0.1224    -0.9027     0.1946
     1.0063     0.2413    -0.7065     0.4674
     1.2196     0.4700    -0.5369     0.6931
     1.3884     0.6438    -0.3853     0.9001
     1.4861     0.8452    -0.1622     1.1166
     1.6638     1.0008     0.0520     1.3142
     1.6993     1.1198     0.2394     1.5025
     1.8148     1.3213     0.4537     1.7002
     1.8148     1.4038     0.6411     1.8697
     1.8593     1.4587     0.8108     2.0392
     1.8593     1.5137     0.9715     2.0674
     1.8060     1.5962     1.1322     2.1522
     1.7793     1.5962     1.2840     2.1805
     1.7882     1.6511     1.4180     2.1710
     1.6460     1.6970     1.5698     2.1805
     1.5927     1.6878     1.6949     2.1710
     1.4950     1.6237     1.6770     2.1993
     1.3706     1.6053     1.7306     2.1805
     1.2995     1.5870     1.7306     2.1899
     1.0952     1.5687     1.7396     2.1145
     0.9352     1.5137     1.7038     2.0769
     0.8197     1.3763     1.6949     1.9168
     0.5708     1.2664     1.6770     1.7284
     0.3753     1.1748     1.7217     1.5402
     0.1708     0.9917     1.6592     1.3331
    -0.0692     0.8726     1.5073     1.0789
    -0.2649     0.6896     1.4180     0.8719
    -0.3982     0.5523     1.2662     0.6085
    -0.6739     0.3510     1.1501     0.3733
    -0.8429     0.2047     0.9715     0.1006
    -1.0119     0.0218     0.8376    -0.1063
    -1.1453    -0.1702     0.6590    -0.3602
    -1.2609    -0.3713     0.4537    -0.6328
    -1.4033    -0.5906     0.3198    -0.8114
    -1.4833    -0.7367     0.1056    -1.0557
    -1.5634    -0.8372    -0.0194    -1.2342
    -1.6613    -1.0198    -0.2068    -1.3939
    -1.6791    -1.1111    -0.3585    -1.5912
    -1.6880    -1.2298    -0.5191    -1.7415
    -1.6791    -1.2846    -0.7243    -1.8448
    -1.6880    -1.3758    -0.8135    -1.9669
    -1.6791    -1.4945    -0.9652    -2.0514
    -1.6346    -1.5857    -1.0900    -2.0983
    -1.5812    -1.5492    -1.1882    -2.0702
    -1.4922    -1.6131    -1.2952    -2.0889
    -1.4388    -1.6131    -1.3487    -2.0232
    -1.2787    -1.5492    -1.4022    -1.9575
    -1.1898    -1.4671    -1.4825    -1.8542
    -1.0652    -1.4032    -1.5181    -1.7415
    -0.8340    -1.3119    -1.5538    -1.6288
    -0.6739    -1.2207    -1.5627    -1.4879
    -0.5494    -1.0837    -1.5449    -1.3188
    -0.3093    -0.9376    -1.5092    -1.1309
    -0.1315    -0.8463    -1.4557    -0.9523
     0.0552    -0.7002    -1.3754    -0.7174
     0.3041    -0.5357    -1.2506    -0.5482
     0.4464    -0.3256    -1.1614    -0.3132
     0.6775    -0.0788    -1.0454    -0.1063
     0.8997     0.1224    -0.9206     0.0911
     1.0330     0.2596    -0.8224     0.3827
     1.1662     0.4791    -0.6708     0.5897
     1.3351     0.6438    -0.4834     0.7590
     1.4861     0.8269    -0.3139     0.9472
     1.5572     0.9459    -0.1265     1.1072
     1.6283     1.1198     0.0609     1.3425
     1.7615     1.2023     0.2394     1.4743
     1.7793     1.3213     0.3912     1.5872
     1.7793     1.3488     0.5965     1.7661
     1.7704     1.4679     0.7751     1.8791
     1.7615     1.4954     0.9804     2.0015
     1.7171     1.5503     1.0786     2.0298
     1.6993     1.5595     1.2930     2.1051
     1.6283     1.5229     1.3912     2.0769
     1.5394     1.4954     1.5609     2.1334
     1.4150     1.4862     1.6681     2.1239
     1.2551     1.4679     1.6681     2.0392
     1.1662     1.4129     1.7038     1.9638
     1.0063     1.3396     1.6949     1.8885
     0.7930     1.1931     1.6949     1.7284
     0.5975     1.1290     1.7306     1.6155
     0.3930     1.0191     1.6860     1.3990
     0.2152     0.9093     1.6592     1.2578
     0.0286     0.7445     1.6770     1.0037
    -0.1848     0.6347     1.5788     0.7872
    -0.3804     0.4700     1.4537     0.5332
    -0.5850     0.2962     1.3198     0.3169
    -0.7273     0.1681     1.1679     0.0723
    -0.9674    -0.0605     0.9893    -0.1251
    -1.0830    -0.2250     0.8197    -0.3508
    -1.2965    -0.3804     0.6144    -0.5858
    -1.4299    -0.5723     0.4894    -0.8020
    -1.5278    -0.7093     0.2573    -0.9993
    -1.5812    -0.8646     0.0788    -1.2154
    -1.6702    -0.9285    -0.0819    -1.3845
    -1.6968    -1.0198    -0.3050    -1.5255
    -1.7591    -1.1659    -0.4477    -1.6382
    -1.7680    -1.2846    -0.6440    -1.7415
    -1.7769    -1.3028    -0.7957    -1.8636
    -1.8125    -1.4032    -0.9384    -1.9199
    -1.7146    -1.4671    -1.0633    -1.9293
    -1.6702    -1.4306    -1.1525    -1.9387
    -1.6257    -1.4488    -1.3219    -1.9199
    -1.5545    -1.4762    -1.3487    -1.8636
    -1.4566    -1.4123    -1.4200    -1.7509
    -1.3410    -1.4123    -1.4914    -1.6663
    -1.2431    -1.3028    -1.5092    -1.6006
    -1.0919    -1.2298    -1.5716    -1.4315
    -0.9318    -1.1385    -1.5360    -1.3376
    -0.7806    -1.0198    -1.5449    -1.1403
    -0.5850    -0.8463    -1.4557    -1.0087
    -0.3360    -0.7276    -1.4200    -0.8208
    -0.1404    -0.5266    -1.3398    -0.5858
     0.0374    -0.3987    -1.2060    -0.4166
     0.2597    -0.1976    -1.1079    -0.1910
     0.4375     0.0492    -0.9652    -0.0123
     0.6597     0.2047    -0.8492     0.2228
     0.8641     0.3327    -0.7243     0.4203
     1.0152     0.5706    -0.5726     0.6273
     1.1662     0.7445    -0.4031     0.8343
     1.3351     0.9001    -0.1979     1.0601
     1.4506     0.9917    -0.0729     1.2013
     1.6105     1.1565     0.1056     1.3707
     1.6372     1.3030     0.2751     1.5496
     1.6993     1.3488     0.4180     1.7190
     1.7793     1.4587     0.6322     1.9450
     1.7438     1.4954     0.7751     2.0769
     1.8148     1.5595     0.9358     2.1616
     1.7793     1.5870     1.0519     2.1522
     1.6905     1.6420     1.1590     2.1616
     1.6905     1.6603     1.3019     2.1710
     1.6016     1.6420     1.4269     2.2087
     1.4595     1.6328     1.5252     2.1993
     1.3884     1.5870     1.6056     2.1993
     1.2640     1.5320     1.6502     2.1616
     1.1307     1.5229     1.6413     2.1145
     0.9974     1.4129     1.6681     1.9262
     0.8463     1.3488     1.6413     1.7284
     0.6241     1.2297     1.6413     1.5307
     0.4819     1.0100     1.5877     1.2954
     0.2241     0.8818     1.5252     1.1260
     0.0374     0.7536     1.4895     0.8531
    -0.1670     0.5981     1.3644     0.6461
    -0.3360     0.3876     1.2572     0.3639
    -0.5316     0.1590     1.1322     0.1476
    -0.6917    -0.0422     0.9715    -0.0781
    -0.8162    -0.2342     0.8286    -0.3226
    -1.0386    -0.3895     0.6679    -0.5482
    -1.1631    -0.6454     0.5251    -0.7550
    -1.2787    -0.8007     0.3376    -1.0181
    -1.3410    -0.9468     0.1680    -1.1966
    -1.4833    -1.0290    -0.0462    -1.3658
    -1.4744    -1.1294    -0.2157    -1.5442
    -1.5367    -1.2754    -0.3674    -1.6476
    -1.6257    -1.3302    -0.5548    -1.7697
    -1.6168    -1.4762    -0.7600    -1.9105
    -1.5901    -1.5492    -0.9027    -1.9857
    -1.5990    -1.5675    -1.0454    -2.0702
    -1.5634    -1.6313    -1.1346    -2.0326
    -1.4388    -1.6313    -1.2417    -2.0514
    -1.3944    -1.6404    -1.3398    -2.0232
    -1.2609    -1.6131    -1.4646    -1.9857
    -1.1453    -1.5401    -1.5270    -1.9857
    -1.0386    -1.5492    -1.5806    -1.8166
    -0.8873    -1.4032    -1.6341    -1.7509
    -0.7450    -1.3028    -1.6519    -1.6006
    -0.6028    -1.1842    -1.6341    -1.4503
    -0.3804    -1.1294    -1.6073    -1.3470
    -0.2382    -1.0198    -1.5806    -1.1497
    -0.0604    -0.8189    -1.4735    -0.9805
     0.1886    -0.7002    -1.3844    -0.8114
     0.3219    -0.5083    -1.2595    -0.5858
     0.5619    -0.2981    -1.1436    -0.3508
     0.7308    -0.0879    -0.9830    -0.1345
     0.9352     0.0492    -0.8760     0.1100
     1.0774     0.2504    -0.7332     0.3263
     1.2284     0.3602    -0.5191     0.5708
     1.4239     0.6255    -0.3585     0.7590
     1.5661     0.7536    -0.1443     0.9848
     1.7171     0.8909     0.0520     1.2013
     1.8148     1.1015     0.2037     1.3990
     1.8060     1.2114     0.3733     1.5778
     1.8237     1.3305     0.5876     1.7944
     1.8193     1.3763     0.7483     1.9733
     1.8148     1.4862     0.8822     2.0957
     1.8504     1.5412     1.0519     2.1239
     1.8237     1.5962     1.2305     2.1805
     1.7615     1.6237     1.3376     2.1616
     1.7349     1.6145     1.4359     2.1710
     1.6105     1.6420     1.5430     2.1993
     1.5128     1.5687     1.6145     2.1710
     1.4328     1.5503     1.6413     2.1334
     1.2818     1.4679     1.6949     2.0486
     1.1218     1.4221     1.7038     1.9168
     0.9263     1.3580     1.6860     1.7473
     0.7397     1.1931     1.6949     1.6249
     0.5797     1.0924     1.6324     1.4460
     0.3486     0.9550     1.5609     1.2484
     0.1352     0.8452     1.5341     1.0131
    -0.0692     0.6347     1.4269     0.8343
    -0.2649     0.4700     1.3287     0.5803
    -0.4249     0.3053     1.1858     0.3639
    -0.6294     0.1041     1.0697     0.1382
    -0.7806    -0.0239     0.9626    -0.0969
    -1.0030    -0.2433     0.8108    -0.3132
    -1.1186    -0.4809     0.6411    -0.5670
    -1.2342    -0.6180     0.4447    -0.7268
    -1.4122    -0.7641     0.2751    -0.9523
    -1.4655    -0.8737     0.1145    -1.1403
    -1.5723    -0.9650    -0.0462    -1.3376
    -1.6257    -1.1111    -0.1800    -1.4973
    -1.6168    -1.1568    -0.3674    -1.6663
    -1.6524    -1.2937    -0.5548    -1.7509
    -1.7057    -1.4032    -0.7600    -1.8918
    -1.6524    -1.4580    -0.8849    -1.9857
    -1.6346    -1.5036    -1.0187    -2.0608
    -1.6168    -1.5583    -1.1079    -2.0889
    -1.5011    -1.5538    -1.2060    -2.0983
    -1.4566    -1.5492    -1.3041    -2.0420
    -1.3410    -1.5492    -1.3933    -1.9857
    -1.1898    -1.5583    -1.5092    -1.9575
    -1.0386    -1.4762    -1.5806    -1.8730
    -0.9051    -1.4032    -1.6073    -1.7509
    -0.7450    -1.3484    -1.6162    -1.6100
    -0.5583    -1.2115    -1.5984    -1.4503
    -0.3449    -1.1294    -1.5716    -1.3000
    -0.1848    -1.0381    -1.5627    -1.1215
     0.0108    -0.8737    -1.4735    -0.9335
     0.2419    -0.7824    -1.3933    -0.7550
     0.4286    -0.5906    -1.2773    -0.4918
     0.6330    -0.3621    -1.1882    -0.2286
     0.8197    -0.1702    -1.0722    -0.0123
     0.9885     0.0767    -0.9206     0.1852
     1.1751     0.2138    -0.7332     0.4297
     1.3973     0.4242    -0.6083     0.6837
     1.5661     0.6347    -0.4299     0.9001
     1.6549     0.7994    -0.2782     1.1354
     1.7971     0.9642    -0.0729     1.3142
     1.8326     1.0924     0.1056     1.5213
     1.8948     1.2480     0.3019     1.6625
     1.8593     1.3488     0.4894     1.8132
     1.8770     1.4312     0.6411     1.9827
     1.8681     1.5229     0.8108     2.0674
     1.8593     1.5229     0.9626     2.1616
     1.8593     1.5503     1.0697     2.1522
     1.8326     1.5778     1.2126     2.1522
     1.6905     1.5778     1.3466     2.1522
     1.6283     1.5320     1.4001     2.1805
     1.5750     1.5503     1.4537     2.1710
     1.4417     1.5137     1.4984     2.0957
     1.2551     1.4221     1.5341     2.0109
     1.0863     1.3213     1.5520     1.9544
     0.9796     1.2755     1.5430     1.8132
     0.7219     1.1015     1.5252     1.6531
     0.5530     0.9917     1.4627     1.4837
     0.3753     0.8726     1.3733     1.2578
     0.1352     0.7170     1.3019     1.0507
    -0.0870     0.5340     1.2215     0.8437
    -0.2293     0.4334     1.1233     0.5803
    -0.4338     0.2870     0.9893     0.3827
    -0.6294     0.1041     0.8465     0.1006
    -0.7717    -0.0239     0.6947    -0.1063
    -0.9229    -0.1885     0.5608    -0.3602
    -1.0474    -0.4170     0.3733    -0.6140
    -1.1542    -0.5449     0.2573    -0.8020
    -1.2965    -0.6819     0.0788    -1.0275
    -1.3944    -0.8281    -0.0997    -1.2342
    -1.4566    -0.9376    -0.2603    -1.4409
    -1.5545    -1.1294    -0.4477    -1.6006
    -1.5812    -1.2207    -0.5548    -1.7133
    -1.5723    -1.3211    -0.7511    -1.8730
    -1.5812    -1.4123    -0.8581    -1.9199
    -1.5367    -1.4215    -1.0187    -2.0044
    -1.5189    -1.4671    -1.1346    -2.0044
    -1.4566    -1.5310    -1.1882    -2.0232
    -1.3499    -1.5583    -1.2863    -1.9950
    -1.3143    -1.5766    -1.3754    -1.9763
    -1.1987    -1.5675    -1.4557    -1.8730
    -1.0297    -1.4671    -1.5270    -1.7978
    -0.9140    -1.3850    -1.5716    -1.6851
    -0.7717    -1.2937    -1.5360    -1.6100
    -0.5494    -1.1842    -1.5627    -1.4597
    -0.4427    -1.0655    -1.5360    -1.3000
    -0.2026    -0.9468    -1.5003    -1.1027
    -0.0604    -0.8737    -1.4111    -0.9429
     0.1263    -0.6728    -1.3754    -0.7080
     0.3841    -0.5083    -1.2863    -0.5106
     0.5086    -0.3438    -1.1792    -0.2756
     0.7041    -0.1428    -1.0187    -0.1345
     0.9085     0.0675    -0.9027     0.1288
     1.0418     0.2230    -0.7332     0.3357
     1.2284     0.4425    -0.6262     0.5708
     1.3706     0.5981    -0.4834     0.7966
     1.4595     0.7994    -0.2960     1.0131
     1.6372     0.9459    -0.1265     1.2107
     1.6638     1.0832     0.0877     1.3990
     1.7260     1.1931     0.1948     1.5307
     1.7393     1.3122     0.3555     1.7190
     1.7527     1.4587     0.5162     1.9073
     1.7615     1.4954     0.7393     2.0863
     1.7260     1.5229     0.8554     2.1522
     1.6727     1.6053     1.0519     2.1899
     1.6372     1.5687     1.1858     2.1993
     1.4772     1.6145     1.3198     2.2087
     1.3706     1.5870     1.3823     2.1993
     1.3084     1.6237     1.4537     2.1805
     1.1129     1.6053     1.5609     2.1616
     0.9796     1.5687     1.6324     2.1522
     0.9085     1.4679     1.6413     2.1051
     0.7041     1.3946     1.6145     1.9544
     0.5353     1.3305     1.6145     1.7755
     0.3575     1.1748     1.5788     1.5684
     0.1619     1.0191     1.5162     1.3707
    -0.0692     0.8909     1.4359     1.1731
    -0.2737     0.7262     1.3823     0.9472
    -0.4427     0.5981     1.2126     0.7496
    -0.6739     0.3693     1.0876     0.4674
    -0.8073     0.2413     0.9358     0.2134
    -0.9763     0.0584     0.7393     0.0065
    -1.1809    -0.1245     0.5786    -0.2286
    -1.3054    -0.2799     0.4537    -0.4354
    -1.4299    -0.4901     0.2751    -0.7080
    -1.5456    -0.6636     0.0966    -0.9054
    -1.6257    -0.7641    -0.0908    -1.1027
    -1.6702    -0.9102    -0.2514    -1.2436
    -1.6968    -1.0655    -0.4031    -1.4503
    -1.7947    -1.1568    -0.5548    -1.5912
    -1.7680    -1.2480    -0.7154    -1.7133
    -1.8036    -1.4123    -0.8403    -1.8166
    -1.7235    -1.4580    -0.9652    -1.9105
    -1.7413    -1.5036    -1.0633    -1.9575
    -1.6791    -1.5583    -1.2060    -1.9669
    -1.5812    -1.5492    -1.3130    -1.9669
    -1.4833    -1.5766    -1.3665    -1.9763
    -1.4211    -1.5492    -1.3844    -1.9669
    -1.2342    -1.5310    -1.4290    -1.9199
    -1.1453    -1.4671    -1.4735    -1.8260
    -0.9852    -1.3850    -1.5449    -1.6851
    -0.7984    -1.2663    -1.5270    -1.6006
    -0.6205    -1.1750    -1.5360    -1.4503
    -0.3804    -1.0563    -1.5003    -1.3188
    -0.1848    -0.9742    -1.3844    -1.1497
     0.0019    -0.8372    -1.3487    -0.9429
     0.1797    -0.6728    -1.2506    -0.7268
     0.4019    -0.5266    -1.2060    -0.5200
     0.5797    -0.3256    -1.0990    -0.3038
     0.7663    -0.1153    -0.9295    -0.0687
     0.9263     0.0218    -0.7778     0.1476
     1.0952     0.2047    -0.6886     0.3827
     1.2107     0.4242    -0.5102     0.6367
     1.4150     0.6164    -0.3853     0.8061
     1.5572     0.7720    -0.1622     1.0884
     1.6816     0.9733    -0.0105     1.2578
     1.7971     1.1107     0.1948     1.4648
     1.8060     1.2023     0.3287     1.6343
     1.8237     1.3213     0.5608     1.8509
     1.8148     1.4038     0.7304     2.0109
     1.8060     1.5320     0.9001     2.1145
     1.8326     1.5503     1.0786     2.1522
     1.7260     1.5595     1.2572     2.1805
     1.7082     1.6511     1.3287     2.1522
     1.6283     1.6053     1.4895     2.1616
     1.4861     1.6237     1.5788     2.1522
     1.4239     1.6053     1.6502     2.1334
     1.2284     1.4954     1.6949     2.1145
     1.1485     1.4129     1.7128     2.0580
     1.0063     1.3305     1.7396     1.9638
     0.7841     1.2664     1.7306     1.7661
     0.6241     1.1839     1.7217     1.6061
     0.4019     1.0008     1.6770     1.3990
     0.1530     0.8818     1.6324     1.2013
    -0.0070     0.7720     1.5430     1.0131
    -0.1759     0.6438     1.4180     0.7966
    -0.4071     0.4883     1.3198     0.6273
    -0.5583     0.2596     1.1412     0.3639
    -0.7717     0.1498     1.0161     0.1570
    -0.9229     0.0127     0.8018    -0.0969
    -1.1364    -0.1153     0.6322    -0.2944
    -1.2520    -0.3438     0.4358    -0.5482
    -1.3677    -0.4535     0.3019    -0.7362
    -1.5011    -0.6545     0.1234    -0.9429
    -1.5456    -0.8007    -0.0729    -1.1497
    -1.5990    -0.8646    -0.2425    -1.2906
    -1.6346    -1.0107    -0.4656    -1.4785
    -1.6479    -1.0929    -0.6172    -1.6006
    -1.6613    -1.1659    -0.7868    -1.6945
    -1.6880    -1.2754    -0.8849    -1.7415
    -1.7057    -1.3211    -1.0098    -1.8072
    -1.6079    -1.3576    -1.1079    -1.8542
    -1.5278    -1.4306    -1.2327    -1.8918
    -1.4744    -1.4853    -1.3487    -1.8448
    -1.4033    -1.4397    -1.4290    -1.7697
    -1.2520    -1.4488    -1.4557    -1.7227
    -1.1542    -1.3484    -1.5538    -1.6663
    -0.9852    -1.2663    -1.5449    -1.5630
    -0.7895    -1.2298    -1.5984    -1.4785
    -0.6828    -1.0837    -1.6341    -1.3094
    -0.4338    -0.9468    -1.6162    -1.1497
    -0.2737    -0.8828    -1.5270    -1.0087
    -0.0781    -0.7184    -1.5270    -0.8114
     0.1352    -0.6088    -1.4379    -0.6516
     0.3664    -0.4261    -1.3576    -0.4260
     0.5086    -0.1793    -1.2417    -0.2662
     0.7752    -0.0422    -1.0990    -0.0781
     0.8908     0.1041    -0.9741     0.1194
     1.0863     0.2962    -0.8403     0.3545
     1.2107     0.5249    -0.6797     0.5708
     1.3528     0.6896    -0.5459     0.8343
     1.5572     0.8726    -0.3674     1.0413
     1.6816     0.9642    -0.1354     1.2389
     1.8060     1.1198     0.0520     1.4366
     1.8504     1.2938     0.2305     1.5778
     1.8770     1.3488     0.4269     1.7661
     1.8948     1.4587     0.5876     1.9073
     1.8681     1.4954     0.8108     2.0109
     1.8948     1.5229     0.9715     2.0674
     1.8504     1.5320     1.1501     2.1239
     1.7704     1.5778     1.2751     2.1428
     1.7171     1.5412     1.4091     2.1805
     1.6372     1.5595     1.5698     2.1145
     1.5394     1.5503     1.6502     2.1239
     1.4062     1.5229     1.7038     2.0204
     1.2551     1.4038     1.7217     1.9262
     1.0330     1.3488     1.7038     1.8226
     0.9085     1.2114     1.7396     1.6531
     0.7130     1.1198     1.7217     1.4554
     0.4997     1.0008     1.7396     1.2672
     0.3308     0.8269     1.7128     1.0789
     0.0908     0.7079     1.6234     0.8907
    -0.0248     0.5432     1.5698     0.6743
    -0.2649     0.3968     1.4537     0.4486
    -0.4071     0.1773     1.2662     0.2604
    -0.6205     0.0309     1.1144     0.0535
    -0.8073    -0.1702     0.9983    -0.1816
    -1.0386    -0.2799     0.8197    -0.4260
    -1.1275    -0.4626     0.6233    -0.6422
    -1.2787    -0.6271     0.4447    -0.8772
    -1.4122    -0.7824     0.2305    -1.0745
    -1.5723    -0.8828     0.0609    -1.2624
    -1.6079    -1.0016    -0.1443    -1.4127
    -1.7057    -1.1476    -0.3317    -1.5912
    -1.6791    -1.2572    -0.4745    -1.7227
    -1.7680    -1.3302    -0.6172    -1.8542
    -1.7413    -1.4032    -0.7600    -1.9199
    -1.6702    -1.4671    -0.9027    -1.9857
    -1.6346    -1.4762    -1.0454    -2.0326
    -1.5990    -1.4945    -1.0900    -2.0702
    -1.5634    -1.5401    -1.2327    -2.0514
    -1.4299    -1.5310    -1.3041    -2.0232
    -1.3588    -1.4762    -1.3665    -1.9669
    -1.2876    -1.4853    -1.3665    -1.8730
    -1.1453    -1.3667    -1.4735    -1.7227
    -0.9763    -1.3393    -1.4825    -1.6100
    -0.8429    -1.2480    -1.4825    -1.4691
    -0.6561    -1.0746    -1.4468    -1.2718
    -0.4694    -1.0198    -1.4022    -1.1121
    -0.3360    -0.9102    -1.3665    -0.9148
    -0.0781    -0.7093    -1.3219    -0.7456
     0.1263    -0.5997    -1.2327    -0.4918
     0.2864    -0.3895    -1.1792    -0.3038
     0.5086    -0.1885    -1.0187    -0.0687
     0.6952     0.0127    -0.9473     0.0911
     0.8908     0.1315    -0.7957     0.3451
     0.9707     0.3236    -0.6708     0.5520
     1.1574     0.5523    -0.5280     0.7496
     1.2995     0.7353    -0.3407     0.9472
     1.3884     0.9459    -0.1711     1.1542
     1.5394     1.0832     0.0431     1.3613
     1.6816     1.2114     0.2037     1.5025
     1.7615     1.3488     0.3823     1.6720
     1.7793     1.4312     0.6054     1.8791
     1.7793     1.5229     0.7483     1.9827
     1.7527     1.5962     0.9893     2.0863
     1.7438     1.5687     1.1144     2.1145
     1.6905     1.6053     1.3019     2.1899
     1.5661     1.5870     1.4805     2.2087
     1.5305     1.5687     1.6056     2.1993
     1.3884     1.5778     1.6681     2.1899
     1.2818     1.5320     1.6860     2.1428
     1.1662     1.4404     1.7574     2.1522
     1.0685     1.3854     1.7574     2.0863
     0.8997     1.2664     1.7128     1.9262
     0.7041     1.1931     1.7038     1.7379
     0.5175     1.0466     1.7485     1.5778
     0.4108     0.9550     1.7217     1.3707
     0.2152     0.7903     1.7128     1.1166
    -0.0337     0.6621     1.6681     0.9096
    -0.1670     0.5706     1.5341     0.6649
    -0.3271     0.3510     1.4091     0.4391
    -0.5761     0.2047     1.2572     0.1852
    -0.7362     0.0492     1.0876    -0.0687
    -0.9318    -0.1885     0.9536    -0.2568
    -1.1275    -0.3347     0.7572    -0.5294
    -1.2253    -0.5083     0.5608    -0.7080
    -1.3944    -0.6910     0.3555    -0.8960
    -1.4744    -0.9102     0.1502    -1.1121
    -1.5990    -1.0198    -0.0462    -1.3094
    -1.5901    -1.1385    -0.1711    -1.4597
    -1.6613    -1.2663    -0.3674    -1.5630
    -1.6657    -1.3758    -0.5459    -1.6757
    -1.6702    -1.4671    -0.7065    -1.7978
    -1.7146    -1.5492    -0.8135    -1.8636
    -1.6702    -1.6496    -0.9027    -1.9481
    -1.5901    -1.6131    -1.0187    -2.0044
    -1.5812    -1.6313    -1.0990    -2.0138
    -1.5189    -1.6861    -1.2417    -2.0138
    -1.3588    -1.6313    -1.2952    -1.9857
    -1.2787    -1.5310    -1.3398    -1.8730
    -1.1453    -1.4945    -1.3754    -1.8072
    -1.0030    -1.4306    -1.3933    -1.7039
    -0.8696    -1.2663    -1.4379    -1.6194
    -0.7006    -1.1568    -1.4290    -1.4315
    -0.5049    -1.0837    -1.4646    -1.2906
    -0.3182    -0.9194    -1.4022    -1.0463
    -0.1493    -0.8372    -1.3665    -0.8584
     0.0552    -0.6910    -1.3398    -0.6422
     0.3130    -0.5083    -1.2773    -0.4448
     0.5175    -0.2433    -1.1882    -0.2004
     0.6952    -0.0422    -1.0990     0.0159
     0.8908     0.0858    -0.9562     0.2792
     1.0596     0.2962    -0.8670     0.4956
     1.1574     0.4608    -0.7243     0.7214
     1.2995     0.6987    -0.5102     0.9942
     1.4950     0.8635    -0.3317     1.2107
     1.6283     1.0832    -0.1890     1.3801
     1.7349     1.2572     0.0074     1.5872
     1.7793     1.3671     0.1948     1.7849
     1.8593     1.5045     0.4001     2.0015
     1.8770     1.5778     0.5697     2.1239
     1.8415     1.6145     0.7572     2.1616
     1.8948     1.6145     0.9358     2.1522
     1.8593     1.6420     1.1233     2.1616
     1.8148     1.7061     1.2662     2.2181
     1.7882     1.6970     1.4805     2.1993
     1.6905     1.6420     1.5698     2.1710
     1.6016     1.6695     1.6949     2.1899
     1.4417     1.6786     1.7128     2.1616
     1.3351     1.6237     1.7306     2.1805
     1.1840     1.5962     1.7306     2.1239
     1.0063     1.4771     1.6860     1.9733
     0.8730     1.3580     1.6860     1.8038
     0.6241     1.2206     1.6681     1.5966
     0.4553     1.0832     1.6413     1.3990
     0.2775     0.8909     1.5520     1.1542
     0.0552     0.7170     1.4448     0.9754
    -0.0692     0.5798     1.3019     0.6837
    -0.2826     0.4151     1.1679     0.4297
    -0.4160     0.1864     0.9983     0.1382
    -0.5850     0.0675     0.7840    -0.0593
    -0.7717    -0.1428     0.6233    -0.3132
    -0.9585    -0.3256     0.4269    -0.5858
    -1.0919    -0.4718     0.2751    -0.8302
    -1.2431    -0.7093     0.1056    -1.0275
    -1.3766    -0.7824    -0.0908    -1.1966
    -1.3855    -0.9194    -0.2871    -1.3658
    -1.5278    -1.0563    -0.4477    -1.5348
    -1.5634    -1.1842    -0.6351    -1.6476
    -1.5367    -1.2846    -0.7689    -1.7884
    -1.5278    -1.4306    -0.9027    -1.9105
    -1.5189    -1.5127    -1.0098    -1.9763
    -1.4922    -1.5218    -1.1703    -2.0044
    -1.4033    -1.6404    -1.2773    -2.0326
    -1.3588    -1.6222    -1.3130    -2.0702
    -1.2342    -1.7043    -1.4379    -2.0044
    -1.1987    -1.6587    -1.5092    -1.9575
    -1.0563    -1.6131    -1.5716    -1.8918
    -0.9318    -1.5401    -1.5806    -1.8072
    -0.7895    -1.4671    -1.6251    -1.6757
    -0.6650    -1.3667    -1.6251    -1.5818
    -0.4872    -1.2846    -1.6608    -1.4033
    -0.3182    -1.1111    -1.5716    -1.2812
    -0.2026    -1.0107    -1.5449    -1.1121
     0.0463    -0.8463    -1.5003    -0.9241
     0.2241    -0.6910    -1.4557    -0.7174
     0.4286    -0.4809    -1.4200    -0.4354
     0.6775    -0.2433    -1.3130    -0.2286
     0.8463     0.0218    -1.1792    -0.0217
     0.9619     0.1407    -1.0276     0.1946
     1.1662     0.3419    -0.8760     0.4391
     1.2906     0.5157    -0.7689     0.7308
     1.3706     0.7628    -0.5816     0.9472
     1.5305     0.8909    -0.3853     1.1636
     1.6549     1.0191    -0.1622     1.3519
     1.7082     1.2114     0.0609     1.5496
     1.7615     1.2938     0.1948     1.7944
     1.8060     1.3580     0.4447     1.9168
     1.8504     1.4862     0.6411     2.0392
     1.8060     1.5778     0.8018     2.1239
     1.7793     1.6237     1.0161     2.1051
     1.7171     1.6328     1.1501     2.1993
     1.6283     1.6511     1.3466     2.1710
     1.4772     1.6878     1.5073     2.1710
     1.4417     1.6878     1.6324     2.1522
     1.2640     1.6328     1.6860     2.1428
     1.1840     1.5870     1.6860     2.1334
     1.0685     1.5595     1.7128     2.1051
     0.9174     1.5045     1.7128     1.9262
     0.7219     1.3854     1.7038     1.7567
     0.4908     1.2389     1.6949     1.5872
     0.3397     1.1107     1.7217     1.4178
     0.1530     0.9093     1.6592     1.1825
    -0.0692     0.7536     1.5252     0.9378
    -0.2115     0.5249     1.4180     0.7026
    -0.3804     0.3876     1.2930     0.4862
    -0.6383     0.2047     1.1590     0.2228
    -0.8073     0.0218     1.0072    -0.0217
    -0.9496    -0.1519     0.7840    -0.2850
    -1.1453    -0.3256     0.6054    -0.5200
    -1.2698    -0.5266     0.4537    -0.7456
    -1.3944    -0.6362     0.2662    -0.9711
    -1.4477    -0.7641     0.0699    -1.1779
    -1.5812    -0.9102    -0.1176    -1.3752
    -1.5812    -1.0929    -0.2782    -1.5348
    -1.6079    -1.1659    -0.4210    -1.6757
    -1.6968    -1.2480    -0.5637    -1.7697
    -1.6880    -1.4123    -0.7154    -1.8918
    -1.6435    -1.4853    -0.8849    -2.0044
    -1.6257    -1.5766    -0.9830    -2.0608
    -1.5634    -1.5857    -1.0900    -2.1077
    -1.5278    -1.6496    -1.1703    -2.0889
    -1.4744    -1.6678    -1.2506    -2.0796
    -1.3855    -1.7317    -1.3665    -2.0702
    -1.2787    -1.6952    -1.3933    -1.9575
    -1.1453    -1.6131    -1.4914    -1.9199
    -1.0030    -1.6039    -1.5092    -1.7697
    -0.8340    -1.5036    -1.5360    -1.6476
    -0.6561    -1.3941    -1.5538    -1.5442
    -0.5138    -1.3028    -1.5806    -1.4033
    -0.3716    -1.0929    -1.5716    -1.1873
    -0.1937    -1.0016    -1.4914    -1.0463
     0.0108    -0.8189    -1.4646    -0.8396
     0.2775    -0.6454    -1.3754    -0.6422
     0.4108    -0.4444    -1.2773    -0.4072
     0.6508    -0.1428    -1.1436    -0.1627
     0.8463     0.0035    -0.9741     0.0817
     0.9530     0.2413    -0.8670     0.2698
     1.1307     0.4517    -0.6708     0.5238
     1.2729     0.6164    -0.5191     0.8061
     1.3262     0.8086    -0.3139     1.0319
     1.4684     0.9276    -0.0551     1.3048
     1.6016     1.1015     0.1770     1.4931
     1.6460     1.2480     0.3555     1.6908
     1.7171     1.3671     0.5251     1.8979
     1.7615     1.4129     0.7572     2.0109
     1.7793     1.4771     0.9179     2.1428
     1.7438     1.6053     1.1233     2.1334
     1.7438     1.6237     1.2930     2.1522
     1.6105     1.6237     1.4180     2.1805
     1.5305     1.6237     1.5430     2.1993
     1.4417     1.6237     1.6234     2.1993
     1.2462     1.5962     1.7038     2.1805
     1.1929     1.5870     1.7396     2.1428
     1.0774     1.5778     1.7485     2.0863
     0.9796     1.4954     1.7038     2.0392
     0.8108     1.4587     1.7485     1.8885
     0.5975     1.2938     1.7485     1.7190
     0.4553     1.1656     1.7217     1.5402
     0.2419     1.0832     1.7485     1.3990
     0.0463     0.9001     1.6592     1.1731
    -0.1404     0.6896     1.6413     0.9472
    -0.3360     0.5615     1.4805     0.6649
    -0.5316     0.3510     1.3823     0.4015
    -0.7095     0.1498     1.1769     0.1570
    -0.8696    -0.0331     1.0697    -0.0499
    -1.0919    -0.2159     0.8822    -0.2944
    -1.2076    -0.4444     0.6322    -0.5858
    -1.3499    -0.5266     0.4715    -0.7550
    -1.4566    -0.7550     0.2216    -1.0087
    -1.5189    -0.8828     0.0699    -1.1591
    -1.5634    -1.0107    -0.1354    -1.3470
    -1.5812    -1.0563    -0.3674    -1.5442
    -1.6968    -1.1659    -0.5191    -1.6570
    -1.6613    -1.3393    -0.7332    -1.8354
    -1.6524    -1.4032    -0.8849    -1.9199
    -1.6346    -1.4215    -1.0008    -1.9481
    -1.5545    -1.5036    -1.1436    -1.9950
    -1.5367    -1.5675    -1.2595    -2.0420
    -1.3855    -1.6039    -1.3487    -2.0514
    -1.3588    -1.6313    -1.4200    -2.0044
    -1.2342    -1.5857    -1.4468    -1.9011
    -1.0386    -1.5492    -1.5092    -1.7978
    -0.8962    -1.5036    -1.5806    -1.7415
    -0.8073    -1.4306    -1.5895    -1.6288
    -0.5583    -1.3393    -1.6028    -1.5067
    -0.4427    -1.2389    -1.6162    -1.3564
    -0.2649    -1.1294    -1.6162    -1.1779
    -0.0870    -0.9833    -1.5895    -1.0369
     0.1086    -0.8828    -1.4914    -0.8208
     0.3486    -0.7276    -1.4379    -0.6610
     0.5175    -0.4718    -1.3309    -0.4354
     0.7219    -0.2159    -1.2417    -0.2098
     0.9263    -0.0331    -1.0990    -0.0311
     1.0685     0.2138    -1.0098     0.2416
     1.2107     0.3785    -0.8135     0.4768
     1.3795     0.6072    -0.6797     0.7684
     1.4684     0.8086    -0.5280     0.9942
     1.6194     0.9825    -0.3317     1.1919
     1.7527     1.1656    -0.1086     1.4084
     1.8415     1.2847     0.0520     1.6531
     1.8237     1.3946     0.2484     1.8509
     1.8859     1.4954     0.4180     2.0298
     1.8415     1.5595     0.6322     2.1522
     1.8237     1.5503     0.8554     2.1616
     1.7882     1.5962     1.0161     2.1428
     1.7260     1.6328     1.1858     2.1710
     1.6460     1.6237     1.3555     2.1899
     1.5483     1.6603     1.5162     2.1805
     1.3973     1.6603     1.6056     2.2181
     1.3440     1.6053     1.6770     2.1993
     1.1662     1.6145     1.6949     2.1616
     1.0152     1.5320     1.7128     2.0392
     0.8819     1.5229     1.7217     1.9262
     0.6686     1.4404     1.7038     1.7755
     0.4464     1.3213     1.7128     1.5966
     0.2597     1.1931     1.6949     1.4272
     0.0463     1.0100     1.6860     1.2484
    -0.1137     0.8177     1.6770     1.0601
    -0.3360     0.6347     1.5520     0.8061
    -0.4960     0.4334     1.4269     0.5708
    -0.6917     0.2047     1.2394     0.2604
    -0.9407     0.0218     1.0876     0.0253
    -1.1186    -0.1062     0.9179    -0.1816
    -1.2253    -0.3621     0.7304    -0.4072
    -1.3677    -0.5175     0.4804    -0.6986
    -1.5367    -0.6362     0.2841    -0.9241
    -1.6079    -0.7915     0.1234    -1.1309
    -1.6613    -0.9468    -0.0729    -1.3188
    -1.7146    -1.0563    -0.2871    -1.5536
    -1.7769    -1.1659    -0.4923    -1.6851
    -1.7858    -1.2572    -0.6351    -1.8166
    -1.8214    -1.3576    -0.7868    -1.9387
    -1.7591    -1.4397    -0.9206    -2.0326
    -1.7680    -1.5127    -1.0633    -2.0796
    -1.6880    -1.6222    -1.1525    -2.1453
    -1.5901    -1.6039    -1.2952    -2.1265
    -1.5100    -1.6587    -1.3398    -2.1359
    -1.4122    -1.6496    -1.4200    -2.0889
    -1.2876    -1.6404    -1.5270    -2.0044
    -1.2253    -1.6131    -1.5716    -1.8824
    -1.0563    -1.5948    -1.6073    -1.8072
    -0.8785    -1.5766    -1.6073    -1.6851
    -0.7095    -1.4580    -1.6341    -1.5348
    -0.5227    -1.3211    -1.6697    -1.3564
    -0.3182    -1.1476    -1.6073    -1.2154
    -0.0959    -1.0746    -1.5627    -1.0369
     0.1441    -0.8737    -1.5627    -0.8302
     0.3664    -0.7915    -1.4290    -0.6798
     0.5530    -0.5723    -1.3754    -0.4166
     0.7841    -0.3073    -1.2506    -0.2380
     0.9707    -0.1153    -1.1436     0.0159
     1.1129     0.1590    -0.9919     0.1852
     1.2729     0.3419    -0.8314     0.4674
     1.3528     0.5615    -0.6708     0.7120
     1.5128     0.6987    -0.4834     0.9190
     1.6194     0.8818    -0.2693     1.1542
     1.7615     1.1107    -0.0551     1.3613
     1.8237     1.2297     0.1413     1.5778
     1.8326     1.2664     0.3733     1.7567
     1.8504     1.3580     0.6054     1.9921
     1.8770     1.4312     0.7840     2.0392
     1.8504     1.4862     1.0251     2.1710
     1.8948     1.5320     1.2305     2.1805
     1.8148     1.5778     1.4091     2.1993
     1.7704     1.5229     1.5609     2.1899
     1.6105     1.5412     1.7038     2.1993
     1.5661     1.5595     1.7396     2.1993
     1.3973     1.5687     1.7306     2.1899
     1.2995     1.5595     1.7664     2.1428
     1.1396     1.4954     1.7306     2.0015
     0.9352     1.4587     1.7574     1.9073
     0.7841     1.3396     1.7396     1.7284
     0.5086     1.2023     1.7217     1.5496
     0.3219     1.1290     1.7038     1.3801
     0.1797     0.9184     1.6949     1.2013
    -0.0692     0.7536     1.6681     0.9942
    -0.1937     0.5981     1.5430     0.7684
    -0.4427     0.4059     1.3912     0.5050
    -0.6383     0.1864     1.2751     0.2040
    -0.7628     0.0127     1.0965    -0.0311
    -0.9852    -0.1793     0.8911    -0.2192
    -1.1364    -0.4170     0.7215    -0.4542
    -1.2965    -0.5540     0.4983    -0.6986
    -1.4122    -0.7276     0.2930    -0.8960
    -1.5189    -0.8828     0.1145    -1.0839
    -1.6346    -1.0016    -0.0551    -1.2624
    -1.7057    -1.0746    -0.2336    -1.4785
    -1.7146    -1.1933    -0.4210    -1.5818
    -1.7324    -1.3119    -0.5726    -1.7509
    -1.6968    -1.3941    -0.7421    -1.8542
    -1.7235    -1.4397    -0.8849    -1.9199
    -1.6880    -1.4762    -1.0008    -2.0044
    -1.6524    -1.5675    -1.1436    -2.0420
    -1.5278    -1.6131    -1.2327    -2.0232
    -1.4922    -1.5948    -1.3309    -1.9857
    -1.3944    -1.6404    -1.4022    -1.9575
    -1.2609    -1.5857    -1.5181    -1.9011
    -1.1097    -1.5127    -1.5360    -1.7509
    -0.9585    -1.4488    -1.5895    -1.6570
    -0.8251    -1.3667    -1.6341    -1.5630
    -0.6739    -1.3393    -1.6608    -1.4221
    -0.4071    -1.2298    -1.6430    -1.2342
    -0.3004    -1.0929    -1.5984    -1.0745
    -0.0337    -0.9011    -1.5716    -0.8866
     0.1708    -0.8189    -1.5538    -0.7456
     0.3575    -0.6271    -1.4379    -0.5294
     0.5619    -0.3895    -1.3041    -0.2944
     0.7575    -0.1153    -1.2149    -0.0875
     0.9263     0.0492    -1.0454     0.1664
     1.0863     0.2870    -0.8938     0.4203
     1.2107     0.5798    -0.6619     0.7026
     1.3528     0.7079    -0.5013     0.9096
     1.5039     0.9459    -0.3139     1.1731
     1.6016     1.1290    -0.0908     1.3613
     1.7793     1.2389     0.1502     1.5778
     1.8060     1.3396     0.3644     1.7944
     1.8415     1.4221     0.5697     2.0109
     1.8770     1.5137     0.7304     2.1051
     1.8415     1.5412     0.9268     2.1805
     1.7882     1.5870     1.1412     2.1710
     1.7793     1.6328     1.2930     2.1993
     1.6638     1.6603     1.4805     2.1805
     1.5927     1.6603     1.5966     2.1993
     1.4772     1.7061     1.7038     2.1899
     1.3884     1.6420     1.7217     2.1993
     1.2551     1.6420     1.7485     2.1710
     1.1129     1.6145     1.6949     2.1899
     1.0152     1.5687     1.7306     2.1051
     0.7752     1.5412     1.7128     2.0015
     0.5708     1.4129     1.7306     1.7944
     0.4197     1.2847     1.7038     1.6061
     0.2064     1.1565     1.6681     1.4272
     0.0463     1.0557     1.6592     1.1919
    -0.2026     0.8543     1.6056     0.9566
    -0.3182     0.6621     1.5073     0.7402
    -0.5316     0.4242     1.3376     0.4203
    -0.7362     0.2230     1.2215     0.1946
    -0.8518     0.0675     1.0161    -0.0217
    -1.0830    -0.1428     0.8376    -0.2474
    -1.1898    -0.3256     0.5965    -0.4918
    -1.3232    -0.5083     0.4001    -0.7456
    -1.4655    -0.6910     0.2216    -0.9429
    -1.5545    -0.8555     0.0163    -1.1497
    -1.6168    -0.9833    -0.1800    -1.3470
    -1.6346    -1.0563    -0.4031    -1.5348
    -1.6613    -1.2207    -0.6351    -1.7039
    -1.6657    -1.3211    -0.8135    -1.8260
    -1.6702    -1.3667    -0.9830    -1.9199
    -1.6791    -1.4215    -1.0990    -1.9857
    -1.6346    -1.5036    -1.2060    -2.0232
    -1.5189    -1.5675    -1.2863    -2.0514
    -1.5100    -1.6222    -1.4022    -2.0608
    -1.4211    -1.6131    -1.4914    -2.0608
    -1.2431    -1.6496    -1.5538    -2.0326
    -1.1631    -1.5675    -1.5627    -1.9293
    -1.0119    -1.5127    -1.6608    -1.8260
    -0.8429    -1.4397    -1.6786    -1.7321
    -0.6650    -1.3484    -1.6876    -1.6288
    -0.5227    -1.2937    -1.6430    -1.4503
    -0.3004    -1.1476    -1.5984    -1.2812
    -0.1226    -1.0290    -1.5806    -1.1027
     0.0286    -0.9559    -1.5360    -0.9523
     0.3219    -0.7459    -1.4735    -0.7456
     0.5353    -0.6362    -1.3130    -0.5388
     0.7397    -0.3621    -1.2506    -0.3038
     0.8819    -0.1885    -1.1257    -0.0781
     1.0774     0.0309    -0.9741     0.1100
     1.1929     0.2321    -0.7957     0.3451
     1.3617     0.4883    -0.6619     0.6273
     1.4772     0.6621    -0.4388     0.8343
     1.5927     0.8726    -0.2693     1.0695
     1.7438     1.0191    -0.0462     1.2954
     1.8148     1.1565     0.0877     1.5402
     1.8148     1.2847     0.3287     1.7096
     1.8237     1.3854     0.5608     1.8697
     1.8326     1.4679     0.7929     2.0015
     1.8237     1.5045     0.9715     2.1051
     1.8326     1.5595     1.1412     2.1710
     1.7793     1.5962     1.3108     2.1899
     1.7082     1.5595     1.5073     2.1522
     1.6016     1.5687     1.6145     2.1993
     1.5039     1.5870     1.6770     2.1805
     1.3884     1.5595     1.7396     2.1616
     1.2107     1.5229     1.7217     2.1051
     1.0507     1.5137     1.7396     2.0486
     0.9085     1.4771     1.7396     1.9450
     0.6952     1.3396     1.7396     1.8414
     0.5175     1.3122     1.7128     1.6720
     0.2686     1.1198     1.7128     1.4743
     0.0641     1.0374     1.7396     1.2860
    -0.0781     0.8818     1.6949     1.0413
    -0.2737     0.6987     1.6145     0.8249
    -0.4783     0.5066     1.5073     0.6179
    -0.6117     0.3236     1.3644     0.3733
    -0.8162     0.1590     1.1769     0.1288
    -0.9941    -0.0605     0.9715    -0.1157
    -1.1364    -0.2342     0.7929    -0.3320
    -1.2520    -0.4170     0.5876    -0.5858
    -1.4211    -0.5449     0.3733    -0.8020
    -1.4833    -0.6910     0.1680    -1.0181
    -1.5634    -0.8737    -0.0640    -1.2436
    -1.6791    -0.9924    -0.2425    -1.4033
    -1.6791    -1.0837    -0.4299    -1.5536
    -1.7146    -1.2115    -0.6083    -1.6570
    -1.7502    -1.3028    -0.7689    -1.7791
    -1.7235    -1.3119    -0.8581    -1.8636
    -1.6702    -1.4215    -1.0365    -1.9575
    -1.6346    -1.4580    -1.0990    -1.9669
    -1.5367    -1.4488    -1.2238    -1.9669
    -1.4566    -1.5036    -1.3041    -1.9763
    -1.3054    -1.5127    -1.3665    -1.9199
    -1.1987    -1.4853    -1.4735    -1.8636
    -1.1275    -1.4853    -1.5181    -1.7697
    -0.9852    -1.3941    -1.5270    -1.6663
    -0.7806    -1.3211    -1.5716    -1.5348
    -0.6472    -1.3028    -1.5895    -1.4409
    -0.4427    -1.2115    -1.5716    -1.2812
    -0.2915    -1.1202    -1.5449    -1.1497
    -0.0870    -0.9194    -1.5538    -0.9054
     0.1441    -0.8281    -1.4914    -0.7456
     0.3930    -0.6545    -1.3844    -0.5294
     0.5619    -0.4078    -1.2506    -0.3414
     0.7752    -0.1793    -1.1525    -0.1157
     0.9530    -0.0056    -0.9919     0.0911
     1.0596     0.2138    -0.8314     0.3075
     1.2551     0.4608    -0.6619     0.5426
     1.3795     0.6896    -0.4656     0.8343
     1.4950     0.8726    -0.2782     1.0789
     1.6372     0.9917    -0.0283     1.2954
     1.7615     1.1748     0.1859     1.4743
     1.8415     1.2938     0.3733     1.7284
     1.8504     1.3854     0.5965     1.9168
     1.8859     1.4679     0.8018     2.0674
     1.8859     1.5137     1.0429     2.0957
     1.8681     1.5778     1.2126     2.1522
     1.7615     1.6053     1.3733     2.1899
     1.7527     1.6053     1.5520     2.1616
     1.6283     1.5778     1.6502     2.1805
     1.5661     1.5687     1.7217     2.1428
     1.4861     1.5687     1.7306     2.1428
     1.3528     1.6053     1.7217     2.1334
     1.1751     1.4954     1.7396     2.0863
     1.0685     1.4496     1.7664     1.9638
     0.8552     1.4404     1.7306     1.8603
     0.6419     1.3030     1.7217     1.7002
     0.4108     1.1839     1.7128     1.5213
     0.2064     1.0557     1.6949     1.3048
     0.0641     0.9093     1.6770     1.0789
    -0.1493     0.7262     1.6592     0.8907
    -0.3538     0.5157     1.5162     0.6367
    -0.5049     0.2962     1.3912     0.4203
    -0.6650     0.1315     1.2305     0.1758
    -0.8251    -0.0696     1.0251    -0.0593
    -0.9941    -0.2250     0.8286    -0.2756
    -1.1987    -0.4261     0.5697    -0.5482
    -1.2876    -0.5814     0.3823    -0.7456
    -1.4388    -0.7733     0.1502    -0.9617
    -1.5189    -0.9102    -0.0462    -1.1497
    -1.5990    -0.9650    -0.2960    -1.3470
    -1.7146    -1.0837    -0.4923    -1.5161
    -1.6968    -1.1842    -0.6529    -1.6570
    -1.7769    -1.2937    -0.8403    -1.7697
    -1.7591    -1.3758    -0.9919    -1.8636
    -1.6968    -1.4488    -1.1346    -1.9575
    -1.6524    -1.5492    -1.2060    -1.9950
    -1.5901    -1.5948    -1.3219    -2.0044
    -1.5278    -1.6404    -1.4468    -2.0044
    -1.3944    -1.6450    -1.5181    -1.9950
    -1.3232    -1.6496    -1.5984    -1.9011
    -1.2342    -1.6131    -1.6341    -1.8166
    -1.0297    -1.5310    -1.6786    -1.7227
    -0.9140    -1.5036    -1.6876    -1.6476
    -0.7806    -1.4580    -1.7321    -1.5255
    -0.5761    -1.3850    -1.7143    -1.3845
    -0.4071    -1.2480    -1.7143    -1.2154
    -0.2204    -1.1385    -1.7054    -1.0275
     0.0019    -0.9833    -1.6430    -0.8490
     0.1886    -0.8555    -1.5895    -0.6328
     0.4019    -0.6180    -1.4290    -0.4260
     0.6330    -0.4535    -1.3398    -0.2474
     0.7841    -0.2067    -1.1882    -0.0499
     0.9707     0.0492    -1.0454     0.2040
     1.0685     0.2596    -0.8938     0.4486
     1.2373     0.4883    -0.6975     0.6461
     1.3440     0.7170    -0.5102     0.9001
     1.5217     0.9001    -0.3407     1.1260
     1.6638     1.0374    -0.0819     1.3142
     1.6993     1.2114     0.1680     1.5025
     1.7793     1.2664     0.3555     1.7190
     1.8326     1.3763     0.5697     1.9356
     1.8681     1.4312     0.8286     2.0298
     1.7971     1.5045     1.0608     2.1051
     1.7882     1.5595     1.2215     2.1428
     1.7438     1.6053     1.3912     2.1616
     1.6105     1.5962     1.5698     2.2087
     1.5305     1.5962     1.6949     2.1522
     1.4506     1.6053     1.7038     2.1428
     1.3528     1.5962     1.7038     2.1334
     1.2196     1.5687     1.7485     2.1522
     1.0685     1.5229     1.7753     2.0580
     0.9263     1.5045     1.7217     1.8885
     0.7041     1.4129     1.7217     1.7284
     0.5264     1.3305     1.7306     1.5778
     0.2597     1.2480     1.7217     1.3895
     0.1352     1.1015     1.7038     1.1919
    -0.1048     0.9367     1.6592     0.9942
    -0.2560     0.7536     1.6681     0.8061
    -0.3804     0.5798     1.5073     0.5897
    -0.5494     0.3327     1.3644     0.2698
    -0.7717     0.2138     1.1858     0.0629
    -0.9407    -0.0148     1.0340    -0.1157
    -1.1008    -0.1610     0.8108    -0.3602
    -1.2342    -0.3256     0.6233    -0.5576
    -1.3766    -0.5631     0.4447    -0.8396
    -1.4477    -0.7184     0.2305    -1.0275
    -1.5100    -0.8098    -0.0283    -1.2248
    -1.6346    -1.0290    -0.2157    -1.4127
    -1.6791    -1.1020    -0.4210    -1.5442
    -1.7146    -1.2207    -0.6172    -1.6663
    -1.7324    -1.2846    -0.7332    -1.8260
    -1.7324    -1.3941    -0.9384    -1.9105
    -1.6880    -1.4488    -1.0633    -1.9763
    -1.5990    -1.4945    -1.2327    -2.0044
    -1.5723    -1.5675    -1.3309    -2.0044
    -1.5011    -1.5583    -1.4111    -2.0138
    -1.3944    -1.6131    -1.5270    -1.9293
    -1.2253    -1.6131    -1.6162    -1.8448
    -1.1631    -1.5857    -1.6341    -1.7509
    -0.9852    -1.5492    -1.6519    -1.6757
    -0.8429    -1.4762    -1.6697    -1.5536
    -0.7184    -1.4123    -1.7232    -1.4597
    -0.4872    -1.2754    -1.7232    -1.2624
    -0.3093    -1.1476    -1.6608    -1.0839
    -0.1048    -1.0198    -1.5895    -0.9523
     0.0819    -0.8463    -1.5003    -0.7738
     0.2597    -0.7367    -1.3933    -0.5670
     0.5175    -0.5631    -1.2952    -0.3414
     0.6597    -0.3438    -1.1703    -0.1627
     0.8908    -0.0971    -1.0633     0.0441
     1.0152     0.1773    -0.8849     0.2981
     1.1929     0.3876    -0.6975     0.5238
     1.2995     0.5523    -0.5280     0.7778
     1.4595     0.7445    -0.3317     0.9848
     1.5217     0.9459    -0.1533     1.2013
     1.6549     1.1656     0.0877     1.4554
     1.7615     1.2938     0.2841     1.6625
     1.7615     1.3305     0.4537     1.8132
     1.7882     1.4862     0.6411     1.9827
     1.7882     1.5503     0.8733     2.0769
     1.7527     1.5320     1.0340     2.1334
     1.6905     1.6328     1.2483     2.1805
     1.6549     1.6511     1.3644     2.1522
     1.5572     1.5962     1.5520     2.1993
     1.5217     1.5962     1.6502     2.1899
     1.3973     1.6237     1.6860     2.1710
     1.3173     1.6603     1.7306     2.1522
     1.1751     1.5778     1.7574     2.0392
     1.0063     1.5320     1.7396     1.9450
     0.8552     1.5503     1.7574     1.7755
     0.5975     1.4587     1.7574     1.6249
     0.4375     1.3488     1.7217     1.4931
     0.2152     1.1839     1.7485     1.3142
     0.0019     1.0649     1.6860     1.1260
    -0.1048     0.8818     1.6502     0.9096
    -0.2560     0.6804     1.5073     0.6649
    -0.4071     0.4425     1.3198     0.4674
    -0.6294     0.2413     1.1412     0.2040
    -0.8162     0.0584     0.9179    -0.0217
    -0.9229    -0.1519     0.7126    -0.2286
    -1.1364    -0.2981     0.5072    -0.4448
    -1.2609    -0.4809     0.3287    -0.6704
    -1.3766    -0.5997     0.0609    -0.8866
    -1.4566    -0.7824    -0.0551    -1.0557
    -1.5367    -0.9194    -0.2693    -1.2624
    -1.6435    -1.0381    -0.4923    -1.4503
    -1.6168    -1.1568    -0.6797    -1.6757
    -1.6702    -1.2937    -0.8046    -1.7227
    -1.6524    -1.3302    -0.9741    -1.8542
    -1.6346    -1.4580    -1.0811    -1.9011
    -1.5990    -1.4671    -1.1971    -1.9950
    -1.5634    -1.5218    -1.2773    -1.9857
    -1.4388    -1.5583    -1.3844    -1.9857
    -1.3499    -1.6313    -1.5003    -1.9199
    -1.2698    -1.5948    -1.5449    -1.8542
    -1.1453    -1.6496    -1.6162    -1.7978
    -1.0297    -1.5583    -1.6786    -1.6476
    -0.8429    -1.5036    -1.7500    -1.5630
    -0.7362    -1.4671    -1.7500    -1.4033
    -0.5316    -1.3667    -1.7500    -1.2718
    -0.3449    -1.2389    -1.7054    -1.0933
    -0.2293    -1.1568    -1.6786    -0.9241
    -0.0159    -0.9833    -1.6519    -0.7456
     0.2064    -0.8555    -1.5092    -0.6140
     0.4019    -0.6180    -1.4557    -0.3696
     0.5797    -0.4809    -1.3041    -0.1816
     0.8108    -0.1976    -1.2238     0.0253
     0.8908    -0.0056    -1.0544     0.2416
     1.0418     0.2504    -0.8135     0.4297
     1.1574     0.4517    -0.6619     0.6743
     1.2818     0.6530    -0.4210     0.8907
     1.4239     0.8543    -0.1622     1.1072
     1.5217     1.0283     0.0699     1.3048
     1.6372     1.1748     0.2751     1.5119
     1.6993     1.2938     0.5162     1.6908
     1.8060     1.3946     0.7036     1.8603
     1.7971     1.4496     0.9447     2.0298
     1.7349     1.5687     1.1322     2.1145
     1.7527     1.5962     1.3376     2.1334
     1.6727     1.5778     1.4537     2.1522
     1.5394     1.6603     1.6056     2.1334
     1.4595     1.6237     1.6949     2.1710
     1.4239     1.6145     1.7396     2.1428
     1.2373     1.6237     1.7128     2.0769
     1.1574     1.5412     1.7396     2.0298
     1.0152     1.4862     1.7485     1.9450
     0.9085     1.4404     1.7306     1.7849
     0.6952     1.3580     1.7128     1.6249
     0.5264     1.2755     1.7128     1.4554
     0.3664     1.1382     1.7574     1.2578
     0.1797     1.0466     1.6949     1.1072
    -0.0515     0.8818     1.7128     0.9096
    -0.1582     0.6713     1.6592     0.7120
    -0.3538     0.5340     1.5341     0.4862
    -0.5494     0.3327     1.3376     0.2510
    -0.6828     0.1041     1.2037    -0.0123
    -0.8518    -0.0696     0.9804    -0.2004
    -0.9674    -0.2707     0.7393    -0.4166
    -1.1275    -0.4626     0.5429    -0.6704
    -1.2787    -0.6819     0.3555    -0.8960
    -1.3410    -0.8098     0.1145    -1.0839
    -1.4566    -0.9102    -0.0908    -1.2436
    -1.5723    -1.0290    -0.3317    -1.4127
    -1.6079    -1.1385    -0.5102    -1.6194
    -1.6257    -1.2937    -0.7243    -1.7227
    -1.6613    -1.3758    -0.8581    -1.8730
    -1.6168    -1.4032    -1.0276    -1.9481
    -1.6168    -1.5036    -1.1346    -2.0326
    -1.5723    -1.5492    -1.2595    -2.0796
    -1.5189    -1.5948    -1.3754    -2.0514
    -1.4033    -1.6039    -1.4022    -2.0138
    -1.2876    -1.6496    -1.5449    -1.9669
    -1.2165    -1.6404    -1.5895    -1.8918
    -1.0474    -1.6313    -1.6341    -1.7697
    -0.8873    -1.5583    -1.6251    -1.6288
    -0.7450    -1.4580    -1.7054    -1.5724
    -0.6561    -1.3850    -1.7143    -1.4409
    -0.4249    -1.2663    -1.6697    -1.2624
    -0.3093    -1.1568    -1.6251    -1.0839
    -0.1404    -1.0929    -1.6341    -0.9617
     0.0374    -0.9468    -1.5449    -0.7738
     0.2419    -0.7733    -1.4825    -0.5858
     0.4730    -0.5631    -1.3754    -0.3508
     0.6330    -0.3530    -1.2506    -0.1910
     0.8374    -0.0971    -1.1168     0.0253
     0.9885     0.0767    -0.9562     0.2792
     1.0952     0.2962    -0.7778     0.5050
     1.2373     0.5523    -0.5726     0.7496
     1.3351     0.6621    -0.3317     0.9378
     1.4684     0.9093    -0.1354     1.1919
     1.5394     1.0191     0.0966     1.4084
     1.6549     1.1565     0.3019     1.6061
     1.6905     1.3030     0.5608     1.7755
     1.7615     1.4221     0.7929     1.9356
     1.7438     1.4496     1.0340     2.0298
     1.6816     1.5503     1.2483     2.0957
     1.6727     1.6053     1.4359     2.1051
     1.5572     1.5687     1.6056     2.1145
     1.4506     1.5595     1.7128     2.1522
     1.3706     1.5778     1.6860     2.0957
     1.2640     1.5962     1.7485     2.0957
     1.1751     1.5778     1.7396     2.0204
     1.0152     1.4496     1.7574     1.9733
     0.9530     1.4312     1.7574     1.8697
     0.7130     1.3763     1.7217     1.7190
     0.5797     1.3488     1.7485     1.6061
     0.3486     1.2572     1.7128     1.4366
     0.1619     1.0832     1.7485     1.2860
     0.0019     0.9642     1.7306     1.0601
    -0.1759     0.7994     1.6234     0.8155
    -0.3538     0.5981     1.5073     0.5991
    -0.4872     0.3876     1.3733     0.3545
    -0.7006     0.2596     1.1769     0.1382
    -0.7895     0.0950     1.0608    -0.0687
    -0.9763    -0.0971     0.8822    -0.2568
    -1.1364    -0.3256     0.6411    -0.4260
    -1.2076    -0.5083     0.4269    -0.6798
    -1.3588    -0.6180     0.2394    -0.8678
    -1.4033    -0.7641     0.0163    -1.0557
    -1.5189    -0.9102    -0.1622    -1.2718
    -1.5545    -0.9924    -0.3942    -1.4221
    -1.6079    -1.1202    -0.5637    -1.6006
    -1.6968    -1.2389    -0.7778    -1.7133
    -1.6791    -1.3211    -0.9027    -1.8542
    -1.6880    -1.4032    -1.0990    -1.9387
    -1.6435    -1.4671    -1.2149    -2.0044
    -1.5901    -1.5401    -1.3219    -1.9950
    -1.4833    -1.5948    -1.3933    -1.9857
    -1.4033    -1.5857    -1.5181    -1.9575
    -1.3054    -1.6404    -1.5449    -1.9105
    -1.1631    -1.6404    -1.6073    -1.8072
    -1.0030    -1.5766    -1.6073    -1.7039
    -0.8251    -1.5218    -1.6697    -1.6288
    -0.7362    -1.4853    -1.6430    -1.4503
    -0.5672    -1.3941    -1.6251    -1.3094
    -0.3360    -1.2754    -1.5984    -1.1779
    -0.1848    -1.1111    -1.5449    -1.0087
    -0.0159    -0.9924    -1.5003    -0.8396
     0.1441    -0.8463    -1.4022    -0.6422
     0.3397    -0.6362    -1.2952    -0.4354
     0.5175    -0.4535    -1.2149    -0.2850
     0.7397    -0.2159    -1.0900    -0.0781
     0.8997    -0.0239    -0.9206     0.1194
     1.0507     0.2138    -0.7778     0.3263
     1.1751     0.3510    -0.5905     0.5991
     1.2906     0.5706    -0.4210     0.8061
     1.4150     0.8177    -0.1890     1.0507
     1.4861     0.9550     0.0609     1.2672
     1.6372     1.1107     0.2394     1.4931
     1.6993     1.2389     0.4804     1.6531
     1.7260     1.3305     0.6947     1.8697
     1.7438     1.4221     0.9001     1.9921
     1.6993     1.4771     1.1412     2.0769
     1.6905     1.5229     1.3019     2.1522
     1.6016     1.5412     1.5162     2.1239
     1.5305     1.5412     1.6145     2.1616
     1.4684     1.5595     1.6860     2.1616
     1.3795     1.6237     1.7128     2.1051
     1.2018     1.6145     1.7038     2.0769
     1.1040     1.5595     1.7574     1.9921
     1.0152     1.5687     1.7574     1.9356
     0.8552     1.4496     1.7128     1.7567
     0.6597     1.4038     1.7396     1.6437
     0.4641     1.3122     1.7306     1.5119
     0.2953     1.1839     1.7217     1.3425
     0.1086     1.0832     1.7396     1.1919
    -0.1048     0.8818     1.6592     0.9472
    -0.2560     0.6987     1.5788     0.6837
    -0.4160     0.5249     1.4359     0.5050
    -0.5939     0.3693     1.3287     0.2792
    -0.7628     0.1590     1.1501     0.0065
    -0.9229    -0.0056     0.9893    -0.1439
    -1.1008    -0.1793     0.7393    -0.3602
    -1.1898    -0.3713     0.5340    -0.5764
    -1.3766    -0.5997     0.3287    -0.7926
    -1.4477    -0.7276     0.1234    -0.9899
    -1.5812    -0.8920    -0.1086    -1.1779
    -1.6257    -0.9924    -0.3496    -1.3564
    -1.7146    -1.1020    -0.4923    -1.5630
    -1.7413    -1.2024    -0.7065    -1.6851
    -1.7146    -1.3211    -0.8760    -1.8166
    -1.6968    -1.4306    -1.0187    -1.9387
    -1.7146    -1.4580    -1.1614    -2.0138
    -1.6079    -1.5401    -1.3041    -2.0326
    -1.5278    -1.5857    -1.4022    -1.9950
    -1.4833    -1.6039    -1.4825    -1.9857
    -1.3410    -1.6496    -1.5716    -1.9105
    -1.2342    -1.6039    -1.6430    -1.8542
    -1.1186    -1.6131    -1.6341    -1.7603
    -0.9407    -1.5127    -1.6965    -1.6851
    -0.8073    -1.4945    -1.6876    -1.5630
    -0.6650    -1.3667    -1.7054    -1.3939
    -0.5049    -1.3119    -1.6786    -1.2718
    -0.3804    -1.1476    -1.6162    -1.0933
    -0.2026    -1.0107    -1.5270    -0.8772
    -0.0159    -0.8920    -1.4914    -0.7456
     0.2064    -0.7002    -1.3665    -0.5482
     0.4197    -0.5997    -1.2327    -0.3320
     0.5975    -0.3164    -1.1703    -0.1533
     0.7308    -0.0879    -1.0365     0.0629
     0.9352     0.0767    -0.8670     0.2792
     1.0507     0.3053    -0.6708     0.5144
     1.2018     0.5432    -0.5102     0.7684
     1.3528     0.7628    -0.3317     0.9754
     1.4417     0.9550    -0.1265     1.1636
     1.5394     1.1198     0.1145     1.3895
     1.6460     1.2389     0.3465     1.6343
     1.7260     1.3396     0.5340     1.8038
     1.7260     1.3946     0.8018     1.9638
     1.7615     1.5229     0.9983     2.0674
     1.7527     1.5412     1.2305     2.1334
     1.7082     1.5503     1.3912     2.1710
     1.5927     1.5778     1.6056     2.1522
     1.5305     1.6237     1.6949     2.1239
     1.4328     1.5870     1.7396     2.1334
     1.3173     1.6145     1.7128     2.1428
     1.2107     1.5962     1.7396     2.0486
     1.0774     1.5137     1.7485     2.0109
     0.9352     1.5320     1.7306     1.8697
     0.7930     1.4312     1.7574     1.7473
     0.6152     1.3946     1.7664     1.6155
     0.3841     1.2480     1.7128     1.4648
     0.1975     1.1748     1.6949     1.2578
    -0.0159     0.9642     1.7217     1.1166
    -0.1582     0.8635     1.6324     0.8719
    -0.3360     0.6072     1.4716     0.6273
    -0.5227     0.4700     1.3823     0.4109
    -0.6917     0.2504     1.1858     0.1664
    -0.8251     0.1041     1.0429    -0.0029
    -0.9674    -0.0788     0.8822    -0.2474
    -1.1097    -0.2342     0.6411    -0.4260
    -1.2609    -0.4261     0.4804    -0.6798
    -1.3410    -0.6362     0.2573    -0.8772
    -1.4655    -0.7550     0.0163    -1.0275
    -1.5545    -0.9194    -0.1533    -1.2624
    -1.6435    -1.0290    -0.4210    -1.4033
    -1.6613    -1.1750    -0.5905    -1.5818
    -1.7146    -1.3119    -0.8046    -1.7321
    -1.7324    -1.3211    -0.9562    -1.8166
    -1.7324    -1.4488    -1.1079    -1.9481
    -1.6524    -1.4762    -1.2327    -2.0232
    -1.6346    -1.5218    -1.3665    -2.0420
    -1.5011    -1.5675    -1.4914    -2.0514
    -1.4122    -1.6313    -1.5270    -2.0044
    -1.3677    -1.6131    -1.6341    -1.9481
    -1.2342    -1.5948    -1.7054    -1.8636
    -1.0741    -1.5401    -1.7054    -1.7133
    -0.9941    -1.4853    -1.7143    -1.6194
    -0.8429    -1.4580    -1.7678    -1.5255
    -0.6294    -1.3576    -1.7321    -1.4127
    -0.4516    -1.2207    -1.6251    -1.2154
    -0.3360    -1.1659    -1.5627    -1.0651
    -0.1137    -0.9742    -1.4914    -0.8678
     0.0908    -0.8372    -1.3844    -0.7080
     0.2419    -0.7002    -1.2506    -0.4918
     0.4286    -0.5175    -1.1792    -0.3132
     0.6508    -0.2707    -1.0008    -0.1251
     0.8374    -0.1153    -0.8670     0.0347
     1.0152     0.1132    -0.7065     0.2887
     1.1129     0.3693    -0.5459     0.5238
     1.2640     0.5615    -0.3674     0.7872
     1.4239     0.7170    -0.1533     1.0225
     1.4506     0.9276     0.0252     1.2578
     1.5839     1.0832     0.2127     1.4460
     1.6194     1.2664     0.4269     1.6531
     1.6905     1.3488     0.6411     1.8414
     1.7171     1.3946     0.8197     2.0015
     1.7438     1.4587     1.0251     2.0769
     1.6816     1.5137     1.2572     2.1239
     1.6372     1.6053     1.4269     2.1428
     1.5750     1.5870     1.6234     2.1428
     1.4772     1.5687     1.6949     2.1239
     1.4062     1.6053     1.7306     2.1710
     1.3617     1.5870     1.7664     2.1428
     1.1929     1.5503     1.7574     2.0863
     1.0507     1.5503     1.7396     1.9827
     0.9530     1.5045     1.7664     1.8885
     0.7308     1.4312     1.7753     1.7661
     0.5708     1.2847     1.7396     1.5684
     0.4019     1.2389     1.7217     1.4272
     0.2152     1.0466     1.7396     1.2766
    -0.0159     0.9001     1.6413     1.0695
    -0.2115     0.7079     1.5341     0.8061
    -0.3093     0.5798     1.4359     0.5991
    -0.5316     0.3785     1.2840     0.3827
    -0.7006     0.2321     1.0786     0.1664
    -0.8518     0.0127     0.9626    -0.0781
    -0.9496    -0.1610     0.7483    -0.3038
    -1.1008    -0.3713     0.5340    -0.4918
    -1.2520    -0.4901     0.3823    -0.7550
    -1.3410    -0.7002     0.1948    -0.9523
    -1.5011    -0.8281    -0.0283    -1.1497
    -1.5634    -0.9011    -0.2514    -1.3000
    -1.5812    -1.0290    -0.4745    -1.4879
    -1.6613    -1.1842    -0.6708    -1.6476
    -1.6880    -1.2207    -0.8046    -1.7791
    -1.6524    -1.3211    -1.0365    -1.9199
    -1.6968    -1.4123    -1.1703    -1.9857
    -1.5990    -1.4580    -1.3130    -2.0420
    -1.5990    -1.5218    -1.4111    -2.0232
    -1.4922    -1.5218    -1.5181    -2.0326
    -1.4211    -1.5766    -1.5538    -1.9387
    -1.3232    -1.6039    -1.6608    -1.9105
    -1.1542    -1.6039    -1.6876    -1.8072
    -1.0652    -1.6039    -1.7411    -1.7321
    -0.8696    -1.5127    -1.7321    -1.5724
    -0.7273    -1.4032    -1.7054    -1.4221
    -0.6205    -1.2846    -1.6430    -1.2624
    -0.3893    -1.1750    -1.6073    -1.1027
    -0.2826    -1.0563    -1.5181    -0.9241
    -0.0248    -0.9011    -1.4379    -0.7550
     0.1441    -0.8098    -1.3130    -0.5670
     0.3041    -0.5997    -1.1703    -0.3696
     0.5353    -0.3987    -1.0990    -0.1627
     0.6864    -0.1245    -0.9384     0.0065
     0.8908     0.0767    -0.8224     0.2322
     1.0063     0.2870    -0.6529     0.4486
     1.1929     0.5066    -0.4923     0.7120
     1.3173     0.6804    -0.2603     0.8907
     1.3706     0.8635    -0.0819     1.1072
     1.4328     0.9642     0.0788     1.3707
     1.5394     1.1290     0.3198     1.5496
     1.6638     1.2572     0.5162     1.7379
     1.6638     1.3488     0.6947     1.9262
     1.7260     1.4038     0.9001     2.0392
     1.6816     1.4587     1.1054     2.0957
     1.6460     1.5595     1.3198     2.1239
     1.6016     1.6053     1.4984     2.1239
     1.5128     1.5503     1.7038     2.1616
     1.4861     1.5412     1.7217     2.1145
     1.3884     1.6237     1.7217     2.1051
     1.2196     1.5870     1.7753     2.0957
     1.1485     1.5229     1.7753     2.0204
     1.0063     1.5229     1.7485     1.9450
     0.7930     1.4862     1.7306     1.7661
     0.6597     1.3946     1.7753     1.6249
     0.5086     1.2664     1.7485     1.4366
     0.3308     1.1107     1.7396     1.2766
     0.0908     0.9733     1.6860     1.0978
    -0.0959     0.8726     1.5430     0.9660
    -0.2115     0.6621     1.4269     0.7496
    -0.4160     0.5066     1.3287     0.4956
    -0.5850     0.3053     1.1501     0.2887
    -0.7628     0.1315     1.0340     0.0441
    -0.8962     0.0218     0.8108    -0.1345
    -1.0830    -0.2159     0.6233    -0.3978
    -1.2076    -0.3895     0.4180    -0.6046
    -1.3232    -0.5723     0.2305    -0.8584
    -1.4211    -0.7367     0.0609    -1.0087
    -1.5189    -0.8281    -0.1890    -1.2436
    -1.5545    -0.9742    -0.4120    -1.4221
    -1.5990    -1.1020    -0.5726    -1.5536
    -1.6613    -1.2298    -0.7511    -1.6851
    -1.6168    -1.3393    -0.9652    -1.8260
    -1.6168    -1.3667    -1.1168    -1.9575
    -1.6346    -1.4306    -1.2417    -2.0044
    -1.5367    -1.5036    -1.3754    -2.0514
    -1.4833    -1.5857    -1.5181    -2.0796
    -1.4388    -1.6039    -1.5716    -2.0514
    -1.3232    -1.6222    -1.6341    -1.9857
    -1.1809    -1.5675    -1.7321    -1.9011
    -1.1097    -1.5310    -1.7455    -1.8072
    -0.9496    -1.4762    -1.7589    -1.7133
    -0.7717    -1.4306    -1.7411    -1.6006
    -0.6117    -1.3758    -1.7500    -1.4315
    -0.4783    -1.2480    -1.6608    -1.2718
    -0.2560    -1.1659    -1.6162    -1.0839
    -0.1404    -1.0198    -1.5181    -0.9054
     0.0463    -0.8463    -1.4735    -0.6798
     0.2508    -0.7002    -1.3398    -0.5012
     0.4641    -0.5540    -1.2238    -0.3320
     0.6152    -0.3530    -1.1079    -0.1345
     0.7752    -0.1062    -0.9652     0.1006
     0.9619     0.1315    -0.7600     0.2981
     1.0330     0.3053    -0.5994     0.5426
     1.1662     0.5889    -0.4656     0.7966
     1.2818     0.7628    -0.2425     1.0319
     1.3706     0.9367    -0.0908     1.2201
     1.5305     1.0649     0.1056     1.4460
     1.5661     1.1931     0.3287     1.6814
     1.7082     1.3213     0.5251     1.8603
     1.7349     1.4496     0.7393     2.0109
     1.7438     1.5045     0.9715     2.0769
     1.7349     1.4862     1.1590     2.1239
     1.6372     1.5687     1.3644     2.1522
     1.5394     1.6237     1.5966     2.1522
          3          3          3          3
