    4   2048 0.020000  2016   1  19  15  48
         16         10         11         42
     0.1585    -2.4809    -1.8408    -2.2798
    -0.1794    -2.3989    -1.4396    -2.1014
    -0.4551    -2.3078    -1.0561    -1.9793
    -0.8553    -2.0891    -0.5655    -1.7352
    -1.1666    -1.8338    -0.0659    -1.5286
    -1.4691    -1.5876     0.4160    -1.2280
    -1.7182    -1.2500     0.8624    -0.9461
    -1.9407    -0.9397     1.3266    -0.5608
    -2.1810    -0.6018     1.6928    -0.2412
    -2.2967    -0.0902     2.0769     0.2007
    -2.3501     0.3304     2.3270     0.6146
    -2.3590     0.8244     2.5326     1.1038
    -2.2878     1.2729     2.6577     1.4991
    -2.2878     1.6118     2.7113     1.8098
    -2.2077     1.9783     2.6219     2.1582
    -2.0030     2.3267     2.4253     2.4407
    -1.8250     2.6477     2.2824     2.6950
    -1.5492     2.8496     2.0858     2.9023
    -1.3001     3.0515     1.7911     2.9070
    -0.9798     3.1433     1.4785     2.9117
    -0.5707     3.1157     1.2016     2.7987
    -0.2505     2.9138     0.8624     2.6103
     0.1941     2.6936     0.5856     2.3559
     0.6030     2.4734     0.3357     2.0075
     1.0919     2.0883     0.0680     1.6215
     1.5184     1.7309    -0.2176     1.1885
     1.9538     1.1905    -0.5209     0.7369
     2.3801     0.6963    -0.7439     0.2666
     2.6999     0.2206    -0.9848    -0.2036
     2.9219    -0.2821    -1.1899    -0.6266
     3.0640    -0.7297    -1.2880    -0.9649
     3.0107    -1.0219    -1.4753    -1.2468
     3.0373    -1.3048    -1.6090    -1.4910
     2.9752    -1.6150    -1.6714    -1.7446
     2.8064    -1.9250    -1.6670    -1.9699
     2.4601    -2.1438    -1.6625    -2.0732
     2.1225    -2.2805    -1.5555    -2.1765
     1.6250    -2.3260    -1.5198    -2.2234
     1.1096    -2.3443    -1.3950    -2.2516
     0.7008    -2.3443    -1.3326    -2.2516
     0.1941    -2.3352    -1.1542    -2.2234
     0.0074    -2.2987    -0.9402    -2.1108
    -0.3572    -2.1164    -0.6993    -1.9512
    -0.7663    -2.0071    -0.4406    -1.7634
    -1.1310    -1.7791    -0.2176    -1.4816
    -1.3890    -1.5693    -0.0034    -1.1058
    -1.6649    -1.2500     0.1750    -0.6642
    -1.8784    -0.8119     0.4071    -0.2224
    -2.0297    -0.3643     0.6927     0.2007
    -2.1721     0.1201     1.0052     0.5958
    -2.1810     0.7146     1.2909     1.0850
    -2.2166     1.1356     1.5320     1.4709
    -2.2611     1.5660     1.7732     1.8474
    -2.2700     1.8867     2.0233     2.2806
    -2.1276     2.2533     2.1573     2.5349
    -1.9407     2.6110     2.3449     2.7516
    -1.7627     2.8312     2.4611     2.9494
    -1.5136     3.1157     2.4968     3.0719
    -1.3179     3.2810     2.3270     3.1002
    -0.9620     3.3269     2.1930     3.0625
    -0.6418     3.2902     2.0412     2.8646
    -0.3039     3.0515     1.7643     2.6762
     0.1496     2.7670     1.4159     2.3842
     0.5763     2.5193     1.0945     2.0075
     1.0474     2.1525     0.7642     1.6215
     1.4917     1.7217     0.4874     1.2262
     1.9449     1.2821     0.1929     0.7651
     2.3624     0.7695    -0.1194     0.3230
     2.7532     0.4127    -0.4317    -0.1096
     2.9574    -0.0628    -0.6815    -0.4480
     3.0462    -0.2821    -0.8956    -0.7770
     3.0373    -0.5653    -1.0918    -1.0119
     3.0107    -0.9032    -1.2702    -1.3313
     2.9752    -1.2683    -1.4218    -1.5286
     2.8775    -1.5602    -1.4931    -1.7352
     2.5311    -1.8247    -1.6268    -1.9324
     2.1403    -2.0800    -1.6268    -2.1108
     1.7405    -2.2258    -1.6001    -2.2516
     1.2340    -2.3625    -1.5555    -2.2516
     0.7363    -2.4718    -1.4396    -2.2892
     0.2741    -2.4992    -1.3772    -2.2704
     0.0162    -2.4445    -1.2969    -2.1671
    -0.3305    -2.2076    -1.1631    -2.0075
    -0.7308    -1.9888    -0.9313    -1.8291
    -1.1044    -1.8338    -0.7350    -1.6413
    -1.3712    -1.4964    -0.4317    -1.3689
    -1.6382    -1.1588    -0.1908    -1.0683
    -1.8962    -0.8210     0.1037    -0.7112
    -2.1098    -0.3917     0.4428    -0.3258
    -2.1721     0.0195     0.7552     0.0597
    -2.2433     0.5499     0.9963     0.5581
    -2.3857     0.9342     1.2909     0.9909
    -2.4213     1.3553     1.5053     1.3767
    -2.4213     1.7309     1.6839     1.8286
    -2.2166     2.0792     1.8714     2.1864
    -2.0386     2.4918     1.9786     2.5161
    -1.9140     2.8496     2.0501     2.7516
    -1.6826     3.1249     2.1126     2.9589
    -1.4602     3.3636     2.1573     2.9965
    -1.2111     3.4003     2.1126     2.9306
    -0.8731     3.3177     2.0412     2.8458
    -0.4639     3.1524     1.9429     2.6008
    -0.0816     2.8679     1.8000     2.3748
     0.4074     2.5009     1.5767     1.9604
     0.8252     2.1342     1.2374     1.6215
     1.3051     1.6668     0.7909     1.1226
     1.8205     1.1631     0.3446     0.6710
     2.2469     0.5956    -0.0927     0.1255
     2.5933     0.0287    -0.4852    -0.3164
     2.8775    -0.3826    -0.8064    -0.7770
     2.9485    -0.8119    -1.1096    -1.1340
     2.9574    -1.1953    -1.3593    -1.3595
     2.9574    -1.4690    -1.5555    -1.7070
     2.8775    -1.7700    -1.6892    -1.9418
     2.7088    -2.0709    -1.8051    -2.1577
     2.4601    -2.2167    -1.9032    -2.2610
     2.0426    -2.3078    -2.0458    -2.3736
     1.6428    -2.3989    -2.0726    -2.4112
     1.0830    -2.4900    -2.0102    -2.4112
     0.5941    -2.5629    -1.9567    -2.3830
     0.1496    -2.5811    -1.8230    -2.2610
    -0.1527    -2.4809    -1.5912    -2.1108
    -0.4284    -2.3078    -1.3237    -1.9512
    -0.7841    -2.0800    -1.0472    -1.7164
    -1.1044    -1.7426    -0.7529    -1.4346
    -1.4424    -1.4508    -0.5477    -1.1622
    -1.6826    -1.0766    -0.2444    -0.8333
    -1.9229    -0.5744    -0.0213    -0.5044
    -2.1899    -0.0719     0.3357    -0.1378
    -2.3234     0.4493     0.6749     0.2854
    -2.4124     0.9800     0.9873     0.6898
    -2.4480     1.3004     1.3534     1.1038
    -2.4124     1.6759     1.6660     1.4991
    -2.4124     2.0242     1.9340     1.8757
    -2.3768     2.2992     2.3002     2.1582
    -2.2166     2.5560     2.7381     2.4219
    -2.0831     2.7945     2.9168     2.6197
    -1.8517     3.0148     3.0419     2.8175
    -1.5136     3.1341     3.0777     2.8646
    -1.2467     3.1524     3.0330     2.9212
    -0.9531     2.9505     2.8006     2.8269
    -0.5529     2.8037     2.5504     2.7139
    -0.1527     2.5468     2.2109     2.4501
     0.3452     2.2625     1.8000     2.1676
     0.8074     1.8867     1.2909     1.8003
     1.3051     1.5660     0.8266     1.4332
     1.7050     1.1356     0.2643     0.9815
     2.1314     0.7146    -0.1997     0.5205
     2.4601     0.2847    -0.5566     0.1349
     2.7265    -0.1085    -0.8242    -0.2976
     2.8064    -0.3460    -1.1542    -0.6172
     2.8686    -0.6475    -1.4753    -0.8615
     2.8864    -0.9214    -1.7517    -1.2374
     2.8686    -1.2683    -1.9656    -1.5004
     2.6644    -1.6241    -2.0993    -1.7540
     2.4423    -1.7882    -2.2152    -1.8948
     2.0870    -1.9979    -2.3222    -2.0263
     1.6783    -2.1438    -2.2687    -2.1014
     1.1807    -2.2167    -2.1885    -2.2328
     0.6030    -2.2440    -1.9924    -2.2892
     0.1496    -2.2258    -1.8676    -2.2610
    -0.2061    -2.1620    -1.6358    -2.2047
    -0.4639    -2.0435    -1.3861    -2.0732
    -0.8197    -1.9341    -1.0918    -1.8385
    -1.1577    -1.7426    -0.8510    -1.6601
    -1.4068    -1.5420    -0.4496    -1.3313
    -1.6649    -1.2318    -0.0748    -0.9649
    -1.8873    -0.8301     0.3000    -0.5890
    -2.0920    -0.5379     0.6392    -0.2506
    -2.2878    -0.0445     0.9606     0.2195
    -2.3501     0.4401     1.3356     0.6898
    -2.3590     0.8884     1.7196     1.2167
    -2.2967     1.2271     2.0858     1.7250
    -2.2878     1.6484     2.3807     2.0922
    -2.1988     1.9783     2.6845     2.4784
    -2.1098     2.4092     2.8543     2.7233
    -1.9229     2.6752     2.9079     3.0531
    -1.7004     2.9413     2.8096     3.2321
    -1.4424     3.0698     2.6487     3.2887
    -1.1488     3.0561     2.4789     3.1850
    -0.8464     3.0423     2.3092     3.0531
    -0.4373     2.9046     2.0501     2.7987
    -0.0282     2.7119     1.7464     2.4972
     0.4074     2.3450     1.3177     2.1958
     0.8874     2.0700     0.8802     1.7250
     1.4029     1.6851     0.4785     1.2450
     1.8649     1.2088    -0.0034     0.8027
     2.2469     0.7512    -0.4496     0.3136
     2.5311     0.2938    -0.7529    -0.1754
     2.8420    -0.1542    -1.1453    -0.5984
     2.9841    -0.4557    -1.4218    -0.8803
     3.0018    -0.8210    -1.6536    -1.2186
     3.0373    -1.1679    -1.8230    -1.4346
     3.0018    -1.5329    -2.0191    -1.7164
     2.9485    -1.8976    -2.1706    -1.9136
     2.7265    -2.0891    -2.1617    -2.0732
     2.3446    -2.1894    -2.1528    -2.2516
     1.9538    -2.3716    -2.1082    -2.4018
     1.4295    -2.4809    -1.9656    -2.4769
     0.9319    -2.4809    -1.8230    -2.5144
     0.4074    -2.4536    -1.6714    -2.4957
     0.1318    -2.4263    -1.4307    -2.3924
    -0.2327    -2.2714    -1.1453    -2.2047
    -0.5796    -2.1620    -0.8688    -1.9699
    -0.9264    -1.8885    -0.5477    -1.7070
    -1.2200    -1.6423    -0.1551    -1.4346
    -1.4335    -1.3686     0.1126    -1.0870
    -1.7093    -1.0584     0.4517    -0.7770
    -1.9051    -0.6292     0.7284    -0.4010
    -2.1098    -0.1542     0.9516     0.0221
    -2.1543     0.2572     1.2552     0.4170
    -2.1276     0.7603     1.5856     0.9344
    -2.1276     1.1539     1.9072     1.3579
    -2.1009     1.5294     2.1662     1.8192
    -2.0208     1.8867     2.3360     2.1487
    -1.9229     2.2258     2.4432     2.4219
    -1.7449     2.5009     2.4968     2.7327
    -1.5403     2.8129     2.4879     2.8458
    -1.3001     2.9689     2.4343     2.9965
    -1.0065     3.1157     2.3181     2.9400
    -0.7219     3.0698     2.1841     2.8364
    -0.4017     2.9505     2.0322     2.7045
    -0.0460     2.7853     1.6749     2.4878
     0.4519     2.4551     1.2909     2.1299
     0.9052     2.1800     0.8624     1.8380
     1.3851     1.7492     0.4607     1.3956
     1.8294     1.3462     0.1394     0.9156
     2.2380     0.8976    -0.1730     0.4547
     2.6910     0.4218    -0.4406    -0.0438
     2.8953    -0.0993    -0.7618    -0.4950
     3.0018    -0.4557    -1.0294    -0.9367
     3.0285    -0.8119    -1.3415    -1.1998
     2.9841    -1.1679    -1.5466    -1.4534
     2.9841    -1.5420    -1.7606    -1.7728
     2.9663    -1.9159    -1.8854    -1.9512
     2.7532    -2.1164    -1.9567    -2.1202
     2.3624    -2.2531    -2.0458    -2.1953
     1.8738    -2.3716    -2.0102    -2.2328
     1.3140    -2.3807    -1.9300    -2.3267
     0.8163    -2.3898    -1.8408    -2.3173
     0.3185    -2.4718    -1.7071    -2.3455
    -0.0282    -2.3352    -1.5377    -2.2892
    -0.3217    -2.1894    -1.3415    -2.1389
    -0.5885    -2.0162    -1.0561    -1.8573
    -0.9887    -1.7609    -0.7439    -1.6225
    -1.3001    -1.5785    -0.4406    -1.3501
    -1.5136    -1.2774    -0.0659    -0.9931
    -1.7360    -0.8758     0.2821    -0.6266
    -1.9585    -0.5105     0.6124    -0.2882
    -2.1276     0.0469     0.9159     0.0973
    -2.2611     0.5133     1.1927     0.5205
    -2.2433     0.9800     1.4785     0.8874
    -2.2255     1.3645     1.7107     1.3014
    -2.2077     1.6576     1.9518     1.7815
    -2.1899     2.0608     2.1394     2.0922
    -2.0653     2.3726     2.3985     2.3936
    -1.8873     2.6569     2.5683     2.5443
    -1.6826     2.7853     2.6040     2.7516
    -1.4157     2.9230     2.4968     2.8458
    -1.0955     2.9322     2.4521     2.8835
    -0.7574     2.9597     2.3360     2.7704
    -0.4551     2.8037     2.2109     2.6762
    -0.0104     2.5652     1.9876     2.4972
     0.4874     2.3542     1.5767     2.2335
     0.9585     2.0975     1.1302     1.8663
     1.4473     1.7859     0.6392     1.4615
     1.8827     1.3828     0.1750     1.0097
     2.3002     0.9342    -0.1997     0.5487
     2.6466     0.4127    -0.5477     0.1255
     2.8864    -0.0171    -0.8956    -0.3446
     2.9841    -0.4009    -1.2167    -0.7018
     3.0285    -0.7753    -1.5198    -0.9649
     3.0196    -1.1679    -1.7695    -1.3031
     3.0107    -1.5146    -1.9478    -1.6131
     2.8953    -1.8521    -2.1350    -1.9136
     2.6022    -2.0344    -2.2598    -2.0544
     2.2380    -2.1529    -2.3845    -2.2047
     1.7316    -2.2167    -2.4113    -2.3924
     1.2074    -2.3807    -2.3845    -2.4957
     0.7274    -2.4718    -2.2687    -2.5614
     0.3096    -2.4627    -2.0904    -2.5614
    -0.0015    -2.4718    -1.8586    -2.4957
    -0.3305    -2.3898    -1.6447    -2.3643
    -0.6240    -2.2440    -1.3326    -2.1202
    -0.9620    -1.9979    -0.9937    -1.8291
    -1.2734    -1.7700    -0.6369    -1.5286
    -1.5047    -1.4872    -0.2087    -1.1810
    -1.6738    -1.1314     0.2286    -0.7864
    -1.9229    -0.7571     0.6124    -0.3728
    -2.0475    -0.1998     0.9070     0.0691
    -2.1899     0.2572     1.2284     0.5205
    -2.2166     0.6963     1.5142     0.9627
    -2.1721     1.0349     1.7911     1.4520
    -2.1009     1.3920     2.0501     1.9039
    -2.1009     1.7584     2.2913     2.2618
    -1.9585     2.1158     2.5147     2.5161
    -1.8250     2.3909     2.7202     2.6950
    -1.6382     2.6202     2.7738     2.8646
    -1.3534     2.7578     2.5951     2.9400
    -1.0866     2.9046     2.3896     2.9777
    -0.7219     2.8312     2.1573     2.8364
    -0.3661     2.7119     1.8804     2.7233
     0.0251     2.5285     1.6392     2.5066
     0.4786     2.2809     1.2552     2.1770
     0.9763     1.9967     0.8445     1.8192
     1.4740     1.7217     0.4517     1.4426
     1.8649     1.3737    -0.0124     1.0097
     2.2736     0.9708    -0.2800     0.5581
     2.6555     0.5590    -0.5655     0.1349
     2.8331     0.1841    -0.9313    -0.2600
     2.9574    -0.0445    -1.1988    -0.6078
     3.0107    -0.4009    -1.4753    -0.8521
     3.0285    -0.8849    -1.6982    -1.2092
     3.0018    -1.2957    -1.8408    -1.5286
     2.9308    -1.6058    -1.9745    -1.8760
     2.6377    -1.8703    -2.1350    -2.1296
     2.2203    -2.0982    -2.1617    -2.2892
     1.7761    -2.2167    -2.1261    -2.4112
     1.2874    -2.2987    -2.0191    -2.4581
     0.7186    -2.3443    -1.9567    -2.4769
     0.2741    -2.3534    -1.7962    -2.4863
    -0.0727    -2.3534    -1.5377    -2.3830
    -0.3750    -2.3807    -1.3147    -2.1765
    -0.7841    -2.2076    -1.0294    -1.9418
    -1.1310    -2.0617    -0.7529    -1.6601
    -1.4246    -1.7609    -0.4317    -1.3877
    -1.6649    -1.4872    -0.1016    -1.0964
    -1.8428    -1.1679     0.2911    -0.7676
    -2.0386    -0.8119     0.5945    -0.4292
    -2.2077    -0.3643     0.9338     0.0503
    -2.3501     0.0561     1.2374     0.4264
    -2.3590     0.5133     1.5410     0.8686
    -2.4124     0.9342     1.7821     1.3297
    -2.4213     1.4103     2.0501     1.8380
    -2.3323     1.8134     2.2734     2.1958
    -2.1899     2.1983     2.4611     2.5349
    -2.0831     2.5193     2.5862     2.8081
    -1.8962     2.8404     2.6130     2.9777
    -1.6382     3.0882     2.5415     3.0814
    -1.3979     3.2442     2.3807     3.0719
    -1.0421     3.1800     2.2466     2.9400
    -0.7130     3.0515     2.0233     2.7893
    -0.3394     2.8496     1.7375     2.5349
     0.0963     2.5468     1.4070     2.2241
     0.5941     2.2809     1.0320     1.8474
     1.0563     1.9417     0.7017     1.4803
     1.5717     1.5477     0.3089     1.0474
     1.9804     1.0807     0.0323     0.5864
     2.3801     0.5773    -0.3068     0.1161
     2.6732     0.1384    -0.6637    -0.2694
     2.7976    -0.1998    -1.0115    -0.5984
     2.9308    -0.6110    -1.3237    -0.9367
     2.8686    -1.0401    -1.5644    -1.2656
     2.8064    -1.4051    -1.7695    -1.5849
     2.6821    -1.6879    -1.9745    -1.8667
     2.4157    -1.7974    -2.0726    -2.0638
     2.0692    -1.9341    -2.1261    -2.2047
     1.5895    -2.0253    -2.1261    -2.2704
     1.0919    -2.1620    -2.1261    -2.2892
     0.6119    -2.2623    -2.0637    -2.3455
     0.1941    -2.3260    -1.9478    -2.2516
    -0.2327    -2.3124    -1.8141    -2.1296
    -0.4728    -2.2987    -1.6001    -1.9887
    -0.7930    -2.1985    -1.3326    -1.8009
    -1.1399    -2.0435    -1.0383    -1.6601
    -1.4335    -1.8521    -0.6815    -1.3783
    -1.6915    -1.5511    -0.3603    -1.1152
    -1.8339    -1.2044    -0.0570    -0.8709
    -2.0742    -0.8210     0.2554    -0.5044
    -2.2077    -0.3369     0.6213    -0.0344
    -2.3145     0.1841     0.9784     0.3512
    -2.3679     0.6871     1.2999     0.8592
    -2.3234     1.0807     1.6928     1.3391
    -2.2878     1.4469     1.9608     1.8286
    -2.2255     1.7584     2.2198     2.2429
    -2.1276     2.1983     2.4432     2.6197
    -2.0119     2.5101     2.6845     2.8364
    -1.8428     2.7853     2.6934     3.0342
    -1.6115     3.0698     2.6130     3.1756
    -1.2823     3.2534     2.4253     3.1567
    -0.9442     3.2993     2.3181     3.0342
    -0.6151     3.1065     2.1126     2.8175
    -0.2238     2.9413     1.7821     2.5255
     0.2118     2.6202     1.4606     2.1676
     0.7274     2.2625     1.0498     1.8003
     1.2074     1.8500     0.6213     1.3767
     1.6783     1.4194     0.2464     0.9156
     2.0959     0.9067    -0.0124     0.4359
     2.4601     0.3670    -0.3336    -0.0250
     2.8242    -0.0902    -0.7350    -0.4386
     2.9663    -0.4191    -1.0294    -0.8333
     2.9397    -0.7571    -1.3237    -1.0777
     2.9663    -1.0492    -1.5644    -1.2843
     2.9485    -1.3960    -1.7695    -1.5474
     2.9130    -1.7062    -1.9389    -1.8291
     2.7709    -1.8338    -2.0280    -1.9418
     2.3801    -1.9888    -2.0637    -2.0732
     1.8827    -2.0344    -2.0637    -2.2047
     1.3851    -2.2167    -2.0815    -2.3079
     0.8786    -2.2987    -2.0013    -2.3173
     0.3897    -2.4172    -1.8586    -2.3267
     0.0518    -2.4172    -1.7427    -2.2328
    -0.1972    -2.3169    -1.5020    -2.1202
    -0.5618    -2.1529    -1.3058    -1.9606
    -0.9175    -1.9797    -1.0026    -1.7164
    -1.1933    -1.7153    -0.6726    -1.4252
    -1.4691    -1.4872    -0.3247    -1.1058
    -1.6649    -1.0675    -0.0391    -0.7300
    -1.8428    -0.7388     0.3446    -0.3634
    -2.0386    -0.2547     0.6749    -0.0532
    -2.1276     0.2572     1.0856     0.3606
    -2.1543     0.6963     1.4159     0.8404
    -2.1632     1.2363     1.7107     1.2920
    -2.1365     1.6576     1.9518     1.7156
    -2.1098     2.0517     2.1930     2.0640
    -2.0386     2.3634     2.3717     2.4124
    -1.9051     2.7028     2.5147     2.6291
    -1.7805     2.9689     2.5504     2.7893
    -1.4869     3.2442     2.4789     2.9212
    -1.2823     3.3636     2.3449     2.9117
    -0.9798     3.4095     2.2198     2.7893
    -0.5885     3.3085     2.0054     2.6668
    -0.2238     3.1065     1.7553     2.3748
     0.2118     2.8312     1.4070     2.1111
     0.7186     2.4001     1.0052     1.7533
     1.2252     1.9325     0.6124     1.3767
     1.6606     1.4561     0.3000     1.0003
     2.1492     0.9891    -0.0213     0.6240
     2.5311     0.4493    -0.3871     0.2101
     2.8331    -0.0171    -0.6993    -0.1378
     2.9219    -0.4100    -0.9937    -0.5044
     2.9397    -0.7114    -1.2612    -0.8239
     2.9485    -1.1314    -1.5288    -1.1904
     2.9663    -1.4690    -1.7249    -1.5943
     2.9397    -1.7518    -1.8854    -1.9042
     2.7088    -2.0162    -1.9834    -2.1483
     2.3357    -2.1529    -2.0369    -2.3079
     1.8383    -2.2440    -2.1350    -2.3736
     1.3407    -2.3352    -2.1528    -2.3455
     0.8252    -2.2987    -2.1172    -2.3643
     0.3096    -2.2805    -2.0726    -2.2798
    -0.0993    -2.2531    -1.9032    -2.1014
    -0.3394    -2.1529    -1.6625    -1.9793
    -0.6418    -1.9159    -1.3772    -1.7352
    -0.9709    -1.7153    -1.1364    -1.5474
    -1.3001    -1.4964    -0.7885    -1.2843
    -1.5759    -1.1679    -0.4585    -1.0777
    -1.7716    -0.8027    -0.1551    -0.8146
    -1.9407    -0.5379     0.2197    -0.5044
    -2.1454    -0.0993     0.5856    -0.1660
    -2.2878     0.3487     0.8981     0.1819
    -2.3234     0.7512     1.1838     0.6146
    -2.2611     1.0349     1.5231     0.9721
    -2.1721     1.4286     1.8625     1.4144
    -2.1721     1.7401     2.1037     1.8098
    -2.1098     2.0333     2.3092     2.1487
    -1.9674     2.3267     2.5951     2.4313
    -1.7983     2.5560     2.7291     2.6291
    -1.5759     2.8037     2.7649     2.7798
    -1.2289     2.9872     2.6755     2.7704
    -0.9442     2.9689     2.5057     2.7610
    -0.6507     2.8771     2.3360     2.6385
    -0.2149     2.6569     2.0054     2.4595
     0.2030     2.4826     1.6303     2.1111
     0.6830     2.0975     1.2016     1.8098
     1.1985     1.7034     0.7463     1.4332
     1.7050     1.2729     0.3446     0.9721
     2.0604     0.7603    -0.0034     0.4829
     2.4512     0.2664    -0.2622     0.0503
     2.6910    -0.1450    -0.5655    -0.4386
     2.9041    -0.5744    -0.9045    -0.8709
     2.9574    -0.8484    -1.1364    -1.1716
     2.9663    -1.2135    -1.3772    -1.5474
     2.9130    -1.5146    -1.5644    -1.8573
     2.7798    -1.8521    -1.7427    -2.1202
     2.5134    -2.0800    -1.9389    -2.3079
     2.1847    -2.2714    -1.9834    -2.3643
     1.7583    -2.3807    -2.0904    -2.3643
     1.2696    -2.5356    -2.0637    -2.3736
     0.7186    -2.5401    -1.9478    -2.2798
     0.2563    -2.5447    -1.8230    -2.1483
    -0.1260    -2.4718    -1.6714    -2.1671
    -0.4462    -2.3807    -1.4753    -2.0732
    -0.7841    -2.1711    -1.2167    -2.0451
    -1.0866    -1.9888    -0.8956    -1.8854
    -1.3979    -1.6697    -0.5566    -1.6788
    -1.6204    -1.4234    -0.2176    -1.4346
    -1.8428    -1.0766     0.1750    -1.0964
    -2.0742    -0.6932     0.5767    -0.6548
    -2.2522    -0.2455     0.9695    -0.3258
    -2.3590     0.0926     1.2999     0.1161
    -2.3590     0.4767     1.6571     0.5111
    -2.3145     0.8335     1.9608     0.9721
    -2.3056     1.1722     2.2020     1.4144
    -2.2700     1.5385     2.4700     1.8474
    -2.2166     1.9142     2.7113     2.2147
    -2.1098     2.2167     2.8096     2.5820
    -1.9318     2.5193     2.7738     2.8269
    -1.7360     2.7486     2.6755     3.0248
    -1.4157     2.9505     2.5772     3.1756
    -1.0866     2.9551     2.3807     3.1473
    -0.8464     2.9597     2.1752     3.0342
    -0.4462     2.8220     1.8714     2.8081
    -0.0282     2.6569     1.5053     2.4690
     0.4608     2.3359     1.1034     2.1393
     0.9408     2.0242     0.6838     1.7344
     1.4740     1.6576     0.3625     1.3109
     1.9271     1.1722     0.0947     0.7933
     2.3002     0.6322    -0.1730     0.3794
     2.5400     0.1475    -0.4585    -0.0908
     2.7354    -0.2455    -0.7707    -0.4574
     2.8597    -0.6018    -1.0472    -0.7958
     2.8731    -0.9762    -1.2612    -1.1152
     2.8864    -1.3504    -1.5020    -1.5098
     2.6821    -1.7335    -1.6625    -1.7728
     2.5045    -1.9250    -1.7784    -1.9887
     2.1670    -2.1256    -1.8765    -2.1859
     1.7316    -2.1894    -1.9567    -2.2704
     1.3051    -2.2896    -1.9656    -2.3455
     0.7363    -2.4080    -1.9478    -2.3924
     0.2830    -2.3807    -1.7962    -2.3736
    -0.1794    -2.2896    -1.6358    -2.2985
    -0.4373    -2.1894    -1.4574    -2.0920
    -0.7841    -2.0253    -1.2434    -1.8854
    -1.1132    -1.8612    -0.9759    -1.7070
    -1.3712    -1.5967    -0.6904    -1.3877
    -1.6560    -1.2774    -0.3693    -1.1340
    -1.8250    -1.0127     0.0412    -0.8052
    -1.9852    -0.7297     0.4071    -0.4292
    -2.1543    -0.3643     0.7909    -0.0532
    -2.2611     0.0195     1.1748     0.3324
    -2.3679     0.4127     1.5410     0.7933
    -2.3857     0.8244     1.8268     1.2262
    -2.3501     1.1905     2.1126     1.6685
    -2.2611     1.5660     2.4075     2.0734
    -2.1899     1.8684     2.6130     2.3654
    -1.9674     2.2167     2.7113     2.6668
    -1.8339     2.4918     2.6845     2.8929
    -1.5759     2.8129     2.6398     3.0248
    -1.3179     2.9689     2.5683     3.0531
    -0.9798     3.0974     2.4879     2.9965
    -0.6329     3.0606     2.3092     2.8835
    -0.2950     2.9230     1.9161     2.6479
     0.1852     2.6661     1.5856     2.3371
     0.7097     2.3359     1.1302     1.8945
     1.1452     2.0058     0.7017     1.4615
     1.6783     1.6118     0.3446     1.0662
     2.0781     1.0990     0.0055     0.6240
     2.4690     0.5773    -0.2800     0.2101
     2.8420     0.1018    -0.5834    -0.1942
     2.9663    -0.3917    -0.9134    -0.5608
     2.9752    -0.7114    -1.2256    -0.7676
     3.0018    -1.0584    -1.4931    -1.0495
     2.9574    -1.4234    -1.7249    -1.3689
     2.9663    -1.6970    -1.8676    -1.6601
     2.7887    -1.9524    -2.0191    -1.9512
     2.4512    -2.1073    -2.0904    -2.1577
     1.9804    -2.2258    -2.1885    -2.2892
     1.5095    -2.2987    -2.1706    -2.3643
     0.9497    -2.3989    -2.1082    -2.3736
     0.4430    -2.4354    -2.0369    -2.3455
     0.0607    -2.3807    -1.8141    -2.2892
    -0.1705    -2.2349    -1.6625    -2.1296
    -0.5173    -2.0253    -1.4307    -1.8948
    -0.8909    -1.6697    -1.1186    -1.6694
    -1.1933    -1.4051    -0.7885    -1.4252
    -1.4335    -1.1679    -0.5031    -1.1340
    -1.6471    -0.8758    -0.1373    -0.8427
    -1.8072    -0.5379     0.2643    -0.5420
    -1.9852    -0.1907     0.6749    -0.1472
    -2.1543     0.2755     1.0231     0.2760
    -2.1810     0.6871     1.3892     0.7181
    -2.1899     1.1173     1.6124     1.2356
    -2.1276     1.4927     1.9072     1.7250
    -2.0386     1.8134     2.1394     2.1487
    -1.9852     2.0700     2.3360     2.5443
    -1.8606     2.3542     2.3985     2.8269
    -1.7538     2.6477     2.3985     3.0437
    -1.5136     2.8496     2.3985     3.2039
    -1.2467     3.0606     2.3360     3.2133
    -0.8375     3.1341     2.2466     3.2039
    -0.4639     3.1249     2.0948     3.0342
    -0.1171     2.9964     1.8000     2.7987
     0.3897     2.8129     1.4963     2.4784
     0.8430     2.4643     1.0766     2.1393
     1.3496     2.1067     0.6838     1.6874
     1.8383     1.7217     0.2732     1.2262
     2.2558     1.2088    -0.0213     0.7463
     2.7088     0.7329    -0.3336     0.2477
     2.9130     0.1841    -0.6012    -0.1378
     2.9663    -0.2455    -0.9759    -0.5044
     2.9929    -0.5288    -1.2702    -0.7488
     3.0462    -0.9032    -1.5466    -1.0589
     3.0018    -1.3139    -1.7517    -1.4252
     3.0462    -1.6150    -1.9210    -1.7915
     2.8953    -1.8338    -2.0726    -2.0544
     2.5223    -2.0526    -2.2419    -2.2141
     2.0248    -2.1620    -2.3311    -2.3361
     1.5006    -2.3260    -2.3756    -2.4393
     1.0296    -2.3260    -2.3311    -2.4112
     0.5674    -2.4080    -2.2241    -2.4487
     0.2030    -2.3625    -2.0726    -2.3455
    -0.0905    -2.3260    -1.8765    -2.1859
    -0.5173    -2.0982    -1.6090    -2.0263
    -0.8464    -1.8521    -1.3504    -1.7446
    -1.1666    -1.4964    -0.9491    -1.5004
    -1.4424    -1.2592    -0.5923    -1.3031
    -1.6115    -0.9123    -0.1908    -1.0025
    -1.8339    -0.6932     0.2732    -0.7394
    -2.0386    -0.2455     0.6660    -0.3822
    -2.1365     0.1292     0.9963     0.0785
    -2.2611     0.5499     1.2909     0.4923
    -2.2522     0.9617     1.5231     1.0191
    -2.1632     1.2638     1.8178     1.4897
    -2.1365     1.5752     2.1037     1.9510
    -2.0831     1.9142     2.2913     2.3559
    -2.0030     2.1342     2.4253     2.7045
    -1.8161     2.4001     2.4521     2.9683
    -1.6382     2.6477     2.4253     3.1002
    -1.3357     2.7762     2.4164     3.1285
    -0.9976     2.8863     2.3002     3.1002
    -0.6685     2.8220     2.1841     2.9023
    -0.2772     2.6569     1.9876     2.6291
     0.1318     2.4918     1.7196     2.3277
     0.6208     2.1617     1.3177     1.8945
     1.1007     1.8592     0.8534     1.5085
     1.6339     1.4561     0.4785     1.0474
     2.0426     0.9983     0.0947     0.5487
     2.3713     0.5407    -0.1908     0.0973
     2.7443     0.1384    -0.4852    -0.2976
     2.9130    -0.3095    -0.8599    -0.7018
     2.9574    -0.6658    -1.1453    -0.9743
     2.9752    -1.0310    -1.3683    -1.2468
     2.9397    -1.4234    -1.5644    -1.4816
     2.7443    -1.7609    -1.7784    -1.7258
     2.5223    -2.0071    -1.9210    -1.9418
     2.2291    -2.2440    -1.9924    -2.1389
     1.7672    -2.2623    -2.1082    -2.4018
     1.3140    -2.3716    -2.1038    -2.5238
     0.8252    -2.3898    -2.0993    -2.5332
     0.3541    -2.4035    -1.9745    -2.5332
    -0.0193    -2.4172    -1.8943    -2.3924
    -0.3394    -2.3807    -1.7071    -2.2141
    -0.7485    -2.1073    -1.4574    -2.0638
    -1.0421    -1.8612    -1.1275    -1.8291
    -1.3534    -1.5602    -0.8064    -1.5849
    -1.6115    -1.2865    -0.4228    -1.3783
    -1.8339    -1.0036    -0.1105    -1.0870
    -2.0030    -0.6840     0.2911    -0.7394
    -2.1721    -0.3004     0.6749    -0.4010
    -2.2878     0.0195     1.0141     0.0503
    -2.4124     0.3853     1.3177     0.5205
    -2.3679     0.7878     1.6660     1.0662
    -2.3501     1.0898     1.9161     1.4709
    -2.2522     1.4469     2.1573     1.9227
    -2.2344     1.8409     2.3717     2.3748
    -2.1187     2.0975     2.5862     2.6950
    -1.9674     2.3542     2.6577     2.9400
    -1.7182     2.6477     2.6934     3.1567
    -1.4246     2.8129     2.6487     3.2039
    -1.0777     3.0331     2.5326     3.2133
    -0.7663     3.0239     2.3717     3.0814
    -0.3928     2.8496     2.1394     2.8175
     0.0696     2.7119     1.8446     2.5161
     0.5052     2.4367     1.3713     2.1393
     1.0296     2.0425     0.9248     1.7062
     1.4829     1.6576     0.4964     1.2450
     1.9182     1.1905     0.1750     0.7369
     2.3002     0.6780    -0.1641     0.2854
     2.6111     0.2024    -0.4942    -0.1942
     2.8064    -0.2547    -0.7796    -0.6078
     3.0018    -0.6201    -1.0829    -0.9273
     3.0018    -0.9306    -1.3593    -1.2468
     2.9752    -1.3778    -1.6358    -1.5380
     2.8331    -1.7153    -1.8408    -1.8009
     2.6999    -1.8885    -1.9745    -1.9324
     2.4068    -2.1347    -2.1350    -2.0826
     2.0159    -2.2805    -2.1706    -2.1859
     1.5006    -2.3260    -2.1617    -2.2985
     0.9852    -2.4354    -2.0637    -2.4300
     0.5586    -2.4263    -1.9745    -2.4863
     0.1763    -2.2896    -1.7873    -2.3924
    -0.1616    -2.1802    -1.6268    -2.2985
    -0.5707    -2.0709    -1.3326    -2.1296
    -0.9353    -1.8338    -1.0829    -1.8385
    -1.2022    -1.5237    -0.7439    -1.5943
    -1.4513    -1.2592    -0.3514    -1.2374
    -1.6738    -0.9488     0.0769    -0.8991
    -1.9051    -0.5744     0.4339    -0.5702
    -2.1454    -0.2455     0.7463    -0.1378
    -2.2878     0.1749     1.0498     0.2572
    -2.3145     0.5773     1.3892     0.6804
    -2.2878     0.9251     1.7017     1.1509
    -2.2967     1.1905     1.9429     1.6309
    -2.3234     1.5110     2.1752     2.0075
    -2.3056     1.8500     2.4343     2.3748
    -2.1365     2.2075     2.6130     2.7327
    -1.8606     2.4367     2.7381     2.9589
    -1.5937     2.7211     2.6666     3.1285
    -1.3357     2.8771     2.5862     3.2698
    -1.0777     3.0423     2.4968     3.2133
    -0.7397     3.0148     2.3807     3.1002
    -0.3128     2.9230     2.1752     2.8741
     0.0785     2.7762     1.8982     2.5914
     0.5941     2.4643     1.5231     2.1393
     1.1007     2.1250     1.1213     1.6968
     1.6250     1.7217     0.6302     1.2638
     2.0604     1.3553     0.3089     0.8404
     2.4334     0.8061    -0.0124     0.3042
     2.7620     0.2847    -0.3960    -0.1378
     2.9485    -0.1542    -0.6904    -0.5326
     3.0107    -0.5379    -1.0740    -0.9179
     3.0640    -0.9214    -1.3058    -1.0683
     3.0373    -1.3321    -1.5912    -1.3501
     2.9752    -1.6241    -1.8319    -1.6413
     2.9041    -1.8885    -1.9656    -1.8948
     2.5489    -2.1073    -2.1617    -2.1014
     2.1403    -2.1894    -2.2598    -2.2985
     1.6161    -2.2896    -2.2776    -2.4112
     1.1096    -2.2805    -2.2509    -2.4018
     0.6030    -2.2623    -2.1350    -2.4018
     0.2030    -2.2440    -1.9656    -2.3173
    -0.1260    -2.1164    -1.7695    -2.0920
    -0.4906    -1.9159    -1.5109    -1.9136
    -0.8108    -1.7518    -1.2256    -1.6601
    -1.1755    -1.4416    -0.9134    -1.4252
    -1.4602    -1.1496    -0.5923    -1.1622
    -1.6560    -0.8484    -0.1730    -0.8709
    -1.8962    -0.6018     0.1394    -0.5984
    -2.1009    -0.2547     0.5231    -0.2412
    -2.2967     0.2572     0.8981     0.2572
    -2.3145     0.5682     1.2552     0.6616
    -2.2255     0.9434     1.5678     1.1697
    -2.2433     1.2363     1.8446     1.5462
    -2.1365     1.5477     2.0948     1.9510
    -2.1009     1.9233     2.2913     2.3654
    -1.9941     2.1983     2.4253     2.6668
    -1.8161     2.4918     2.3985     2.9589
    -1.5670     2.8312     2.3807     3.1473
    -1.2289     2.9964     2.3539     3.2416
    -0.9264     3.0882     2.2734     3.2321
    -0.5173     3.1157     2.1930     3.0531
    -0.2149     3.0331     2.0144     2.8081
     0.2919     2.7945     1.7464     2.5066
     0.7719     2.5101     1.3624     2.0734
     1.2163     2.1250     0.8891     1.6497
     1.7139     1.7950     0.4785     1.2544
     2.1137     1.2638     0.1394     0.7369
     2.4956     0.7969    -0.1462     0.2760
     2.8331     0.2664    -0.4585    -0.1472
     2.9929    -0.1816    -0.7529    -0.5232
     3.0729    -0.5379    -1.0472    -0.8709
     3.0462    -0.9306    -1.3861    -1.1152
     3.0462    -1.3869    -1.6358    -1.4628
     2.9308    -1.6423    -1.8497    -1.7821
     2.7265    -1.9159    -1.9834    -2.0826
     2.4512    -2.0435    -2.1439    -2.2892
     1.9893    -2.1985    -2.2063    -2.3924
     1.4384    -2.3443    -2.2152    -2.3924
     0.9319    -2.3989    -2.2241    -2.3643
     0.4874    -2.3443    -2.1706    -2.2798
     0.0162    -2.2896    -2.0191    -2.2798
    -0.2950    -2.1985    -1.8230    -2.2328
    -0.6507    -2.0344    -1.5823    -2.1389
    -0.9709    -1.8794    -1.3147    -1.9324
    -1.3001    -1.6514    -0.9669    -1.7258
    -1.5848    -1.3321    -0.6191    -1.4534
    -1.8250    -1.0492    -0.3068    -1.0964
    -2.0564    -0.7936     0.0769    -0.6830
    -2.2522    -0.4374     0.4607    -0.2694
    -2.3946     0.0561     0.8088     0.1819
    -2.4569     0.4493     1.1838     0.6428
    -2.4658     0.7603     1.4606     1.0097
    -2.4569     1.1447     1.8268     1.4050
    -2.4480     1.4103     2.1305     1.7627
    -2.3501     1.7676     2.3717     2.1299
    -2.1632     1.9967     2.5415     2.3936
    -1.9941     2.3084     2.5862     2.6103
    -1.7271     2.6110     2.6130     2.8081
    -1.4691     2.8220     2.4968     2.8458
    -1.1044     2.9138     2.4611     2.8269
    -0.7752     2.9413     2.3449     2.7139
    -0.4106     2.8312     2.1484     2.5161
     0.0518     2.6477     1.8625     2.2618
     0.5052     2.3726     1.4427     1.9510
     1.0296     2.1067     1.0141     1.5273
     1.4562     1.7309     0.5410     1.1791
     1.9804     1.2638     0.2197     0.7933
     2.3357     0.6688    -0.1016     0.3700
     2.6910     0.2298    -0.4317    -0.0438
     2.9219    -0.1998    -0.7172    -0.4668
     3.0640    -0.6292    -1.0650    -0.8052
     3.0729    -0.9945    -1.2880    -1.1246
     3.0107    -1.4599    -1.5644    -1.4816
     2.9929    -1.7882    -1.7338    -1.7915
     2.8864    -1.9888    -1.8765    -2.0638
     2.5667    -2.2167    -2.0102    -2.2047
     2.1137    -2.3443    -2.1350    -2.2704
     1.6339    -2.3989    -2.1795    -2.3455
     1.1096    -2.4263    -2.1261    -2.3830
     0.6297    -2.4536    -2.0013    -2.4769
     0.2919    -2.3625    -1.9300    -2.4206
    -0.0460    -2.3260    -1.7338    -2.2798
    -0.3483    -2.1620    -1.5109    -2.1108
    -0.7663    -2.0162    -1.2167    -1.8479
    -1.0777    -1.7335    -0.9134    -1.6413
    -1.3979    -1.4781    -0.5566    -1.4065
    -1.6471    -1.1314    -0.1908    -1.0213
    -1.8428    -0.8940     0.2197    -0.6830
    -2.1098    -0.5196     0.6124    -0.3164
    -2.1988    -0.1907     0.9427     0.0973
    -2.3234     0.2115     1.2909     0.4923
    -2.2611     0.6414     1.5946     0.9533
    -2.1810     0.9525     1.8982     1.3203
    -2.1276     1.3187     2.1930     1.6968
    -2.0742     1.7401     2.3717     2.1111
    -1.9407     2.0150     2.5326     2.4124
    -1.7271     2.4001     2.6398     2.6762
    -1.5136     2.6202     2.7291     2.9023
    -1.1844     2.8496     2.7202     2.9965
    -0.8998     3.0331     2.5772     2.9824
    -0.5173     3.1065     2.4343     2.9683
    -0.1082     2.9780     2.2377     2.8364
     0.3008     2.8496     1.8982     2.5820
     0.7541     2.5927     1.5231     2.2429
     1.2607     2.2900     1.0945     1.8568
     1.7050     1.9783     0.6481     1.4144
     2.1936     1.5568     0.3268     1.0097
     2.5578     1.0074    -0.0302     0.5299
     2.8509     0.5225    -0.3871     0.1067
     3.0107     0.0469    -0.6458    -0.2882
     3.0462    -0.3552    -1.0205    -0.6454
     3.0107    -0.7753    -1.2791    -0.8427
     3.0551    -1.2226    -1.5823    -1.1622
     2.9752    -1.4964    -1.7784    -1.4816
     2.8153    -1.7518    -1.9210    -1.7634
     2.4334    -1.8976    -2.0904    -2.0169
     2.0071    -2.0982    -2.1885    -2.1483
     1.5451    -2.2623    -2.2152    -2.3079
     1.0652    -2.2623    -2.1528    -2.3267
     0.5763    -2.2167    -2.0815    -2.3079
     0.1496    -2.1802    -2.0102    -2.2422
    -0.2061    -2.1529    -1.8230    -2.1202
    -0.6062    -2.0617    -1.5466    -1.8948
    -0.9976    -1.8521    -1.2880    -1.6882
    -1.2912    -1.5785    -0.9669    -1.4534
    -1.6560    -1.2683    -0.6369    -1.2749
    -1.8873    -0.9762    -0.2533    -0.9837
    -2.0742    -0.6840     0.1126    -0.6454
    -2.2433    -0.3643     0.5053    -0.3446
    -2.3679     0.1018     0.8713     0.1067
    -2.4569     0.4401     1.2016     0.5205
    -2.4747     0.7695     1.5499     0.9250
    -2.4302     1.1905     1.8357     1.3862
    -2.2967     1.5202     2.1126     1.7721
    -2.2255     1.8134     2.3270     2.1582
    -2.1276     2.1525     2.5415     2.4784
    -1.9140     2.5101     2.5772     2.7704
    -1.6382     2.7119     2.5728     2.9306
    -1.2912     2.9413     2.5683     3.0908
    -1.0243     3.1157     2.4968     3.0861
    -0.6685     3.1616     2.4075     3.0814
    -0.3217     3.1708     2.2198     2.9023
     0.1229     2.9413     1.9072     2.6291
     0.6563     2.7395     1.5499     2.2712
     1.0652     2.3909     1.1213     1.9227
     1.5717     1.9783     0.6302     1.5085
     2.0337     1.4927     0.3000     1.0662
     2.4068     0.9617    -0.0391     0.5393
     2.6732     0.4767    -0.3157     0.1161
     2.9397    -0.0810    -0.6458    -0.3822
     2.9841    -0.4374    -0.9937    -0.7394
     2.9841    -0.7936    -1.2612    -1.0307
     2.9841    -1.0857    -1.5020    -1.2843
     2.9397    -1.4599    -1.6982    -1.6037
     2.7798    -1.7062    -1.8854    -1.8667
     2.4778    -1.9068    -2.0102    -2.0544
     2.0604    -2.0344    -2.1261    -2.1671
     1.6073    -2.2349    -2.1885    -2.2047
     1.1007    -2.2349    -2.2241    -2.2892
     0.5674    -2.2714    -2.1795    -2.2892
     0.1852    -2.1985    -2.0637    -2.2610
    -0.1171    -2.0982    -1.8319    -2.0826
    -0.4639    -2.0071    -1.6447    -1.9793
    -0.8909    -1.8885    -1.3504    -1.8291
    -1.2200    -1.5876    -1.0740    -1.5943
    -1.5047    -1.3595    -0.6993    -1.3501
    -1.7538    -0.9945    -0.3960    -1.0777
    -1.9407    -0.7023    -0.0570    -0.7300
    -2.1632    -0.3186     0.3446    -0.3352
    -2.2789     0.0744     0.6927     0.0785
    -2.3768     0.4859     1.0141     0.4547
    -2.3501     0.8610     1.3356     0.8968
    -2.3145     1.2271     1.6928     1.3014
    -2.2611     1.5294     2.0144     1.7250
    -2.1899     1.8500     2.2198     2.1111
    -2.1098     2.1525     2.4253     2.4313
    -1.8695     2.5009     2.4700     2.7045
    -1.6382     2.7303     2.4789     2.8552
    -1.3534     2.8954     2.4700     3.0154
    -1.0243     3.0423     2.4432     3.0060
    -0.6329     3.0148     2.3181     2.8929
    -0.3039     2.8771     2.1573     2.6668
     0.1052     2.7395     1.9340     2.4501
     0.6386     2.4643     1.6124     2.0546
     1.0919     2.0608     1.1570     1.6403
     1.5895     1.7034     0.7106     1.1979
     2.0692     1.2088     0.3000     0.7933
     2.4334     0.7603     0.0144     0.3230
     2.7709     0.2938    -0.2533    -0.1378
     2.9752    -0.1998    -0.6101    -0.5608
     3.0018    -0.5470    -0.9223    -0.9179
     3.0107    -0.8758    -1.2702    -1.1904
     3.0196    -1.2957    -1.5109    -1.3971
     3.0462    -1.5967    -1.6982    -1.7352
     2.9308    -1.8794    -1.8319    -1.9887
     2.6288    -2.0891    -1.9567    -2.1859
     2.2203    -2.2258    -2.1261    -2.3267
     1.6961    -2.3898    -2.1706    -2.4675
     1.1896    -2.4627    -2.1439    -2.4957
     0.6919    -2.4445    -2.1082    -2.4393
     0.1763    -2.3807    -2.0102    -2.3173
    -0.1527    -2.3078    -1.8497    -2.2328
    -0.5173    -2.1894    -1.6268    -2.0920
    -0.9175    -1.9888    -1.3415    -1.8573
    -1.2200    -1.7791    -1.0026    -1.7258
    -1.5403    -1.4964    -0.6191    -1.4816
    -1.7627    -1.1953    -0.3068    -1.2374
    -2.0119    -0.8484     0.0769    -0.8521
    -2.1810    -0.4100     0.4874    -0.4386
    -2.3323     0.0287     0.8891     0.0033
    -2.4569     0.4950     1.2463     0.4076
    -2.4035     0.8610     1.5588     0.8780
    -2.3590     1.2180     1.8804     1.3297
    -2.2611     1.6118     2.1126     1.7439
    -2.2166     1.8958     2.3628     2.1487
    -2.0564     2.2075     2.6040     2.4878
    -1.8873     2.4918     2.8096     2.7516
    -1.5937     2.6569     2.8096     2.9965
    -1.3534     2.8954     2.7381     3.1567
    -0.9976     3.0148     2.6666     3.1944
    -0.5885     3.0698     2.5504     3.1002
    -0.2861     2.9505     2.3449     2.9117
     0.1763     2.8220     2.0680     2.6950
     0.6208     2.5101     1.6928     2.2994
     1.1541     2.2075     1.2820     1.8286
     1.6073     1.8225     0.8356     1.3391
     2.0248     1.3553     0.4785     0.8968
     2.4246     0.8701     0.1304     0.4547
     2.7265     0.4127    -0.1373     0.0315
     2.9397    -0.0628    -0.5031    -0.4010
     3.0373    -0.4283    -0.7796    -0.7864
     3.0107    -0.7845    -1.1542    -1.0683
     3.0107    -1.1314    -1.4485    -1.2843
     3.0285    -1.4690    -1.6268    -1.5474
     2.8420    -1.7974    -1.8051    -1.8667
     2.5311    -1.9888    -2.0013    -2.0451
     2.0870    -2.1711    -2.0993    -2.2328
     1.6073    -2.3169    -2.1617    -2.3173
     1.0741    -2.3352    -2.1706    -2.3173
     0.5941    -2.3215    -2.0904    -2.3173
     0.1229    -2.3078    -2.0102    -2.2328
    -0.2061    -2.2531    -1.8497    -2.0263
    -0.5885    -2.1073    -1.5912    -1.8573
    -0.9353    -2.0162    -1.3147    -1.7728
    -1.3001    -1.7609    -1.0294    -1.5755
    -1.5848    -1.5237    -0.6726    -1.4252
    -1.8161    -1.1588    -0.3336    -1.0964
    -1.9941    -0.8119     0.0233    -0.7488
    -2.2255    -0.3735     0.4160    -0.3728
    -2.4124     0.1018     0.7999     0.0409
    -2.4035     0.5499     1.1748     0.4453
    -2.3946     0.8976     1.5320     0.8498
    -2.2967     1.2729     1.8982     1.3109
    -2.1988     1.5752     2.1752     1.7909
    -2.1276     1.9050     2.3807     2.1864
    -1.9852     2.1800     2.6130     2.5349
    -1.7894     2.4551     2.6934     2.8269
    -1.5403     2.6661     2.7023     3.0154
    -1.1933     2.8404     2.7113     3.1002
    -0.9087     3.0148     2.6398     3.1379
    -0.5440     3.0056     2.4700     3.0719
    -0.1883     2.9597     2.3002     2.8646
     0.2919     2.7670     2.0322     2.6008
     0.7274     2.5468     1.7017     2.2335
     1.1274     2.1892     1.2016     1.8098
     1.6606     1.7767     0.7731     1.3579
     2.0426     1.3553     0.3625     0.9344
     2.4778     0.8061     0.0501     0.4170
     2.7620     0.2847    -0.2354    -0.0626
     2.9663    -0.1542    -0.5834    -0.4574
     3.0373    -0.5744    -0.8956    -0.8521
     3.0373    -0.9306    -1.2523    -1.1622
     2.9841    -1.2500    -1.5198    -1.4159
     2.9397    -1.6423    -1.7606    -1.7352
     2.8242    -1.8703    -1.8854    -1.9418
     2.5045    -2.1256    -2.0548    -2.1202
     2.0959    -2.2896    -2.1795    -2.2234
     1.6161    -2.3716    -2.2152    -2.3173
     1.1007    -2.3807    -2.2509    -2.4112
     0.6119    -2.3534    -2.2509    -2.3736
     0.1318    -2.3807    -2.1172    -2.2798
    -0.1705    -2.3169    -1.9745    -2.1483
    -0.5351    -2.2714    -1.8141    -2.1014
    -0.9976    -2.1073    -1.5466    -1.9230
    -1.3357    -1.8703    -1.3058    -1.7915
    -1.6293    -1.5967    -0.9491    -1.5567
    -1.8784    -1.2500    -0.6191    -1.2749
    -2.0119    -0.9671    -0.2087    -0.8146
    -2.2166    -0.5836     0.1572    -0.4762
    -2.3590    -0.0810     0.5767    -0.0814
    -2.5103     0.3121     0.9248     0.3042
    -2.4213     0.6963     1.2641     0.7086
    -2.3501     0.9891     1.6124     1.1603
    -2.2611     1.4011     1.9340     1.5932
    -2.1988     1.7034     2.2288     2.0640
    -2.0475     1.9692     2.3717     2.4219
    -1.8250     2.2350     2.4611     2.7610
    -1.6026     2.5285     2.5683     2.9871
    -1.3179     2.7028     2.5594     3.1379
    -0.9976     2.8129     2.5236     3.1756
    -0.6240     2.7945     2.4253     3.0625
    -0.3305     2.7762     2.2645     2.9400
     0.1407     2.6294     1.9697     2.7139
     0.6297     2.4459     1.6660     2.3465
     1.0652     2.1617     1.1838     1.9039
     1.5273     1.7950     0.8088     1.5085
     1.9982     1.4103     0.3982     1.0944
     2.4157     0.9342     0.0858     0.5487
     2.6910     0.4950    -0.2176     0.1067
     2.9485    -0.0262    -0.5299    -0.3822
     2.9574    -0.3735    -0.8867    -0.8052
     2.9929    -0.7297    -1.1364    -1.0495
     2.9929    -1.1040    -1.4307    -1.3407
     2.9841    -1.4143    -1.6090    -1.5849
     2.7976    -1.7153    -1.8051    -1.8009
     2.4690    -1.8976    -1.9745    -1.9418
     2.0692    -2.0526    -2.0637    -2.0544
     1.5273    -2.1256    -2.1617    -2.1953
     1.0208    -2.1620    -2.1573    -2.2234
     0.5497    -2.2167    -2.1528    -2.2047
     0.1052    -2.2440    -2.0102    -2.2047
    -0.2416    -2.2531    -1.8586    -2.1859
    -0.6507    -2.1529    -1.7071    -2.0732
    -1.0154    -1.9706    -1.4485    -1.9230
    -1.2912    -1.7426    -1.2256    -1.7258
    -1.6293    -1.3230    -0.8688    -1.4816
    -1.8873    -1.0127    -0.4942    -1.1998
    -2.0030    -0.7388    -0.1551    -0.8333
    -2.1899    -0.4191     0.3446    -0.4574
    -2.3323     0.0561     0.6660    -0.0908
    -2.4124     0.4584     1.0498     0.2666
    -2.4213     0.8152     1.4249     0.7463
    -2.3590     1.1539     1.7464     1.2638
    -2.2344     1.4652     2.0412     1.7250
    -2.1276     1.7767     2.3449     2.1017
    -2.0119     2.0517     2.5504     2.3936
    -1.8250     2.2809     2.6308     2.6856
    -1.5670     2.5193     2.6845     2.9023
    -1.2734     2.6661     2.6755     3.0342
    -0.9353     2.8679     2.5862     3.1096
    -0.5529     2.8863     2.4611     3.1002
    -0.2416     2.8496     2.3449     2.9871
     0.2030     2.6844     2.0680     2.7704
     0.6563     2.5193     1.7732     2.4124
     1.1452     2.2533     1.2999     1.9792
     1.5451     1.8592     0.9070     1.5179
     2.0159     1.4652     0.5678     1.0097
     2.3713     1.0623     0.2464     0.5487
     2.7265     0.5773    -0.1105     0.0503
     2.9041     0.0561    -0.4317    -0.4010
     3.0018    -0.3552    -0.7618    -0.7864
     3.0462    -0.6932    -1.0829    -0.9931
     3.0462    -1.0766    -1.3950    -1.2374
     3.0107    -1.4143    -1.6447    -1.4816
     2.8420    -1.7335    -1.8765    -1.7258
     2.6111    -1.9250    -2.0726    -1.9042
     2.1758    -2.1256    -2.1974    -2.0451
     1.6339    -2.1802    -2.2598    -2.1577
     1.0652    -2.2167    -2.2598    -2.2798
     0.5674    -2.2349    -2.2509    -2.2892
     0.1140    -2.3078    -2.1528    -2.2328
    -0.2416    -2.3352    -1.9567    -2.2141
    -0.6151    -2.1985    -1.7784    -2.0638
    -0.9709    -2.0253    -1.5288    -1.9981
    -1.3179    -1.6788    -1.2256    -1.7540
    -1.6649    -1.3413    -0.9223    -1.4722
    -1.8962    -1.0766    -0.5566    -1.1998
    -2.1098    -0.7388    -0.1908    -0.8615
    -2.3056    -0.4374     0.1572    -0.5608
    -2.4391    -0.0079     0.5499    -0.1660
    -2.4525     0.3487     0.9606     0.2477
    -2.4658     0.6780     1.2552     0.6898
    -2.3946     1.0623     1.5946     1.1603
    -2.2789     1.3828     1.8982     1.6026
    -2.2166     1.7126     2.1216     1.9981
    -2.0475     1.9875     2.2913     2.3936
    -1.7983     2.2625     2.3539     2.6668
    -1.4869     2.5101     2.4432     2.8835
    -1.2200     2.7119     2.4075     3.0531
    -0.9087     2.8037     2.3717     3.2133
    -0.5973     2.8266     2.2913     3.1285
    -0.2238     2.8496     2.1930     2.9777
     0.2385     2.8037     2.0322     2.7704
     0.6474     2.5468     1.7464     2.3936
     1.0919     2.3084     1.3266     1.9981
     1.5806     1.9325     0.9695     1.5650
     2.0159     1.5568     0.5856     1.1226
     2.4334     1.1081     0.2197     0.6428
     2.7709     0.5682    -0.1105     0.1819
     2.9041     0.2024    -0.4763    -0.3070
     3.0196    -0.2364    -0.7975    -0.6548
     2.9929    -0.6840    -1.1007    -0.9461
     2.9841    -1.0492    -1.3772    -1.2092
     2.9574    -1.4508    -1.6001    -1.4159
     2.8953    -1.6514    -1.8230    -1.6882
     2.5933    -1.8703    -2.0102    -1.8667
     2.1936    -2.0162    -2.1261    -1.9981
     1.6961    -2.1802    -2.2063    -2.0451
     1.1363    -2.2167    -2.3132    -2.1483
     0.6030    -2.2714    -2.2598    -2.2047
     0.1140    -2.3898    -2.1528    -2.2610
    -0.2594    -2.3534    -2.0191    -2.1671
    -0.5796    -2.2258    -1.8319    -2.0357
    -0.9709    -2.0526    -1.5823    -1.8573
    -1.2645    -1.7426    -1.3147    -1.6694
    -1.6026    -1.4325    -0.9848    -1.4628
    -1.8250    -1.2044    -0.6369    -1.2186
    -2.0653    -0.8849    -0.3157    -0.9085
    -2.1988    -0.6110     0.0412    -0.5138
    -2.3590    -0.2273     0.4785    -0.1660
    -2.4569     0.1384     0.8891     0.2007
    -2.4213     0.5133     1.2016     0.6334
    -2.2878     0.9159     1.5946     1.1226
    -2.2700     1.2271     1.9340     1.5556
    -2.1454     1.6301     2.1662     1.9416
    -2.0208     1.8775     2.3270     2.3277
    -1.8250     2.1433     2.4164     2.6479
    -1.5759     2.4459     2.4968     2.9212
    -1.2556     2.5835     2.5594     3.0437
    -0.9798     2.7211     2.5326     3.1567
    -0.6240     2.7762     2.4521     3.1096
    -0.2149     2.7486     2.3092     2.9777
     0.2385     2.6294     2.1573     2.7233
     0.6830     2.4734     1.8000     2.3559
     1.0919     2.2167     1.4427     1.8568
     1.5984     1.9142     1.0766     1.4520
     2.0426     1.4561     0.6749     0.9344
     2.4068     1.0257     0.3268     0.4453
     2.7532     0.5682     0.0680     0.0127
     2.9663     0.1109    -0.2711    -0.4010
     2.9663    -0.3735    -0.5923    -0.8052
     3.0107    -0.7571    -0.9491    -1.0495
     2.9752    -1.0857    -1.2167    -1.2937
     3.0285    -1.4599    -1.4574    -1.4816
     2.9308    -1.7426    -1.6268    -1.7728
     2.6199    -1.9432    -1.7962    -1.9606
     2.2203    -2.1529    -1.9389    -2.1389
     1.6783    -2.2440    -2.0637    -2.2141
     1.1007    -2.2805    -2.0770    -2.2704
     0.5941    -2.3443    -2.0904    -2.3079
     0.1052    -2.3443    -2.0637    -2.3173
    -0.2861    -2.2714    -1.8765    -2.2328
    -0.6863    -2.0709    -1.6982    -2.1389
    -1.0777    -1.8976    -1.4663    -1.9793
    -1.4246    -1.6879    -1.1721    -1.6976
    -1.7271    -1.4234    -0.8599    -1.4910
    -1.8873    -1.2135    -0.4852    -1.2843
    -2.0564    -0.9306    -0.1462    -0.9649
    -2.2344    -0.5379     0.2107    -0.6266
    -2.3679    -0.1359     0.6570    -0.2318
    -2.4658     0.2298     1.0231     0.1725
    -2.4569     0.6048     1.3356     0.6898
    -2.3412     0.9617     1.7375     1.1697
    -2.2344     1.3370     2.0233     1.5838
    -2.1009     1.6576     2.2288     1.9981
    -1.9852     1.9050     2.3717     2.4124
    -1.7627     2.2075     2.4700     2.7422
    -1.5492     2.4734     2.5057     2.9306
    -1.2200     2.6202     2.5504     3.1285
    -0.9175     2.7762     2.4611     3.2133
    -0.5351     2.8771     2.3539     3.1662
    -0.1794     2.8312     2.1930     2.9589
     0.2385     2.7303     2.0322     2.6856
     0.7186     2.5009     1.7107     2.3183
     1.1896     2.2625     1.3713     1.8663
     1.6339     1.9142     0.9338     1.4050
     2.0515     1.5019     0.5321     0.9815
     2.4423     0.9891     0.2286     0.4547
     2.7976     0.4950    -0.0837     0.0315
     2.9485     0.0104    -0.3960    -0.4386
     3.0373    -0.3917    -0.6815    -0.7958
     3.0462    -0.7662    -1.0829    -1.0964
     2.9841    -1.1588    -1.3772    -1.3407
     2.9929    -1.5055    -1.6447    -1.5567
     2.8686    -1.8429    -1.7962    -1.8009
     2.5933    -2.0435    -1.9656    -2.0169
     2.1936    -2.2531    -2.1439    -2.1483
     1.6428    -2.2987    -2.2598    -2.2610
     1.1274    -2.4354    -2.2776    -2.3455
     0.5674    -2.4536    -2.2687    -2.4112
     0.0429    -2.4080    -2.1082    -2.3924
    -0.3128    -2.3807    -1.9834    -2.2892
    -0.6863    -2.2531    -1.7962    -2.1483
    -1.0599    -2.0617    -1.4753    -1.9699
    -1.3623    -1.8338    -1.2256    -1.6976
    -1.6560    -1.5146    -0.8956    -1.4628
    -1.9051    -1.2774    -0.5477    -1.1904
    -2.0653    -0.9306    -0.1730    -0.8427
    -2.2522    -0.6018     0.2464    -0.5326
    -2.3857    -0.1724     0.6035    -0.1284
    -2.4480     0.3212     1.0231     0.3042
    -2.4302     0.6780     1.3892     0.7463
    -2.3145     1.0166     1.7017     1.1697
    -2.2522     1.4103     2.0233     1.6497
    -2.1810     1.7309     2.2288     2.0263
    -2.0920     2.0058     2.3717     2.3559
    -1.9140     2.2900     2.5326     2.6668
    -1.6293     2.5376     2.5683     2.8929
    -1.3001     2.6385     2.5862     3.0625
    -1.0065     2.8220     2.5594     3.1191
    -0.6151     2.9046     2.4253     3.1096
    -0.2061     2.8771     2.2556     2.9683
     0.2118     2.7395     2.0769     2.7327
     0.5852     2.6110     1.7464     2.3936
     1.1007     2.2992     1.3624     1.9510
     1.5273     1.9417     0.9963     1.5556
     1.9893     1.5752     0.5678     1.0568
     2.3624     1.1081     0.2643     0.6146
     2.7088     0.6231    -0.1194     0.1255
     2.9219     0.0744    -0.4139    -0.3634
     3.0285    -0.2455    -0.7350    -0.7112
     3.0373    -0.6201    -1.0561    -1.0307
     3.0107    -1.0036    -1.4218    -1.2749
     3.0196    -1.3960    -1.6803    -1.5286
     2.8686    -1.7244    -1.8586    -1.7915
     2.5933    -1.9068    -2.0637    -1.9793
     2.1225    -2.0617    -2.1974    -2.0826
     1.6339    -2.2440    -2.2419    -2.1765
     1.1007    -2.4172    -2.2464    -2.2704
     0.5941    -2.4263    -2.2509    -2.2751
     0.0607    -2.4080    -2.1617    -2.2798
    -0.2861    -2.3078    -1.9745    -2.1671
    -0.6685    -2.2167    -1.7338    -1.9981
    -1.0065    -2.0709    -1.4753    -1.8009
    -1.3179    -1.7882    -1.2167    -1.6131
    -1.5937    -1.5146    -0.8688    -1.4065
    -1.8784    -1.2318    -0.5834    -1.2092
    -2.0653    -0.9488    -0.2176    -0.9367
    -2.2433    -0.5836     0.2107    -0.5796
    -2.4035    -0.2181     0.5945    -0.2036
    -2.3946     0.2755     0.9873     0.2383
    -2.3857     0.5682     1.4427     0.6992
    -2.2878     0.9617     1.8089     1.1885
    -2.3056     1.3462     2.1216     1.5462
    -2.2255     1.6668     2.3807     1.9227
    -2.0386     1.9875     2.5236     2.2523
    -1.8250     2.2625     2.7291     2.5255
    -1.4958     2.5468     2.7917     2.7610
    -1.1933     2.6385     2.8274     2.9023
    -0.8731     2.8129     2.7291     2.9871
    -0.5440     2.9138     2.5772     2.9777
    -0.1349     2.8587     2.4253     2.8175
     0.3363     2.7303     2.1394     2.6103
     0.7808     2.4826     1.8982     2.3088
     1.2252     2.1708     1.4695     1.9510
     1.6339     1.8867     1.0766     1.5462
     2.1137     1.5019     0.7017     1.0850
     2.4867     1.0349     0.2911     0.5581
     2.7798     0.5225    -0.0124     0.0503
     3.0018     0.0469    -0.3157    -0.3916
     2.9929    -0.2638    -0.6547    -0.7394
     3.0462    -0.6018    -1.0383    -1.0589
     2.9929    -0.9945    -1.3593    -1.2468
     2.9841    -1.3960    -1.6090    -1.4816
     2.8509    -1.6241    -1.8051    -1.6694
     2.5400    -1.8338    -1.9834    -1.8385
     2.1225    -2.0344    -2.0726    -2.0263
     1.6250    -2.1347    -2.1974    -2.1014
     1.0296    -2.2531    -2.2776    -2.2047
     0.5052    -2.2486    -2.2419    -2.2610
    -0.0193    -2.2440    -2.1082    -2.2516
    -0.3394    -2.2258    -2.0102    -2.1202
    -0.7041    -2.1347    -1.8141    -1.9981
    -0.9976    -1.9524    -1.5644    -1.7915
    -1.3712    -1.7153    -1.2702    -1.6225
    -1.6738    -1.4143    -1.0115    -1.4252
    -1.8784    -1.1131    -0.6458    -1.2092
    -2.1098    -0.8393    -0.2533    -0.9179
    -2.3234    -0.5379     0.0590    -0.5796
    -2.4925    -0.1816     0.5231    -0.2036
    -2.4836     0.2938     0.8713     0.2101
    -2.4658     0.6231     1.2552     0.6992
    -2.3501     0.9891     1.6303     1.1320
    -2.3412     1.2912     1.9786     1.5556
    -2.2166     1.6484     2.2288     1.9039
    -2.1276     1.9692     2.4253     2.2994
    -1.8606     2.1983     2.5147     2.5161
    -1.6471     2.4826     2.6219     2.7893
    -1.2823     2.6385     2.6130     2.9117
    -0.9887     2.7486     2.5683     3.0531
    -0.6151     2.7670     2.4164     3.0814
    -0.2061     2.7853     2.2913     2.9683
     0.2207     2.6569     2.0322     2.7516
     0.6563     2.5009     1.8089     2.4030
     1.0563     2.2258     1.4517     2.0452
     1.5095     1.9325     1.0766     1.6026
     1.9626     1.5660     0.7284     1.1603
     2.3979     1.0990     0.3714     0.6428
     2.7443     0.6231     0.1215     0.1631
     2.9130     0.1475    -0.2087    -0.3352
     2.9929    -0.2638    -0.5745    -0.7300
     3.0373    -0.6292    -0.9223    -1.0025
     2.9752    -1.0219    -1.2523    -1.2374
     2.9485    -1.3321    -1.4842    -1.4346
     2.8331    -1.6150    -1.6892    -1.6788
     2.4867    -1.8338    -1.8051    -1.8948
     2.1225    -2.0071    -1.9478    -2.0732
     1.6606    -2.1711    -2.0904    -2.1953
     1.1363    -2.2531    -2.1528    -2.2704
     0.5763    -2.2258    -2.1974    -2.2610
     0.0696    -2.2531    -2.0904    -2.1859
    -0.2327    -2.2623    -1.9478    -2.0826
    -0.5973    -2.1620    -1.7517    -1.9699
    -0.9531    -1.9615    -1.5377    -1.8573
    -1.3090    -1.7700    -1.2702    -1.6788
    -1.5670    -1.4872    -0.9491    -1.4534
    -1.8517    -1.2409    -0.6547    -1.1622
    -2.0920    -0.9032    -0.3336    -0.8897
    -2.2611    -0.5196     0.0590    -0.5138
    -2.4035    -0.1176     0.4160    -0.1378
    -2.4124     0.2938     0.8534     0.3230
    -2.3768     0.6871     1.1838     0.7651
    -2.3234     1.0715     1.5410     1.2073
    -2.1988     1.4286     1.8714     1.6309
    -2.0475     1.6851     2.1126     1.9887
    -1.9051     1.9692     2.3002     2.3371
    -1.7271     2.2442     2.4521     2.5820
    -1.4335     2.5285     2.5862     2.8269
    -1.1844     2.6385     2.6219     2.9494
    -0.8197     2.7762     2.5147     3.0719
    -0.4906     2.8771     2.4253     3.0625
    -0.1082     2.8312     2.2734     2.9589
     0.2474     2.7119     2.0858     2.7045
     0.6652     2.5101     1.8625     2.3936
     1.1363     2.2717     1.4606     2.0075
     1.5095     1.9783     1.0945     1.5650
     1.9449     1.6484     0.7731     1.1415
     2.3535     1.1264     0.4428     0.6710
     2.7088     0.6780     0.1215     0.2195
     2.9663     0.2481    -0.1730    -0.2694
     3.0373    -0.2273    -0.4942    -0.6736
     3.0285    -0.5379    -0.8777    -0.9931
     3.0107    -0.9397    -1.1988    -1.2092
     2.9574    -1.2865    -1.4574    -1.4628
     2.8597    -1.5967    -1.6536    -1.7446
     2.5134    -1.8338    -1.8230    -1.9324
     2.1758    -2.0709    -1.9478    -2.1014
     1.6961    -2.2076    -2.0369    -2.1953
     1.1363    -2.3078    -2.1082    -2.3079
     0.6119    -2.3807    -2.0949    -2.3267
     0.0696    -2.3443    -2.0815    -2.3173
    -0.3483    -2.2987    -1.9300    -2.2328
    -0.7130    -2.2623    -1.7962    -2.0920
    -1.0777    -2.1620    -1.5020    -1.9418
    -1.4424    -1.8703    -1.2612    -1.7540
    -1.7093    -1.5785    -0.9937    -1.5004
    -1.9674    -1.3139    -0.6993    -1.2374
    -2.1899    -0.9214    -0.3425    -0.9179
    -2.4035    -0.6018    -0.0034    -0.5984
    -2.5014    -0.1998     0.4071    -0.1754
    -2.5637     0.2206     0.7374     0.2760
    -2.5459     0.6414     1.1391     0.6898
    -2.4302     0.9800     1.5231     1.1415
    -2.2789     1.2729     1.8268     1.5932
    -2.1988     1.6668     2.0858     1.9416
    -2.0564     1.8684     2.2734     2.2618
    -1.8161     2.2167     2.4253     2.5632
    -1.5759     2.3817     2.5504     2.7704
    -1.2556     2.6018     2.5951     2.9306
    -0.8642     2.8129     2.5415     3.0625
    -0.5173     2.8954     2.4879     3.0342
    -0.1082     2.8679     2.3360     2.9117
     0.3452     2.7578     2.1305     2.7516
     0.7186     2.5285     1.8625     2.4030
     1.1896     2.2625     1.5588     1.9698
     1.5895     1.9967     1.1748     1.5462
     2.1048     1.5843     0.8177     1.1603
     2.4867     1.1539     0.4517     0.7463
     2.8153     0.6871     0.1929     0.3136
     3.0285     0.2664    -0.1105    -0.1566
     3.0462    -0.1450    -0.4763    -0.5420
     3.0373    -0.5836    -0.8153    -0.8803
     3.0462    -0.9397    -1.0918    -1.1434
     3.0107    -1.2774    -1.4218    -1.3877
     2.9752    -1.5329    -1.6268    -1.6976
     2.6288    -1.7518    -1.7873    -1.9136
     2.2291    -1.9706    -1.9300    -2.1108
     1.7050    -2.1073    -2.0548    -2.1765
     1.2074    -2.2440    -2.1528    -2.2422
     0.6297    -2.2805    -2.1617    -2.2047
     0.1674    -2.2714    -2.1617    -2.1577
    -0.2327    -2.2623    -2.0637    -2.1108
    -0.5351    -2.1711    -1.8497    -1.9981
    -1.0065    -2.0253    -1.6892    -1.8009
    -1.3534    -1.8156    -1.4218    -1.6037
    -1.6204    -1.4872    -1.1096    -1.3783
    -1.9051    -1.2226    -0.8064    -1.1716
    -2.1187    -0.9032    -0.4763    -0.9273
    -2.2522    -0.5014    -0.0570    -0.5326
    -2.4391    -0.1176     0.3357    -0.2130
    -2.5459     0.2664     0.7552     0.2101
    -2.4836     0.6505     1.0945     0.6334
    -2.4391     0.9708     1.5231     1.1320
    -2.3145     1.3553     1.8625     1.5556
    -2.2433     1.6668     2.1305     1.9887
    -2.0920     1.9233     2.4075     2.3183
    -1.8695     2.2350     2.5236     2.5820
    -1.5937     2.4367     2.6755     2.7893
    -1.2200     2.6110     2.7559     2.9023
    -0.8197     2.7945     2.7381     3.0060
    -0.5173     2.8404     2.6130     3.0437
    -0.0993     2.8679     2.4075     2.8929
     0.2741     2.7670     2.2377     2.7422
     0.7274     2.5652     1.9161     2.3936
     1.1007     2.2533     1.5767     1.9792
     1.5628     2.0058     1.1838     1.5838
     1.9893     1.6301     0.8802     1.1697
     2.3979     1.1356     0.5053     0.7181
     2.7088     0.7054     0.1840     0.2572
     2.9663     0.2206    -0.1105    -0.1848
     3.0107    -0.1816    -0.4585    -0.5796
     2.9929    -0.5836    -0.8242    -0.9555
     2.9841    -0.9488    -1.0740    -1.2280
     2.9485    -1.2683    -1.3772    -1.4346
     2.7088    -1.6241    -1.5912    -1.6882
     2.3979    -1.8612    -1.7338    -1.8760
     2.0515    -1.9888    -1.9300    -2.0357
     1.5806    -2.1164    -2.1172    -2.1671
     1.0741    -2.2531    -2.1617    -2.2328
     0.6119    -2.2714    -2.1528    -2.2141
     0.0607    -2.3625    -2.1439    -2.1765
    -0.3217    -2.3169    -2.0815    -2.0638
    -0.6151    -2.2531    -1.9032    -1.8948
    -1.0421    -2.0435    -1.7606    -1.7728
    -1.3801    -1.7700    -1.5198    -1.6694
    -1.6382    -1.4964    -1.2256    -1.4065
    -1.9051    -1.2135    -0.9045    -1.1904
    -2.0653    -0.9762    -0.5299    -0.8803
    -2.3234    -0.5744    -0.1551    -0.5796
    -2.4836    -0.1633     0.1929    -0.2412
    -2.4703     0.2938     0.5856     0.1537
    -2.4569     0.6414     1.0320     0.6334
    -2.3679     1.0257     1.4427     1.1320
    -2.3056     1.3645     1.7821     1.5556
    -2.1810     1.6851     2.1394     1.9039
    -2.0208     1.9142     2.4164     2.2052
    -1.7538     2.2350     2.5504     2.4784
    -1.4780     2.4643     2.5951     2.7139
    -1.1221     2.6110     2.6755     2.9117
    -0.8197     2.7853     2.6487     3.0531
    -0.3839     2.8037     2.4968     3.0908
    -0.0104     2.7853     2.3628     2.9683
     0.3630     2.7028     2.2198     2.8175
     0.7808     2.5101     1.9518     2.4784
     1.2340     2.3175     1.5767     2.0640
     1.6695     1.9325     1.2016     1.6497
     2.0604     1.6026     0.8534     1.1979
     2.4068     1.2088     0.4874     0.6804
     2.7088     0.6871     0.1750     0.1631
     2.9485     0.1841    -0.1462    -0.2976
     3.0196    -0.1633    -0.4317    -0.7112
     3.0107    -0.5014    -0.7707    -1.0307
     3.0018    -0.9580    -1.1186    -1.2937
     3.0285    -1.2865    -1.3950    -1.4910
     2.8775    -1.6241    -1.6090    -1.6788
     2.5223    -1.7791    -1.7873    -1.9136
     2.1225    -1.9615    -1.9478    -2.0451
     1.5984    -2.1164    -2.1172    -2.2141
     1.1363    -2.1894    -2.2063    -2.3079
     0.5941    -2.3169    -2.1974    -2.3267
     0.1407    -2.3169    -2.1439    -2.2422
    -0.2061    -2.2805    -2.1082    -2.1202
    -0.5973    -2.2531    -1.9745    -2.0544
    -0.9887    -2.0709    -1.7427    -1.8009
    -1.3445    -1.9341    -1.5377    -1.6694
    -1.6204    -1.6423    -1.2612    -1.3971
    -1.9140    -1.3413    -0.8956    -1.2092
    -2.1098    -1.0036    -0.5566    -0.9179
    -2.3501    -0.5836    -0.1641    -0.5608
    -2.4925    -0.2273     0.2197    -0.1848
    -2.6171     0.1932     0.6660     0.2195
    -2.5904     0.6139     1.0141     0.6616
    -2.4925     0.9617     1.4785     1.1132
    -2.3412     1.3096     1.8536     1.5368
    -2.2077     1.6301     2.1216     1.9133
    -2.0653     1.8867     2.3985     2.2712
    -1.8339     2.1525     2.5326     2.5537
    -1.5492     2.3817     2.5862     2.7893
    -1.1844     2.5652     2.6398     2.9117
    -0.8375     2.7670     2.5951     3.0625
    -0.4551     2.7807     2.4521     3.0531
    -0.0282     2.7945     2.3181     2.9683
     0.3808     2.7303     2.1305     2.7798
     0.7186     2.5193     1.8625     2.5066
     1.1363     2.2900     1.5856     2.1017
     1.5984     1.9875     1.2106     1.6309
     2.0426     1.6118     0.8266     1.2073
     2.3890     1.2180     0.4874     0.7557
     2.7176     0.7512     0.1215     0.2854
     2.9841     0.3121    -0.1284    -0.2130
     3.0640    -0.0719    -0.4050    -0.6548
     3.0196    -0.5288    -0.7172    -0.9743
     3.0107    -0.8849    -1.0740    -1.1998
     2.9841    -1.2957    -1.3772    -1.4346
     2.9041    -1.6241    -1.6179    -1.7540
     2.5223    -1.8429    -1.7873    -1.9230
     2.1137    -1.9706    -1.9032    -2.1014
     1.6250    -2.1347    -2.0726    -2.2328
     1.1541    -2.2623    -2.1439    -2.3267
     0.6919    -2.3352    -2.1350    -2.3830
     0.1674    -2.4354    -2.0815    -2.3267
    -0.1705    -2.4445    -2.0369    -2.2704
    -0.4639    -2.3625    -1.8676    -2.1671
    -0.9353    -2.2076    -1.7249    -1.9230
    -1.3179    -1.9979    -1.4574    -1.7258
    -1.5759    -1.7062    -1.1899    -1.4910
    -1.8784    -1.3869    -0.8867    -1.2374
    -2.1365    -1.0310    -0.4852    -0.9743
    -2.3234    -0.6932    -0.1551    -0.6454
    -2.4569    -0.3369     0.2821    -0.3352
    -2.4792     0.1201     0.6660     0.0879
    -2.5014     0.4767     1.0498     0.5864
    -2.4213     0.8610     1.4785     1.0662
    -2.3679     1.2729     1.8089     1.4803
    -2.2344     1.6118     2.0590     1.8568
    -2.0119     1.9417     2.3449     2.2429
    -1.7983     2.1617     2.4611     2.4972
    -1.4869     2.3909     2.4789     2.7516
    -1.1310     2.6110     2.4834     2.9306
    -0.7841     2.7303     2.4879     3.0531
    -0.4284     2.7486     2.4432     3.0625
    -0.0727     2.7670     2.2377     3.0719
     0.3541     2.6385     2.0412     2.8364
     0.6830     2.5101     1.8268     2.5726
     1.0919     2.3359     1.4606     2.2052
     1.5451     2.0700     1.0677     1.7156
     1.9715     1.6759     0.7106     1.2826
     2.3357     1.3004     0.3000     0.7463
     2.7265     0.8061     0.0144     0.2760
     2.9219     0.3944    -0.2265    -0.1942
     3.0196    -0.0719    -0.4317    -0.6078
     3.0107    -0.4557    -0.7618    -0.9273
     3.0373    -0.8393    -1.0740    -1.1810
     3.0285    -1.1861    -1.3415    -1.4159
     2.8331    -1.4964    -1.5733    -1.6413
     2.5489    -1.7244    -1.8141    -1.8573
     2.1137    -1.9068    -1.9300    -1.9887
     1.6872    -2.0071    -2.0904    -2.1108
     1.2074    -2.2258    -2.1885    -2.1953
     0.7630    -2.2714    -2.1885    -2.2892
     0.2296    -2.2714    -2.1706    -2.2422
    -0.0638    -2.3078    -2.0815    -2.1671
    -0.4995    -2.1894    -1.9389    -1.9981
    -0.8909    -2.1164    -1.7338    -1.8197
    -1.2912    -1.9159    -1.4574    -1.6413
    -1.6204    -1.6423    -1.1721    -1.4346
    -1.9229    -1.3230    -0.8777    -1.1810
    -2.1187    -0.9945    -0.5120    -0.9743
    -2.3056    -0.7023    -0.1641    -0.6642
    -2.4569    -0.2547     0.2821    -0.2600
    -2.5637     0.1475     0.6660     0.0879
    -2.5281     0.6048     1.0141     0.5393
    -2.4391     0.9983     1.4517     0.9909
    -2.3323     1.3462     1.7643     1.4144
    -2.1899     1.6393     2.0501     1.8568
    -1.9496     1.8684     2.3449     2.1864
    -1.7716     2.1525     2.4611     2.4972
    -1.4958     2.3359     2.5326     2.7139
    -1.1488     2.5193     2.5862     2.8741
    -0.8019     2.5927     2.5951     3.0154
    -0.4106     2.6661     2.4789     3.0531
    -0.0549     2.6661     2.3092     3.0060
     0.3719     2.5652     2.1484     2.7987
     0.7630     2.4367     1.8357     2.4784
     1.1096     2.1983     1.5142     2.1111
     1.5006     1.9325     1.1838     1.6591
     1.9449     1.6668     0.8177     1.1791
     2.2913     1.2180     0.5053     0.6710
     2.6821     0.7878     0.1840     0.2101
     2.9752     0.3029    -0.0480    -0.2600
     3.0462    -0.1450    -0.3693    -0.6736
     3.0196    -0.4922    -0.6993    -0.9837
     3.0196    -0.8849    -1.0026    -1.1998
     2.9841    -1.2683    -1.3058    -1.4440
     2.8331    -1.6332    -1.5377    -1.7446
     2.5400    -1.8612    -1.7784    -1.9136
     2.0870    -2.0071    -1.9032    -2.0732
     1.6606    -2.0617    -2.0280    -2.1014
     1.1452    -2.1711    -2.1439    -2.2047
     0.7097    -2.2167    -2.1439    -2.2234
     0.1674    -2.2805    -2.1350    -2.2422
    -0.1527    -2.2531    -2.0280    -2.1202
    -0.4728    -2.2349    -1.8497    -1.9793
    -0.8820    -2.1256    -1.6982    -1.7821
    -1.2467    -1.9250    -1.4218    -1.5755
    -1.6026    -1.5876    -1.1542    -1.4065
    -1.8962    -1.2683    -0.8599    -1.2186
    -2.2077    -0.8849    -0.4674    -0.9273
    -2.3501    -0.6292    -0.1462    -0.6642
    -2.5548    -0.1998     0.2732    -0.2130
    -2.6082     0.2298     0.6927     0.1631
    -2.6082     0.6597     1.0588     0.6522
    -2.4658     1.0257     1.4785     1.0850
    -2.4035     1.3737     1.8178     1.5273
    -2.2077     1.6210     2.1126     1.9227
    -1.9941     1.9050     2.3002     2.2523
    -1.7716     2.1433     2.4343     2.5255
    -1.5492     2.2717     2.5326     2.7139
    -1.2111     2.4551     2.5504     2.8646
    -0.8731     2.5285     2.5683     2.9777
    -0.4551     2.6294     2.4968     2.9824
    -0.1349     2.6752     2.3807     2.9871
     0.2741     2.5835     2.2288     2.8646
     0.6119     2.5101     1.9250     2.5820
     1.0030     2.2442     1.6035     2.1582
     1.4473     2.0058     1.2820     1.6874
     1.8116     1.6210     0.8534     1.2544
     2.2558     1.2180     0.4696     0.7086
     2.5844     0.7054     0.2018     0.2477
     2.8775     0.3487    -0.0391    -0.2036
     3.0196    -0.0353    -0.3247    -0.6454
     3.0107    -0.4465    -0.6904    -0.9555
     3.0462    -0.9306    -0.9848    -1.1904
     3.0196    -1.3230    -1.3147    -1.4065
     2.9130    -1.6241    -1.5555    -1.6694
     2.5578    -1.7518    -1.7517    -1.8479
     2.1403    -1.9341    -1.9032    -2.0920
     1.6872    -2.0982    -2.0369    -2.2047
     1.1896    -2.1529    -2.0904    -2.2892
     0.7186    -2.2349    -2.1795    -2.3361
     0.3096    -2.2987    -2.1439    -2.2798
    -0.1349    -2.3033    -2.0904    -2.2047
    -0.4373    -2.3078    -1.9656    -2.0544
    -0.8998    -2.2076    -1.7962    -1.8948
    -1.2289    -1.8885    -1.5377    -1.6131
    -1.6293    -1.5420    -1.2880    -1.3877
    -1.8873    -1.2500    -0.9580    -1.1528
    -2.1543    -0.8484    -0.6280    -0.8239
    -2.3145    -0.5562    -0.2087    -0.5702
    -2.5192    -0.1633     0.1304    -0.2318
    -2.5993     0.1932     0.5856     0.2101
    -2.5815     0.6871     0.9427     0.6052
    -2.5103     1.0623     1.3534     1.0285
    -2.3857     1.3279     1.7375     1.4991
    -2.2611     1.6668     2.0412     1.8663
    -2.1009     1.8958     2.3717     2.2147
    -1.8428     2.1342     2.5147     2.4972
    -1.5848     2.3726     2.7381     2.7422
    -1.2378     2.5009     2.7917     2.8458
    -0.8197     2.6477     2.8006     2.9589
    -0.4017     2.7578     2.7113     3.0154
    -0.0460     2.7303     2.5236     3.0154
     0.3096     2.7211     2.2556     2.8929
     0.6919     2.5652     1.9965     2.6668
     1.1096     2.3542     1.6928     2.2712
     1.4829     2.0700     1.3088     1.8003
     1.8649     1.6943     0.9427     1.3109
     2.1936     1.1905     0.5499     0.7369
     2.5400     0.7786     0.3089     0.2666
     2.8686     0.3487     0.0590    -0.1566
     2.9929    -0.0628    -0.2711    -0.5984
     3.0551    -0.4922    -0.5745    -0.8991
     3.0285    -0.8667    -0.9045    -1.1528
     3.0018    -1.2592    -1.2167    -1.3877
     2.8153    -1.5055    -1.4753    -1.6225
     2.5311    -1.7609    -1.7071    -1.8479
     2.0959    -1.8976    -1.8676    -2.0638
     1.7050    -2.0617    -2.0102    -2.2234
     1.2163    -2.1438    -2.0548    -2.3173
     0.7008    -2.3169    -2.0815    -2.3173
     0.2652    -2.3534    -2.0548    -2.2985
    -0.0993    -2.4080    -1.9834    -2.1859
    -0.4106    -2.3534    -1.8943    -2.0451
    -0.7752    -2.1802    -1.7517    -1.8667
    -1.1310    -1.8794    -1.4842    -1.6694
    -1.5225    -1.5693    -1.2256    -1.4252
    -1.7538    -1.2592    -0.9223    -1.1340
    -2.0653    -0.9488    -0.6012    -0.8897
    -2.2344    -0.6749    -0.1997    -0.5326
    -2.5014    -0.2455     0.1483    -0.2412
    -2.6171     0.2206     0.5678     0.1725
    -2.5904     0.5865     0.9516     0.5958
    -2.4836     1.0257     1.3892     1.0379
    -2.4391     1.4378     1.7196     1.5085
    -2.2789     1.7584     2.0501     1.8757
    -2.0831     1.9967     2.4075     2.1958
    -1.8072     2.1708     2.5951     2.5349
    -1.5225     2.3634     2.6755     2.7704
    -1.2467     2.5376     2.7738     2.8929
    -0.8019     2.6477     2.7202     3.0342
    -0.4639     2.6936     2.6040     3.1191
    -0.1260     2.7578     2.3807     3.1002
     0.3096     2.7486     2.2020     2.9400
     0.6741     2.5652     1.9786     2.7327
     1.0208     2.4001     1.6214     2.3277
     1.4473     2.0975     1.2909     1.8945
     1.7761     1.6851     0.8981     1.4332
     2.1670     1.3096     0.5499     0.8686
     2.4867     0.8061     0.2286     0.3888
     2.7798     0.3670     0.0233    -0.1002
     3.0018     0.0012    -0.2622    -0.5326
     3.0285    -0.3735    -0.6369    -0.8615
     3.0640    -0.7936    -0.9669    -1.0964
     3.0462    -1.1496    -1.2791    -1.3313
     2.9041    -1.4143    -1.4931    -1.5661
     2.6377    -1.6788    -1.6892    -1.8009
     2.2380    -1.8429    -1.8319    -2.0263
     1.7672    -2.0617    -1.9834    -2.1765
     1.2696    -2.1985    -2.0726    -2.2892
     0.7719    -2.2623    -2.1082    -2.2798
     0.3363    -2.3169    -2.0993    -2.2704
    -0.1171    -2.3352    -2.0369    -2.2047
    -0.4284    -2.2258    -1.8497    -2.0732
    -0.7485    -2.1529    -1.7071    -1.9042
    -1.1310    -1.9797    -1.4663    -1.7164
    -1.4869    -1.6697    -1.1899    -1.4346
    -1.7716    -1.3504    -0.8688    -1.2280
    -2.0030    -1.0127    -0.5566    -0.9743
    -2.2255    -0.7023    -0.2800    -0.6830
    -2.4213    -0.3095     0.1037    -0.3258
    -2.5815     0.1018     0.5053     0.0973
    -2.5548     0.5956     0.8534     0.5017
    -2.5192     0.9525     1.2820     0.9627
    -2.3679     1.3828     1.6481     1.3767
    -2.2611     1.6759     2.0233     1.7909
    -2.0920     1.8958     2.3181     2.0922
    -1.8428     2.1617     2.5772     2.4124
    -1.5314     2.3267     2.6934     2.6479
    -1.2111     2.5468     2.7917     2.7987
    -0.8108     2.6018     2.7470     2.9023
    -0.4195     2.6569     2.6219     2.9683
    -0.0104     2.6431     2.4432     2.9306
     0.3719     2.6294     2.2198     2.7704
     0.7274     2.5285     1.9965     2.5632
     1.1007     2.3542     1.6660     2.2147
     1.4473     2.0517     1.3445     1.7909
     1.7850     1.6668     0.9695     1.2544
     2.1137     1.3004     0.6481     0.7651
     2.4512     0.8793     0.3000     0.2572
     2.7798     0.4676     0.0233    -0.1848
     3.0018     0.0012    -0.3157    -0.5608
     3.0551    -0.4557    -0.6637    -0.8803
     3.0551    -0.8210    -0.9848    -1.0401
     3.0018    -1.1496    -1.2256    -1.3031
     2.9041    -1.4508    -1.5198    -1.5755
     2.6022    -1.6332    -1.6714    -1.8291
     2.2647    -1.8976    -1.8408    -2.0732
     1.8116    -2.0709    -1.9478    -2.1671
     1.2874    -2.1711    -2.0726    -2.2422
     0.7897    -2.2987    -2.0815    -2.2704
     0.2919    -2.2987    -2.0637    -2.1859
    -0.1349    -2.3352    -2.0458    -2.1577
    -0.4017    -2.2714    -1.8765    -1.9699
    -0.8464    -2.1711    -1.7427    -1.8103
    -1.1933    -1.9341    -1.5288    -1.5755
    -1.5403    -1.7062    -1.2345    -1.3877
    -1.8873    -1.3778    -0.9759    -1.2186
    -2.1721    -1.0401    -0.6726    -0.9743
    -2.3234    -0.7297    -0.2979    -0.6924
    -2.5459    -0.3095     0.0055    -0.3164
    -2.6082     0.1109     0.3892     0.0879
    -2.6527     0.5133     0.7999     0.4735
    -2.5726     0.9067     1.1927     0.9156
    -2.4213     1.2638     1.5499     1.3767
    -2.2967     1.5568     1.9161     1.7627
    -2.1454     1.7767     2.2466     2.1111
    -1.9229     2.0517     2.4521     2.3842
    -1.6026     2.2258     2.5862     2.5632
    -1.2734     2.3909     2.6577     2.7045
    -0.9442     2.5468     2.6577     2.8175
    -0.5351     2.5652     2.6040     2.8364
    -0.0638     2.5927     2.4611     2.8081
     0.2830     2.6018     2.1841     2.6856
     0.7008     2.5101     1.8804     2.4784
     1.0741     2.2717     1.5946     2.1864
     1.4473     2.0058     1.2463     1.7627
     1.8471     1.6759     0.9427     1.3109
     2.1936     1.3004     0.5588     0.8121
     2.5933     0.8061     0.2821     0.2948
     2.8686     0.4310    -0.0302    -0.1190
     3.0551    -0.0353    -0.3068    -0.5608
     3.0196    -0.4100    -0.6726    -0.8897
     3.0729    -0.8484    -0.9937    -1.0964
     3.0285    -1.1861    -1.2791    -1.3783
     2.9663    -1.4416    -1.5555    -1.6507
     2.7265    -1.6879    -1.7517    -1.8479
     2.2824    -1.8794    -1.9121    -2.0263
     1.8294    -2.0071    -2.0548    -2.1859
     1.2785    -2.0891    -2.1082    -2.2422
     0.7897    -2.2076    -2.1127    -2.2704
     0.2563    -2.2987    -2.1172    -2.2141
    -0.1705    -2.3625    -2.0280    -2.1108
    -0.4906    -2.3260    -1.9300    -1.9230
    -0.8731    -2.1256    -1.7071    -1.7540
    -1.2111    -1.9888    -1.4931    -1.5661
    -1.6026    -1.6879    -1.2434    -1.3783
    -1.8873    -1.3504    -0.9937    -1.1434
    -2.1187    -0.9762    -0.6547    -0.9555
    -2.3501    -0.6384    -0.3157    -0.5796
    -2.5548    -0.3095     0.0590    -0.2318
    -2.6705     0.1292     0.4249     0.1631
    -2.6349     0.5682     0.8177     0.5769
    -2.5726     0.9525     1.2463     1.0003
    -2.5281     1.2088     1.6392     1.4050
    -2.3857     1.5752     1.9518     1.7627
    -2.1899     1.8592     2.2377     2.1393
    -1.9407     2.0700     2.5147     2.4030
    -1.6471     2.2717     2.6219     2.6197
    -1.3090     2.4551     2.7470     2.8175
    -0.9353     2.5743     2.7828     2.8835
    -0.4906     2.6661     2.6487     2.9212
    -0.0905     2.6752     2.4521     2.8741
     0.2474     2.7028     2.1930     2.7327
     0.6119     2.5927     1.9518     2.5537
     1.0030     2.3542     1.6214     2.2429
     1.4118     2.1525     1.2731     1.8474
     1.7672     1.7859     0.9784     1.4332
     2.1581     1.4011     0.5945     0.8968
     2.4601     0.9342     0.2554     0.4264
     2.7976     0.5407    -0.0927    -0.0061
     2.9574     0.1292    -0.3603    -0.4950
     3.0640    -0.3552    -0.6904    -0.8146
     3.0285    -0.7662    -1.0472    -1.1058
     3.0551    -1.0949    -1.3147    -1.3783
     2.9219    -1.4143    -1.5288    -1.6319
     2.7176    -1.6241    -1.7160    -1.8667
     2.2647    -1.8794    -1.8943    -2.0451
     1.8205    -2.0071    -2.0548    -2.1953
     1.3051    -2.1620    -2.0993    -2.2704
     0.8430    -2.1894    -2.0726    -2.3361
     0.3185    -2.2349    -2.0548    -2.2985
    -0.1438    -2.3078    -2.0369    -2.2047
    -0.4284    -2.2896    -1.8943    -2.0357
    -0.7841    -2.1985    -1.8141    -1.8385
    -1.1666    -2.0435    -1.5288    -1.6601
    -1.4424    -1.7518    -1.3058    -1.4628
    -1.7805    -1.4872    -1.0294    -1.2656
    -2.0030    -1.0584    -0.6815    -1.0401
    -2.1988    -0.7206    -0.3336    -0.6454
    -2.4302    -0.3095     0.0233    -0.3446
    -2.5548     0.1018     0.3803     0.1161
    -2.5726     0.4310     0.7909     0.5487
    -2.4747     0.8701     1.1659     0.9815
    -2.3501     1.1814     1.5410     1.4144
    -2.2077     1.5202     1.9608     1.8003
    -2.0297     1.8042     2.2020     2.1299
    -1.8428     2.0883     2.4432     2.3842
    -1.4958     2.3267     2.6666     2.6574
    -1.2289     2.4643     2.7649     2.8081
    -0.8553     2.6110     2.8096     2.8741
    -0.4462     2.6661     2.7023     2.8646
    -0.0816     2.6752     2.5415     2.8081
     0.2652     2.5927     2.2556     2.6950
     0.6208     2.5560     1.9786     2.5161
     1.0474     2.3817     1.7285     2.2994
     1.3940     2.1342     1.3534     1.8945
     1.8116     1.7492     1.0141     1.4991
     2.1048     1.4103     0.6302     1.0285
     2.4601     1.0074     0.2821     0.5440
     2.7532     0.6048    -0.0927     0.0597
     2.9929     0.1749    -0.3782    -0.4386
     3.0018    -0.2821    -0.7083    -0.8333
     3.0196    -0.7206    -0.9759    -1.0777
     2.9929    -1.0675    -1.3058    -1.4159
     2.9041    -1.3413    -1.5020    -1.7070
     2.6910    -1.6241    -1.7071    -1.9418
     2.3002    -1.8065    -1.9210    -2.0920
     1.8027    -1.9432    -2.0637    -2.2234
     1.2518    -2.0344    -2.0904    -2.3173
     0.7986    -2.1529    -2.0993    -2.3643
     0.2830    -2.2167    -2.0280    -2.2798
    -0.1349    -2.3534    -1.9389    -2.2422
    -0.4639    -2.3807    -1.8141    -2.1108
    -0.8019    -2.2440    -1.6982    -1.8948
    -1.2022    -2.0709    -1.4753    -1.6976
    -1.5136    -1.8338    -1.2256    -1.4252
    -1.8250    -1.4508    -0.9580    -1.2092
    -2.0831    -1.1131    -0.7083    -1.0025
    -2.3145    -0.8119    -0.3603    -0.7206
    -2.4836    -0.4009     0.0323    -0.4010
    -2.5993     0.0561     0.4071    -0.0061
    -2.6171     0.5042     0.8356     0.4641
    -2.4925     0.8976     1.2106     0.8498
    -2.3412     1.2271     1.5767     1.3109
    -2.2166     1.5019     1.9250     1.7156
    -2.0475     1.7309     2.2824     2.0452
    -1.8072     1.9508     2.5057     2.3748
    -1.4691     2.2258     2.6577     2.6291
    -1.2200     2.3359     2.8096     2.7704
    -0.8197     2.5193     2.8096     2.8646
    -0.4817     2.5927     2.8096     2.9212
    -0.0993     2.5743     2.6398     2.8175
     0.3096     2.5652     2.4075     2.7233
     0.7097     2.4001     2.0590     2.5161
     1.0652     2.2900     1.7107     2.2241
     1.5006     1.9967     1.3981     1.8945
     1.8916     1.7034     1.0677     1.4709
     2.2469     1.4286     0.7106     1.0003
     2.6288     1.0623     0.2821     0.5111
     2.8686     0.6139    -0.0480     0.0785
     3.0107     0.1566    -0.3425    -0.3446
     3.0729    -0.3004    -0.7083    -0.6830
     3.1084    -0.6932    -1.0650    -0.9743
     3.0640    -1.1131    -1.3237    -1.3125
     3.0640    -1.3413    -1.5912    -1.6225
     2.8509    -1.5876    -1.7249    -1.8948
     2.3713    -1.7518    -1.8943    -2.1014
     1.9182    -1.9706    -1.9924    -2.3079
     1.3585    -2.0709    -2.0904    -2.3455
     0.8163    -2.1711    -2.1617    -2.3736
     0.3452    -2.3260    -2.1350    -2.3830
    -0.1438    -2.3898    -2.0548    -2.3267
    -0.4462    -2.3807    -1.9210    -2.1389
    -0.8019    -2.3260    -1.7695    -1.9418
    -1.1755    -2.1347    -1.5109    -1.7258
    -1.5314    -1.8521    -1.2969    -1.4816
    -1.8428    -1.5237    -1.0918    -1.2843
    -2.1187    -1.2135    -0.6993    -1.1058
    -2.2789    -0.8301    -0.3425    -0.7864
    -2.5014    -0.4100    -0.0302    -0.4762
    -2.5904     0.0561     0.3803    -0.0626
    -2.6349     0.4493     0.7374     0.3700
    -2.5993     0.7237     1.1034     0.8592
    -2.4124     1.0807     1.5142     1.3485
    -2.2789     1.4378     1.9340     1.7627
    -2.1098     1.7492     2.2377     2.1299
    -1.8606     1.9692     2.5236     2.4407
    -1.5670     2.1617     2.6934     2.6762
    -1.2289     2.3542     2.8185     2.8269
    -0.8642     2.4826     2.8900     2.9023
    -0.4817     2.5743     2.8543     2.9212
    -0.0905     2.5927     2.6934     2.8741
     0.3008     2.6018     2.4164     2.7233
     0.7097     2.4734     2.1305     2.5066
     1.0741     2.2992     1.8178     2.2618
     1.4740     2.0517     1.4606     1.9039
     1.8471     1.8134     1.1123     1.4897
     2.2469     1.4103     0.7195     1.0850
     2.6022     1.0257     0.3268     0.5487
     2.9397     0.5865    -0.0391     0.1255
     3.0107     0.2024    -0.3782    -0.2694
     3.0906    -0.2638    -0.7261    -0.6642
     3.0462    -0.6658    -1.0383    -0.8991
     3.0551    -0.9580    -1.2969    -1.2468
     3.0196    -1.2318    -1.5912    -1.5849
     2.8331    -1.5055    -1.7962    -1.8385
     2.3801    -1.7153    -1.9300    -2.0544
     1.8827    -1.8521    -2.0904    -2.2610
     1.3851    -2.0071    -2.1706    -2.3455
     0.7808    -2.1894    -2.1974    -2.3455
     0.3452    -2.2531    -2.1528    -2.3643
    -0.0993    -2.3534    -2.1439    -2.2328
    -0.4106    -2.3352    -1.9656    -2.0920
    -0.7752    -2.2896    -1.8854    -1.9136
    -1.1844    -2.0526    -1.6536    -1.7446
    -1.5314    -1.8794    -1.4218    -1.4910
    -1.7716    -1.5420    -1.1275    -1.3313
    -2.0742    -1.3139    -0.7796    -1.1058
    -2.2967    -0.9306    -0.3960    -0.8239
    -2.4836    -0.4648    -0.1105    -0.4480
    -2.6438    -0.0262     0.2911    -0.0156
    -2.6616     0.4218     0.6660     0.3794
    -2.5637     0.7512     1.0677     0.7745
    -2.4035     1.0532     1.4963     1.1885
    -2.2700     1.4194     1.8893     1.5932
    -2.1098     1.7126     2.2288     1.9604
    -1.9229     2.0150     2.4521     2.2900
    -1.6115     2.2350     2.6130     2.5632
    -1.2200     2.3542     2.7917     2.7610
    -0.8464     2.4734     2.8632     2.8835
    -0.4551     2.5376     2.8364     2.8929
    -0.0993     2.5468     2.6845     2.8081
     0.2652     2.4643     2.4879     2.6856
     0.6119     2.3817     2.1573     2.4972
     1.0474     2.2442     1.8357     2.1864
     1.4384     2.0150     1.5231     1.8757
     1.8294     1.7401     1.1213     1.5273
     2.1581     1.3370     0.7642     1.0850
     2.5667     0.9708     0.3982     0.6616
     2.9130     0.6231     0.1215     0.2383
     3.0640     0.2938    -0.2711    -0.1660
     3.0551    -0.1633    -0.5834    -0.5326
     3.0373    -0.5288    -0.9045    -0.7770
     3.0373    -0.8667    -1.2523    -1.1340
     3.0018    -1.1770    -1.4931    -1.4722
     2.7887    -1.3869    -1.6982    -1.7915
     2.3890    -1.5785    -1.8765    -2.0263
     1.8827    -1.7974    -2.0637    -2.1483
     1.3318    -1.9068    -2.1350    -2.2422
     0.8430    -2.0435    -2.1350    -2.2516
     0.3630    -2.1620    -2.1350    -2.1953
    -0.0993    -2.2167    -2.0548    -2.0826
    -0.4817    -2.2030    -1.9656    -1.9606
    -0.7930    -2.1894    -1.8141    -1.8197
    -1.1844    -2.0800    -1.5912    -1.6507
    -1.6026    -1.7700    -1.3593    -1.4628
    -1.8428    -1.5420    -1.1096    -1.2092
    -2.1454    -1.2318    -0.8153    -0.9461
    -2.3590    -0.8027    -0.4674    -0.6830
    -2.4925    -0.3826    -0.1105    -0.3446
    -2.6349     0.0195     0.2286     0.0597
    -2.6794     0.3304     0.5945     0.4453
    -2.5459     0.7054     0.9784     0.8498
    -2.4480     1.0623     1.3624     1.2732
    -2.2967     1.5019     1.7375     1.6403
    -2.1098     1.8134     2.0769     2.0169
    -1.8962     2.0883     2.3717     2.3277
    -1.5492     2.3084     2.6130     2.5726
    -1.2378     2.4551     2.7291     2.7233
    -0.9264     2.5009     2.8632     2.8081
    -0.5173     2.5147     2.8453     2.8269
    -0.1438     2.5285     2.6845     2.8175
     0.2207     2.4643     2.4879     2.6950
     0.6119     2.4367     2.1752     2.4784
     0.9674     2.2350     1.8446     2.2241
     1.3140     2.0150     1.5499     1.8945
     1.7228     1.7676     1.1927     1.5368
     2.1314     1.4561     0.7552     1.1415
     2.5311     1.0074     0.3803     0.7086
     2.8153     0.6231     0.0947     0.2477
     3.0285     0.2298    -0.2444    -0.1002
     3.0462    -0.1359    -0.5834    -0.5420
     3.0817    -0.5470    -0.9134    -0.8146
     3.0551    -0.8849    -1.2167    -1.1246
     3.0107    -1.2318    -1.4663    -1.5380
     2.7443    -1.4325    -1.6714    -1.8760
     2.3002    -1.6697    -1.8141    -2.1483
     1.8827    -1.8247    -2.0013    -2.2985
     1.3762    -2.0071    -2.0548    -2.3173
     0.8430    -2.1164    -2.0726    -2.2892
     0.3185    -2.1985    -2.0904    -2.2047
    -0.1883    -2.2623    -2.0369    -2.2234
    -0.5351    -2.2805    -1.9567    -2.1577
    -0.8375    -2.1711    -1.7962    -2.0169
    -1.2645    -2.1073    -1.6179    -1.8009
    -1.6471    -1.8612    -1.3058    -1.6131
    -1.9763    -1.5329    -1.0294    -1.3595
          3          3          3          3
