    4   2048 0.020000  2016   1  19  18  25
         16         10         11         42
     0.2590     2.5851     0.1960     2.8202
     0.8813     2.2641     0.1424     2.3586
     1.3345     1.8608     0.1335     1.9160
     1.8943     1.4943     0.0443     1.3983
     2.4095     1.1280     0.0086     0.8525
     2.7737     0.6796    -0.0539     0.3633
     3.0934     0.1765    -0.0450    -0.1163
     3.2265    -0.2440    -0.1342    -0.6333
     3.4219    -0.7098    -0.1877    -1.1407
     3.4574    -1.0020    -0.2056    -1.5352
     3.4396    -1.2302    -0.2502    -1.8357
     3.3065    -1.6134    -0.2769    -2.1456
     3.1999    -1.9234    -0.2769    -2.4741
     2.9513    -2.0693    -0.2948    -2.6806
     2.5694    -2.3154    -0.3037    -2.8871
     2.1519    -2.4247    -0.2413    -2.9809
     1.6900    -2.4611    -0.1966    -3.1310
     1.1835    -2.5067    -0.1877    -3.1873
     0.6413    -2.5249    -0.1342    -3.0841
     0.0990    -2.4520    -0.0717    -2.9997
    -0.3990    -2.2971     0.0264    -2.8777
    -0.8348    -2.2060     0.1067    -2.7369
    -1.1639    -1.9417     0.2049    -2.4929
    -1.5287    -1.6955     0.3388    -2.2113
    -1.9024    -1.4765     0.4905    -1.9109
    -2.2050    -1.1937     0.5797    -1.4507
    -2.5165    -0.8742     0.6601    -0.8588
    -2.7212    -0.4998     0.6512    -0.2949
    -2.8815    -0.1252     0.7047     0.2975
    -2.8859     0.3411     0.7672     0.8713
    -2.8904     0.8168     0.9279     1.5206
    -2.7746     1.1646     0.9904     2.1138
    -2.6678     1.6409     1.0172     2.6789
    -2.4809     1.9707     1.0618     3.1594
    -2.2851     2.4108     1.1243     3.7532
    -2.0003     2.6952     1.0797     4.1870
    -1.6977     2.8878     1.1064     4.4134
    -1.2973     3.1357     1.0707     4.4982
    -0.8437     3.1494     1.0975     4.3096
    -0.1944     3.1632     1.0261     4.0267
     0.2946     2.8603     0.8475     3.5553
     0.8991     2.6218     0.5887     2.9710
     1.4323     2.1999     0.3566     2.4151
     1.8677     1.8241     0.0710     1.8219
     2.3651     1.4027    -0.1610     1.2006
     2.8536     0.8900    -0.4911     0.5514
     3.0934     0.4143    -0.7230    -0.0787
     3.3686    -0.0429    -0.9995    -0.7554
     3.4840    -0.5546    -1.2759    -1.3662
     3.6083    -0.9472    -1.4453    -1.9203
     3.5373    -1.2576    -1.6950    -2.3052
     3.5195    -1.5951    -1.8465    -2.6243
     3.3864    -1.8687    -2.0070    -2.8871
     3.2088    -2.1695    -2.0961    -3.2342
     2.8714    -2.3518    -2.1407    -3.4593
     2.4539    -2.5796    -2.1763    -3.4687
     1.9476    -2.6889    -2.0961    -3.5250
     1.3967    -2.7890    -2.0159    -3.3937
     0.8280    -2.7708    -1.8822    -3.2905
     0.2501    -2.6797    -1.7128    -3.0653
    -0.1944    -2.4338    -1.4632    -2.7838
    -0.5679    -2.2789    -1.1332    -2.5492
    -0.8881    -2.0055    -0.8122    -2.2019
    -1.2973    -1.7866    -0.4375    -1.8921
    -1.7066    -1.5951     0.0175    -1.4037
    -2.0715    -1.2484     0.5619    -0.8400
    -2.3563    -0.7920     1.0529    -0.1633
    -2.5610    -0.2805     1.4011     0.4950
    -2.7212     0.2588     1.9905     1.0501
    -2.7746     0.8626     2.8393     1.7277
    -2.7479     1.3752     3.6974     2.3869
    -2.6856     1.9341     4.6006     2.9898
    -2.5788     2.4383     4.9047     3.5458
    -2.4987     2.8787     4.9226     3.9135
    -2.2762     3.4203     4.7526     4.1493
    -2.0003     3.6499     4.0550     4.1587
    -1.6888     3.6545     3.3398     4.1681
    -1.2706     3.6591     2.6248     3.9984
    -0.8881     3.5856     1.9370     3.7532
    -0.3278     3.3468     1.1332     3.4327
     0.1168     3.0989     0.4102     3.0181
     0.7302     2.5943    -0.2413     2.4999
     1.2723     2.1174    -0.8746     2.0573
     1.7433     1.6867    -1.5078     1.5489
     2.2585     1.1646    -1.9892     1.0406
     2.7293     0.6887    -2.2833     0.4762
     3.0845     0.1765    -2.5952    -0.0222
     3.3331    -0.1800    -2.8536    -0.5299
     3.3952    -0.5454    -3.0763    -1.0373
     3.5107    -0.7281    -3.1832    -1.4319
     3.5018    -1.0933    -3.2723    -1.7325
     3.3597    -1.3306    -3.2589    -2.0799
     3.2621    -1.6407    -3.2456    -2.4272
     3.1200    -1.8140    -3.0941    -2.6525
     2.7826    -1.9964    -2.9338    -2.8402
     2.4362    -2.1695    -2.7199    -2.9621
     1.9032    -2.2789    -2.4170    -3.0560
     1.3879    -2.2698    -2.0961    -3.0466
     0.8280    -2.2789    -1.6593    -2.9340
     0.3302    -2.2607    -1.2224    -2.7463
    -0.2211    -2.1422    -0.7141    -2.5868
    -0.6924    -2.0237    -0.2145    -2.3991
    -1.0127    -1.8231     0.4726    -2.2019
    -1.4664    -1.6316     1.1600    -1.9860
    -1.8668    -1.3671     1.6869    -1.5822
    -2.2762    -0.9746     2.1692    -0.9904
    -2.4898    -0.7007     2.6159    -0.4077
    -2.7301    -0.2622     3.0627     0.1752
    -2.8370     0.3137     3.3934     0.7208
    -2.9260     0.7711     3.6527     1.2759
    -2.9037     1.2379     3.8136     1.8313
    -2.8815     1.6775     3.7779     2.3775
    -2.8192     2.1082     3.5633     2.9333
    -2.7212     2.4934     3.3666     3.3573
    -2.5432     2.8511     3.1432     3.8004
    -2.1961     3.0806     2.9644     4.1776
    -1.8045     3.1999     2.6874     4.3568
    -1.3952     3.2826     2.3300     4.4511
    -1.0660     3.3193     1.9905     4.2813
    -0.5768     3.1816     1.5618     4.0644
    -0.0699     2.9980     1.1154     3.6873
     0.4546     2.7410     0.7404     3.2254
     0.9524     2.3283     0.3923     2.7071
     1.4856     2.0166     0.0621     2.0761
     2.0009     1.5676    -0.3126     1.4641
     2.5072     1.0914    -0.7051     0.7772
     2.9069     0.6155    -1.0886     0.1564
     3.0934     0.1308    -1.4364    -0.4923
     3.1999    -0.3627    -1.6861    -1.1407
     3.2265    -0.7738    -1.8822    -1.6385
     3.2621    -1.0294    -2.0426    -2.1080
     3.1555    -1.4218    -2.2120    -2.4178
     3.0134    -1.8049    -2.3278    -2.6243
     2.8980    -2.2424    -2.3278    -2.9621
     2.6316    -2.4794    -2.3189    -3.2061
     2.2585    -2.6342    -2.2566    -3.4031
     1.7610    -2.6433    -2.1229    -3.4499
     1.2368    -2.6342    -1.9089    -3.3468
     0.7302    -2.5067    -1.6771    -3.2717
     0.1612    -2.3974    -1.3383    -3.0184
    -0.3367    -2.2698    -1.0619    -2.8495
    -0.8437    -2.0966    -0.6873    -2.6431
    -1.2173    -1.9052    -0.3751    -2.3991
    -1.5820    -1.7684     0.1603    -2.1644
    -2.0270    -1.4583     0.6422    -1.6761
    -2.4008    -1.1572     1.0261    -1.1407
    -2.6411    -0.8559     1.5172    -0.5017
    -2.8370    -0.4358     1.9280     0.1940
    -3.0150     0.1034     2.3836     0.7678
    -3.0684     0.7070     2.6874     1.3230
    -3.0773     1.1738     3.0627     1.8878
    -3.0862     1.6225     3.2683     2.5470
    -2.9705     2.1266     3.3041     3.0746
    -2.7568     2.5392     3.3398     3.4987
    -2.5699     2.9154     3.1700     3.8664
    -2.2762     3.1816     3.0180     4.1021
    -1.9202     3.3193     2.8482     4.1116
    -1.4931     3.3836     2.6338     3.9701
    -1.1283     3.2366     2.3479     3.7250
    -0.5768     3.0714     1.9548     3.4422
    -0.0255     2.7686     1.5529     2.9710
     0.6146     2.3925     1.1243     2.5376
     1.0679     2.0441     0.7136     2.0384
     1.5833     1.6042     0.3298     1.4265
     2.1075     1.1463    -0.0360     0.9277
     2.5783     0.7253    -0.2948     0.3727
     2.8003     0.1399    -0.6695    -0.1915
     2.9868    -0.2805    -1.0351    -0.6897
     3.0934    -0.6916    -1.3829    -1.2159
     3.2265    -1.0477    -1.7039    -1.5916
     3.1733    -1.2393    -1.8733    -1.8733
     3.1289    -1.5222    -2.0694    -2.1831
     3.0312    -1.7775    -2.1852    -2.4648
     2.9069    -2.1057    -2.3189    -2.7463
     2.6405    -2.2971    -2.3991    -2.9621
     2.2230    -2.4247    -2.4437    -3.1779
     1.6900    -2.4429    -2.4526    -3.1685
     1.1568    -2.4156    -2.3724    -3.1592
     0.6502    -2.3245    -2.2833    -3.0278
     0.1257    -2.2880    -2.1318    -2.8965
    -0.3634    -2.1969    -1.9713    -2.8026
    -0.8170    -2.1240    -1.6326    -2.6431
    -1.1817    -1.9234    -1.2848    -2.4366
    -1.6354    -1.8049    -0.8835    -2.2019
    -2.0181    -1.6499    -0.4821    -1.7700
    -2.3741    -1.4127    -0.0093    -1.2065
    -2.5877    -1.1481     0.4994    -0.7085
    -2.7746    -0.7920     0.9993    -0.1351
    -2.9082    -0.2896     1.5529     0.4103
    -2.9794     0.2862     2.1871     0.9466
    -2.9794     0.7711     2.6963     1.5959
    -2.9349     1.2837     3.4113     2.1514
    -2.8281     1.8424     3.8762     2.7166
    -2.5966     2.4016     4.0908     3.2065
    -2.3741     2.7502     4.2339     3.6495
    -2.1427     3.1081     4.2518     4.0833
    -1.7778     3.3285     4.0729     4.2624
    -1.3507     3.4570     3.7332     4.3002
    -0.8703     3.4846     3.1521     4.2059
    -0.2478     3.3927     2.5623     3.9418
     0.2324     3.2642     1.8923     3.5458
     0.8368     2.9796     1.2136     3.0369
     1.3257     2.5300     0.6690     2.5282
     1.8499     2.0532     0.1157     1.9348
     2.3562     1.5584    -0.4554     1.2194
     2.7381     1.0090    -1.0262     0.5514
     2.9602     0.4234    -1.4721    -0.0410
     3.2088    -0.1434    -1.8733    -0.6897
     3.3686    -0.6459    -2.1942    -1.2252
     3.3686    -1.0659    -2.5417    -1.6667
     3.3686    -1.3397    -2.8536    -2.0048
     3.3065    -1.5951    -3.0229    -2.2770
     3.2088    -1.8778    -3.1387    -2.5868
     2.9868    -2.1057    -3.2367    -2.8871
     2.7026    -2.3245    -3.2189    -3.1779
     2.2852    -2.4338    -3.2010    -3.3186
     1.8055    -2.4794    -3.0585    -3.2530
     1.2723    -2.5796    -2.8180    -3.1967
     0.7480    -2.6342    -2.5774    -3.0090
     0.2057    -2.4976    -2.2655    -2.7932
    -0.2389    -2.3974    -1.9446    -2.6337
    -0.6658    -2.3154    -1.4988    -2.3615
    -1.0038    -2.0693    -0.9816    -2.1925
    -1.4397    -1.8414    -0.4732    -1.8921
    -1.8045    -1.4857     0.1157    -1.5352
    -2.2050    -1.0933     0.8029    -0.9998
    -2.4275    -0.7281     1.7315    -0.3231
    -2.6500    -0.1434     2.5444     0.3351
    -2.7924     0.3960     3.3577     0.9842
    -2.9260     0.8809     4.0282     1.6995
    -2.9260     1.4027     4.5022     2.3115
    -2.8726     1.9066     4.9495     2.9050
    -2.7301     2.3925     5.1910     3.4327
    -2.5521     2.8144     5.2000     3.9135
    -2.3118     3.1907     5.1552     4.3190
    -2.0537     3.4019     4.8868     4.4511
    -1.6710     3.5213     4.2786     4.4982
    -1.3596     3.5213     3.6080     4.4605
    -0.8970     3.3744     2.9376     4.2624
    -0.4167     3.2091     2.1871     4.0550
     0.0990     2.9521     1.5440     3.6401
     0.6413     2.6860     0.8475     3.1311
     1.1657     2.3375     0.1692     2.6318
     1.6722     1.9982    -0.5178     2.1138
     2.2319     1.6042    -1.0708     1.5206
     2.6493     1.0914    -1.4453     0.8054
     2.9868     0.6430    -1.8109     0.1470
     3.1910     0.1308    -2.0426    -0.4265
     3.2798    -0.2074    -2.3189    -1.0186
     3.4308    -0.5546    -2.5417    -1.5070
     3.4263    -0.8012    -2.6932    -1.8733
     3.4219    -1.1389    -2.8892    -2.2207
     3.2976    -1.4401    -3.0318    -2.5398
     3.1555    -1.8140    -3.0852    -2.7088
     2.8891    -1.9781    -2.9961    -2.9152
     2.4539    -2.1787    -2.8714    -2.9715
     1.9387    -2.1878    -2.6932    -2.9762
     1.4323    -2.2789    -2.4794    -2.9809
     0.8457    -2.3700    -2.1674    -2.8214
     0.2946    -2.3700    -1.7841    -2.6149
    -0.1322    -2.4065    -1.3562    -2.5023
    -0.6035    -2.3245    -0.9727    -2.4084
    -1.0038    -2.2242    -0.5267    -2.2958
    -1.4397    -2.0419    -0.0093    -2.0893
    -1.9291    -1.7502     0.6244    -1.8733
    -2.2673    -1.4948     1.3922    -1.4413
    -2.5076    -1.1389     1.8834    -0.8870
    -2.7034    -0.6733     2.4819    -0.1915
    -2.8815    -0.1617     3.2326     0.3445
    -2.9616     0.5423     3.7600     0.9089
    -3.0952     1.1280     4.0998     1.4736
    -3.0239     1.7233     4.3502     2.1326
    -2.9082     2.2641     4.4306     2.6883
    -2.7835     2.6952     4.2965     3.2442
    -2.4987     3.1357     4.1176     3.7250
    -2.2050     3.4387     3.8226     4.1116
    -1.8846     3.6040     3.3756     4.3096
    -1.5465     3.7510     2.8393     4.3096
    -1.1461     3.6683     2.3389     4.1964
    -0.7369     3.5580     1.8119     3.8664
    -0.1944     3.2734     1.2047     3.4045
     0.4102     2.9154     0.7136     2.8862
     0.9435     2.4108     0.2049     2.2927
     1.4678     1.9524    -0.3037     1.6712
     2.0187     1.4393    -0.8033     1.0406
     2.5516     0.9266    -1.0708     0.3539
     2.8270     0.2862    -1.3562    -0.2197
     3.0756    -0.2257    -1.6950    -0.8118
     3.1910    -0.6916    -2.1229    -1.3755
     3.1910    -1.0111    -2.4081    -1.8827
     3.1910    -1.2941    -2.6308    -2.3146
     3.1910    -1.6134    -2.8001    -2.5023
     3.0401    -1.8778    -2.7823    -2.7369
     2.9069    -2.2333    -2.7378    -3.0090
     2.7204    -2.3974    -2.7289    -3.1967
     2.2763    -2.4976    -2.7199    -3.2811
     1.8055    -2.4885    -2.6130    -3.2905
     1.3434    -2.4794    -2.3635    -3.1873
     0.8102    -2.5067    -2.1139    -3.0935
     0.2768    -2.4976    -1.8287    -2.8777
    -0.2389    -2.4429    -1.5078    -2.7557
    -0.7013    -2.4065    -1.2492    -2.5586
    -1.1550    -2.2151    -0.8300    -2.3803
    -1.5020    -1.9508    -0.3840    -2.0235
    -1.9202    -1.5951     0.1692    -1.5164
    -2.3118    -1.1937     0.7493    -0.9810
    -2.5610    -0.7190     1.3743    -0.4359
    -2.7568    -0.2440     1.9548     0.0624
    -2.9794     0.3320     2.5087     0.6737
    -3.1397     0.8626     3.1074     1.2289
    -3.2643     1.3203     3.5812     1.7842
    -3.2465     1.7600     3.9209     2.3021
    -3.0862     2.1907     4.2875     2.8579
    -2.8637     2.5943     4.3054     3.3479
    -2.6678     2.9888     4.3233     3.6967
    -2.4275     3.2091     4.1087     3.9984
    -2.0982     3.4019     3.8941     4.1304
    -1.7066     3.4846     3.5812     4.1870
    -1.2884     3.5397     3.1968     4.0927
    -0.8703     3.3836     2.6874     3.8004
    -0.2833     3.2550     2.0799     3.4799
     0.2590     2.9337     1.5886     2.9804
     0.8368     2.5576     1.0261     2.4905
     1.3523     2.1266     0.4102     1.9066
     1.8943     1.6684    -0.1074     1.2571
     2.3474     1.2013    -0.6516     0.6079
     2.7115     0.6338    -1.0262     0.0248
     2.9424     0.0577    -1.3651    -0.6051
     3.0312    -0.4632    -1.8020    -1.1407
     3.1466    -0.9199    -2.1496    -1.5728
     3.1378    -1.2576    -2.4259    -1.9015
     3.0845    -1.4583    -2.6487    -2.0987
     2.9335    -1.7684    -2.7289    -2.4272
     2.7914    -2.0055    -2.8536    -2.6900
     2.5428    -2.1513    -2.9249    -2.9809
     2.1519    -2.3609    -2.8981    -3.0935
     1.7255    -2.4520    -2.8269    -3.0278
     1.2901    -2.5249    -2.6932    -2.9246
     0.7213    -2.5249    -2.5863    -2.7369
     0.2413    -2.4338    -2.3278    -2.6619
    -0.2745    -2.3609    -2.0605    -2.5774
    -0.7102    -2.2151    -1.7663    -2.3991
    -1.1283    -2.1057    -1.4097    -2.2019
    -1.5020    -1.8961    -0.9995    -1.8451
    -1.9291    -1.6225    -0.4554    -1.4131
    -2.2584    -1.1754     0.1603    -0.8964
    -2.5877    -0.6733     0.8832    -0.4077
    -2.7746    -0.1983     1.6511     0.2034
    -2.9171     0.2497     2.3300     0.6831
    -3.0862     0.7985     3.1432     1.2100
    -3.2376     1.2654     3.9567     1.6901
    -3.2554     1.7142     4.7169     2.2173
    -3.1308     2.1266     4.9584     2.7166
    -2.8637     2.5943     5.0121     3.1594
    -2.6233     2.9704     4.9942     3.5364
    -2.3741     3.2275     4.8421     3.7532
    -2.0092     3.4111     4.2875     3.9230
    -1.6532     3.4662     3.6974     3.9324
    -1.2351     3.4387     3.1074     3.8475
    -0.7814     3.3652     2.4283     3.5647
    -0.1055     3.1357     1.8298     3.2725
     0.3746     2.8695     1.1779     2.9050
     1.0235     2.4475     0.5173     2.4245
     1.5478     2.0807    -0.1699     1.9254
     2.0009     1.5951    -0.7854     1.3888
     2.4717     1.1280    -1.2581     0.7960
     2.7914     0.5515    -1.6504     0.2881
     3.0046     0.0211    -1.9446    -0.2855
     3.1733    -0.4450    -2.3189    -0.7930
     3.2798    -0.8925    -2.5952    -1.2816
     3.3864    -1.2302    -2.8803    -1.7043
     3.3420    -1.6134    -3.0763    -2.2301
     3.1910    -1.8778    -3.2278    -2.6712
     3.1022    -2.2151    -3.2144    -3.0560
     2.8536    -2.4065    -3.2010    -3.3374
     2.5694    -2.6524    -3.1476    -3.3937
     2.0631    -2.7617    -2.9427    -3.3468
     1.6455    -2.8072    -2.8001    -3.2623
     1.1301    -2.8255    -2.4794    -3.1967
     0.6057    -2.6889    -2.1407    -3.1029
     0.1435    -2.6160    -1.7396    -2.9621
    -0.3367    -2.5158    -1.2581    -2.8308
    -0.7547    -2.3245    -0.7676    -2.6619
    -1.1995    -2.0602    -0.2591    -2.3146
    -1.6176    -1.7958     0.3745    -1.8264
    -1.9914    -1.4218     1.0975    -1.3662
    -2.3207    -1.0111     1.7583    -0.8306
    -2.5076    -0.5454     2.3300    -0.1727
    -2.7034    -0.0520     3.0270     0.3915
    -2.8192     0.4783     3.6438     1.0312
    -2.9705     0.9175     4.2160     1.5771
    -2.9438     1.4119     4.6095     2.1608
    -2.8815     1.8974     4.6274     2.7448
    -2.6589     2.3833     4.6453     3.1877
    -2.4809     2.7502     4.3680     3.5836
    -2.2317     3.0806     3.8851     3.7721
    -1.9558     3.2917     3.4203     3.9512
    -1.6087     3.2917     2.8929     3.9324
    -1.1372     3.2917     2.4193     3.8192
    -0.6747     3.1540     1.8744     3.6118
    -0.1055     3.0163     1.3564     3.2065
     0.4191     2.6768     0.8208     2.7542
     1.1035     2.3375     0.3298     2.2739
     1.5656     1.9249    -0.1610     1.7183
     2.1075     1.5035    -0.5713     1.1253
     2.5605     1.0365    -0.8746     0.4950
     2.9690     0.5240    -1.1778    -0.0316
     3.1378     0.0668    -1.4632    -0.5205
     3.3420    -0.4084    -1.7930    -1.0186
     3.4751    -0.7920    -2.0872    -1.4319
     3.4840    -1.2393    -2.3278    -1.7700
     3.4574    -1.5769    -2.4348    -2.0142
     3.4041    -1.8870    -2.4794    -2.3052
     3.2177    -2.1149    -2.5863    -2.6243
     3.0046    -2.2333    -2.5774    -2.8777
     2.5961    -2.2880    -2.5774    -3.0466
     2.1253    -2.4429    -2.4526    -3.0184
     1.6811    -2.4429    -2.3368    -3.0090
     1.0946    -2.5522    -2.1496    -2.9903
     0.5791    -2.5978    -1.9357    -2.8965
     0.0723    -2.5796    -1.6771    -2.7932
    -0.4701    -2.4702    -1.4988    -2.6619
    -0.8081    -2.3062    -1.1600    -2.5023
    -1.2084    -2.0055    -0.8033    -2.2582
    -1.6532    -1.7046    -0.3394    -2.0329
    -2.0092    -1.2484     0.2227    -1.6761
    -2.3741    -0.9107     0.8029    -1.2159
    -2.5966    -0.4267     1.3029    -0.5017
    -2.7301     0.0120     1.7762     0.1376
    -2.9171     0.4783     2.3479     0.7208
    -3.0417     0.9907     2.9287     1.3324
    -3.0284     1.4668     3.5097     1.9348
    -3.0150     1.9158     3.9924     2.5847
    -2.8103     2.3650     4.2786     3.0935
    -2.5521     2.8695     4.3502     3.4610
    -2.2762     3.1632     4.2249     3.7910
    -1.9914     3.4203     4.0640     3.9701
    -1.5554     3.5029     3.7332     3.9984
    -1.2084     3.5213     3.3398     3.8475
    -0.7458     3.4203     2.8840     3.6213
    -0.1766     3.2275     2.3300     3.2819
     0.4902     2.9246     1.7851     2.8862
     1.0679     2.5392     1.2404     2.4905
     1.5211     2.0349     0.6601     1.9819
     2.1075     1.6042     0.0800     1.4641
     2.5605     1.0822    -0.5000     0.9277
     2.9690     0.5332    -1.0351     0.4386
     3.1910    -0.0429    -1.4810    -0.1257
     3.3065    -0.4724    -1.9535    -0.6333
     3.4308    -0.9016    -2.3457    -1.1689
     3.4308    -1.2576    -2.6843    -1.6573
     3.3686    -1.6407    -2.9605    -2.0048
     3.2887    -1.9052    -3.1031    -2.3897
     3.1466    -2.1331    -3.1921    -2.7182
     2.8891    -2.3791    -3.2456    -2.9809
     2.5250    -2.4611    -3.2990    -3.1592
     2.0631    -2.5158    -3.2946    -3.1216
     1.5567    -2.6342    -3.2901    -3.1404
     0.9879    -2.5887    -2.9872    -3.1685
     0.4724    -2.5704    -2.6665    -3.0653
    -0.0166    -2.5249    -2.2744    -2.9997
    -0.4612    -2.3791    -1.9535    -2.8402
    -0.8259    -2.2242    -1.5702    -2.6619
    -1.2884    -2.0328    -1.0797    -2.4084
    -1.6621    -1.7866    -0.5713    -2.0705
    -2.0359    -1.4492     0.1424    -1.5728
    -2.3830    -1.0477     0.9457    -0.9434
    -2.6411    -0.5546     1.6958    -0.4265
    -2.7657    -0.1160     2.4551     0.1658
    -2.8192     0.3503     3.3041     0.7208
    -2.9082     0.8260     3.8673     1.3041
    -2.9438     1.3020     4.4843     1.8972
    -2.8370     1.8608     4.8242     2.4999
    -2.6856     2.2274     4.8153     3.1217
    -2.3652     2.6585     4.7348     3.5930
    -2.0626     3.0806     4.4306     3.9418
    -1.8045     3.3927     3.8851     4.1964
    -1.4130     3.4662     3.2415     4.2719
    -1.0393     3.4570     2.6248     4.1116
    -0.5590     3.3468     2.0263     3.9041
     0.0368     3.2183     1.4100     3.4799
     0.5080     2.8603     0.8832     2.9898
     1.2190     2.5300     0.3298     2.5376
     1.6900     1.9707    -0.2680     1.9913
     2.1608     1.5493    -0.7408     1.3606
     2.7026     1.0090    -1.0797     0.7960
     3.0134     0.4509    -1.3562     0.2505
     3.2443    -0.0338    -1.6326    -0.2855
     3.3775    -0.4815    -1.9713    -0.8306
     3.4751    -0.9564    -2.2566    -1.2816
     3.4840    -1.2576    -2.5150    -1.6104
     3.4396    -1.4492    -2.7467    -1.9390
     3.3508    -1.6590    -2.8981    -2.2582
     3.1644    -1.9234    -2.9427    -2.5680
     2.9246    -2.0784    -2.9427    -2.8495
     2.5339    -2.2333    -2.7912    -2.9621
     2.0453    -2.3700    -2.7734    -2.9997
     1.5211    -2.5067    -2.7110    -2.8589
     1.0324    -2.4885    -2.5061    -2.7838
     0.4457    -2.4338    -2.2655    -2.8026
     0.0012    -2.4429    -1.8644    -2.7651
    -0.3990    -2.2333    -1.4721    -2.6525
    -0.8792    -2.0875    -1.0976    -2.5492
    -1.3418    -1.8687    -0.5535    -2.3897
    -1.7244    -1.6043    -0.1163    -2.1174
    -2.1872    -1.2393     0.5530    -1.7137
    -2.4720    -0.8286     1.1868    -1.1407
    -2.6856    -0.4906     1.7315    -0.4641
    -2.8192    -0.0063     2.3657     0.1282
    -2.9883     0.3594     2.9912     0.6737
    -3.0773     0.7985     3.6169     1.3230
    -3.1397     1.2196     4.1802     1.9819
    -3.0150     1.7416     4.5201     2.5564
    -2.8637     2.1082     4.6364     3.1783
    -2.7034     2.6218     4.5737     3.6967
    -2.4008     3.0347     4.3591     4.0738
    -2.0537     3.3927     4.1266     4.3379
    -1.7333     3.5764     3.6527     4.4605
    -1.3507     3.5856     3.0895     4.4134
    -0.9682     3.5305     2.5266     4.2907
    -0.4701     3.3560     1.9727     3.8664
     0.0634     3.0714     1.3654     3.3385
     0.7124     2.6585     0.8029     2.7448
     1.2368     2.1816     0.2317     2.2268
     1.6722     1.6317    -0.2680     1.6148
     2.1608     1.1280    -0.7141     0.9936
     2.6138     0.5972    -1.0530     0.4197
     2.8447     0.1034    -1.3294    -0.1539
     3.0578    -0.3993    -1.7128    -0.7366
     3.1378    -0.8833    -2.0337    -1.2628
     3.1555    -1.2758    -2.3100    -1.6291
     3.1289    -1.4309    -2.5417    -1.9766
     3.0934    -1.6955    -2.6487    -2.2958
     2.8891    -1.9325    -2.7734    -2.5680
     2.6937    -2.0875    -2.8090    -2.8120
     2.3740    -2.1604    -2.8625    -2.9152
     1.9298    -2.2789    -2.8981    -2.9621
     1.4589    -2.3609    -2.8536    -3.0278
     0.9435    -2.3518    -2.6843    -2.9809
     0.4102    -2.3062    -2.4259    -2.9152
    -0.0433    -2.3062    -2.1674    -2.8402
    -0.6124    -2.1787    -1.8554    -2.6243
    -0.9771    -1.9964    -1.5702    -2.3709
    -1.3952    -1.8596    -1.2759    -2.1831
    -1.8490    -1.6043    -0.8033    -1.9578
    -2.2050    -1.2393    -0.2413    -1.5540
    -2.4987    -0.8286     0.4369    -0.9340
    -2.6945    -0.4358     1.0886    -0.2573
    -2.7835    -0.0886     1.7940     0.3257
    -2.8993     0.3594     2.4908     0.8995
    -3.0684     0.8717     3.1968     1.5112
    -3.1397     1.3294     4.0103     2.0949
    -3.0061     1.7416     4.6632     2.6318
    -2.8726     2.1357     4.8779     3.2725
    -2.6856     2.6676     4.8332     3.8570
    -2.4275     3.1448     4.6721     4.2530
    -2.0626     3.4203     4.2249     4.4605
    -1.7066     3.6040     3.6259     4.4982
    -1.3418     3.6407     3.0359     4.4322
    -0.8792     3.6223     2.4551     4.2436
    -0.3545     3.4019     1.8655     3.7627
     0.1879     3.0989     1.2939     3.2725
     0.8724     2.6401     0.7226     2.6600
     1.3967     2.1357     0.1246     2.0573
     1.9298     1.5859    -0.4197     1.5018
     2.4007     1.0731    -0.8835     0.8995
     2.8270     0.5698    -1.1689     0.3069
     3.1022     0.0394    -1.4988    -0.2761
     3.2887    -0.4358    -1.8644    -0.8588
     3.3775    -0.8651    -2.1496    -1.3380
     3.4929    -1.2576    -2.3902    -1.7231
     3.4663    -1.5039    -2.5506    -1.9766
     3.3420    -1.6681    -2.6932    -2.2676
     3.2532    -1.9234    -2.7823    -2.5023
     3.0046    -2.0693    -2.7378    -2.7088
     2.6671    -2.2880    -2.6932    -2.9527
     2.2319    -2.3882    -2.5952    -3.0278
     1.7344    -2.4429    -2.5150    -3.0653
     1.2012    -2.4611    -2.4437    -3.0653
     0.7480    -2.4976    -2.2209    -2.9527
     0.1790    -2.4247    -1.9535    -2.7932
    -0.2745    -2.2151    -1.6950    -2.6149
    -0.6391    -2.0146    -1.4008    -2.4648
    -0.9949    -1.6772    -1.0530    -2.1925
    -1.4842    -1.3123    -0.6962    -1.8357
    -1.8223    -0.8925    -0.1074    -1.3380
    -2.1694    -0.5272     0.4994    -0.8494
    -2.4097    -0.1252     1.1154    -0.4077
    -2.5788     0.2771     1.7405     0.1094
    -2.8103     0.5972     2.3747     0.6079
    -2.8993     1.0090     3.0538     1.2853
    -2.8948     1.3386     3.7600     1.9348
    -2.8904     1.7875     4.4396     2.4999
    -2.6589     2.2183     4.7258     3.1311
    -2.4720     2.6585     4.8510     3.7061
    -2.2406     3.0347     4.7884     4.1493
    -1.9647     3.3376     4.5827     4.4134
    -1.5998     3.4754     4.0998     4.4322
    -1.2617     3.4662     3.5275     4.3190
    -0.8348     3.4387     2.9197     3.9984
    -0.3011     3.2734     2.2675     3.4893
     0.1790     2.9704     1.6333     2.9427
     0.8013     2.5117     0.9993     2.4434
     1.3523     1.9799     0.3120     1.8784
     1.8854     1.4027    -0.2859     1.3512
     2.3562     0.9449    -0.8300     0.8336
     2.7914     0.4600    -1.1867     0.3069
     3.1289    -0.0520    -1.4810    -0.2103
     3.2443    -0.5546    -1.8376    -0.7836
     3.4130    -0.9472    -2.1942    -1.2722
     3.3686    -1.1846    -2.4437    -1.6573
     3.3952    -1.2849    -2.6754    -1.9954
     3.2798    -1.6407    -2.7823    -2.2770
     3.1733    -1.8961    -2.8803    -2.6431
     2.9335    -2.0875    -2.9071    -2.8589
     2.6138    -2.2242    -2.9338    -2.9152
     2.1519    -2.2424    -2.9160    -2.9527
     1.7077    -2.3062    -2.8180    -2.8777
     1.1835    -2.3609    -2.7110    -2.7275
     0.5880    -2.3062    -2.5506    -2.7088
     0.1435    -2.1695    -2.2298    -2.6431
    -0.3901    -2.0055    -1.9713    -2.5962
    -0.8437    -1.8596    -1.6950    -2.4366
    -1.1817    -1.6043    -1.3205    -2.2958
    -1.6087    -1.3762    -0.8657    -1.9484
    -1.9469    -1.0842    -0.2591    -1.5352
    -2.3207    -0.7281     0.3388    -0.9810
    -2.5343    -0.2805     0.9636    -0.4077
    -2.6767     0.0394     1.5886     0.0812
    -2.8459     0.5240     2.2764     0.5514
    -2.9349     0.9266     2.9734     1.1724
    -2.9438     1.3294     3.8762     1.8030
    -2.9527     1.7691     4.5290     2.4622
    -2.7123     2.1999     4.8063     3.1123
    -2.4809     2.6401     4.8779     3.6590
    -2.2851     3.0255     4.8510     4.1681
    -1.9825     3.2826     4.5380     4.3851
    -1.6532     3.4295     3.8762     4.4039
    -1.2795     3.4478     3.2862     4.4228
    -0.8170     3.4662     2.6248     4.1304
    -0.2389     3.2917     1.9727     3.6213
     0.2324     2.9429     1.2850     3.0558
     0.8991     2.5025     0.6869     2.4905
     1.4145     1.9616     0.0978     1.9254
     1.8677     1.4485    -0.4821     1.2571
     2.4007     0.8809    -0.9014     0.6549
     2.8181     0.3228    -1.1778     0.1000
     3.0134    -0.2896    -1.4453    -0.5393
     3.1910    -0.7738    -1.6593    -1.0843
     3.2976    -1.1572    -1.9000    -1.6104
     3.3153    -1.4309    -2.1852    -1.9954
     3.2532    -1.6772    -2.3724    -2.1925
     3.1822    -1.9417    -2.5239    -2.5398
     3.0578    -2.1331    -2.6130    -2.8214
     2.8092    -2.3427    -2.6398    -2.9903
     2.4451    -2.4885    -2.5506    -3.1122
     2.0187    -2.5796    -2.4437    -3.0466
     1.4856    -2.5887    -2.3991    -3.0935
     1.0146    -2.5978    -2.2387    -3.1404
     0.4902    -2.4429    -2.0605    -3.1122
    -0.0433    -2.2880    -1.8644    -3.0653
    -0.4790    -2.2333    -1.4543    -2.9903
    -0.8970    -2.0602    -1.1332    -2.8308
    -1.3596    -1.9325    -0.7141    -2.5962
    -1.7689    -1.6772    -0.3126    -2.1550
    -2.1338    -1.3853     0.0621    -1.6104
    -2.4453    -1.0477     0.6333    -1.0655
    -2.6767    -0.6733     1.2314    -0.5017
    -2.8637    -0.1800     1.7851    -0.0222
    -2.9794     0.2954     2.4015     0.5514
    -3.1397     0.6979     3.0806     1.2006
    -3.1842     1.0365     3.7689     1.8407
    -3.1664     1.4851     4.4933     2.5564
    -3.0150     1.8974     4.7705     3.2160
    -2.7835     2.3833     4.8242     3.8664
    -2.5788     2.8328     4.8421     4.3285
    -2.2673     3.1448     4.6990     4.5077
    -1.8846     3.3927     4.1713     4.5124
    -1.4575     3.4111     3.5722     4.5171
    -1.0216     3.4295     2.9287     4.2813
    -0.4523     3.2642     2.2675     3.7721
     0.0723     2.9796     1.6065     3.2065
     0.6946     2.5667     0.9904     2.6506
     1.1835     2.0807     0.3745     2.0196
     1.7077     1.6134    -0.2502     1.4171
     2.1964     0.9541    -0.7676     0.7678
     2.6405     0.4783    -1.0797     0.2222
     2.9069    -0.0063    -1.3740    -0.3325
     3.0490    -0.4267    -1.6861    -0.8400
     3.1111    -0.7920    -1.9802    -1.3192
     3.1200    -1.1389    -2.2298    -1.6385
     3.0756    -1.3671    -2.4437    -1.8264
     2.9957    -1.6316    -2.6130    -2.0423
     2.8270    -1.9599    -2.6843    -2.3427
     2.6227    -2.1331    -2.6576    -2.5398
     2.1964    -2.2971    -2.5239    -2.7088
     1.8410    -2.3336    -2.4794    -2.7838
     1.3257    -2.3518    -2.3991    -2.8214
     0.8724    -2.2516    -2.2566    -2.8026
     0.2946    -2.1787    -2.0783    -2.8495
    -0.1766    -2.1513    -1.7663    -2.7651
    -0.5857    -1.9964    -1.4275    -2.6149
    -0.9682    -1.9052    -1.0886    -2.4929
    -1.3596    -1.7502    -0.7408    -2.2958
    -1.7600    -1.4857    -0.2413    -1.9578
    -2.1071    -1.2484     0.1871    -1.5634
    -2.3652    -0.9107     0.8565    -1.0749
    -2.6678    -0.5820     1.4457    -0.4077
    -2.8459    -0.2257     1.9459     0.1470
    -3.0328     0.1217     2.5980     0.6831
    -3.0862     0.5515     3.2772     1.2853
    -3.1219     1.0182     3.9567     1.9819
    -2.9972     1.5126     4.5737     2.5941
    -2.8459     1.9616     4.7705     3.1877
    -2.7034     2.4567     4.8332     3.7721
    -2.4097     2.9154     4.8421     4.2813
    -2.1160     3.3009     4.6900     4.5171
    -1.7511     3.5580     4.1802     4.5548
    -1.3685     3.6775     3.5812     4.5171
    -0.9326     3.6683     2.9376     4.3096
    -0.3990     3.5672     2.2049     3.8664
     0.0990     3.2734     1.5261     3.3291
     0.7657     2.8511     0.8922     2.6977
     1.3257     2.3008     0.2495     2.1326
     1.8499     1.7325    -0.3662     1.4736
     2.3829     1.1738    -0.8568     0.9089
     2.8003     0.6887    -1.1957     0.3351
     3.0401     0.1399    -1.4275    -0.2855
     3.2354    -0.3993    -1.7663    -0.8024
     3.3864    -0.8651    -2.0426    -1.2816
     3.3775    -1.2758    -2.3100    -1.5916
     3.3686    -1.5495    -2.5328    -1.7888
     3.3242    -1.8505    -2.6665    -2.0799
     3.2177    -1.9964    -2.7645    -2.3333
     3.0046    -2.1240    -2.8358    -2.5962
     2.7293    -2.2424    -2.8625    -2.8683
     2.2408    -2.2424    -2.8001    -2.9809
     1.7433    -2.2151    -2.6665    -3.0278
     1.2723    -2.1604    -2.5061    -3.0184
     0.7213    -2.1057    -2.2655    -2.9246
     0.2057    -2.1057    -1.9178    -2.7838
    -0.2033    -2.0784    -1.6593    -2.6431
    -0.6391    -2.0419    -1.4186    -2.4648
    -1.1194    -1.7866    -1.0173    -2.2301
    -1.5020    -1.4857    -0.5892    -1.8921
    -1.8935    -1.1481    -0.1163    -1.4037
    -2.2139    -0.7281     0.5083    -0.8964
    -2.4275    -0.3445     1.0886    -0.3137
    -2.5521     0.0211     1.6422     0.1752
    -2.6856     0.3868     2.2407     0.6737
    -2.8548     0.8168     2.8661     1.2853
    -2.8726     1.1738     3.5544     1.9066
    -2.8281     1.7142     4.2875     2.6224
    -2.7212     2.1816     4.5737     3.2631
    -2.5254     2.6126     4.7258     3.8664
    -2.3029     3.0806     4.6990     4.3190
    -1.9380     3.5213     4.5022     4.6020
    -1.4931     3.7050     3.9477     4.6397
    -1.1016     3.8336     3.3577     4.5831
    -0.6836     3.8245     2.7410     4.2813
    -0.1144     3.6775     2.0888     3.6967
     0.3835     3.3560     1.3743     3.1123
     1.0946     2.8970     0.7672     2.5187
     1.6100     2.3558     0.1424     1.9631
     2.1164     1.7600    -0.5178     1.4171
     2.6227     1.1005    -1.0262     0.8619
     2.9690     0.5698    -1.3740     0.3539
     3.1910     0.0851    -1.6682    -0.1727
     3.3242    -0.3536    -2.0070    -0.7460
     3.4840    -0.8286    -2.3635    -1.1783
     3.5195    -1.1754    -2.5774    -1.4789
     3.4663    -1.4127    -2.7467    -1.8170
     3.4485    -1.6225    -2.8981    -2.0423
     3.3065    -1.8778    -2.9249    -2.3052
     3.0490    -1.9872    -2.9516    -2.5305
     2.7381    -2.0966    -2.9249    -2.7369
     2.2674    -2.1513    -2.8625    -2.9434
     1.7877    -2.2151    -2.7912    -3.0653
     1.3612    -2.2424    -2.5328    -3.1404
     0.8191    -2.1695    -2.3100    -3.0090
     0.3213    -2.1695    -2.0426    -2.8965
     0.0012    -2.1149    -1.7128    -2.8026
    -0.4434    -1.9234    -1.4453    -2.6243
    -0.8703    -1.8140    -1.1065    -2.3709
    -1.3062    -1.6499    -0.5981    -1.8827
    -1.6888    -1.4218    -0.2145    -1.3662
    -1.9469    -1.0933     0.3834    -0.9152
    -2.1961    -0.7190     0.8386    -0.4829
    -2.4453    -0.2896     1.3832    -0.0410
    -2.6322     0.1674     1.9995     0.4197
    -2.7212     0.5881     2.5802     0.9277
    -2.8103     1.1005     3.2236     1.5865
    -2.7568     1.5859     3.9746     2.2644
    -2.6678     2.0257     4.4485     2.9521
    -2.4631     2.4842     4.7169     3.5364
    -2.2673     3.0347     4.7034     4.0550
    -1.8401     3.5305     4.6900     4.3473
    -1.4842     3.7601     4.3412     4.4134
    -1.1728     3.7601     3.6974     4.2153
    -0.8437     3.7326     3.0270     3.7815
    -0.3634     3.5580     2.2943     3.3102
     0.1523     3.2091     1.6065     2.7260
     0.7213     2.6676     0.8743     2.1326
     1.2457     2.1816     0.2049     1.5394
     1.6544     1.5401    -0.3840     1.0406
     2.0720     1.0090    -0.9549     0.4668
     2.4539     0.4600    -1.3205     0.0342
     2.7470    -0.1069    -1.6415    -0.4829
     2.9690    -0.6185    -1.9535    -0.8870
     3.0667    -1.0477    -2.2566    -1.3098
     3.1378    -1.3762    -2.4437    -1.5446
     3.1022    -1.6863    -2.6398    -1.7325
     3.0223    -1.8322    -2.8090    -2.1268
     2.9069    -2.0693    -2.9071    -2.4648
     2.7293    -2.1149    -2.8536    -2.8402
     2.3562    -2.2151    -2.8001    -3.1029
     1.9654    -2.3336    -2.7199    -3.1967
     1.5478    -2.3427    -2.6041    -3.1873
     1.0768    -2.3518    -2.4081    -3.1873
     0.6324    -2.3518    -2.1496    -3.1122
     0.1790    -2.3791    -1.8822    -3.0278
    -0.3011    -2.3245    -1.5791    -2.9434
    -0.7369    -2.2424    -1.2581    -2.6619
    -1.1372    -2.0510    -0.8746    -2.2958
    -1.5642    -1.8140    -0.3929    -1.8451
    -1.9558    -1.4948     0.0800    -1.4601
    -2.2139    -1.2028     0.7315    -1.1031
    -2.4809    -0.7738     1.2493    -0.7085
    -2.6678    -0.3079     1.7137    -0.2667
    -2.7835     0.2131     2.2407     0.2599
    -2.8904     0.6064     2.9197     0.9089
    -3.0150     1.0365     3.5007     1.6053
    -2.9705     1.5951     4.2249     2.2456
    -2.9171     2.0807     4.5290     2.8956
    -2.7835     2.5667     4.7884     3.4233
    -2.4987     3.0989     4.8153     3.8852
    -2.1961     3.4111     4.7079     4.2059
    -1.8312     3.6223     4.3412     4.1917
    -1.5198     3.7969     3.7510     4.1776
    -1.1372     3.7785     3.1700     3.9135
    -0.7191     3.6499     2.5534     3.4893
    -0.2300     3.3101     1.8655     2.9238
     0.4724     2.8420     1.2047     2.4245
     0.9524     2.3741     0.6065     1.8313
     1.4678     1.7416    -0.0450     1.2853
     1.9654     1.1555    -0.6427     0.7772
     2.3829     0.6155    -1.0886     0.2693
     2.7026     0.0120    -1.4453    -0.1351
     2.9335    -0.4906    -1.7930    -0.6051
     3.1111    -0.9655    -2.1139    -1.0561
     3.2354    -1.2849    -2.3902    -1.3755
     3.2354    -1.6134    -2.6219    -1.7888
     3.1555    -1.7958    -2.8001    -2.2489
     3.0312    -2.0055    -2.8803    -2.5492
     2.8181    -2.1878    -2.8714    -2.8308
     2.4984    -2.2789    -2.8180    -3.0372
     2.0986    -2.2607    -2.7912    -3.0466
     1.6722    -2.2516    -2.6843    -3.0653
     1.2279    -2.2060    -2.5239    -3.0841
     0.7746    -2.1695    -2.1942    -3.0466
     0.2679    -2.1604    -1.9357    -2.8589
    -0.0699    -2.1331    -1.6147    -2.7463
    -0.4612    -2.0693    -1.3027    -2.4929
    -0.8703    -1.9052    -0.8568    -2.2301
    -1.3329    -1.7411    -0.3840    -1.9296
    -1.7155    -1.4309     0.1335    -1.5540
    -2.0359    -1.1481     0.7583    -1.1783
    -2.3118    -0.7646     1.3029    -0.6709
    -2.5699    -0.2531     1.7940    -0.1633
    -2.7568     0.2497     2.3568     0.3351
    -2.8904     0.7436     3.0449     1.0595
    -3.0061     1.2287     3.6795     1.6995
    -3.0239     1.7508     4.4038     2.4151
    -2.9260     2.2549     4.7437     3.0275
    -2.7568     2.7319     4.8510     3.5930
    -2.5343     3.2458     4.8510     4.1116
    -2.2940     3.6499     4.7348     4.4322
    -1.9380     3.8336     4.3144     4.4181
    -1.6087     3.9623     3.7153     4.4039
    -1.2262     3.9531     3.1164     4.1493
    -0.7280     3.8061     2.5355     3.6495
    -0.2567     3.5305     1.8298     3.1217
     0.4724     3.0714     1.1689     2.6412
     1.0235     2.4200     0.5262     2.0667
     1.5567     1.7966    -0.0985     1.5583
     2.1253     1.2745    -0.6784     1.0218
     2.5783     0.6521    -1.0530     0.5232
     2.9335     0.1034    -1.3918     0.0154
     3.2621    -0.4358    -1.7217    -0.5769
     3.3597    -0.9381    -1.9357    -1.0749
     3.4396    -1.1754    -2.2298    -1.3755
     3.4396    -1.3853    -2.5239    -1.7606
     3.4308    -1.5951    -2.7645    -2.1268
     3.2443    -1.8322    -2.7378    -2.4272
     3.0934    -2.0419    -2.7110    -2.6712
     2.7204    -2.1969    -2.8090    -2.8777
     2.2585    -2.1604    -2.8447    -2.9246
     1.7966    -2.1695    -2.7289    -2.9809
     1.2901    -2.1695    -2.5239    -3.0372
     0.8013    -2.0510    -2.2476    -2.9434
     0.2590    -2.0784    -2.0159    -2.7651
    -0.1322    -2.0510    -1.7217    -2.6149
    -0.5857    -1.9325    -1.4008    -2.4178
    -1.0305    -1.7684    -1.1243    -2.1644
    -1.4130    -1.6134    -0.5535    -1.8733
    -1.8579    -1.3671    -0.0717    -1.4319
    -2.2228    -0.9655     0.5619    -0.9904
    -2.4542    -0.5363     1.0707    -0.5675
    -2.6055    -0.0977     1.6244    -0.1539
    -2.7924     0.3503     2.0799     0.3069
    -2.8548     0.7345     2.7589     0.8619
    -2.9705     1.1738     3.3577     1.5771
    -2.9616     1.7325     4.1445     2.2644
    -2.8103     2.2458     4.6543     2.9521
    -2.6322     2.6952     4.7705     3.5930
    -2.3741     3.2275     4.7795     4.1116
    -2.0715     3.6040     4.6006     4.4039
    -1.7333     3.8061     4.0461     4.3945
    -1.3240     3.9439     3.4739     4.3851
    -0.9237     3.9531     2.8661     3.9984
    -0.3189     3.7877     2.2496     3.5270
     0.2324     3.4570     1.6154     3.0275
     0.8813     2.9704     0.9279     2.4716
     1.3967     2.3558     0.3566     1.9160
     1.9210     1.7875    -0.2591     1.4265
     2.3918     1.2104    -0.8211     0.8431
     2.8181     0.6796    -1.1957     0.4103
     3.1378     0.1125    -1.5612    -0.0787
     3.2887    -0.4632    -1.9000    -0.6145
     3.4041    -0.8286    -2.2209    -1.0092
     3.4929    -1.2028    -2.4615    -1.3192
     3.4485    -1.4309    -2.7021    -1.6291
     3.3153    -1.6316    -2.8269    -2.0799
     3.2265    -1.9052    -2.8803    -2.4648
     2.9246    -2.0966    -2.8981    -2.7745
     2.5694    -2.2424    -2.8625    -2.9809
     2.0986    -2.2607    -2.9249    -3.0841
     1.6011    -2.2424    -2.8001    -3.0841
     1.1124    -2.1878    -2.5774    -3.0653
     0.5969    -2.1787    -2.2922    -2.9715
     0.1701    -2.1149    -2.0070    -2.8871
    -0.2478    -2.0602    -1.7128    -2.7651
    -0.6836    -2.0510    -1.4721    -2.5680
    -1.0838    -1.8596    -1.1065    -2.3333
    -1.5465    -1.7593    -0.6427    -1.9015
    -1.9024    -1.5039    -0.0985    -1.4601
    -2.2406    -1.1115     0.4726    -1.0749
    -2.5610    -0.7372     1.0082    -0.6897
    -2.7123    -0.3445     1.5261    -0.2855
    -2.8904     0.1765     2.0531     0.1564
    -3.0239     0.6338     2.6963     0.5985
    -3.1753     1.0822     3.2594     1.2759
    -3.1308     1.4760     3.9656     1.8878
    -2.9616     2.0257     4.5559     2.5470
    -2.8192     2.4934     4.7437     3.1500
    -2.6055     2.9613     4.7705     3.6778
    -2.3474     3.2734     4.7258     4.0833
    -1.9914     3.5580     4.3323     4.2059
    -1.5642     3.7234     3.7242     4.1398
    -1.1372     3.6958     3.0985     3.9324
    -0.6658     3.6132     2.4193     3.4893
    -0.0166     3.3285     1.7851     3.0181
     0.5969     2.8878     1.1511     2.5093
     1.0679     2.3558     0.5262     1.8784
     1.5389     1.8241    -0.1163     1.3512
     2.0009     1.2470    -0.7141     0.7960
     2.4362     0.6704    -1.1422     0.3727
     2.8092     0.0577    -1.5256    -0.0693
     3.1111    -0.4541    -1.7841    -0.4829
     3.2443    -0.8925    -2.1139    -0.8588
     3.2798    -1.2667    -2.3991    -1.3380
     3.2354    -1.5222    -2.5596    -1.7888
     3.1644    -1.8231    -2.7467    -2.2864
     3.0223    -2.1331    -2.8090    -2.6431
     2.7914    -2.2698    -2.8180    -2.8871
     2.4895    -2.3791    -2.8447    -2.9527
     2.1075    -2.4338    -2.8447    -3.0560
     1.6811    -2.4794    -2.7021    -3.1122
     1.1657    -2.4976    -2.4972    -3.1310
     0.7480    -2.4247    -2.2209    -3.1122
     0.2768    -2.4156    -1.9178    -3.0278
    -0.0966    -2.2971    -1.6593    -2.8777
    -0.4079    -2.2607    -1.3562    -2.7088
    -0.7636    -2.0328    -1.0084    -2.3897
    -1.2617    -1.8414    -0.4911    -2.0517
    -1.6354    -1.5951    -0.0093    -1.6667
    -1.9736    -1.3123     0.6422    -1.3380
    -2.2406    -0.8377     1.1779    -0.8682
    -2.4097    -0.4541     1.6511    -0.4077
    -2.5877     0.0120     2.1960     0.0342
    -2.7301     0.4692     2.7142     0.5702
    -2.7924     0.9175     3.3934     1.2006
    -2.8103     1.2928     4.0550     1.9066
    -2.6589     1.7783     4.5916     2.5564
    -2.4898     2.1632     4.7258     3.2631
    -2.2317     2.6585     4.7258     3.8004
    -1.9202     3.0347     4.7258     4.1398
    -1.5820     3.3468     4.2875     4.3379
    -1.2173     3.5397     3.6706     4.3379
    -0.8348     3.5856     3.0180     4.0927
    -0.3189     3.5029     2.4015     3.7438
     0.1790     3.2366     1.7494     3.2160
     0.7924     2.8787     1.1511     2.6695
     1.2634     2.4475     0.5797     2.1797
     1.7344     1.9158    -0.0628     1.6336
     2.2496     1.3752    -0.6070     1.1065
     2.6937     0.7345    -1.0084     0.6831
     2.9602     0.2497    -1.4008     0.2505
     3.1644    -0.2896    -1.7306    -0.2855
     3.3065    -0.6550    -2.0605    -0.7366
     3.3597    -1.0933    -2.3368    -1.1971
     3.3153    -1.3397    -2.6130    -1.5634
     3.2088    -1.5130    -2.7912    -1.9484
     3.1289    -1.7958    -2.8269    -2.3052
     2.8625    -1.9781    -2.7912    -2.5305
     2.4451    -2.0784    -2.7645    -2.6900
     2.0898    -2.1513    -2.8714    -2.8871
     1.6278    -2.1422    -2.8090    -2.9715
     1.0946    -2.1057    -2.5863    -3.0278
     0.6324    -2.1240    -2.3100    -2.9715
     0.2057    -2.0966    -1.9981    -2.8402
    -0.2211    -2.0510    -1.7396    -2.5774
    -0.5946    -1.9234    -1.4364    -2.2958
    -0.9771    -1.8414    -1.1243    -2.0893
    -1.4219    -1.5495    -0.6516    -1.8733
    -1.8846    -1.2758    -0.0450    -1.5822
    -2.2050    -0.9199     0.5351    -1.2816
    -2.4720    -0.6185     1.1243    -0.8588
    -2.7034    -0.1617     1.6511    -0.3983
    -2.8281     0.2497     2.1067     0.1376
    -3.0506     0.6247     2.7410     0.7302
    -3.0862     1.0365     3.3398     1.4547
    -3.0684     1.5401     4.0103     2.2079
    -2.8904     1.9341     4.6006     2.8202
    -2.7657     2.3925     4.7616     3.4422
    -2.5788     2.8236     4.7616     3.9418
    -2.3207     3.2550     4.7526     4.2907
    -1.9825     3.5489     4.3859     4.4888
    -1.5909     3.7510     3.7153     4.4228
    -1.1728     3.7601     3.1253     4.2624
    -0.6124     3.5580     2.4551     3.8004
    -0.0877     3.3652     1.8298     3.1877
     0.5880     2.9796     1.1243     2.6412
     1.0590     2.4658     0.5262     2.0384
     1.5922     1.9524    -0.1342     1.5112
     2.1786     1.2928    -0.7854     1.0124
     2.6405     0.7619    -1.2135     0.5608
     2.9602     0.1948    -1.5523     0.0530
     3.1910    -0.3536    -1.8554    -0.4359
     3.3420    -0.7829    -2.1496    -1.0373
     3.3420    -1.1481    -2.3635    -1.5164
     3.3597    -1.3488    -2.6487    -1.8921
     3.2709    -1.5678    -2.7823    -2.2019
     3.1644    -1.7319    -2.7645    -2.4178
     2.8625    -1.9599    -2.7378    -2.5305
     2.4717    -2.1787    -2.8358    -2.7088
     2.1164    -2.2880    -2.8313    -2.8871
     1.6367    -2.3609    -2.8269    -3.0560
     1.0946    -2.3609    -2.6219    -3.0700
     0.6324    -2.2971    -2.2476    -3.0841
     0.1701    -2.1604    -1.9624    -2.9340
    -0.2745    -2.0693    -1.7306    -2.7182
    -0.6391    -1.8778    -1.4275    -2.5774
    -1.0838    -1.7684    -1.0976    -2.2395
    -1.5109    -1.5404    -0.6605    -1.9672
    -1.8401    -1.1572    -0.0717    -1.6667
    -2.2228    -0.7738     0.4726    -1.1595
    -2.4186    -0.3901     1.1332    -0.6521
    -2.5877     0.0302     1.6511    -0.1539
    -2.8103     0.3868     2.0799     0.3445
    -2.9616     0.8626     2.5980     1.0406
    -3.0061     1.3020     3.2057     1.6806
    -2.9260     1.7416     3.8494     2.3869
    -2.7746     2.1907     4.5380     3.1311
    -2.6322     2.6860     4.7348     3.7910
    -2.4987     3.1540     4.7437     4.2436
    -2.2584     3.5121     4.6990     4.4699
    -1.9024     3.7050     4.4754     4.4794
    -1.4664     3.7693     3.8673     4.4888
    -1.0216     3.7877     3.2147     4.1870
    -0.5590     3.6223     2.6070     3.6590
    -0.0166     3.3193     1.8923     3.0086
     0.6769     2.8787     1.1243     2.3869
     1.1746     2.3741     0.4191     1.8125
     1.7255     1.7600    -0.1877     1.2100
     2.2319     1.1372    -0.7676     0.6925
     2.7204     0.5149    -1.2581     0.1752
     3.0490    -0.0703    -1.5880    -0.3419
     3.2354    -0.6459    -1.8465    -0.8682
     3.3242    -1.0750    -2.2209    -1.3849
     3.3153    -1.4765    -2.4081    -1.8357
     3.3065    -1.7046    -2.6932    -2.1644
     3.2798    -1.9417    -2.8090    -2.4084
     3.1466    -2.0693    -2.8536    -2.6055
     2.8714    -2.3154    -2.8714    -2.8214
     2.4806    -2.4429    -2.9249    -2.9621
     2.1164    -2.5887    -2.8892    -3.2248
     1.6011    -2.7344    -2.7645    -3.4124
     1.0235    -2.7526    -2.6130    -3.4781
     0.5257    -2.6433    -2.3457    -3.4687
     0.1079    -2.5431    -2.0159    -3.2530
    -0.2922    -2.4611    -1.7663    -2.9903
    -0.7458    -2.2880    -1.4186    -2.7932
    -1.1194    -2.0875    -1.0084    -2.5868
    -1.5020    -1.8049    -0.5713    -2.2395
    -1.8846    -1.4309    -0.0806    -1.8076
    -2.1961    -1.0568     0.4905    -1.3474
    -2.4809    -0.5820     1.2493    -0.7742
    -2.6767    -0.1891     1.7672    -0.1915
    -2.7746     0.3228     2.2407     0.3633
    -2.8993     0.8626     2.8393     1.0406
    -2.9705     1.3569     3.4381     1.7842
    -2.9527     1.8150     4.1623     2.5564
    -2.7479     2.2824     4.6274     3.1971
    -2.6144     2.7777     4.7705     3.8758
    -2.4186     3.2366     4.9316     4.3756
    -2.1071     3.6132     4.9495     4.5737
    -1.7956     3.7877     4.8421     4.5879
    -1.3863     3.9072     4.3412     4.6020
    -0.9860     3.8704     3.5812     4.1964
    -0.4701     3.6866     2.8661     3.6778
     0.0190     3.3652     2.0888     3.0463
     0.6591     2.9062     1.3386     2.4434
     1.1924     2.3375     0.6244     1.8784
     1.6811     1.7416     0.0086     1.3136
     2.1964     1.1738    -0.5803     0.8431
     2.6405     0.6247    -1.0797     0.4009
     2.9957     0.0028    -1.4186    -0.1163
     3.1289    -0.6094    -1.7396    -0.5863
     3.2443    -1.0385    -2.0070    -1.0843
     3.2354    -1.3579    -2.3457    -1.4695
     3.1733    -1.5039    -2.5685    -1.7982
     3.1644    -1.7046    -2.7912    -2.1268
     3.0223    -1.8961    -2.8981    -2.4460
     2.8003    -2.0966    -2.8892    -2.5962
     2.4273    -2.2516    -2.7645    -2.7651
     2.0542    -2.3518    -2.7467    -2.9715
     1.5478    -2.4885    -2.6398    -3.1029
     1.0679    -2.4702    -2.4883    -3.2248
     0.5080    -2.4520    -2.2209    -3.1779
     0.0368    -2.3974    -1.9535    -2.9715
    -0.3545    -2.2516    -1.7217    -2.7745
    -0.7725    -2.1422    -1.3829    -2.5680
    -1.1817    -1.8870    -0.9638    -2.3427
    -1.5109    -1.6863    -0.5178    -2.1080
    -1.8935    -1.4127    -0.0271    -1.7043
    -2.1872    -1.0111     0.5619    -1.1783
    -2.4097    -0.6094     1.1422    -0.6615
    -2.5788    -0.2165     1.5886    -0.1445
    -2.7479     0.3594     2.1335     0.3163
    -2.8370     0.8534     2.6963     0.9560
    -2.8815     1.2837     3.2683     1.6901
    -2.8548     1.7050     4.0908     2.3492
    -2.7390     2.1907     4.7526     2.9898
    -2.6411     2.6585     4.8779     3.5741
    -2.4097     2.9796     4.9226     4.0173
    -2.1694     3.3285     4.8779     4.3945
    -1.8668     3.5580     4.6632     4.4039
    -1.4931     3.6499     4.0282     4.4134
    -1.0393     3.6315     3.3756     4.1116
    -0.5235     3.3836     2.6785     3.5836
    -0.0610     3.1448     1.9012     3.0275
     0.5969     2.7319     1.2136     2.4434
     1.0768     2.1632     0.5351     1.9254
     1.6367     1.6867    -0.0539     1.3606
     2.1519     1.2104    -0.6695     0.9089
     2.6227     0.6064    -1.1778     0.4197
     3.0046     0.0668    -1.5523    -0.1069
     3.1378    -0.3993    -1.8287    -0.5769
     3.2532    -0.8651    -2.1229    -1.0749
     3.3420    -1.1663    -2.3546    -1.3849
     3.3153    -1.4036    -2.6576    -1.6855
     3.2177    -1.5860    -2.8536    -2.0235
     3.1200    -1.8322    -2.8759    -2.3240
     2.8625    -2.0784    -2.8981    -2.5492
     2.4984    -2.2151    -2.7289    -2.7463
     2.0720    -2.2698    -2.7467    -2.9152
     1.6189    -2.3518    -2.7289    -3.0466
     1.0502    -2.4247    -2.5506    -3.0372
     0.5880    -2.4702    -2.3724    -3.0278
     0.0990    -2.4611    -2.0694    -2.8777
    -0.3456    -2.4065    -1.7930    -2.8120
    -0.7102    -2.2789    -1.4453    -2.6994
    -1.1550    -2.0966    -1.1065    -2.5023
    -1.5554    -1.9417    -0.7141    -2.2395
    -1.9113    -1.6316    -0.3215    -1.8545
    -2.2050    -1.3488     0.1603    -1.4225
    -2.4008    -1.0203     0.7493    -0.9434
    -2.6055    -0.5911     1.2939    -0.4077
    -2.6945    -0.1891     1.8119     0.1470
    -2.8014     0.3045     2.3479     0.6549
    -2.9171     0.8260     2.9912     1.3983
    -2.8904     1.2287     3.5365     2.0478
    -2.8192     1.6684     4.1802     2.6883
    -2.6322     2.0624     4.6543     3.2631
    -2.3919     2.5484     4.8332     3.7910
    -2.1427     2.8970     4.7974     4.1964
    -1.8223     3.1540     4.5290     4.4416
    -1.4664     3.2826     3.9209     4.4794
    -1.0749     3.2826     3.2862     4.2530
    -0.5679     3.2826     2.6606     3.9324
    -0.0966     3.0806     1.9727     3.3856
     0.5613     2.7594     1.3207     2.8296
     1.0590     2.3283     0.6690     2.3209
     1.5833     1.8150     0.0710     1.7560
     2.1431     1.3569    -0.5267     1.1442
     2.6138     0.8534    -1.0619     0.6737
     2.9602     0.3685    -1.4988     0.1376
     3.1644    -0.1800    -1.7128    -0.4265
     3.2177    -0.6185    -2.0783    -0.8964
     3.2621    -0.8833    -2.3813    -1.2440
     3.2265    -1.1937    -2.6308    -1.5540
     3.1200    -1.4309    -2.8447    -1.7606
     2.9779    -1.5951    -2.9249    -1.9954
     2.7826    -1.8231    -2.9071    -2.2395
     2.3562    -1.9599    -2.8269    -2.5305
     1.9476    -2.0510    -2.7823    -2.8402
     1.4945    -2.1240    -2.7021    -2.9621
     0.9613    -2.2607    -2.4883    -2.9574
     0.4191    -2.2971    -2.2387    -2.9527
     0.0012    -2.3427    -1.9802    -2.8589
    -0.4790    -2.2242    -1.7396    -2.6712
    -0.8614    -2.1149    -1.4988    -2.6243
    -1.2706    -1.9508    -1.1332    -2.4178
    -1.6265    -1.7046    -0.7141    -2.1456
    -2.0181    -1.3488    -0.2680    -1.8733
    -2.2851    -1.0020     0.1871    -1.4131
    -2.5254    -0.6824     0.7940    -0.9058
    -2.7123    -0.3171     1.3564    -0.3419
    -2.8637    -0.0246     1.8030     0.1940
    -2.9082     0.3960     2.3836     0.7584
    -2.9527     0.8168     2.9197     1.4171
    -2.9171     1.2104     3.4471     2.0008
    -2.8014     1.6134     4.0193     2.6412
    -2.6856     2.0349     4.5111     3.2160
    -2.3741     2.4658     4.8242     3.7910
    -2.0270     2.8695     4.8779     4.2530
    -1.6799     3.1816     4.8421     4.4982
    -1.3240     3.4478     4.4306     4.4935
    -0.8703     3.5489     3.8136     4.4888
    -0.3189     3.5121     3.2326     4.1116
     0.1790     3.3285     2.5623     3.5836
     0.8546     3.1173     1.8744     3.0463
     1.3257     2.7227     1.2225     2.4999
     1.9298     2.1907     0.5619     1.9254
     2.4539     1.6500    -0.0539     1.2571
     2.9335     1.1646    -0.7051     0.7490
     3.1910     0.5698    -1.1778     0.1940
     3.3864    -0.0063    -1.5078    -0.3607
     3.4130    -0.4724    -1.9089    -0.9152
     3.4663    -0.8833    -2.2209    -1.3568
     3.3775    -1.2211    -2.5239    -1.6479
     3.3153    -1.4765    -2.7110    -1.9672
     3.1378    -1.6955    -2.8180    -2.1362
     2.8270    -1.9143    -2.8714    -2.3803
     2.4628    -2.1422    -2.8447    -2.6337
     2.0187    -2.2789    -2.7823    -2.9340
     1.5034    -2.3336    -2.6576    -3.2061
     1.0057    -2.4065    -2.4794    -3.3562
     0.4635    -2.3700    -2.3011    -3.3093
    -0.0522    -2.3062    -2.1318    -3.1216
    -0.4701    -2.2789    -1.8911    -2.9058
    -0.8703    -2.1513    -1.6415    -2.7088
    -1.2529    -1.9964    -1.3829    -2.4835
    -1.6443    -1.7228    -0.9549    -2.2958
    -2.0270    -1.3944    -0.5624    -1.8827
    -2.3474    -1.0294    -0.0806    -1.4413
    -2.5254    -0.6642     0.4726    -0.8588
    -2.7123    -0.2074     0.9814    -0.2949
    -2.9082     0.1308     1.5172     0.1940
    -2.9171     0.5057     2.0620     0.7208
    -2.9349     0.9083     2.5980     1.4359
    -2.8637     1.4027     3.1253     2.0196
    -2.8281     1.8974     3.6706     2.7260
    -2.6144     2.3375     4.2607     3.3573
    -2.3207     2.6676     4.5648     3.9418
    -2.0626     3.0898     4.5827     4.3945
    -1.6888     3.3744     4.6006     4.6020
    -1.3507     3.6040     4.2965     4.6303
    -0.9326     3.6683     3.7779     4.5454
    -0.4345     3.5580     3.1789     4.1870
     0.1612     3.2917     2.5534     3.5647
     0.8368     2.9888     1.9370     2.9427
     1.2990     2.5576     1.2493     2.3586
     1.8677     2.0807     0.5887     1.7277
     2.4095     1.5126    -0.0896     1.1912
     2.8092     0.9449    -0.7587     0.6455
     3.1378     0.4234    -1.2938     0.1470
     3.3065    -0.1160    -1.6682    -0.3607
     3.3331    -0.5911    -1.9713    -0.8588
     3.3508    -1.0933    -2.2744    -1.3568
     3.2887    -1.3944    -2.5150    -1.7231
     3.2088    -1.7411    -2.7378    -2.0893
     3.0578    -1.9599    -2.8803    -2.3615
     2.8181    -2.0784    -2.9249    -2.5305
     2.4184    -2.1878    -2.9249    -2.7369
     2.0631    -2.2789    -2.8625    -3.0372
     1.5922    -2.4338    -2.7289    -3.2154
     1.0324    -2.4429    -2.4972    -3.3093
     0.5613    -2.4885    -2.3278    -3.2623
     0.0990    -2.4794    -2.0872    -3.0747
    -0.2833    -2.3882    -1.9000    -2.8120
    -0.7102    -2.2516    -1.6593    -2.6337
    -1.1550    -1.9690    -1.2938    -2.4741
    -1.5020    -1.7046    -0.8568    -2.1925
    -1.8312    -1.4127    -0.4643    -1.7888
    -2.1872    -1.0294     0.0532    -1.2628
    -2.3741    -0.6733     0.5440    -0.7366
    -2.5877    -0.2440     1.0261    -0.2197
    -2.6767     0.1491     1.5708     0.2975
    -2.7568     0.5149     2.1513     0.8525
    -2.7435     1.0456     2.7499     1.4736
    -2.7301     1.5951     3.2326     2.1797
    -2.6767     1.9524     3.7689     2.9144
    -2.4987     2.3558     4.3144     3.5364
    -2.2762     2.8053     4.6811     4.2059
    -1.9558     3.2091     4.8332     4.5737
    -1.6265     3.4662     4.7526     4.6869
    -1.2440     3.6040     4.3770     4.6586
    -0.8259     3.5856     3.7689     4.5171
    -0.3634     3.4662     3.0985     3.9607
     0.1435     3.2366     2.3925     3.3196
     0.8013     2.8695     1.7226     2.7542
     1.3257     2.3925     1.0172     2.1232
     1.8588     1.8058     0.3834     1.4736
     2.3562     1.1189    -0.2591     0.9089
     2.7559     0.6338    -0.9370     0.4009
     3.1022     0.0851    -1.4275    -0.0881
     3.2088    -0.4084    -1.7306    -0.5769
     3.3153    -0.8742    -2.0426    -1.1313
     3.2887    -1.2119    -2.3635    -1.5822
     3.2354    -1.6134    -2.6130    -1.8357
     3.0934    -1.9052    -2.8269    -2.2207
     2.9335    -2.0602    -2.8981    -2.5492
     2.6849    -2.2424    -2.8892    -2.7651
     2.4362    -2.2971    -2.8803    -2.9527
     2.0009    -2.2789    -2.7823    -3.1310
     1.5123    -2.3882    -2.5863    -3.1967
     1.0146    -2.4611    -2.3368    -3.2623
     0.4902    -2.5158    -2.1050    -3.2811
     0.0545    -2.4247    -1.8733    -3.0560
    -0.4256    -2.4065    -1.6326    -2.9152
    -0.8348    -2.1878    -1.2402    -2.6994
    -1.2440    -2.0237    -0.9014    -2.4554
    -1.6176    -1.6590    -0.4911    -2.1174
    -1.9558    -1.3032    -0.0360    -1.6385
    -2.1961    -0.9199     0.4012    -1.1501
    -2.4097    -0.4906     1.0618    -0.7085
    -2.6055    -0.1434     1.6690    -0.2761
    -2.7657     0.1765     2.2228     0.2128
    -2.9171     0.6247     2.9108     0.7866
    -2.9794     1.0822     3.5365     1.4359
    -2.8370     1.6592     4.1802     2.0855
    -2.7034     2.0349     4.6453     2.7919
    -2.5343     2.3375     4.8779     3.3291
    -2.3118     2.7686     5.0479     3.9135
    -2.0181     3.0898     5.0658     4.3096
    -1.6532     3.3009     4.9137     4.5265
    -1.2706     3.4478     4.1176     4.4982
    -0.8525     3.4754     3.3577     4.2530
    -0.3367     3.3836     2.6070     3.9135
     0.1879     3.1907     1.7851     3.3856
     0.7835     2.8603     1.0529     2.8108
     1.2990     2.3375     0.3566     2.2268
     1.8499     1.8608    -0.2769     1.6148
     2.3651     1.3386    -0.9638     0.9842
     2.8270     0.8260    -1.4810     0.4574
     3.1466     0.2771    -1.8465     0.0154
     3.3331    -0.2622    -2.1585    -0.5111
     3.3775    -0.6824    -2.4437    -0.9434
     3.4308    -1.0568    -2.6219    -1.3943
     3.3153    -1.4309    -2.9338    -1.7325
     3.2265    -1.8049    -3.1209    -1.9860
     3.1111    -2.0419    -3.0941    -2.2864
     2.7914    -2.1878    -3.1120    -2.5774
     2.4895    -2.3154    -2.9872    -2.7932
     2.1075    -2.3609    -2.8892    -2.9058
     1.5745    -2.4338    -2.8358    -2.9527
     1.0768    -2.4520    -2.6487    -3.0278
     0.5080    -2.5249    -2.4081    -3.0137
     0.0634    -2.4885    -2.0694    -2.9997
    -0.3812    -2.4338    -1.6950    -2.8871
    -0.7725    -2.3245    -1.3205    -2.7275
    -1.2795    -2.0966    -0.9370    -2.5211
    -1.6888    -1.7502    -0.5446    -2.1550
    -2.0181    -1.4765    -0.0628    -1.7606
    -2.2762    -1.1754     0.4905    -1.2816
    -2.4542    -0.7464     1.2136    -0.8306
    -2.6678    -0.4541     1.7762    -0.4077
    -2.8192    -0.0429     2.3925     0.0530
    -3.0328     0.3320     3.0627     0.5796
    -3.0061     0.8077     3.7063     1.2289
    -2.9349     1.2470     4.5469     1.8595
    -2.7924     1.7416     4.9673     2.5376
    -2.6144     2.1357     5.0300     3.1123
    -2.4186     2.5392     5.0300     3.6873
    -2.1160     2.9062     5.0300     4.1210
    -1.7600     3.2275     4.4306     4.4039
    -1.3151     3.3927     3.7332     4.4322
    -0.8792     3.3790     3.0180     4.3002
    -0.3901     3.3652     2.3121     4.0078
     0.2235     3.2275     1.5976     3.4799
     0.7924     2.9704     0.8654     2.9521
     1.2634     2.5484     0.2763     2.3775
     1.8232     2.0899    -0.3840     1.8125
     2.3029     1.5676    -0.9014     1.2477
     2.7914     1.0090    -1.2848     0.6925
     3.0667     0.5149    -1.5702     0.1752
     3.2443    -0.0886    -1.8198    -0.3231
     3.2443    -0.5728    -2.1050    -0.8494
     3.2354    -0.9746    -2.3278    -1.2346
     3.1910    -1.3488    -2.6398    -1.6385
     3.0578    -1.6043    -2.8892    -1.9203
     2.9069    -1.9143    -2.9249    -2.1456
     2.6316    -2.0510    -2.8180    -2.3991
     2.2674    -2.1878    -2.7734    -2.6431
     1.9387    -2.2971    -2.6932    -2.8308
     1.4856    -2.3882    -2.5863    -3.0278
     0.9613    -2.3700    -2.4704    -3.1122
     0.4991    -2.4065    -2.3368    -3.1029
    -0.0077    -2.3700    -2.0872    -3.0278
    -0.4612    -2.2880    -1.7752    -2.8683
    -0.8525    -2.1695    -1.4632    -2.6806
    -1.2440    -1.9690    -1.0708    -2.3803
    -1.6799    -1.7593    -0.6427    -2.0611
    -1.9825    -1.4948    -0.1966    -1.6949
    -2.2139    -1.1481     0.2674    -1.3474
    -2.4720    -0.8103     0.8118    -0.9528
    -2.6055    -0.4815     1.4636    -0.4171
    -2.8281    -0.1526     1.9548     0.0154
    -2.9171     0.2862     2.6427     0.5420
    -2.9215     0.6247     3.2862     1.1724
    -2.9260     1.1372     3.8851     1.7371
    -2.7479     1.6684     4.4485     2.4340
    -2.6144     2.1082     4.9137     2.9898
    -2.3474     2.5667     4.9852     3.5836
    -2.0092     2.9796     4.8063     4.0833
    -1.6710     3.2642     4.2875     4.4322
    -1.2884     3.4570     3.7510     4.4982
    -0.8792     3.6132     3.1789     4.3756
    -0.3189     3.5580     2.5087     4.1210
     0.3213     3.4295     1.8834     3.6024
     0.8457     3.1265     1.2761     2.9992
     1.3701     2.6952     0.7226     2.4622
     1.9210     2.1449     0.0710     1.8595
     2.3918     1.5676    -0.4286     1.3041
     2.8270     1.0090    -0.7408     0.7866
     3.1200     0.4417    -1.0708     0.2787
     3.2621    -0.1526    -1.3562    -0.3137
     3.2487    -0.6733    -1.6861    -0.8588
     3.2354    -1.1663    -2.0516    -1.3662
     3.2443    -1.5404    -2.3278    -1.8076
     3.0934    -1.8778    -2.5150    -2.1174
     2.8980    -2.1240    -2.5506    -2.4460
     2.6049    -2.2607    -2.6041    -2.7182
     2.3296    -2.3700    -2.5596    -2.9434
     1.9121    -2.4338    -2.5685    -3.1498
     1.4767    -2.4794    -2.5506    -3.2436
     0.9524    -2.4429    -2.4704    -3.2717
     0.4457    -2.4520    -2.2922    -3.2811
     0.0634    -2.3336    -2.0516    -3.1122
    -0.4079    -2.2516    -1.8109    -2.8495
    -0.7903    -2.1604    -1.4899    -2.7088
    -1.2351    -1.9325    -1.2759    -2.4929
    -1.6799    -1.6681    -0.9905    -2.1644
    -2.0270    -1.3671    -0.5981    -1.7418
    -2.2851    -0.9746    -0.0539    -1.3286
    -2.4898    -0.6185     0.4816    -0.8588
    -2.7034    -0.2988     0.9993    -0.3513
    -2.8459     0.0302     1.5350     0.1094
    -2.9616     0.3868     2.0799     0.6079
    -2.9571     0.8626     2.6159     1.2759
    -2.9527     1.3569     3.0985     1.9537
    -2.8192     1.8974     3.6706     2.6695
    -2.5877     2.3375     4.1176     3.3668
    -2.3563     2.8144     4.5737     3.9230
    -2.0359     3.2734     4.5380     4.4134
    -1.7422     3.5397     4.5022     4.5831
    -1.3774     3.7785     4.0550     4.6492
    -0.9326     3.7785     3.5275     4.5077
    -0.4879     3.7785     2.9197     4.2059
     0.1079     3.6040     2.3657     3.6118
     0.7569     3.2366     1.7762     3.0275
     1.2546     2.7869     1.1689     2.4716
     1.7522     2.1541     0.6154     1.8407
     2.2763     1.5767     0.0443     1.2947
     2.7115     0.9999    -0.4286     0.7113
     3.0401     0.4326    -0.9370     0.1846
     3.1822    -0.2074    -1.3562    -0.3607
     3.2354    -0.7098    -1.7039    -0.9058
     3.2088    -1.1663    -1.9802    -1.4695
     3.1378    -1.5951    -2.1852    -1.8545
     2.9868    -1.9964    -2.4259    -2.2207
     2.8092    -2.1422    -2.5685    -2.5398
     2.6138    -2.3154    -2.6398    -2.7651
     2.3029    -2.4247    -2.6308    -2.9246
     1.9210    -2.4156    -2.5685    -3.1310
     1.4767    -2.4976    -2.4794    -3.2623
     0.9791    -2.4702    -2.3546    -3.2717
     0.4546    -2.4338    -2.2209    -3.2811
     0.0634    -2.4065    -1.9802    -3.0372
    -0.3634    -2.3062    -1.7128    -2.8120
    -0.7725    -2.2060    -1.5256    -2.5492
    -1.1283    -1.9690    -1.1957    -2.3521
    -1.5909    -1.6134    -0.9014    -2.0893
    -1.9380    -1.3488    -0.5357    -1.7043
    -2.2050    -0.9564    -0.1342    -1.1595
    -2.4542    -0.6002     0.2763    -0.6897
    -2.5877    -0.2622     0.8475    -0.2667
    -2.8192     0.1217     1.3922     0.2222
    -2.9438     0.5972     1.9102     0.7490
    -2.9972     0.9724     2.5266     1.3606
    -2.8637     1.6225     3.0091     2.0196
    -2.7657     2.0899     3.5633     2.6224
    -2.5877     2.4750     4.1176     3.3196
    -2.2940     2.8970     4.6274     3.9324
    -2.0270     3.3560     4.8689     4.3756
    -1.6354     3.6040     4.9226     4.5926
    -1.2173     3.7510     4.6632     4.5831
    -0.7725     3.7510     4.0729     4.4416
    -0.2833     3.7510     3.4292     3.9890
     0.3835     3.5489     2.8751     3.4610
     0.9435     3.1632     2.2407     2.9050
     1.4234     2.6309     1.5797     2.3869
     1.9654     2.1082     0.9100     1.7748
     2.4095     1.5035     0.2584     1.2006
     2.8270     0.9999    -0.3751     0.7302
     3.0756     0.4417    -0.9460     0.2317
     3.2621    -0.1526    -1.4008    -0.3889
     3.3065    -0.6094    -1.8554    -0.9058
     3.3065    -1.0203    -2.2031    -1.3098
     3.2354    -1.3944    -2.4704    -1.6949
     3.1822    -1.6407    -2.6308    -2.0235
     3.0223    -1.8322    -2.7912    -2.3333
     2.7381    -2.0419    -2.9427    -2.5868
     2.3562    -2.1878    -3.0051    -2.8308
     1.9743    -2.3062    -2.8625    -3.0372
     1.4767    -2.4611    -2.7467    -3.1216
     0.9879    -2.4611    -2.5863    -3.1498
     0.5257    -2.4976    -2.3368    -2.9903
     0.0990    -2.4247    -2.0872    -2.8683
    -0.3011    -2.2698    -1.8554    -2.6149
    -0.7725    -2.1331    -1.6593    -2.4366
    -1.2529    -1.9690    -1.3116    -2.2395
    -1.7066    -1.6681    -0.9816    -1.9109
    -2.0537    -1.4218    -0.5089    -1.6573
    -2.3029    -1.0020    -0.0360    -1.2816
    -2.4898    -0.7098     0.5262    -0.8682
    -2.6500    -0.2896     1.0975    -0.3795
    -2.8459     0.0485     1.6511     0.0530
    -2.9794     0.5698     2.2407     0.5891
    -2.9794     0.8809     2.8751     1.2006
    -2.9794     1.4119     3.4560     1.7654
    -2.8281     1.8974     4.0372     2.4151
    -2.6055     2.3283     4.6632     3.0369
    -2.3919     2.6676     4.9673     3.5930
    -2.1338     3.0898     5.0210     4.1210
    -1.7066     3.3652     5.0300     4.4134
    -1.2795     3.4846     4.7258     4.4322
    -0.8259     3.5397     4.0461     4.3379
    -0.3901     3.4938     3.3488     4.0361
     0.2324     3.3101     2.6606     3.5647
     0.8013     3.0439     1.9816     3.0369
     1.2901     2.6309     1.2493     2.5187
     1.9121     2.0532     0.5887     1.9819
     2.4273     1.5401    -0.0896     1.3512
     2.8358     0.8992    -0.7497     0.8148
     3.1200     0.3594    -1.2402     0.3727
     3.2887    -0.1526    -1.7039    -0.1915
     3.3864    -0.6276    -2.0605    -0.6709
     3.3686    -0.9290    -2.3368    -1.2252
     3.3508    -1.2576    -2.5863    -1.6667
     3.3065    -1.5404    -2.8358    -1.9766
     3.1466    -1.7319    -2.9338    -2.3052
     2.8980    -1.9872    -3.0229    -2.5305
     2.5250    -2.1240    -3.0763    -2.7745
     2.1075    -2.3245    -3.0585    -3.0278
     1.6189    -2.3609    -2.8981    -3.0653
     1.0679    -2.3700    -2.6130    -3.0935
     0.5969    -2.3974    -2.4526    -2.9058
     0.1435    -2.3245    -2.3011    -2.6994
    -0.2922    -2.2607    -2.0248    -2.5680
    -0.7013    -2.1422    -1.7841    -2.3709
    -1.2084    -1.9325    -1.3918    -2.2207
    -1.5909    -1.7137    -0.9549    -2.0235
    -1.9647    -1.3762    -0.4911    -1.6573
    -2.2495    -1.0294     0.1067    -1.2534
    -2.4097    -0.6094     0.6779    -0.8212
    -2.6589    -0.2074     1.3118    -0.3419
    -2.8726     0.1857     1.8387     0.1188
    -2.9527     0.6704     2.4908     0.5702
    -2.9883     1.0365     3.1164     1.2006
    -2.9171     1.5493     3.7242     1.8313
    -2.7568     2.0349     4.3323     2.4245
    -2.5788     2.3650     4.9405     3.0746
    -2.3741     2.7686     5.0658     3.6495
    -2.0270     3.1357     5.1284     4.1116
    -1.6265     3.4295     4.9584     4.4416
    -1.2351     3.6315     4.2249     4.5831
    -0.7814     3.6269     3.5097     4.6020
    -0.3011     3.6223     2.8214     4.3662
     0.3391     3.4662     2.1781     3.8947
     0.8902     3.2366     1.5261     3.3102
     1.3612     2.7777     0.8922     2.6977
     1.9298     2.2274     0.3209     2.0573
     2.3562     1.5859    -0.3840     1.4924
     2.7559     1.0182    -0.8835     0.8901
     3.0667     0.4417    -1.2492     0.3351
     3.2265    -0.1343    -1.5791    -0.1915
     3.2532    -0.6824    -1.8822    -0.7273
     3.2798    -1.0750    -2.1674    -1.2722
     3.1999    -1.4218    -2.4081    -1.6479
     3.0667    -1.6590    -2.6487    -2.0048
     2.9424    -1.8778    -2.7378    -2.3709
     2.7026    -2.1331    -2.7823    -2.5962
     2.3651    -2.2880    -2.7912    -2.8871
     1.8943    -2.4338    -2.8090    -3.1122
     1.4678    -2.4794    -2.6487    -3.1592
     0.9791    -2.5340    -2.4615    -3.1216
     0.4280    -2.5249    -2.3011    -3.1404
     0.0545    -2.4156    -2.0248    -2.9340
    -0.4345    -2.3791    -1.8287    -2.7182
    -0.7903    -2.1787    -1.5078    -2.5398
    -1.2529    -2.0328    -1.2492    -2.3521
    -1.6710    -1.7593    -0.8746    -2.0987
    -2.0270    -1.4218    -0.4821    -1.8264
    -2.3385    -1.0659    -0.0182    -1.4507
    -2.4987    -0.7190     0.4102    -0.9528
    -2.6678    -0.3262     1.0618    -0.4077
    -2.7746     0.0851     1.5976     0.0812
    -2.9438     0.5057     2.1513     0.5702
    -2.9616     1.0456     2.8036     1.1347
    -2.9171     1.5951     3.3845     1.7277
    -2.8014     1.9891     3.9120     2.4434
    -2.5966     2.4383     4.4754     3.0275
    -2.3029     2.8970     4.9763     3.6495
    -1.9291     3.3009     5.0568     4.1870
    -1.5998     3.4846     4.7437     4.5077
    -1.2084     3.7601     4.0550     4.6680
    -0.6924     3.8520     3.3666     4.6586
    -0.1233     3.8888     2.6606     4.4982
     0.4013     3.6775     2.0263     3.9890
     0.9168     3.4570     1.4636     3.3196
     1.4501     2.9521     0.8565     2.7731
     1.9743     2.4842     0.3120     2.1138
     2.3740     1.8516    -0.2323     1.4924
     2.7381     1.2104    -0.7408     0.9089
     3.0223     0.5240    -1.0530     0.3163
     3.1910    -0.1343    -1.3740    -0.2573
     3.2709    -0.6368    -1.7306    -0.7836
     3.3153    -1.1207    -2.0516    -1.3004
     3.3065    -1.5039    -2.3457    -1.7137
     3.1644    -1.7411    -2.5239    -2.1362
     3.0046    -1.9508    -2.6576    -2.4835
     2.8092    -2.1604    -2.7823    -2.7745
     2.4451    -2.3062    -2.8269    -2.9809
     2.0542    -2.4702    -2.7823    -3.0935
     1.5389    -2.5067    -2.5774    -3.1779
     1.0235    -2.5431    -2.3813    -3.1873
     0.5435    -2.4338    -2.2298    -3.1685
     0.0812    -2.4156    -1.9535    -3.0372
    -0.3011    -2.3609    -1.7039    -2.8495
    -0.7369    -2.2151    -1.4810    -2.6525
    -1.1016    -2.0055    -1.2848    -2.4835
    -1.5554    -1.7411    -1.0351    -2.2676
    -1.9736    -1.5130    -0.6695    -1.9203
    -2.2317    -1.1846    -0.2056    -1.4883
    -2.4631    -0.7464     0.2495    -0.9904
    -2.6144    -0.3810     0.7761    -0.4171
    -2.7390     0.0668     1.4011     0.1094
    -2.8904     0.5606     1.9548     0.5420
    -2.9438     1.1555     2.5534     1.1347
    -2.9438     1.6500     3.1610     1.7465
    -2.8103     2.1174     3.6885     2.3963
    -2.6411     2.5209     4.1534     3.0181
    -2.3474     2.9246     4.7169     3.6873
    -2.0181     3.3009     4.9673     4.1776
    -1.6621     3.5029     4.9316     4.5737
    -1.2795     3.6591     4.4754     4.5784
    -0.7636     3.6637     3.8494     4.5831
    -0.2478     3.6683     3.1432     4.3096
     0.4191     3.5764     2.4462     3.8570
     0.8546     3.2734     1.7137     3.2537
     1.3257     2.9246     1.0707     2.6506
     1.8321     2.4108     0.5351     1.9631
     2.3296     1.7966    -0.0360     1.4359
     2.6760     1.1738    -0.6070     0.8431
     2.9779     0.5149    -0.9549     0.3445
     3.1910    -0.0886    -1.3205    -0.2009
     3.2887    -0.6733    -1.7128    -0.7179
     3.3686    -1.0750    -2.0783    -1.2065
     3.3331    -1.4583    -2.3368    -1.6010
     3.2265    -1.6955    -2.5685    -2.0705
     3.0756    -2.0055    -2.7556    -2.4084
     2.8891    -2.1240    -2.8447    -2.7088
     2.5161    -2.3062    -2.8402    -2.9434
     2.0898    -2.3518    -2.8358    -3.0747
     1.6544    -2.3427    -2.6665    -3.0466
     1.1479    -2.3518    -2.5328    -3.0560
     0.6857    -2.3974    -2.2833    -2.9809
     0.1879    -2.4429    -2.0070    -2.8871
    -0.2122    -2.3062    -1.7396    -2.7651
    -0.6391    -2.1787    -1.4899    -2.6149
    -1.1105    -1.9417    -1.2402    -2.3803
    -1.5198    -1.7137    -1.0084    -2.1456
    -1.9469    -1.4583    -0.5981    -1.8451
    -2.2139    -1.1115    -0.2591    -1.3943
    -2.4453    -0.7372     0.3298    -0.8682
    -2.6411    -0.3262     0.8832    -0.3701
    -2.7746     0.0942     1.4279     0.0530
    -2.8815     0.5606     2.0620     0.5326
    -2.9082     1.0731     2.7321     1.0218
    -2.8726     1.5126     3.3309     1.5959
    -2.7123     1.9707     3.8762     2.2362
    -2.4809     2.3466     4.4933     2.7448
    -2.2584     2.7594     4.9137     3.3856
    -1.8935     3.0439     5.0121     3.8852
    -1.5376     3.2275     5.0210     4.3002
    -1.1728     3.3560     4.8153     4.5454
    -0.7369     3.4662     4.1266     4.5265
    -0.2478     3.5305     3.3934     4.2719
     0.4457     3.3560     2.6070     3.8287
     0.9080     3.1999     1.9012     3.2631
     1.3523     2.7869     1.1957     2.6412
     1.9476     2.3191     0.5440     2.0196
     2.3740     1.7600    -0.0806     1.4641
     2.7381     1.1372    -0.6605     0.8619
     3.0845     0.5515    -1.1689     0.3633
     3.2443    -0.0063    -1.4364    -0.1539
     3.4130    -0.5820    -1.8109    -0.6427
     3.4263    -1.0477    -2.2387    -1.1595
     3.4396    -1.3488    -2.5239    -1.5822
     3.3420    -1.6681    -2.7467    -2.0423
     3.1644    -1.8505    -2.8981    -2.4460
     2.9158    -2.0966    -2.9694    -2.7651
     2.5516    -2.1969    -3.0852    -2.9058
     2.0631    -2.3154    -3.1387    -3.0090
     1.5745    -2.4247    -2.9872    -3.0278
     1.1213    -2.4520    -2.6665    -2.9621
     0.5435    -2.4247    -2.4704    -2.9434
     0.1346    -2.3427    -2.1942    -2.8589
    -0.3367    -2.1969    -1.9446    -2.6994
    -0.7280    -2.0419    -1.7306    -2.4648
    -1.1817    -1.8778    -1.4097    -2.3052
    -1.6799    -1.7593    -1.0797    -2.0705
    -1.9914    -1.4674    -0.6695    -1.7794
    -2.2851    -1.1024    -0.1431    -1.3098
    -2.4720    -0.6550     0.3655    -0.7460
    -2.6411    -0.2348     1.0707    -0.2667
    -2.7746     0.2405     1.6333     0.1470
    -2.9171     0.7162     2.2049     0.5796
    -3.0328     1.2104     2.8393     1.1442
    -2.9705     1.7325     3.4828     1.6430
    -2.7479     2.0716     4.0729     2.3115
    -2.4898     2.4108     4.8332     2.8862
    -2.1872     2.8236     5.0121     3.3950
    -1.8757     3.0806     5.0479     4.0173
    -1.5465     3.2642     5.0837     4.3945
    -1.1550     3.3468     4.6721     4.5548
    -0.7013     3.4111     3.9656     4.5831
    -0.1944     3.4111     3.2236     4.4605
     0.4191     3.3193     2.5176     3.9512
     0.9346     3.1081     1.7672     3.2725
     1.3523     2.7319     1.0975     2.6883
     1.8943     2.2824     0.5173     2.0667
     2.3918     1.6775    -0.1877     1.5112
     2.8003     1.0822    -0.7497     0.8807
     3.0845     0.4692    -1.1154     0.4197
     3.2621    -0.1069    -1.4453    -0.1727
     3.4396    -0.6368    -1.7485    -0.7366
     3.4485    -1.0842    -2.1496    -1.3098
     3.4485    -1.4492    -2.4259    -1.8076
     3.2887    -1.7046    -2.6754    -2.1925
     3.1733    -2.0055    -2.7734    -2.6055
     2.8891    -2.2424    -2.8803    -2.8965
     2.4806    -2.4247    -2.8937    -3.0372
     2.0898    -2.5522    -2.9071    -3.1498
     1.5745    -2.5249    -2.7645    -3.2154
     1.0324    -2.5067    -2.5506    -3.2108
     0.5702    -2.4885    -2.3278    -3.2061
     0.1168    -2.3609    -2.1050    -3.0278
    -0.3456    -2.3062    -1.9178    -2.8026
    -0.7903    -2.2242    -1.6415    -2.5774
    -1.1906    -2.0875    -1.4364    -2.4460
    -1.6176    -1.8778    -1.1332    -2.2770
    -2.0092    -1.5586    -0.6605    -1.8827
    -2.1961    -1.1481    -0.1699    -1.3943
    -2.4364    -0.6733     0.3477    -0.8870
    -2.5610    -0.2531     0.8922    -0.3607
    -2.7746     0.1582     1.5350     0.0812
    -2.9705     0.5972     2.0888     0.5702
    -2.9482     1.1921     2.6963     1.1912
    -2.9260     1.6592     3.3756     1.7654
    -2.6856     1.9982     4.0193     2.3680
    -2.4987     2.4383     4.6274     2.9521
    -2.2406     2.7961     5.0121     3.5741
    -1.9825     3.0806     4.9987     4.1493
    -1.7155     3.3193     4.9852     4.4982
    -1.3062     3.4754     4.3949     4.6869
    -0.8614     3.5948     3.6974     4.7435
    -0.3545     3.5764     2.9644     4.6020
     0.2857     3.4387     2.2407     4.1304
     0.7924     3.1907     1.5976     3.5364
     1.2101     2.8511     0.9993     2.9333
     1.7522     2.4016     0.4280     2.3021
     2.2319     1.8424    -0.1877     1.7277
     2.6582     1.1921    -0.6873     1.0124
     2.9069     0.5972    -1.0173     0.4762
     3.1466    -0.0429    -1.2581    -0.1351
     3.2265    -0.5546    -1.6326    -0.7179
     3.2887    -1.0659    -2.0337    -1.3380
     3.2709    -1.5586    -2.2566    -1.8264
     3.1644    -1.7958    -2.4883    -2.1831
     2.9868    -2.0875    -2.6041    -2.4835
     2.7648    -2.3518    -2.7110    -2.7745
     2.3918    -2.4156    -2.8358    -2.9809
     2.0187    -2.4702    -2.7645    -3.1498
     1.5656    -2.5249    -2.6398    -3.2623
     0.9879    -2.5067    -2.4794    -3.2811
     0.5257    -2.5067    -2.2209    -3.1310
     0.0812    -2.3882    -2.0070    -2.9621
    -0.3812    -2.3518    -1.7574    -2.7369
    -0.7102    -2.2333    -1.5791    -2.6055
    -1.1105    -2.0328    -1.3740    -2.4835
    -1.5376    -1.8961    -1.1332    -2.2676
    -1.9024    -1.5039    -0.6962    -1.8545
    -2.2228    -1.0933    -0.2234    -1.4319
    -2.3296    -0.6368     0.2227    -0.8870
    -2.5610    -0.2165     0.7493    -0.3889
    -2.7746     0.2679     1.3475     0.0812
    -2.9438     0.6613     1.8566     0.4950
    -2.9616     1.2287     2.4730     1.1347
    -2.8637     1.6409     3.0627     1.7465
    -2.6945     1.9799     3.6080     2.3209
    -2.5254     2.4108     4.1534     2.9144
    -2.2228     2.7319     4.8063     3.4987
    -1.9558     3.1448     4.9495     4.1021
    -1.7066     3.3468     4.9852     4.4982
    -1.3329     3.4662     4.5648     4.6397
    -0.8614     3.4754     3.8494     4.6586
    -0.3100     3.4570     3.1700     4.4888
     0.2324     3.3376     2.5176     4.1681
     0.7480     3.0989     1.7940     3.6118
     1.2101     2.7686     1.1154     2.9804
     1.7433     2.3099     0.5887     2.4434
     2.2052     1.8791     0.0532     1.8030
     2.6227     1.3203    -0.5624     1.1442
     2.9335     0.7619    -0.8835     0.5326
     3.1733     0.0485    -1.2581    -0.0504
     3.2887    -0.5089    -1.6771    -0.6803
     3.4219    -0.9838    -1.9624    -1.2628
     3.3508    -1.3853    -2.2833    -1.7512
     3.2887    -1.6955    -2.4615    -2.1268
     3.1644    -1.9872    -2.5685    -2.4648
     2.9158    -2.1604    -2.7378    -2.6525
     2.5694    -2.2971    -2.7378    -2.8777
     2.0453    -2.3882    -2.7378    -2.9997
     1.5300    -2.3974    -2.6130    -3.1122
     1.0324    -2.3609    -2.3902    -3.0841
     0.5346    -2.3700    -2.1407    -2.9715
     0.0812    -2.2880    -1.9089    -2.8777
    -0.3367    -2.2516    -1.6147    -2.7369
    -0.7547    -2.2242    -1.3918    -2.5586
    -1.1550    -2.0693    -1.2313    -2.4366
    -1.6087    -1.8231    -0.9905    -2.1925
    -1.9736    -1.4583    -0.5803    -1.8264
    -2.2317    -1.0750    -0.1342    -1.4225
    -2.4097    -0.6002     0.2674    -0.8964
    -2.5877    -0.1252     0.7940    -0.3983
    -2.7835     0.3228     1.4011     0.0718
    -2.9705     0.6796     1.8744     0.5891
    -3.0150     1.2196     2.4551     1.1065
    -2.9260     1.5859     3.0985     1.7560
    -2.7479     1.9158     3.6259     2.3021
    -2.5254     2.3283     4.2160     2.8767
    -2.3652     2.6676     4.7884     3.4045
    -2.0359     2.9246     4.9495     3.8664
    -1.7333     3.1357     4.9673     4.2719
    -1.3685     3.3193     4.7795     4.5454
    -0.9771     3.3193     4.1623     4.5643
    -0.5146     3.2550     3.4739     4.4888
     0.0368     3.1724     2.7142     4.2907
     0.6324     2.9613     1.9905     3.8004
     1.1746     2.7043     1.2761     3.2254
     1.6633     2.3008     0.6244     2.5470
     2.1875     1.7966     0.0175     1.9443
     2.6405     1.2745    -0.5535     1.2477
     2.9513     0.6979    -1.0530     0.6267
     3.2354     0.0668    -1.3294     0.0060
     3.3597    -0.4724    -1.7306    -0.6521
     3.4308    -0.9564    -2.1050    -1.3004
     3.3952    -1.3853    -2.4437    -1.7794
     3.3242    -1.7046    -2.6576    -2.1925
     3.2443    -1.9599    -2.8180    -2.4460
     2.9779    -2.1695    -2.9249    -2.6806
     2.5783    -2.3700    -2.9694    -2.9527
     2.1786    -2.3700    -2.9872    -3.1216
     1.6544    -2.3700    -2.8536    -3.2154
     1.0857    -2.3427    -2.5774    -3.1967
     0.5791    -2.3882    -2.3813    -3.1029
     0.0812    -2.3700    -2.1496    -2.8777
    -0.4079    -2.2424    -1.8911    -2.7369
    -0.8170    -2.1969    -1.6326    -2.5868
    -1.1995    -1.9781    -1.3562    -2.4554
    -1.5909    -1.7593    -0.9995    -2.2113
    -1.9736    -1.3944    -0.6605    -1.9484
    -2.1961    -0.9655    -0.1431    -1.5728
    -2.4008    -0.5363     0.2763    -1.0279
    -2.5076    -0.1343     0.9814    -0.4829
    -2.6945     0.3411     1.5618     0.0906
    -2.8637     0.7253     2.1245     0.5796
    -2.8548     1.2013     2.7499     1.1630
    -2.8459     1.6317     3.2862     1.7842
    -2.7212     1.9158     3.8404     2.3586
    -2.5877     2.2824     4.5380     2.8673
    -2.3741     2.6034     4.9137     3.4045
    -2.0626     2.9429     5.0837     3.8287
    -1.7422     3.1448     5.1105     4.1870
    -1.4130     3.2642     5.0389     4.4322
    -0.9682     3.2550     4.3770     4.5077
    -0.5324     3.2458     3.5812     4.5077
     0.1257     3.0989     2.7321     4.3190
     0.6324     2.8878     1.9905     3.9041
     1.0946     2.5851     1.2761     3.2914
     1.6100     2.2183     0.6690     2.7071
     2.0898     1.7416    -0.0003     2.0667
     2.5516     1.2654    -0.6427     1.3324
     2.8625     0.6979    -1.1154     0.6361
     3.1111     0.0851    -1.3740    -0.0128
     3.3153    -0.5180    -1.7574    -0.7273
     3.3597    -0.9929    -2.1496    -1.3380
     3.3242    -1.4492    -2.5150    -1.9296
     3.2443    -1.7958    -2.7110    -2.2958
     3.1555    -2.1422    -2.8892    -2.5962
     2.9158    -2.3245    -2.9783    -2.9152
     2.5072    -2.4611    -3.1120    -3.1592
     2.0898    -2.5431    -3.0674    -3.3280
     1.5656    -2.5386    -2.9160    -3.4593
     1.0235    -2.5340    -2.7467    -3.4124
     0.4991    -2.5522    -2.4437    -3.2530
    -0.0166    -2.4520    -2.1942    -3.0841
    -0.4968    -2.4065    -1.9000    -2.9152
    -0.8614    -2.2789    -1.6326    -2.7275
    -1.2084    -2.0875    -1.4364    -2.5680
    -1.5731    -1.8961    -1.1332    -2.3333
    -1.9469    -1.5039    -0.6605    -1.9484
    -2.1783    -1.1298    -0.1610    -1.5446
    -2.3296    -0.6368     0.3209    -1.0749
    -2.5254    -0.2257     0.9547    -0.3607
    -2.7568     0.1857     1.5350     0.1846
    -2.9171     0.6887     2.0799     0.6925
    -2.9883     1.0548     2.6338     1.3606
    -2.8637     1.5309     3.2862     1.9443
    -2.7479     1.9158     3.8226     2.5093
    -2.6233     2.2458     4.4754     2.9992
    -2.4186     2.5759     4.9584     3.5270
    -2.1249     2.9796     5.0300     3.9135
    -1.7600     3.1632     5.0926     4.2059
    -1.3863     3.3927     4.9495     4.4511
    -0.9949     3.4203     4.2071     4.4652
    -0.5679     3.3560     3.3666     4.4794
     0.0545     3.2183     2.6070     4.3473
     0.5080     3.0255     1.9102     3.9418
     1.0235     2.6493     1.1779     3.3950
     1.5034     2.2274     0.6422     2.7637
     2.0098     1.7325     0.0264     2.0949
     2.4451     1.2287    -0.5178     1.3700
     2.7737     0.6796    -0.9816     0.6737
     3.0401     0.0028    -1.3473    -0.0410
     3.1644    -0.5911    -1.7217    -0.7460
     3.2354    -1.0659    -2.0694    -1.3568
     3.2532    -1.5039    -2.3724    -1.9203
     3.1378    -1.9143    -2.6041    -2.4084
     2.9868    -2.1969    -2.7734    -2.6806
     2.8092    -2.3882    -2.9427    -2.9527
     2.4628    -2.4702    -3.0763    -3.2342
     2.0365    -2.6433    -3.0496    -3.3655
     1.5211    -2.6980    -2.9071    -3.4781
     0.9524    -2.7617    -2.6932    -3.4218
     0.4635    -2.7526    -2.3991    -3.2342
     0.0101    -2.6524    -2.2387    -3.1122
    -0.4523    -2.5978    -1.9892    -2.9340
    -0.8259    -2.4702    -1.7306    -2.7838
    -1.2351    -2.2333    -1.4988    -2.6055
    -1.5731    -1.9690    -1.1957    -2.3615
    -1.9380    -1.6225    -0.7943    -2.0235
    -2.1961    -1.2211    -0.3662    -1.5916
    -2.4008    -0.7007     0.1960    -0.9716
    -2.5877    -0.2348     0.7583    -0.3419
    -2.7034     0.2405     1.2493     0.2034
    -2.8548     0.6979     1.7405     0.7113
    -2.8993     1.1097     2.3211     1.3230
    -2.8370     1.5676     2.9376     1.9254
    -2.6945     1.9799     3.5275     2.4905
    -2.6055     2.3650     4.0729     2.9992
    -2.3919     2.6768     4.5559     3.4610
    -2.1605     3.0530     4.9316     3.8287
    -1.7956     3.3009     4.9673     4.2153
    -1.4842     3.5580     4.7348     4.3945
    -1.0838     3.5856     4.0282     4.4511
    -0.6302     3.5489     3.3756     4.4416
    -0.0966     3.3836     2.6874     4.3473
     0.4724     3.1632     2.0084     4.0361
     1.0235     2.8695     1.3922     3.6495
     1.4767     2.4108     0.7851     3.0558
     1.9831     1.8699     0.1871     2.4057
     2.4273     1.3936    -0.3929     1.7089
     2.7381     0.7894    -0.8924     1.0124
     3.0223     0.1674    -1.3116     0.3163
     3.2177    -0.3993    -1.6771    -0.3607
     3.2976    -0.9290    -1.9802    -1.0843
     3.3242    -1.3579    -2.1496    -1.6761
     3.1910    -1.6681    -2.3813    -2.1550
     3.0667    -1.9417    -2.6219    -2.4554
     2.9158    -2.1604    -2.8447    -2.7088
     2.5516    -2.3154    -2.9605    -3.0184
     2.0720    -2.4976    -2.9160    -3.1967
     1.5211    -2.5887    -2.7645    -3.3843
     1.0235    -2.6023    -2.5685    -3.3843
     0.4724    -2.6160    -2.3813    -3.2999
     0.0279    -2.5796    -2.1585    -3.1592
    -0.4612    -2.4611    -1.9802    -2.9997
    -0.8881    -2.4156    -1.7663    -2.8871
    -1.2440    -2.2060    -1.4632    -2.6619
    -1.5731    -2.0055    -1.1600    -2.4554
    -1.8579    -1.7228    -0.8389    -2.1831
    -2.1160    -1.2393    -0.2948    -1.7512
    -2.3029    -0.8559     0.1157    -1.1971
    -2.4720    -0.4267     0.6869    -0.4547
    -2.6500     0.1217     1.1243     0.1188
    -2.8014     0.5240     1.6333     0.6831
    -2.8281     1.0548     2.1335     1.1818
    -2.7034     1.5126     2.6874     1.7748
    -2.6678     1.8699     3.2772     2.4151
    -2.5610     2.2091     3.8583     2.8862
    -2.4008     2.6034     4.4038     3.3102
    -2.0893     2.9704     4.7526     3.5270
    -1.7244     3.1907     4.7840     3.8570
    -1.3596     3.3376     4.8153     4.0550
    -0.9148     3.4570     4.1802     4.1776
    -0.4523     3.4019     3.5007     4.2530
     0.0812     3.2550     2.8125     4.0833
     0.5791     3.0622     2.1156     3.8852
     1.1390     2.7961     1.4100     3.6024
     1.6100     2.3191     0.8118     3.0746
     2.1164     1.8791     0.3388     2.4905
     2.5161     1.4119    -0.2680     1.8030
     2.8270     0.8260    -0.8389     1.1065
          3          3          3          3
