    4   2048 0.020000  2016   1  19  18  58
         16         10         11         42
    -1.4262    -2.5428     1.5650    -2.0923
    -1.2127    -2.4244     1.2792    -1.8294
    -0.9369    -2.3059     0.9935    -1.6322
    -0.6789    -2.0872     0.6543    -1.3974
    -0.4655    -1.9049     0.2526    -1.1249
    -0.1276    -1.7590    -0.1133    -0.8807
     0.1125    -1.5219    -0.4969    -0.6081
     0.3170    -1.3212    -0.7556    -0.3826
     0.5659    -1.1661    -1.0767    -0.1193
     0.8770    -0.9288    -1.2907     0.1439
     1.0815    -0.6548    -1.5225     0.4543
     1.3658    -0.4448    -1.7722     0.6518
     1.5880    -0.1798    -1.9683     0.8964
     1.7923     0.0213    -2.1644     1.2069
     2.0144     0.3596    -2.3426     1.5175
     2.1744     0.6065    -2.5120     1.8281
     2.4142     0.8535    -2.6634     2.0635
     2.5829     1.0366    -2.8149     2.3178
     2.6540     1.3479    -2.9040     2.5533
     2.7872     1.5952    -2.9842     2.7793
     2.9293     1.8059    -3.0555     3.0055
     2.9559     2.0075    -3.0911     3.1939
     3.0536     2.2183    -3.1535     3.2787
     3.0270     2.4384    -3.1980     3.4390
     3.0447     2.6035    -3.2336     3.5521
     2.9648     2.7961    -3.2515     3.6558
     2.9293     2.9888    -3.2158     3.7029
     2.8405     3.1081    -3.1089     3.7312
     2.6895     3.2275    -3.0377     3.7500
     2.6362     3.3009    -2.9307     3.7029
     2.4408     3.4111    -2.8417     3.5804
     2.2809     3.3744    -2.7169     3.4578
     2.1477     3.4295    -2.5743     3.3353
     1.9434     3.4111    -2.4317     3.2034
     1.7746     3.3468    -2.2446     2.9866
     1.6058     3.2550    -2.0396     2.8076
     1.3836     3.1632    -1.8435     2.5344
     1.1170     3.0255    -1.6741     2.3084
     0.9304     2.8879    -1.4334     1.9788
     0.7437     2.7227    -1.1748     1.7340
     0.4859     2.4934    -0.9161     1.4045
     0.2903     2.3559    -0.7021     1.1316
     0.1303     2.1450    -0.3809     0.8117
    -0.1276     1.9525    -0.1043     0.5577
    -0.3054     1.7417     0.1812     0.3226
    -0.5455     1.4395     0.4490     0.0405
    -0.7412     1.1831     0.7435    -0.2603
    -0.9458     0.9451     0.9488    -0.5141
    -1.0881     0.6157     1.3328    -0.7961
    -1.2838     0.3870     1.6453    -1.0498
    -1.4974     0.0487     1.8865    -1.3128
    -1.6397    -0.2164     2.2170    -1.5946
    -1.8444    -0.4722     2.4850    -1.8012
    -1.9868    -0.6822     2.6816    -2.0547
    -2.1559    -0.9561     2.9408    -2.2612
    -2.2182    -1.1752     3.1374    -2.3927
    -2.3695    -1.3942     3.3340    -2.5991
    -2.4852    -1.5766     3.5307    -2.7024
    -2.5564    -1.8411     3.6648    -2.8713
    -2.6187    -2.0234     3.7184    -2.9745
    -2.6721    -2.1510     3.8168    -3.0965
    -2.7434    -2.3788     3.8525    -3.2184
    -2.7434    -2.4699     3.8704    -3.2559
    -2.7879    -2.6521     3.8704    -3.3404
    -2.7701    -2.6885     3.7989    -3.3122
    -2.7790    -2.8434     3.7363    -3.3310
    -2.7078    -2.8889     3.5933    -3.3122
    -2.6276    -2.9526     3.5039    -3.3122
    -2.5119    -3.0618     3.3787    -3.2935
    -2.4140    -3.0983     3.2089    -3.2090
    -2.3072    -3.0163     3.0033    -3.1434
    -2.1470    -3.0163     2.7888    -2.9839
    -2.0046    -3.0618     2.5833    -2.8337
    -1.8444    -3.0072     2.2974    -2.7305
    -1.6308    -2.9435     2.0205    -2.5616
    -1.3639    -2.8707     1.7793    -2.3551
    -1.1771    -2.7705     1.5382    -2.1392
    -0.9725    -2.6066     1.2167    -1.9233
    -0.6878    -2.4517     0.9131    -1.6885
    -0.4121    -2.3697     0.6453    -1.4068
    -0.1365    -2.1601     0.3597    -1.1343
     0.1303    -1.9961     0.0741    -0.8337
     0.3348    -1.7681    -0.1846    -0.5423
     0.5926    -1.5128    -0.3898    -0.2227
     0.9126    -1.2208    -0.6396     0.0499
     1.1526    -0.9288    -0.8983     0.3602
     1.4280    -0.6914    -1.1302     0.7365
     1.6324    -0.4082    -1.3531     1.0752
     1.8456    -0.1889    -1.6028     1.3763
     2.0855     0.1675    -1.8524     1.7058
     2.2543     0.5150    -2.0396     2.0353
     2.4142     0.7986    -2.2357     2.3555
     2.5652     1.1464    -2.3426     2.6192
     2.7339     1.4669    -2.4763     2.9207
     2.8227     1.6959    -2.6278     3.1374
     2.9027     1.9708    -2.6991     3.3541
     2.8938     2.2642    -2.8506     3.6086
     2.9559     2.5209    -2.9753     3.8160
     2.9648     2.7870    -3.0198     4.0423
     2.9027     3.0164    -3.1089     4.0895
     2.8760     3.1540    -3.1267     4.1461
     2.7872     3.4019    -3.0911     4.1366
     2.7339     3.5121    -3.1000     4.1178
     2.5829     3.5489    -3.1178     3.9858
     2.5119     3.5580    -3.0822     3.9009
     2.3609     3.5397    -3.0288     3.7312
     2.1921     3.5029    -2.9129     3.5804
     2.0589     3.5580    -2.8327     3.3918
     1.8812     3.5397    -2.7525     3.1468
     1.7301     3.5121    -2.6367     2.9112
     1.5613     3.4111    -2.4763     2.6192
     1.3658     3.1908    -2.3605     2.3272
     1.1614     3.0439    -2.1555     2.0070
     0.9481     2.8512    -1.9950     1.7058
     0.6993     2.5760    -1.8078     1.4610
     0.5037     2.3375    -1.5849     1.1505
     0.2281     2.1358    -1.3174     0.8682
     0.0858     1.9342    -1.0767     0.5860
    -0.1453     1.7509    -0.8715     0.2944
    -0.3766     1.4761    -0.5772     0.0311
    -0.5989     1.1831    -0.2739    -0.2227
    -0.8213     0.9085     0.0474    -0.5141
    -1.0436     0.6888     0.3865    -0.7397
    -1.2216     0.4327     0.7524    -0.9464
    -1.3728     0.1675     1.0649    -1.1437
    -1.5508    -0.0793     1.4042    -1.3974
    -1.7732    -0.2895     1.7436    -1.5382
    -1.9067    -0.4996     2.0651    -1.7636
    -2.0491    -0.7096     2.3510    -1.8857
    -2.2004    -0.9288     2.6905    -2.0547
    -2.3517    -1.1661     2.9586    -2.2331
    -2.4763    -1.2938     3.1910    -2.3833
    -2.5564    -1.5037     3.3787    -2.5334
    -2.5920    -1.7043     3.5754    -2.6742
    -2.6899    -1.9049     3.7721    -2.7774
    -2.7078    -1.9870     4.0224    -2.8807
    -2.7879    -2.1510     4.0850    -2.8713
    -2.8413    -2.3059     4.0761    -2.9463
    -2.8235    -2.3515     4.0716    -2.9651
    -2.7879    -2.4608     4.0671    -2.9557
    -2.7523    -2.5246     4.0582    -3.0026
    -2.6899    -2.6521     3.9598    -3.0120
    -2.6187    -2.6521     3.8078    -3.0589
    -2.5920    -2.7068     3.6290    -2.9651
    -2.4585    -2.6703     3.4681    -2.8900
    -2.3161    -2.7432     3.1999    -2.8337
    -2.2182    -2.7887     2.9676    -2.7305
    -2.0313    -2.8160     2.6191    -2.5898
    -1.8800    -2.8434     2.2885    -2.5053
    -1.6575    -2.7432     1.9490    -2.3739
    -1.4529    -2.7432     1.6007    -2.1768
    -1.2127    -2.6339     1.2881    -2.0359
    -1.0347    -2.5610     1.0113    -1.7918
    -0.7412    -2.4335     0.6543    -1.6228
    -0.5455    -2.3151     0.3776    -1.3786
    -0.2343    -2.1875     0.0563    -1.0968
     0.0414    -1.9778    -0.3095    -0.8619
     0.2725    -1.7681    -0.6485    -0.6363
     0.5393    -1.6040    -0.9250    -0.3826
     0.7793    -1.4124    -1.1748    -0.0347
     1.0459    -1.1204    -1.4512     0.2192
     1.3481    -0.9014    -1.6473     0.4919
     1.5524    -0.6640    -1.8970     0.8305
     1.8012    -0.4539    -2.1376     1.1505
     1.9967    -0.1524    -2.3515     1.4328
     2.2277     0.2133    -2.5387     1.7717
     2.4053     0.4693    -2.7080     2.0824
     2.5030     0.8169    -2.8595     2.4214
     2.6629     1.1098    -2.9842     2.6757
     2.8139     1.4120    -3.1089     2.9866
     2.9204     1.7601    -3.1535     3.2128
     3.0092     1.9342    -3.2782     3.4107
     3.0714     2.2642    -3.3673     3.5898
     3.0447     2.5026    -3.4029     3.7595
     2.9915     2.7686    -3.4831     3.9292
     2.9027     2.9705    -3.5187     4.0235
     2.8583     3.1724    -3.4296     4.1083
     2.7250     3.3744    -3.3316     4.0706
     2.6185     3.4846    -3.2336     4.0329
     2.4675     3.4754    -3.1980     3.9292
     2.3254     3.5213    -3.2158     3.7689
     2.2277     3.5121    -3.1178     3.6369
     2.0411     3.5029    -2.9397     3.3824
     1.8723     3.4754    -2.7525     3.1845
     1.7035     3.4754    -2.6189     2.8924
     1.5080     3.4754    -2.4139     2.6286
     1.2859     3.2826    -2.2089     2.3272
     1.0815     3.1265    -2.0663     2.0165
     0.9304     2.8879    -1.8524     1.6587
     0.7081     2.6493    -1.5671     1.3387
     0.5393     2.3834    -1.3620     0.9811
     0.3437     2.0991    -1.1658     0.7271
     0.1303     1.8700    -0.8537     0.4261
    -0.0298     1.6135    -0.6129     0.2004
    -0.2521     1.4303    -0.3006    -0.0911
    -0.4655     1.1190     0.0295    -0.4014
    -0.6967     0.8993     0.2794    -0.7209
    -0.9191     0.5242     0.6007    -0.9840
    -1.1148     0.2590     0.9221    -1.2659
    -1.3372    -0.0244     1.1899    -1.4537
    -1.5419    -0.2895     1.4935    -1.7261
    -1.6931    -0.5452     1.8329    -1.9796
    -1.8800    -0.7462     2.1098    -2.1768
    -1.9868    -0.9744     2.3689    -2.3457
    -2.1559    -1.2391     2.6012    -2.4959
    -2.3339    -1.4672     2.8246    -2.6461
    -2.4407    -1.6040     3.0659    -2.7868
    -2.5030    -1.7955     3.2268    -2.8713
    -2.5831    -2.0143     3.3251    -3.0120
    -2.6632    -2.1237     3.4145    -3.0683
    -2.7434    -2.2695     3.4860    -3.1809
    -2.7256    -2.3788     3.5575    -3.1903
    -2.7790    -2.4882     3.5933    -3.2090
    -2.8057    -2.5428     3.5575    -3.2372
    -2.7523    -2.6430     3.5396    -3.2653
    -2.7256    -2.7523     3.4234    -3.2653
    -2.6989    -2.8342     3.3340    -3.2372
    -2.5564    -2.8707     3.2089    -3.2090
    -2.4585    -2.8707     3.1016    -3.1340
    -2.3428    -2.8160     2.8693    -3.0965
    -2.2093    -2.8525     2.6548    -2.9933
    -2.0847    -2.8525     2.4493    -2.9276
    -1.9156    -2.8434     2.1813    -2.8150
    -1.6753    -2.8434     1.8954    -2.7024
    -1.4885    -2.8525     1.6632    -2.5804
    -1.3105    -2.7250     1.3506    -2.3927
    -1.0703    -2.6339     1.0917    -2.2425
    -0.8479    -2.6066     0.9221    -2.0265
    -0.6523    -2.5246     0.6543    -1.8388
    -0.4210    -2.3697     0.3062    -1.6040
    -0.1276    -2.2148    -0.0240    -1.3316
     0.0769    -2.1419    -0.2560    -1.1061
     0.3526    -1.9687    -0.5326    -0.8619
     0.5659    -1.7226    -0.8269    -0.5987
     0.7615    -1.5128    -1.0677    -0.2792
     1.0192    -1.3759    -1.2639    -0.0441
     1.2414    -1.0931    -1.5047     0.2192
     1.5347    -0.8740    -1.7187     0.5766
     1.7213    -0.5909    -1.9326     0.7929
     1.9611    -0.3717    -2.1376     1.1222
     2.2188    -0.1615    -2.3248     1.4234
     2.4320     0.1950    -2.4941     1.7528
     2.5652     0.4419    -2.6545     2.0447
     2.7428     0.6706    -2.7971     2.3460
     2.9027     1.0274    -2.9129     2.6286
     3.0803     1.2563    -3.0733     2.8641
     3.1069     1.5402    -3.1267     3.1280
     3.1335     1.8792    -3.2426     3.3353
     3.1247     2.1358    -3.2960     3.4672
     3.1158     2.4017    -3.3138     3.6369
     3.0803     2.5760    -3.3851     3.7406
     2.9648     2.8879    -3.3762     3.8160
     2.7961     3.0714    -3.3316     3.8349
     2.6718     3.2458    -3.3049     3.8066
     2.4586     3.3744    -3.2158     3.7689
     2.2987     3.4754    -3.1713     3.6086
     2.1655     3.4295    -3.0822     3.4672
     1.9967     3.4570    -3.0109     3.2882
     1.8279     3.4754    -2.8684     3.0526
     1.7124     3.4387    -2.7525     2.7511
     1.4902     3.4111    -2.6189     2.5156
     1.3214     3.3560    -2.3961     2.1765
     1.1614     3.2091    -2.2802     1.8187
     1.0015     2.8971    -2.0663     1.4610
     0.8415     2.6493    -1.8256     1.1222
     0.6548     2.4017    -1.5849     0.7271
     0.4415     2.0900    -1.2996     0.4543
     0.2370     1.8700    -1.1034     0.1063
     0.0592     1.5860    -0.7288    -0.1381
    -0.1009     1.2380    -0.4612    -0.4295
    -0.3677     0.9817    -0.0865    -0.7679
    -0.6078     0.7071     0.3062    -1.0592
    -0.8213     0.3961     0.6364    -1.3504
    -1.0436     0.1035     0.9756    -1.5852
    -1.3194    -0.1981     1.3685    -1.7824
    -1.5330    -0.5452     1.6543    -1.9890
    -1.6753    -0.7827     2.0205    -2.2519
    -1.8622    -0.9470     2.3421    -2.3927
    -2.0936    -1.1661     2.6727    -2.5616
    -2.2538    -1.4489     3.0480    -2.7305
    -2.3695    -1.6496     3.2983    -2.8431
    -2.4941    -1.7681     3.5039    -2.9088
    -2.6098    -1.9870     3.7900    -2.9557
    -2.6721    -2.1146     3.9241    -3.1058
    -2.7345    -2.2786     3.9688    -3.1527
    -2.7701    -2.3697     4.0135    -3.2184
    -2.7523    -2.5155     4.0850    -3.2466
    -2.8235    -2.6248     4.0761    -3.2747
    -2.7879    -2.6248     4.0493    -3.2653
    -2.7345    -2.7159     4.0671    -3.1903
    -2.7167    -2.8160     4.0224    -3.1621
    -2.6098    -2.8160     3.9151    -3.1058
    -2.4852    -2.8980     3.7721    -3.1152
    -2.3517    -2.8707     3.5664    -3.0777
    -2.2716    -2.9071     3.3161    -3.0308
    -2.1025    -2.8889     3.0569    -2.9463
    -2.0046    -2.9071     2.7352    -2.7681
    -1.7732    -2.8707     2.4046    -2.6742
    -1.5686    -2.8160     2.1545    -2.5053
    -1.4529    -2.8525     1.8150    -2.3833
    -1.2660    -2.8525     1.4399    -2.2049
    -1.1148    -2.7432     1.2524    -1.9984
    -0.9369    -2.6794     0.9488    -1.8012
    -0.7056    -2.5793     0.6275    -1.6228
    -0.5366    -2.4426     0.2972    -1.3598
    -0.3054    -2.3697    -0.0597    -1.1249
    -0.0564    -2.1693    -0.3095    -0.8807
     0.1570    -2.0417    -0.5950    -0.5987
     0.3526    -1.7499    -0.7913    -0.3168
     0.6281    -1.5493    -1.0053    -0.0441
     0.8681    -1.3851    -1.2996     0.2474
     1.0726    -1.1843    -1.4869     0.4543
     1.3747    -0.9379    -1.6563     0.8211
     1.6680    -0.6457    -1.8970     1.1128
     1.9256    -0.4448    -2.0307     1.3951
     2.2010    -0.1615    -2.2089     1.7811
     2.4053     0.1401    -2.3515     2.0259
     2.6718     0.3961    -2.4585     2.3555
     2.8583     0.7346    -2.5298     2.6192
     2.9559     1.0457    -2.6011     2.9301
     3.0625     1.3112    -2.6902     3.1751
     3.1424     1.6226    -2.7080     3.3730
     3.1691     1.9158    -2.7971     3.5804
     3.0714     2.2092    -2.7882     3.7500
     3.0092     2.4751    -2.7436     3.9952
     2.8671     2.6585    -2.6724     4.0706
     2.7783     2.8879    -2.6278     4.0989
     2.6274     3.1081    -2.5832     4.0895
     2.5208     3.2642    -2.5832     4.0612
     2.3342     3.4019    -2.5298     3.9292
     2.1921     3.4846    -2.4317     3.8066
     2.0589     3.5121    -2.3426     3.5709
     1.9434     3.5029    -2.1911     3.3636
     1.8279     3.4846    -2.0931     3.0903
     1.6680     3.4662    -1.9415     2.8170
     1.4547     3.4019    -1.8078     2.4873
     1.2770     3.3101    -1.6919     2.1671
     1.0815     3.0806    -1.4869     1.8187
     0.9304     2.9062    -1.2996     1.5081
     0.6904     2.7044    -1.0677     1.1316
     0.4948     2.4200    -0.8359     0.8305
     0.3081     2.1450    -0.6218     0.4731
     0.0947     1.8609    -0.3898     0.1910
    -0.0653     1.6318    -0.1936    -0.0347
    -0.3855     1.3937     0.0652    -0.4295
    -0.5989     1.1556     0.4043    -0.7303
    -0.8035     0.8535     0.6721    -1.0122
    -1.0970     0.5150     0.9221    -1.2377
    -1.2483     0.2315     1.1721    -1.5101
    -1.5152    -0.0610     1.5382    -1.7261
    -1.6575    -0.3443     1.8329    -1.9796
    -1.8889    -0.5726     2.1366    -2.1580
    -2.0402    -0.7827     2.3867    -2.3457
    -2.2004    -1.0109     2.6280    -2.4584
    -2.3873    -1.2847     2.9139    -2.6648
    -2.4407    -1.4945     3.1642    -2.7399
    -2.6187    -1.6952     3.3966    -2.8431
    -2.6632    -1.8137     3.5575    -2.9557
    -2.7345    -1.9778     3.7631    -3.0589
    -2.8146    -2.1693     3.9062    -3.0589
    -2.8502    -2.2786     3.9777    -3.0777
    -2.8769    -2.4062     4.0046    -3.1809
    -2.8769    -2.4699     3.9867    -3.1527
    -2.9036    -2.5337     4.0224    -3.1340
    -2.8591    -2.5701     3.9688    -3.1527
    -2.7523    -2.6066     3.9420    -3.0777
    -2.6989    -2.6794     3.8883    -3.0871
    -2.6098    -2.7796     3.8078    -3.0495
    -2.4941    -2.7614     3.6290    -3.0214
    -2.4140    -2.7614     3.4502    -2.8994
    -2.2538    -2.8342     3.2357    -2.7962
    -2.1648    -2.7978     2.9854    -2.7024
    -1.9423    -2.7614     2.6727    -2.6179
    -1.8088    -2.7250     2.3867    -2.4771
    -1.5597    -2.6612     2.0562    -2.3363
    -1.3728    -2.6521     1.7436    -2.1486
    -1.2038    -2.5610     1.3774    -1.9420
    -0.9814    -2.4699     1.0560    -1.6979
    -0.8302    -2.3242     0.8060    -1.5101
    -0.5366    -2.1784     0.5293    -1.2095
    -0.2876    -2.0234     0.1812    -0.9464
    -0.0475    -1.8867    -0.1757    -0.6927
     0.1836    -1.6496    -0.4790    -0.4765
     0.3526    -1.4489    -0.7377    -0.1757
     0.6015    -1.3212    -1.0499     0.0969
     0.8859    -1.0839    -1.3085     0.3696
     1.1348    -0.8466    -1.5671     0.6706
     1.3747    -0.6000    -1.7900     0.9905
     1.6058    -0.3169    -2.0396     1.3481
     1.8723    -0.0701    -2.2446     1.6681
     2.0144     0.2590    -2.4496     2.0165
     2.2543     0.5882    -2.6545     2.3460
     2.4764     0.9176    -2.7347     2.6569
     2.6451     1.1373    -2.9040     2.9584
     2.7872     1.4395    -2.9664     3.2411
     2.8583     1.7326    -3.0466     3.4861
     2.9915     2.0167    -3.1802     3.7406
     2.9737     2.2458    -3.2336     3.9858
     2.9293     2.5576    -3.2158     4.1649
     2.8671     2.7870    -3.2158     4.2498
     2.8050     3.0806    -3.2515     4.2592
     2.6806     3.2826    -3.1980     4.2498
     2.5474     3.4754    -3.1446     4.2309
     2.4142     3.5305    -3.0466     4.2687
     2.2010     3.5213    -3.0109     4.2215
     2.0233     3.5397    -2.9218     4.1178
     1.9167     3.5489    -2.7971     3.9198
     1.7835     3.6040    -2.6189     3.6746
     1.6235     3.5580    -2.4941     3.4201
     1.4725     3.5305    -2.3248     3.1468
     1.3214     3.5489    -2.1198     2.8453
     1.1170     3.5764    -1.9504     2.5909
     0.9748     3.4295    -1.7008     2.2519
     0.7526     3.2826    -1.4779     1.9694
     0.5748     3.0347    -1.2015     1.6399
     0.4326     2.7961    -0.9696     1.3387
     0.2281     2.6493    -0.7467     1.0846
     0.0414     2.3925    -0.4790     0.7647
    -0.2432     2.1725    -0.1757     0.4731
    -0.4477     1.8517     0.1366     0.1157
    -0.7501     1.5585     0.4668    -0.1475
    -1.0081     1.2929     0.6810    -0.4108
    -1.2216     1.0000     1.0024    -0.6927
    -1.3995     0.7071     1.3685    -0.9088
    -1.6664     0.4419     1.6185    -1.1907
    -1.8622     0.1675     1.9401    -1.4161
    -2.0580    -0.0793     2.1634    -1.6322
    -2.2360    -0.3351     2.4761    -1.8200
    -2.3695    -0.4904     2.6816    -1.9514
    -2.5119    -0.7370     2.9139    -2.1017
    -2.5653    -0.9105     3.1374    -2.2800
    -2.6632    -1.1478     3.3251    -2.3927
    -2.7701    -1.3303     3.4949    -2.4865
    -2.8146    -1.5310     3.6022    -2.5804
    -2.8680    -1.6222     3.7274    -2.6648
    -2.8769    -1.7590     3.8078    -2.7024
    -2.8947    -1.9323     3.8168    -2.7399
    -2.8858    -2.0052     3.8257    -2.7399
    -2.8680    -2.1146     3.8525    -2.7681
    -2.8324    -2.2330     3.7631    -2.7868
    -2.7790    -2.3333     3.7274    -2.7962
    -2.6721    -2.3880     3.6469    -2.7868
    -2.5564    -2.5155     3.5217    -2.7399
    -2.4585    -2.5701     3.3877    -2.6742
    -2.3428    -2.5519     3.2446    -2.6555
    -2.2093    -2.6066     3.0212    -2.5991
    -2.0313    -2.6066     2.7888    -2.5053
    -1.9245    -2.6430     2.5744    -2.3363
    -1.7643    -2.5975     2.2974    -2.2425
    -1.6397    -2.6066     2.0026    -2.1110
    -1.4173    -2.4973     1.6989    -1.9045
    -1.2749    -2.3788     1.4042    -1.7824
    -1.0614    -2.3424     1.1810    -1.5664
    -0.7946    -2.2422     0.8953    -1.3222
    -0.5366    -2.0963     0.5471    -1.1061
    -0.3766    -1.9870     0.2615    -0.8619
    -0.0564    -1.8502    -0.0597    -0.6363
     0.1481    -1.7043    -0.3720    -0.4202
     0.4059    -1.4763    -0.6664    -0.1381
     0.6459    -1.3030    -0.8983     0.1439
     0.8859    -1.1204    -1.1123     0.3790
     1.1792    -0.8192    -1.3799     0.7082
     1.3925    -0.6000    -1.6206     1.0187
     1.6146    -0.3625    -1.7989     1.3198
     1.8456    -0.1067    -2.0307     1.6305
     2.1122     0.1858    -2.2179     1.9411
     2.2632     0.4236    -2.3783     2.2990
     2.4497     0.7437    -2.5565     2.5721
     2.6451     1.0274    -2.6724     2.8076
     2.7250     1.3753    -2.7971     3.0903
     2.8583     1.6226    -2.9218     3.2976
     2.9471     1.9067    -2.9753     3.5709
     3.0359     2.1633    -3.0288     3.7029
     3.0359     2.3742    -3.1178     3.8349
     2.9826     2.6585    -3.1624     3.9292
     2.8849     2.9429    -3.1267     4.0235
     2.7961     3.1265    -3.1178     4.0235
     2.6007     3.3101    -3.0466     3.9103
     2.4408     3.4662    -3.0644     3.8066
     2.2898     3.5121    -2.9664     3.7406
     2.1477     3.5397    -2.8595     3.5804
     1.9789     3.4938    -2.7258     3.4107
     1.8012     3.4846    -2.5922     3.2505
     1.6324     3.4754    -2.5120     2.9866
     1.5347     3.4754    -2.3337     2.7793
     1.3303     3.4754    -2.1555     2.4873
     1.2236     3.3744    -1.9237     2.1859
     0.9837     3.2091    -1.7187     1.9129
     0.8148     2.9613    -1.4601     1.6116
     0.6370     2.6952    -1.1837     1.2728
     0.4326     2.4476    -0.9250     0.9434
     0.2281     2.2092    -0.6664     0.6800
     0.0503     2.0075    -0.3452     0.3884
    -0.1809     1.7967    -0.0776     0.0781
    -0.4388     1.5585     0.2080    -0.2415
    -0.6523     1.2655     0.5293    -0.5517
    -0.9547     0.9634     0.8685    -0.8149
    -1.1504     0.6888     1.1363    -1.1155
    -1.3995     0.4236     1.4578    -1.3316
    -1.5508     0.1401     1.7704    -1.6322
    -1.7287    -0.1707     2.1187    -1.8669
    -1.9690    -0.4174     2.4135    -2.1017
    -2.1381    -0.5818     2.6548    -2.2988
    -2.2271    -0.8101     2.9318    -2.4114
    -2.4229    -1.0839     3.1106    -2.6085
    -2.5475    -1.2391     3.3072    -2.7118
    -2.6098    -1.4581     3.4771    -2.7962
    -2.7078    -1.6405     3.6201    -2.9182
    -2.7523    -1.8229     3.7542    -3.0495
    -2.7701    -1.9687     3.8794    -3.0965
    -2.8057    -2.0963     3.9062    -3.1715
    -2.8146    -2.2422     3.8973    -3.2466
    -2.8057    -2.3333     3.9330    -3.2841
    -2.7434    -2.4699     3.8973    -3.2747
    -2.6989    -2.5975     3.8257    -3.2559
    -2.7078    -2.6885     3.7989    -3.2090
    -2.6009    -2.8342     3.6737    -3.1809
    -2.4585    -2.9162     3.5217    -3.1246
    -2.3517    -2.8980     3.3787    -3.0777
    -2.1648    -2.9162     3.1999    -3.0120
    -2.0758    -2.9526     2.9854    -2.9651
    -1.9067    -3.0163     2.7442    -2.8150
    -1.7643    -2.9708     2.5386    -2.7118
    -1.6397    -2.9344     2.2795    -2.5147
    -1.4529    -2.9071     2.0294    -2.3270
    -1.1949    -2.7978     1.8061    -2.1768
    -1.0170    -2.7796     1.5292    -1.9139
    -0.8568    -2.6703     1.2435    -1.6885
    -0.5722    -2.4882     0.9488    -1.4537
    -0.4032    -2.3697     0.6275    -1.2283
    -0.0831    -2.2604     0.3062    -0.9652
     0.1481    -2.0234     0.0652    -0.6739
     0.3881    -1.9049    -0.2649    -0.3920
     0.6459    -1.6678    -0.4880    -0.1193
     0.9037    -1.4307    -0.7199     0.1345
     1.1170    -1.2300    -0.9964     0.3696
     1.4192    -1.0200    -1.2639     0.6894
     1.7035    -0.7736    -1.4690     0.9811
     1.8901    -0.5178    -1.6830     1.3293
     2.1655    -0.2712    -1.9237     1.6305
     2.3698     0.0121    -2.1109     1.8940
     2.6274     0.3138    -2.3248     2.2519
     2.8050     0.6523    -2.4852     2.4967
     2.9648     0.8719    -2.6724     2.7699
     3.1247     1.1648    -2.7971     3.0337
     3.2312     1.5036    -2.8951     3.2222
     3.2579     1.7509    -3.0644     3.4013
     3.2223     2.0350    -3.1357     3.5992
     3.2667     2.3100    -3.1713     3.7500
     3.2579     2.5576    -3.2426     3.8632
     3.1868     2.7594    -3.2693     3.9386
     3.1779     2.9888    -3.2782     3.9952
     2.9826     3.1540    -3.2871     3.9952
     2.8227     3.3377    -3.3227     3.9292
     2.6984     3.4478    -3.2693     3.8349
     2.5030     3.4846    -3.1535     3.7029
     2.4053     3.4846    -3.0555     3.5709
     2.2632     3.5121    -3.0109     3.4013
     2.0944     3.5029    -2.8506     3.1468
     1.9345     3.4938    -2.7169     2.9395
     1.7390     3.5489    -2.5922     2.6569
     1.5791     3.5029    -2.3783     2.3649
     1.3925     3.3193    -2.2000     2.0165
     1.2148     3.1816    -2.0218     1.7058
     1.0281     2.9154    -1.7454     1.4328
     0.7881     2.7319    -1.4690     1.0281
     0.6548     2.5118    -1.2283     0.7835
     0.4237     2.2183    -0.9429     0.4449
     0.1747     1.9708    -0.6307     0.1910
     0.0058     1.7509    -0.3631    -0.1287
    -0.1987     1.4944     0.0027    -0.4577
    -0.4922     1.1739     0.3240    -0.6927
    -0.6789     0.8627     0.6364    -1.0028
    -0.9636     0.5791     0.9578    -1.2283
    -1.1682     0.2498     1.3238    -1.5007
    -1.3728     0.0121     1.6185    -1.7355
    -1.5597    -0.2072     1.9133    -1.9702
    -1.7376    -0.4265     2.3153    -2.1298
    -1.8711    -0.7096     2.5476    -2.2706
    -1.9957    -0.8740     2.8514    -2.4208
    -2.1470    -1.1296     3.0391    -2.5522
    -2.2805    -1.3030     3.2625    -2.6648
    -2.3606    -1.4854     3.3966    -2.7681
    -2.4496    -1.7134     3.5307    -2.8525
    -2.4852    -1.8776     3.5754    -2.9745
    -2.5564    -2.0052     3.6558    -3.0214
    -2.5297    -2.1510     3.7363    -3.0777
    -2.5831    -2.2786     3.7363    -3.0871
    -2.5386    -2.3697     3.6916    -3.0308
    -2.5119    -2.3971     3.6022    -3.0402
    -2.3962    -2.5155     3.4949    -2.9651
    -2.3873    -2.6430     3.4145    -2.9839
    -2.2627    -2.6339     3.2804    -2.9276
    -2.1559    -2.6977     3.1284    -2.9276
    -2.0313    -2.8069     2.9408    -2.8150
    -1.8711    -2.7523     2.7442    -2.6930
    -1.7198    -2.8434     2.5208    -2.6367
    -1.6308    -2.8251     2.3421    -2.4771
    -1.4262    -2.7523     2.1277    -2.3739
    -1.2660    -2.7159     1.7704    -2.1955
    -1.1415    -2.6977     1.6364    -2.0359
    -0.8746    -2.5428     1.4489    -1.8575
    -0.7323    -2.3971     1.1631    -1.6134
    -0.5100    -2.3151     0.9221    -1.3786
    -0.2698    -2.1784     0.5918    -1.1343
    -0.0298    -2.0143     0.3329    -0.8525
     0.1659    -1.8776     0.1098    -0.5893
     0.3970    -1.7134    -0.1668    -0.3168
     0.6993    -1.5037    -0.3631     0.0029
     0.9126    -1.3577    -0.6396     0.2474
     1.1881    -1.0657    -0.8537     0.5295
     1.4458    -0.9196    -1.0856     0.7929
     1.7035    -0.6366    -1.3174     1.1316
     1.9167    -0.4082    -1.5136     1.4422
     2.1477    -0.1341    -1.6919     1.7340
     2.3698     0.1310    -1.8613     2.0259
     2.6007     0.4602    -2.0039     2.3366
     2.7606     0.6888    -2.1911     2.6380
     2.9204     1.0274    -2.2713     2.8736
     3.0181     1.3021    -2.3961     3.1751
     3.1602     1.6226    -2.5387     3.3447
     3.2046     1.8334    -2.6634     3.5332
     3.2401     2.0991    -2.7704     3.7406
     3.2135     2.3559    -2.8684     3.9198
     3.1158     2.5851    -2.9040     4.0329
     3.0447     2.8971    -2.8862     4.1366
     2.9737     3.1632    -2.9486     4.1743
     2.7783     3.3193    -2.9842     4.1649
     2.6540     3.4570    -2.9753     4.1083
     2.4764     3.4938    -2.9842     3.9575
     2.3254     3.5121    -2.8773     3.8538
     2.1299     3.5764    -2.8060     3.6463
     1.9167     3.5397    -2.7525     3.4578
     1.7835     3.5305    -2.6456     3.2599
     1.5347     3.5213    -2.5120     2.9678
     1.3481     3.5121    -2.4050     2.7040
     1.2236     3.5029    -2.2535     2.3743
     0.9748     3.3744    -2.0396     2.0824
     0.8593     3.1632    -1.8524     1.6963
     0.6548     2.9797    -1.6117     1.3293
     0.4237     2.7044    -1.3709     1.0658
     0.2459     2.3834    -1.1658     0.7365
     0.0769     2.0900    -0.8894     0.4637
    -0.1987     1.8609    -0.5861     0.0969
    -0.3677     1.6135    -0.3185    -0.1851
    -0.5989     1.3937     0.0027    -0.4953
    -0.8746     1.0549     0.3151    -0.8243
    -1.0614     0.7895     0.6453    -1.0686
    -1.2927     0.4144     0.9488    -1.3504
    -1.4974     0.1767     1.2435    -1.6040
    -1.7465    -0.1067     1.5739    -1.8294
    -1.8800    -0.3534     1.9311    -2.1110
    -2.0758    -0.5726     2.1634    -2.2988
    -2.2538    -0.8009     2.4761    -2.4396
    -2.4318    -1.0566     2.7173    -2.6555
    -2.5119    -1.2756     2.9139    -2.7587
    -2.6543    -1.4398     3.1106    -2.8431
    -2.7078    -1.6770     3.2178    -2.9651
    -2.7879    -1.8411     3.3608    -3.0777
    -2.8057    -1.9961     3.4502    -3.1809
    -2.8057    -2.1966     3.4592    -3.2466
    -2.7701    -2.2695     3.5128    -3.2559
    -2.8146    -2.4244     3.5217    -3.3216
    -2.7523    -2.5701     3.4234    -3.3028
    -2.6810    -2.6703     3.3966    -3.3497
    -2.6721    -2.7796     3.2893    -3.3685
    -2.5564    -2.8525     3.1731    -3.3310
    -2.4852    -2.9071     3.0123    -3.2653
    -2.3250    -2.9617     2.8425    -3.2278
    -2.1915    -2.9890     2.6459    -3.1527
    -2.0758    -2.9526     2.4672    -3.0402
    -1.8978    -2.9799     2.2170    -2.9276
    -1.7643    -3.0618     2.0115    -2.7962
    -1.5775    -3.0527     1.8418    -2.6273
    -1.4084    -2.9708     1.5292    -2.5053
    -1.2483    -2.8616     1.3060    -2.2519
    -1.0614    -2.7705     1.1631    -2.0453
    -0.8479    -2.6157     0.8864    -1.8106
    -0.5989    -2.5519     0.6275    -1.5852
    -0.3321    -2.4608     0.3865    -1.3316
    -0.0742    -2.2968     0.0920    -1.0874
     0.1925    -2.1328    -0.1579    -0.7867
     0.3881    -1.9870    -0.3452    -0.5517
     0.6726    -1.7773    -0.5593    -0.2509
     0.8948    -1.4945    -0.8269     0.0405
     1.1703    -1.3303    -1.0053     0.3696
     1.4547    -1.0748    -1.2283     0.6518
     1.6768    -0.8375    -1.4423     1.0093
     1.9611    -0.5452    -1.7008     1.3198
     2.1033    -0.2620    -1.8970     1.6587
     2.3698    -0.0153    -2.0663     2.0259
     2.5385     0.3413    -2.1733     2.3178
     2.7517     0.6248    -2.3159     2.6098
     2.9115     0.9359    -2.4585     2.8924
     3.0625     1.2655    -2.5209     3.1280
     3.1247     1.5860    -2.6456     3.4107
     3.2490     1.8517    -2.7615     3.5898
     3.2401     2.1541    -2.8595     3.7878
     3.2223     2.4200    -2.9040     4.0140
     3.2401     2.6677    -2.9397     4.1555
     3.0980     2.9429    -2.8951     4.2121
     3.0270     3.1724    -2.8773     4.2592
     2.8671     3.4019    -2.8417     4.2592
     2.6718     3.5213    -2.8238     4.2498
     2.4764     3.5305    -2.7971     4.2215
     2.2987     3.5489    -2.6902     4.1649
     2.1299     3.5580    -2.6011     4.0046
     1.9523     3.5489    -2.5387     3.8066
     1.8279     3.5397    -2.4585     3.5615
     1.6413     3.5948    -2.2981     3.2976
     1.4280     3.5856    -2.1465     2.9960
     1.2414     3.5764    -1.9148     2.7040
     1.0459     3.4203    -1.7454     2.3460
     0.8770     3.2458    -1.5314     2.0447
     0.6993     3.0990    -1.3353     1.7340
     0.5037     2.8695    -1.0677     1.4234
     0.2814     2.6677    -0.8359     1.1410
     0.0858     2.4384    -0.5593     0.8117
    -0.1009     2.1725    -0.2828     0.4919
    -0.2965     1.9067     0.0384     0.1533
    -0.5544     1.6501     0.3062    -0.0535
    -0.7768     1.3662     0.6364    -0.3638
    -0.9458     1.0824     0.9578    -0.5705
    -1.2394     0.7895     1.2613    -0.8525
    -1.4351     0.4602     1.6096    -1.1155
    -1.5863     0.2041     1.8776    -1.3034
    -1.8088    -0.0610     2.1455    -1.6040
    -2.0046    -0.3169     2.4582    -1.7918
    -2.1114    -0.5544     2.7620    -1.9702
    -2.2983    -0.7553     2.9497    -2.1768
    -2.4674    -0.9653     3.1910    -2.2988
    -2.5119    -1.2026     3.3251    -2.4490
    -2.6187    -1.3577     3.4592    -2.5616
    -2.6810    -1.5584     3.5843    -2.6742
    -2.7256    -1.7864     3.6827    -2.8056
    -2.7968    -1.9505     3.7542    -2.8807
    -2.7790    -2.0781     3.7542    -3.0026
    -2.7701    -2.2330     3.7453    -3.0495
    -2.7523    -2.3424     3.7006    -3.0871
    -2.7256    -2.4335     3.6827    -3.0965
    -2.7078    -2.5428     3.5664    -3.0683
    -2.5831    -2.5975     3.4324    -3.1246
    -2.4941    -2.6612     3.3430    -3.0683
    -2.3606    -2.7250     3.1731    -3.0589
    -2.2805    -2.7796     2.9586    -2.9557
    -2.1381    -2.7796     2.7888    -2.8900
    -1.9957    -2.7250     2.5118    -2.8431
    -1.8177    -2.8160     2.3242    -2.7681
    -1.6575    -2.7978     2.0741    -2.6461
    -1.4618    -2.7250     1.7346    -2.5241
    -1.2660    -2.6612     1.4667    -2.3270
    -1.1237    -2.6248     1.2792    -2.1017
    -0.9013    -2.5519     1.0649    -1.8575
    -0.7323    -2.3880     0.7435    -1.6416
    -0.4922    -2.3333     0.4936    -1.3786
    -0.2698    -2.2148     0.2169    -1.1719
     0.0058    -2.0417    -0.0508    -0.8994
     0.1570    -1.8958    -0.2917    -0.6269
     0.3970    -1.7499    -0.5058    -0.3732
     0.6637    -1.5949    -0.7734    -0.0723
     0.9392    -1.3577    -1.0053     0.1815
     1.1348    -1.1113    -1.1926     0.5483
     1.4369    -0.8283    -1.4155     0.7929
     1.7035    -0.6000    -1.6741     1.1222
     1.9434    -0.3169    -1.8791     1.4140
     2.1477    -0.1158    -2.0039     1.7246
     2.3520     0.2864    -2.1822     2.0541
     2.5208     0.5699    -2.2802     2.2990
     2.6806     0.8993    -2.4228     2.6475
     2.7961     1.2380    -2.5030     2.8641
     2.9204     1.5585    -2.6011     3.0903
     3.0270     1.8609    -2.7347     3.2976
     3.0625     2.0808    -2.7971     3.4861
     3.0980     2.3650    -2.9129     3.6558
     3.0980     2.6035    -2.9129     3.7972
     3.1247     2.8879    -2.9218     3.9292
     2.9826     3.0990    -2.9307     3.9575
     2.8760     3.3285    -2.9129     3.9669
     2.7783     3.4846    -2.8773     3.9198
     2.6007     3.5121    -2.7436     3.7972
     2.4231     3.5764    -2.7080     3.6841
     2.2188     3.5672    -2.6634     3.5427
     2.0589     3.5856    -2.5387     3.3730
     1.8368     3.5948    -2.4228     3.1939
     1.6324     3.5397    -2.2802     2.9489
     1.4192     3.5213    -2.0485     2.6475
     1.3036     3.4387    -1.8435     2.3837
     1.1081     3.3652    -1.6295     2.0729
     0.8859     3.1724    -1.4155     1.6963
     0.7793     2.9154    -1.1837     1.3857
     0.5926     2.7136    -0.9607     1.0658
     0.3615     2.4017    -0.6485     0.8117
     0.1836     2.2550    -0.4344     0.5577
     0.0592     2.0625    -0.1133     0.2380
    -0.1898     1.8334     0.1634    -0.0535
    -0.4032     1.5677     0.4311    -0.3732
    -0.6434     1.2838     0.7614    -0.6269
    -0.8835     1.0000     1.0203    -0.8243
    -1.1326     0.7346     1.3238    -1.0780
    -1.2927     0.4327     1.7168    -1.3034
    -1.5775     0.1584     1.9847    -1.4725
    -1.7287    -0.0884     2.2527    -1.7167
    -1.9690    -0.2895     2.5476    -1.8482
    -2.1381    -0.4539     2.8514    -2.0359
    -2.3072    -0.6274     3.0480    -2.1674
    -2.4674    -0.8283     3.1999    -2.2988
    -2.5564    -1.0657     3.3877    -2.3645
    -2.6632    -1.2391     3.4771    -2.4771
    -2.8324    -1.4489     3.6290    -2.6179
    -2.8502    -1.5858     3.7184    -2.6648
    -2.9659    -1.6678     3.7184    -2.7681
    -2.9748    -1.8229     3.7453    -2.7774
    -3.0015    -1.9870     3.7810    -2.8056
    -2.9570    -2.0599     3.7363    -2.7868
    -2.9303    -2.1875     3.7274    -2.7868
    -2.8591    -2.3059     3.6201    -2.7962
    -2.8235    -2.4244     3.5128    -2.7962
    -2.6810    -2.4517     3.3698    -2.7493
    -2.6098    -2.5064     3.1642    -2.7024
    -2.4763    -2.4608     2.9318    -2.6461
    -2.3784    -2.4973     2.7531    -2.5804
    -2.2004    -2.4882     2.5208    -2.4490
    -2.0669    -2.5428     2.2617    -2.3833
    -1.8711    -2.5246     2.0383    -2.2612
    -1.7109    -2.5337     1.7525    -2.1204
    -1.4885    -2.4699     1.4578    -1.9796
    -1.3639    -2.3515     1.2524    -1.7636
    -1.1148    -2.2968     0.9935    -1.6228
    -0.9814    -2.2786     0.7078    -1.3410
    -0.7679    -2.0599     0.4847    -1.1531
    -0.5189    -1.9687     0.1723    -0.9088
    -0.3143    -1.8776    -0.1311    -0.7021
    -0.0564    -1.6587    -0.3452    -0.4953
     0.1747    -1.5493    -0.6218    -0.2133
     0.4059    -1.3668    -0.8626     0.0123
     0.7081    -1.1387    -1.0410     0.2662
     0.9304    -0.9653    -1.3085     0.5483
     1.2325    -0.7644    -1.5582     0.8776
     1.4991    -0.5178    -1.7543     1.1693
     1.7923    -0.2895    -1.9683     1.4798
     1.9967    -0.0153    -2.1465     1.7622
     2.2277     0.2681    -2.2624     2.0447
     2.4586     0.5791    -2.4228     2.3366
     2.5829     0.8352    -2.4852     2.6475
     2.7961     1.1373    -2.5922     2.8736
     2.9293     1.3753    -2.7258     3.1091
     2.9915     1.6593    -2.7793     3.2976
     3.1602     1.8975    -2.8506     3.4484
     3.1513     2.1358    -2.9218     3.5709
     3.1868     2.3742    -2.9218     3.6841
     3.2223     2.5668    -2.9397     3.7783
     3.1602     2.8512    -2.9753     3.7500
     3.0447     3.0806    -2.9040     3.7312
     3.0003     3.2458    -2.8773     3.6841
     2.8583     3.3652    -2.7882     3.5709
     2.6718     3.4203    -2.7258     3.4672
     2.5652     3.4754    -2.6634     3.2693
     2.3698     3.5397    -2.5565     3.0903
     2.1566     3.5121    -2.4852     2.9207
     1.9256     3.4754    -2.3337     2.6098
     1.7479     3.3468    -2.1198     2.3743
     1.5791     3.2550    -1.9415     2.1106
     1.3747     3.1540    -1.7276     1.8093
     1.1437     2.9613    -1.5136     1.4516
     0.9748     2.7044    -1.2818     1.1787
     0.7970     2.4476    -1.0142     0.9152
     0.6370     2.1633    -0.7823     0.6236
     0.5037     1.8700    -0.5147     0.3884
     0.3703     1.7051    -0.2382     0.1157
     0.1214     1.4761     0.0741    -0.1287
    -0.0209     1.2014     0.3954    -0.4577
    -0.2610     0.8993     0.6989    -0.7115
    -0.4477     0.6431     0.9756    -0.9182
    -0.7056     0.3687     1.2524    -1.1719
    -0.9191     0.1310     1.5560    -1.3880
    -1.1415    -0.0884     1.8686    -1.6228
    -1.4262    -0.3169     2.1455    -1.8575
    -1.6219    -0.4904     2.4046    -2.0265
    -1.8177    -0.6640     2.6995    -2.2237
    -1.9779    -0.8283     2.8871    -2.3833
    -2.1737    -1.0292     3.0927    -2.4584
    -2.3072    -1.1752     3.2357    -2.5898
    -2.4674    -1.4216     3.4413    -2.7399
    -2.5742    -1.5401     3.5307    -2.8337
    -2.6276    -1.7590     3.6469    -2.8713
    -2.6810    -1.8320     3.6380    -2.8994
    -2.7968    -2.0234     3.6916    -3.0026
    -2.8146    -2.1146     3.6558    -3.0214
    -2.8502    -2.2422     3.6290    -3.0777
    -2.8502    -2.3606     3.6201    -3.0777
    -2.7879    -2.4699     3.5307    -3.0589
    -2.7167    -2.5793     3.4055    -3.0683
    -2.6454    -2.5337     3.2357    -2.9651
    -2.5564    -2.5701     3.0659    -2.9276
    -2.4318    -2.6977     2.8782    -2.8056
    -2.2805    -2.6977     2.6548    -2.7024
    -2.1915    -2.7432     2.4314    -2.6179
    -1.9779    -2.7523     2.1723    -2.5334
    -1.8355    -2.7614     1.9758    -2.4020
    -1.6664    -2.7978     1.6543    -2.2519
    -1.4707    -2.6885     1.4042    -2.0923
    -1.3016    -2.6521     1.1988    -1.9702
    -1.0792    -2.5793     0.9488    -1.8200
    -0.9369    -2.5337     0.6364    -1.6040
    -0.6967    -2.3788     0.3865    -1.3410
    -0.4566    -2.2422     0.1009    -1.1155
    -0.1720    -2.1055    -0.1757    -0.9276
     0.0414    -1.9870    -0.3898    -0.6927
     0.2548    -1.8684    -0.6396    -0.4859
     0.5215    -1.6587    -0.8983    -0.2980
     0.7615    -1.4398    -1.1034    -0.0159
     1.0104    -1.2756    -1.3174     0.2286
     1.3125    -1.0657    -1.5225     0.4731
     1.5080    -0.8101    -1.7454     0.7741
     1.7835    -0.6092    -1.9059     1.0564
     2.0500    -0.3443    -2.1020     1.3104
     2.2543    -0.0884    -2.2535     1.6022
     2.4764     0.2773    -2.3515     1.9035
     2.7250     0.5242    -2.5030     2.2236
     2.8316     0.7803    -2.5922     2.4120
     2.9915     1.0274    -2.6456     2.7417
     3.1158     1.3204    -2.7793     2.9772
     3.1779     1.5585    -2.8327     3.1562
     3.1779     1.7601    -2.8951     3.3353
     3.2223     1.9983    -2.9575     3.4578
     3.1424     2.2550    -2.9397     3.6275
     3.1868     2.4751    -2.9129     3.6652
     3.1247     2.6310    -2.9218     3.7029
     2.9648     2.8420    -2.9307     3.6275
     2.8760     2.9429    -2.8684     3.5992
     2.7073     3.1449    -2.8327     3.4861
     2.4497     3.2826    -2.7258     3.2882
     2.2987     3.3468    -2.6456     3.1562
     2.0411     3.3836    -2.5565     2.9018
     1.8634     3.3744    -2.3605     2.7134
     1.7213     3.3377    -2.2268     2.4120
     1.5258     3.2550    -2.0663     2.1200
     1.2592     3.1265    -1.9237     1.9035
     1.1081     2.9888    -1.7454     1.5928
     0.9037     2.8145    -1.5671     1.3293
     0.7348     2.6402    -1.2996     1.0281
     0.6548     2.3834    -1.1123     0.8588
     0.4415     2.0991    -0.8894     0.5201
     0.3348     1.7875    -0.5950     0.3602
     0.1303     1.4944    -0.3542     0.1345
    -0.0031     1.3204    -0.0508    -0.1381
    -0.2165     1.0641     0.2080    -0.4389
    -0.4388     0.7895     0.4847    -0.7115
    -0.6701     0.5425     0.8239    -1.0028
    -0.8835     0.2407     1.0917    -1.2001
    -1.0525    -0.0427     1.4131    -1.4068
    -1.3105    -0.2438     1.7436    -1.6697
    -1.4440    -0.3900     1.9847    -1.8106
    -1.6575    -0.5726     2.2349    -2.0265
    -1.7821    -0.8101     2.5208    -2.1392
    -1.9067    -0.9653     2.6995    -2.2988
    -2.0402    -1.0839     2.8871    -2.4677
    -2.1737    -1.2391     2.9944    -2.5710
    -2.2271    -1.4216     3.1284    -2.6930
    -2.3517    -1.5493     3.2804    -2.7399
    -2.3784    -1.6496     3.3340    -2.8056
    -2.3873    -1.7681     3.3608    -2.8431
    -2.4407    -1.9596     3.3161    -2.9276
    -2.4318    -2.0599     3.3161    -2.9557
    -2.3962    -2.1510     3.2357    -2.9651
    -2.3606    -2.3242     3.1374    -2.9557
    -2.2627    -2.4244     3.0391    -2.9276
    -2.1381    -2.4699     2.8961    -2.8900
    -2.0224    -2.5884     2.7531    -2.8337
    -1.9423    -2.5701     2.5476    -2.7399
    -1.7732    -2.5975     2.3153    -2.7211
    -1.6664    -2.7068     2.0919    -2.5898
    -1.4618    -2.8069     1.8776    -2.5334
    -1.2572    -2.8525     1.6275    -2.4020
    -1.0970    -2.8342     1.4042    -2.2237
    -0.8568    -2.7432     1.1542    -2.1110
    -0.6967    -2.6794     0.9846    -2.0078
    -0.5011    -2.6430     0.7435    -1.8482
    -0.3766    -2.5155     0.5114    -1.5758
    -0.1009    -2.4426     0.2437    -1.3786
     0.0147    -2.3971    -0.0597    -1.1813
     0.2459    -2.2057    -0.2739    -0.9840
     0.4415    -2.0599    -0.5326    -0.7961
     0.6993    -1.8958    -0.7288    -0.5611
     0.9126    -1.7590    -0.9964    -0.3356
     1.1703    -1.5493    -1.2193    -0.1099
     1.4014    -1.3303    -1.3977     0.0875
     1.6680    -1.0931    -1.5849     0.2756
     1.9256    -0.8740    -1.8346     0.5954
     2.1388    -0.6822    -1.9772     0.8211
     2.3076    -0.4265    -2.1733     1.0658
     2.5297    -0.1432    -2.3070     1.4140
     2.6362     0.1767    -2.3961     1.6775
     2.7606     0.3687    -2.5298     1.9976
     2.8494     0.6248    -2.5922     2.3743
     2.9648     0.9176    -2.6991     2.6380
     3.0092     1.1281    -2.7882     2.8736
     3.0270     1.3937    -2.8684     3.1091
     3.0270     1.6410    -2.8951     3.3164
     3.0003     1.8883    -2.9486     3.4578
     2.9382     2.1083    -2.9664     3.5144
     2.8227     2.3192    -3.0466     3.6369
     2.6806     2.5393    -3.0109     3.6369
     2.5563     2.6769    -3.0020     3.6369
     2.3076     2.8879    -2.9753     3.5050
     2.1655     3.0531    -2.9486     3.4390
     1.9345     3.2367    -2.8238     3.2599
     1.7479     3.3101    -2.7793     3.0903
     1.5613     3.4387    -2.7169     2.8924
     1.3658     3.4019    -2.5654     2.6851
     1.0992     3.3927    -2.4585     2.5250
     0.8770     3.3744    -2.2624     2.2707
     0.6993     3.2917    -2.0931     1.9976
     0.4504     3.1540    -1.9683     1.7528
     0.2725     2.9062    -1.7811     1.4610
     0.1214     2.6769    -1.5849     1.2540
    -0.0298     2.4017    -1.3353     0.9999
    -0.1631     2.1633    -1.0321     0.7177
    -0.4121     1.9067    -0.8180     0.5483
    -0.5277     1.6501    -0.6039     0.3038
    -0.7145     1.3021    -0.3185     0.0499
    -0.9102     1.1190    -0.0151    -0.2603
    -1.0614     0.9268     0.2794    -0.5141
    -1.2749     0.6797     0.5918    -0.7585
    -1.4440     0.4144     0.8417    -1.0404
    -1.5952     0.2041     1.1899    -1.2471
    -1.7821    -0.0610     1.4399    -1.4819
    -1.9779    -0.2255     1.7525    -1.7073
    -2.1737    -0.3808     1.9758    -1.9420
    -2.3250    -0.5452     2.2438    -2.1204
    -2.3873    -0.7005     2.4582    -2.1955
    -2.5564    -0.8740     2.6727    -2.3833
    -2.6543    -1.0018     2.7978    -2.5053
    -2.6989    -1.1843     2.9408    -2.5710
    -2.7345    -1.3395     3.0569    -2.6836
    -2.7612    -1.5128     3.1553    -2.7493
    -2.8413    -1.6405     3.2357    -2.8337
    -2.8235    -1.7864     3.2983    -2.8056
    -2.7968    -1.9231     3.3430    -2.7962
    -2.7701    -2.0599     3.3161    -2.8337
    -2.6810    -2.2239     3.2983    -2.8150
    -2.5386    -2.3242     3.2446    -2.8150
    -2.4318    -2.4791     3.1374    -2.7774
    -2.3695    -2.5519     3.0569    -2.7681
    -2.2004    -2.6339     2.9139    -2.6836
    -2.0669    -2.6703     2.7442    -2.6273
    -1.9601    -2.7159     2.5476    -2.5898
    -1.8088    -2.7523     2.3242    -2.5241
    -1.5419    -2.7887     2.1098    -2.3927
    -1.3105    -2.7887     1.8776    -2.2519
    -1.1682    -2.7705     1.5828    -2.1392
    -0.9903    -2.7068     1.3417    -1.9420
    -0.8035    -2.6248     1.0828    -1.7542
    -0.5455    -2.4699     0.9221    -1.5195
    -0.3588    -2.3606     0.6543    -1.3504
    -0.1365    -2.2786     0.3865    -1.2001
     0.0058    -2.1146     0.1544    -1.0404
     0.2370    -1.9687    -0.0865    -0.8713
     0.4681    -1.8593    -0.2471    -0.6363
     0.7081    -1.6587    -0.4523    -0.4202
     0.9926    -1.4307    -0.6753    -0.1193
     1.1881    -1.1935    -0.8715     0.0969
     1.4547    -0.9288    -1.1213     0.3320
     1.6235    -0.7279    -1.3264     0.6424
     1.9167    -0.5452    -1.4958     0.9058
     2.0944    -0.2986    -1.6741     1.2257
     2.2632    -0.0336    -1.8613     1.6116
     2.4941     0.2590    -1.9861     1.8752
     2.5652     0.4419    -2.0931     2.2330
     2.7517     0.6431    -2.2802     2.4685
     2.8494     0.9817    -2.3694     2.7982
     2.8671     1.2014    -2.5387     3.0809
     2.9204     1.4578    -2.6367     3.2222
     2.9115     1.7417    -2.6545     3.4390
     2.8671     2.0441    -2.7258     3.4861
     2.8849     2.3375    -2.8238     3.6841
     2.7517     2.5668    -2.8417     3.6935
     2.7250     2.7961    -2.8595     3.7689
     2.6007     3.0623    -2.8951     3.7595
     2.3964     3.2550    -2.8506     3.6275
     2.2543     3.3652    -2.8060     3.5332
     2.0500     3.5213    -2.8149     3.4013
     1.8368     3.5489    -2.7347     3.3164
     1.6502     3.5580    -2.6367     3.1185
     1.4280     3.5029    -2.5654     2.9678
     1.2681     3.5121    -2.4139     2.7417
     1.0281     3.5489    -2.3159     2.4779
     0.8504     3.4019    -2.1733     2.2142
     0.6726     3.2458    -2.0128     1.9317
     0.4859     3.0164    -1.8791     1.6493
     0.2992     2.7686    -1.6295     1.3010
     0.1481     2.4476    -1.3709     1.0375
     0.0058     2.2275    -1.1658     0.7741
    -0.1898     1.9158    -1.0053     0.5013
    -0.4121     1.7051    -0.7377     0.2756
    -0.5811     1.5494    -0.4969     0.0029
    -0.7679     1.4120    -0.2292    -0.2886
    -0.9547     1.1281     0.1009    -0.5423
    -1.1148     0.9176     0.3776    -0.8055
    -1.3194     0.6614     0.6543    -1.0028
    -1.4796     0.3870     0.9488    -1.2001
    -1.6397     0.2407     1.2435    -1.3974
    -1.7821    -0.0336     1.5203    -1.6040
    -1.8978    -0.1432     1.8418    -1.7542
    -2.0491    -0.3900     2.0741    -1.9233
    -2.1737    -0.5818     2.3331    -2.1392
    -2.2538    -0.6822     2.5654    -2.2800
    -2.3339    -0.9196     2.7620    -2.4020
    -2.4318    -1.0474     2.9139    -2.5241
    -2.4941    -1.2482     3.0301    -2.5522
    -2.5297    -1.4763     3.1195    -2.5898
    -2.5030    -1.6040     3.1999    -2.6179
    -2.5386    -1.7590     3.2446    -2.6836
    -2.5030    -1.9414     3.2268    -2.6742
    -2.5119    -2.0143     3.2804    -2.6836
    -2.3784    -2.1237     3.2268    -2.7399
    -2.3428    -2.2786     3.1374    -2.7399
    -2.2538    -2.3697     3.0838    -2.7305
    -2.0936    -2.4699     2.9854    -2.6836
    -1.9601    -2.5337     2.8246    -2.6555
    -1.7376    -2.5884     2.6995    -2.6367
    -1.6308    -2.6430     2.4850    -2.5241
    -1.4173    -2.6157     2.2706    -2.4771
    -1.2394    -2.6521     2.1098    -2.3270
    -1.0614    -2.6521     1.8686    -2.2612
    -0.8391    -2.5701     1.6185    -2.0923
    -0.6078    -2.5428     1.3685    -1.8951
    -0.4299    -2.4608     1.1542    -1.7449
    -0.2610    -2.3788     0.9756    -1.5476
    -0.1009    -2.2695     0.7614    -1.3692
     0.0681    -2.1601     0.5382    -1.1813
     0.3081    -2.0052     0.2437    -0.9934
     0.4948    -1.8046    -0.0151    -0.7679
     0.7526    -1.6678    -0.2292    -0.4765
     1.0104    -1.4854    -0.4344    -0.2697
     1.2059    -1.2938    -0.5950     0.0405
     1.4014    -1.0657    -0.8359     0.2662
     1.6680    -0.9196    -1.0499     0.5671
     1.8456    -0.6914    -1.2372     0.8400
     2.0322    -0.4539    -1.4869     1.0752
     2.2632    -0.2255    -1.6741     1.3951
     2.3964     0.0213    -1.8078     1.6210
     2.5119     0.3413    -1.9950     1.9035
     2.6185     0.6065    -2.1287     2.2142
     2.7606     0.9085    -2.2446     2.5156
     2.7517     1.1464    -2.3159     2.7417
     2.8227     1.4303    -2.4139     2.9584
     2.8405     1.6318    -2.5476     3.1751
     2.8050     1.9433    -2.5832     3.3730
     2.8227     2.1816    -2.6189     3.4861
     2.7695     2.3742    -2.6634     3.5804
     2.6806     2.6035    -2.6724     3.6463
     2.5829     2.8420    -2.7347     3.6275
     2.4142     3.0714    -2.7169     3.5992
     2.2365     3.1816    -2.7080     3.4861
     2.0411     3.3744    -2.5832     3.3447
     1.8279     3.3836    -2.4852     3.1751
     1.6058     3.4846    -2.4674     2.9301
     1.3925     3.4478    -2.3426     2.7322
     1.2325     3.4203    -2.2535     2.5815
     1.0104     3.3836    -2.0931     2.3460
     0.7881     3.2826    -1.9861     2.0541
     0.6370     3.1449    -1.8613     1.8093
     0.4504     2.8971    -1.6473     1.5363
     0.2192     2.7411    -1.3799     1.2257
     0.0503     2.4934    -1.2015     0.9623
    -0.1009     2.2458    -0.9786     0.7082
    -0.2610     1.9708    -0.7467     0.4919
    -0.4833     1.7784    -0.5147     0.2474
    -0.6701     1.6043    -0.2560    -0.0159
    -0.8213     1.3387     0.0474    -0.3074
    -1.0525     1.0457     0.3151    -0.6457
    -1.2483     0.7895     0.6007    -0.8807
    -1.3639     0.5150     0.8864    -1.0686
    -1.5508     0.3047     1.1274    -1.2752
    -1.7020     0.1035     1.4667    -1.5007
    -1.8444    -0.1524     1.7882    -1.7355
    -1.9690    -0.3625     2.0741    -1.8951
    -2.1737    -0.5270     2.3153    -2.1017
    -2.3072    -0.7005     2.5654    -2.2519
    -2.3962    -0.8922     2.7442    -2.3739
    -2.4852    -1.0566     2.9318    -2.5241
    -2.6098    -1.1752     3.0748    -2.6461
    -2.7167    -1.4033     3.2625    -2.7024
    -2.6989    -1.5401     3.3787    -2.7305
    -2.7879    -1.7043     3.5217    -2.8150
    -2.7701    -1.8502     3.6111    -2.7962
    -2.7745    -1.9778     3.6111    -2.7962
    -2.7790    -2.0508     3.6111    -2.7774
    -2.7256    -2.2057     3.6022    -2.7868
    -2.6810    -2.3059     3.5396    -2.8337
    -2.5653    -2.4517     3.4949    -2.7774
    -2.4585    -2.5064     3.3519    -2.7774
    -2.2983    -2.5884     3.1999    -2.7868
    -2.1648    -2.7341     3.0391    -2.7493
    -2.0313    -2.7887     2.8246    -2.7211
    -1.8533    -2.8342     2.6191    -2.6179
    -1.6664    -2.8160     2.3867    -2.5522
    -1.4529    -2.8707     2.1009    -2.4114
    -1.2572    -2.9162     1.8597    -2.2894
    -1.0259    -2.8707     1.6543    -2.1861
    -0.9013    -2.9162     1.3506    -2.0453
    -0.7234    -2.7978     1.2256    -1.8388
    -0.5366    -2.7705     1.0024    -1.6322
    -0.3766    -2.5884     0.6810    -1.4255
    -0.1009    -2.4608     0.4222    -1.2659
     0.0592    -2.3515     0.1901    -1.0310
     0.3259    -2.1055    -0.0954    -0.8431
     0.5393    -1.9596    -0.2739    -0.5987
     0.7881    -1.7773    -0.4880    -0.3168
     0.9837    -1.5401    -0.7199    -0.0347
     1.2681    -1.2938    -0.9518     0.2662
     1.4636    -1.1204    -1.1480     0.5671
     1.7213    -0.8466    -1.3174     0.8400
     1.8990    -0.5544    -1.5136     1.1787
     2.0944    -0.3351    -1.7365     1.4328
     2.2809    -0.0336    -1.8791     1.7717
     2.4142     0.2407    -1.9861     2.1012
     2.5474     0.5425    -2.1376     2.3743
     2.6984     0.7620    -2.2179     2.6663
     2.7517     1.0824    -2.3426     2.9678
     2.7517     1.2838    -2.4228     3.1657
     2.8405     1.5494    -2.5209     3.3541
     2.8583     1.8425    -2.5743     3.5238
     2.8583     2.1358    -2.6367     3.6558
     2.7783     2.4292    -2.7169     3.7218
     2.7250     2.6769    -2.7080     3.7595
     2.6096     2.9338    -2.6991     3.7689
     2.5119     3.1724    -2.6813     3.7783
     2.2809     3.3560    -2.6456     3.6652
     2.1566     3.4662    -2.6278     3.5992
     1.9434     3.5397    -2.5298     3.4390
     1.7390     3.5305    -2.4407     3.2128
     1.4902     3.5213    -2.2981     3.0337
     1.2859     3.5489    -2.2089     2.8265
     1.1348     3.4846    -2.0931     2.6004
     0.9837     3.5213    -1.9504     2.3178
     0.7793     3.4478    -1.7632     2.0824
     0.6104     3.2642    -1.6206     1.7905
     0.4592     3.0898    -1.3531     1.4893
     0.2459     2.8328    -1.1748     1.2257
     0.1125     2.5484    -0.9161     1.0469
    -0.0209     2.3100    -0.7199     0.7741
    -0.1276     2.1541    -0.4344     0.5295
    -0.3143     1.9250    -0.1757     0.2944
    -0.4655     1.7143     0.1009    -0.0441
    -0.6612     1.4944     0.4311    -0.2886
    -0.8479     1.1922     0.6989    -0.5423
    -0.9458     1.0000     0.9756    -0.7303
    -1.0881     0.6888     1.2346    -0.9464
    -1.3283     0.4693     1.5560    -1.1531
    -1.3995     0.2955     1.7972    -1.3786
    -1.5419     0.0213     2.1098    -1.5758
    -1.6664    -0.1798     2.3331    -1.7542
    -1.8444    -0.4174     2.5922    -1.8669
    -1.8889    -0.6274     2.7888    -2.0829
    -1.9957    -0.7736     2.9676    -2.1768
    -2.0758    -0.9105     3.1195    -2.3082
    -2.1470    -1.0657     3.1999    -2.4396
    -2.2004    -1.2300     3.2983    -2.5053
    -2.2271    -1.4124     3.4145    -2.6085
    -2.2894    -1.5401     3.3966    -2.6367
    -2.3072    -1.7773     3.3966    -2.6461
    -2.2627    -1.8593     3.3519    -2.6179
    -2.1915    -2.0052     3.2625    -2.6085
    -2.1292    -2.1328     3.2178    -2.6648
    -1.9334    -2.3059     3.1374    -2.6461
    -1.9067    -2.3788     3.0033    -2.6930
    -1.7643    -2.4791     2.8335    -2.6555
    -1.6219    -2.5610     2.6548    -2.6179
    -1.4618    -2.5246     2.3957    -2.5616
    -1.3283    -2.6521     2.1634    -2.4959
    -1.2216    -2.7068     1.9133    -2.4677
    -0.9636    -2.8069     1.6453    -2.3176
    -0.7946    -2.7887     1.4042    -2.2425
    -0.6167    -2.8342     1.1096    -2.1674
    -0.4477    -2.7796     0.9578    -1.9420
    -0.2343    -2.6977     0.7167    -1.7636
    -0.1187    -2.6066     0.4668    -1.5758
     0.0947    -2.5610     0.2169    -1.3974
     0.1925    -2.4517    -0.0776    -1.2471
     0.4326    -2.2422    -0.3452    -1.0592
     0.6193    -2.0508    -0.5861    -0.8525
     0.8415    -1.8867    -0.7645    -0.5893
     1.0637    -1.7226    -1.0053    -0.3262
     1.2859    -1.5037    -1.2461    -0.0253
     1.5080    -1.2573    -1.4334     0.2192
     1.7124    -1.1204    -1.6295     0.5295
     1.8812    -0.8740    -1.7900     0.7741
     2.0411    -0.6731    -1.9950     1.1222
     2.2543    -0.3900    -2.1376     1.4893
     2.3609    -0.1432    -2.2892     1.7528
     2.5385     0.1493    -2.4496     2.1012
     2.6540     0.4419    -2.5565     2.3743
     2.7339     0.6797    -2.6189     2.6004
     2.7872     1.0091    -2.6991     2.8265
     2.8227     1.3296    -2.8327     3.0337
     2.7872     1.5952    -2.9218     3.2034
     2.7783     1.8517    -2.9486     3.2976
     2.7162     2.0350    -3.0198     3.3824
     2.6895     2.3100    -2.9931     3.4484
     2.5385     2.5301    -2.9129     3.4578
     2.4764     2.7778    -2.8951     3.4578
     2.2454     3.0072    -2.9218     3.4295
     2.0589     3.1632    -2.8506     3.3541
     1.9256     3.2917    -2.8238     3.2034
     1.7124     3.4295    -2.6902     3.0714
     1.4192     3.5121    -2.6545     2.9489
     1.2770     3.4938    -2.5476     2.7322
     1.1170     3.5029    -2.4496     2.4873
     0.9570     3.4754    -2.2713     2.2236
     0.7170     3.3836    -2.1376     1.9788
     0.5570     3.2183    -2.0039     1.6963
     0.3259     3.0255    -1.8078     1.4328
     0.1392     2.8053    -1.5938     1.2257
     0.0325     2.5209    -1.3442     0.9434
    -0.0831     2.2000    -1.1034     0.6706
    -0.2610     1.9983    -0.8537     0.4355
    -0.4388     1.7875    -0.6039     0.2286
    -0.5989     1.5677    -0.2917    -0.1099
    -0.7857     1.3753     0.0117    -0.3920
    -0.9191     1.1281     0.3240    -0.6457
    -1.1237     0.8169     0.6810    -0.8525
    -1.2838     0.5974     0.9310    -1.0310
    -1.3906     0.4236     1.3238    -1.2471
    -1.5686     0.2498     1.6364    -1.3974
    -1.6842    -0.0427     1.8597    -1.6509
    -1.8800    -0.2438     2.1455    -1.8388
    -1.9512    -0.4174     2.4225    -1.9984
    -2.0669    -0.6366     2.6191    -2.1674
    -2.2449    -0.7827     2.8603    -2.3551
    -2.3072    -1.0109     3.0569    -2.4771
    -2.4051    -1.2573     3.1642    -2.5710
    -2.4229    -1.4489     3.3608    -2.6648
    -2.5119    -1.5675     3.5039    -2.7774
    -2.5653    -1.7317     3.5575    -2.8244
    -2.5564    -1.9140     3.5486    -2.8337
    -2.6009    -2.0052     3.5933    -2.8431
    -2.5653    -2.1237     3.5575    -2.8807
    -2.5030    -2.2330     3.5396    -2.9276
    -2.4318    -2.3971     3.4145    -2.9088
    -2.3606    -2.4335     3.3430    -2.9370
    -2.2538    -2.5610     3.2357    -2.8431
    -2.0758    -2.6521     3.0569    -2.8619
    -1.9957    -2.6248     2.8246    -2.7681
    -1.9245    -2.7159     2.6191    -2.6930
    -1.7287    -2.7614     2.3599    -2.6555
    -1.5775    -2.8525     2.1277    -2.5053
    -1.3283    -2.8434     1.8597    -2.4584
    -1.1860    -2.8160     1.6275    -2.3176
    -0.9992    -2.7887     1.4042    -2.1486
    -0.7323    -2.7978     1.1899    -1.9890
    -0.6078    -2.7978     0.9488    -1.7636
    -0.4121    -2.6703     0.7167    -1.6322
    -0.2876    -2.6339     0.3954    -1.3974
    -0.0209    -2.4973     0.0831    -1.2659
     0.1036    -2.3424    -0.1489    -1.0780
     0.2903    -2.1784    -0.4344    -0.8243
     0.5037    -2.0325    -0.6575    -0.5799
     0.7704    -1.8411    -0.8359    -0.2886
     0.9481    -1.6770    -1.0499    -0.0723
     1.1881    -1.4033    -1.2996     0.1815
     1.4103    -1.1569    -1.5136     0.4073
     1.6857    -0.9653    -1.6652     0.7553
     1.8634    -0.6731    -1.8256     1.0281
     2.0233    -0.4082    -2.0218     1.3575
     2.1921    -0.1158    -2.1822     1.6869
     2.3609     0.1401    -2.2535     2.0447
     2.5385     0.4510    -2.3783     2.2801
     2.6362     0.7529    -2.5030     2.6004
     2.6984     1.0366    -2.5476     2.8547
     2.7606     1.3937    -2.6545     3.0903
     2.7428     1.6593    -2.7436     3.2882
     2.7250     1.8975    -2.8417     3.4484
     2.7339     2.1266    -2.8862     3.5427
     2.6451     2.4659    -2.8684     3.6652
     2.6185     2.6585    -2.9129     3.6652
     2.4497     2.8787    -2.8506     3.7123
     2.3520     3.0806    -2.7971     3.6275
     2.1655     3.3285    -2.7882     3.5332
     1.9167     3.4754    -2.7258     3.4767
     1.6768     3.5029    -2.6634     3.3353
     1.4725     3.5213    -2.5743     3.1562
     1.2325     3.5213    -2.4139     2.9018
     0.9748     3.5213    -2.3248     2.7228
     0.8681     3.5121    -2.2000     2.4120
     0.7615     3.5305    -1.9950     2.1765
     0.5393     3.3927    -1.8524     1.8752
     0.4148     3.2642    -1.6563     1.5834
     0.1925     3.0347    -1.4066     1.2916
     0.0769     2.6952    -1.1748     1.0658
    -0.0920     2.4384    -0.9429     0.8305
    -0.2610     2.1816    -0.7021     0.6236
    -0.4032     1.9708    -0.4434     0.3508
    -0.5722     1.7875    -0.1668     0.0875
    -0.7323     1.5310     0.2348    -0.2133
    -0.9725     1.3112     0.4668    -0.4295
    -1.0792     1.0732     0.7435    -0.6833
    -1.2660     0.7529     1.0024    -0.8431
    -1.3995     0.5242     1.2703    -1.0404
    -1.5775     0.3230     1.5560    -1.2283
    -1.7109     0.1035     1.8329    -1.4161
    -1.7821    -0.1158     2.1455    -1.5946
    -1.9156    -0.2986     2.4046    -1.7261
    -2.0313    -0.4539     2.6548    -1.8669
    -2.1826    -0.6731     2.8425    -2.1017
    -2.2182    -0.8831     3.0480    -2.2049
    -2.2983    -1.0383     3.1553    -2.3551
    -2.3873    -1.1935     3.2536    -2.5053
    -2.4852    -1.3668     3.3430    -2.6742
    -2.5208    -1.5037     3.3430    -2.7305
    -2.5386    -1.6314     3.3966    -2.7587
    -2.5386    -1.7499     3.3608    -2.7493
    -2.4674    -1.9414     3.2893    -2.7399
    -2.4496    -2.0052     3.2715    -2.7399
    -2.3873    -2.2239     3.1374    -2.8150
    -2.2983    -2.2968     3.0927    -2.8056
    -2.2182    -2.4062     2.9050    -2.7681
    -2.1292    -2.5246     2.7084    -2.7399
    -2.0224    -2.5519     2.5029    -2.7024
    -1.9245    -2.6339     2.2974    -2.6179
    -1.7465    -2.6885     2.0919    -2.5710
    -1.6308    -2.6703     1.8329    -2.4865
    -1.4796    -2.7341     1.6632    -2.3551
    -1.3105    -2.7250     1.4310    -2.2706
    -1.0792    -2.6521     1.1899    -2.0735
    -0.9013    -2.6430     1.0203    -1.8763
    -0.8035    -2.5793     0.7614    -1.7073
    -0.6345    -2.5064     0.5114    -1.4819
    -0.4299    -2.4153     0.2348    -1.3410
    -0.2610    -2.3424    -0.0865    -1.1155
    -0.0920    -2.1966    -0.3274    -0.9370
     0.1125    -1.9596    -0.5147    -0.6833
     0.2637    -1.7864    -0.7288    -0.4483
     0.4681    -1.6587    -0.9250    -0.1569
     0.7081    -1.4672    -1.1391     0.0875
     0.9037    -1.2300    -1.3531     0.2850
     1.0992    -1.0109    -1.5404     0.5295
     1.3481    -0.7462    -1.7632     0.8117
     1.4991    -0.4996    -1.9326     1.0846
     1.7035    -0.3077    -2.0485     1.4045
     1.8990    -0.0062    -2.1822     1.7717
     2.0855     0.2864    -2.3337     2.1294
     2.2277     0.5791    -2.3961     2.4120
     2.3076     0.8719    -2.5120     2.6004
     2.4320     1.1556    -2.6278     2.8453
     2.4941     1.5127    -2.6634     3.0526
     2.5741     1.7326    -2.7704     3.2411
     2.5297     1.9433    -2.8506     3.3353
     2.5030     2.2733    -2.8327     3.4201
     2.4941     2.4476    -2.8506     3.5050
     2.4408     2.7044    -2.8327     3.5427
     2.3342     2.9154    -2.8060     3.4578
     2.2543     3.0714    -2.7258     3.4767
     2.1388     3.1724    -2.7525     3.3636
     1.9523     3.2826    -2.7080     3.2316
     1.8101     3.3652    -2.5922     3.0149
     1.5880     3.4203    -2.4852     2.8641
     1.3836     3.4295    -2.3694     2.6475
     1.2148     3.3744    -2.2713     2.4120
     1.1081     3.3377    -2.0842     2.0918
     0.9659     3.1449    -1.9594     1.8281
     0.7881     2.9980    -1.7365     1.5646
     0.6104     2.8145    -1.5047     1.2728
     0.4948     2.5943    -1.2818     0.9999
     0.3526     2.4017    -1.0856     0.8494
     0.1570     2.1175    -0.8894     0.5389
     0.0769     1.8517    -0.6842     0.4637
    -0.1009     1.6043    -0.4344     0.1627
    -0.2432     1.4761    -0.0954    -0.0535
    -0.4477     1.2380     0.1723    -0.4014
    -0.5633     0.9908     0.5114    -0.6457
    -0.7679     0.7620     0.7703    -0.8525
    -0.8746     0.5425     1.0649    -1.0592
    -1.0347     0.2590     1.4310    -1.2565
    -1.2572     0.0487     1.6900    -1.4725
    -1.3550    -0.1341     1.9847    -1.6603
    -1.5419    -0.3625     2.2885    -1.7918
    -1.6842    -0.5270     2.5386    -1.9608
    -1.8088    -0.7370     2.7173    -2.1110
    -1.8711    -0.8831     2.9586    -2.2894
    -2.0313    -1.1296     3.1106    -2.3645
    -2.1203    -1.2938     3.2715    -2.4959
    -2.1915    -1.4216     3.3519    -2.5991
    -2.2360    -1.6040     3.4324    -2.7024
    -2.2627    -1.6770     3.4949    -2.7868
    -2.2805    -1.8320     3.5128    -2.7774
    -2.3072    -1.9596     3.4949    -2.7962
    -2.2983    -2.0234     3.4681    -2.7774
    -2.2805    -2.1966     3.4413    -2.8056
    -2.2004    -2.2422     3.3340    -2.7962
    -2.1203    -2.3788     3.2268    -2.7681
    -2.0847    -2.4335     3.0391    -2.7774
    -2.0046    -2.5246     2.8782    -2.7118
    -1.9067    -2.6339     2.6905    -2.6555
    -1.8800    -2.7341     2.4672    -2.6273
    -1.7465    -2.7523     2.2617    -2.5522
    -1.6575    -2.8434     2.0294    -2.4302
    -1.4440    -2.8342     1.7793    -2.3082
    -1.3016    -2.8342     1.5203    -2.2049
    -1.1504    -2.7796     1.3149    -2.0829
    -0.9725    -2.7796     1.1631    -1.8106
    -0.8213    -2.6430     0.8864    -1.5758
    -0.6256    -2.4973     0.6096    -1.4068
    -0.4744    -2.3880     0.3419    -1.1813
    -0.3054    -2.2422     0.1009    -1.0028
    -0.0475    -2.0143    -0.1489    -0.7679
     0.1125    -1.8958    -0.3988    -0.5611
     0.2637    -1.7317    -0.6396    -0.3074
     0.4148    -1.4854    -0.8002    -0.0911
     0.6459    -1.2847    -1.0321     0.1251
     0.8326    -1.1022    -1.2729     0.4073
     1.0637    -0.8466    -1.4779     0.6988
     1.3214    -0.6183    -1.6741     0.9717
     1.4725    -0.3169    -1.8167     1.2540
     1.7301    -0.0701    -1.9683     1.6493
     1.8634     0.1950    -2.1376     1.9411
     2.0322     0.4876    -2.2357     2.2330
     2.1655     0.7163    -2.3426     2.5250
     2.3698     1.0183    -2.4585     2.8547
     2.4941     1.2380    -2.5030     3.1091
     2.5119     1.5860    -2.5743     3.2505
     2.5741     1.8150    -2.6456     3.3824
     2.6007     2.1083    -2.7347     3.5992
     2.6096     2.3100    -2.7347     3.6935
     2.5297     2.5576    -2.6991     3.7312
     2.4497     2.8237    -2.6813     3.7595
     2.3431     3.0531    -2.6456     3.7029
     2.2987     3.2367    -2.5832     3.6746
     2.1211     3.3836    -2.5743     3.5144
     1.9611     3.5489    -2.5120     3.3541
     1.7657     3.5213    -2.4228     3.1845
     1.5702     3.5672    -2.3605     2.9772
     1.4192     3.5948    -2.2357     2.8170
     1.2770     3.5397    -2.0931     2.5815
     1.1437     3.4938    -1.9594     2.3366
     1.0104     3.3927    -1.7900     2.0259
     0.8059     3.2458    -1.6206     1.7246
     0.6726     3.0623    -1.3620     1.4516
     0.4859     2.8237    -1.1391     1.1505
     0.3437     2.5576    -1.0142     0.9717
     0.2014     2.3100    -0.8359     0.6988
     0.0769     2.0441    -0.5950     0.5766
    -0.1187     1.9067    -0.3988     0.3226
    -0.2165     1.6684    -0.0865     0.0593
    -0.4388     1.3662     0.2526    -0.2133
    -0.5900     1.1007     0.4847    -0.4765
    -0.7768     0.7986     0.7882    -0.6739
    -0.8924     0.5791     1.1096    -0.9182
    -1.0614     0.3047     1.4221    -1.1437
    -1.2483     0.1401     1.7257    -1.3598
    -1.3906    -0.0427     1.9937    -1.5852
    -1.5152    -0.2438     2.2170    -1.7636
    -1.6486    -0.4539     2.5118    -1.9608
    -1.7999    -0.6274     2.6727    -2.1017
    -1.9423    -0.7827     2.9050    -2.2331
    -2.0491    -1.0018     3.0927    -2.3739
    -2.1381    -1.1843     3.1821    -2.4959
    -2.1915    -1.3121     3.2536    -2.6273
    -2.1915    -1.5037     3.3608    -2.7211
    -2.2449    -1.6496     3.3787    -2.7774
    -2.2983    -1.7317     3.3966    -2.8150
    -2.2805    -1.9049     3.3698    -2.8900
    -2.2894    -2.0234     3.3430    -2.9463
    -2.2093    -2.0963     3.3161    -2.9370
    -2.1826    -2.2786     3.2446    -3.0026
    -2.1025    -2.4244     3.1284    -2.9557
    -2.0491    -2.5155     3.0123    -2.9370
    -1.9779    -2.5519     2.8156    -2.8900
    -1.8444    -2.6977     2.6191    -2.8525
    -1.7198    -2.7887     2.4314    -2.8056
    -1.6664    -2.7887     2.1902    -2.6836
    -1.5152    -2.8342     1.9669    -2.6555
    -1.3906    -2.8889     1.7525    -2.5334
    -1.2127    -2.9253     1.4578    -2.4114
    -1.0436    -2.8980     1.2792    -2.3176
    -0.8657    -2.8251     1.0917    -2.1204
    -0.6789    -2.7159     0.8149    -1.9045
    -0.5011    -2.6157     0.5114    -1.6885
    -0.3766    -2.5337     0.2972    -1.5101
    -0.1276    -2.3971     0.0206    -1.3222
     0.0325    -2.2513    -0.1936    -1.1719
     0.1747    -2.0599    -0.3988    -0.9182
     0.3881    -1.9414    -0.5950    -0.6739
     0.5837    -1.6952    -0.8448    -0.4108
     0.7348    -1.5037    -1.0232    -0.0911
     0.9392    -1.2482    -1.2639     0.1721
     1.1437    -1.0292    -1.5047     0.4449
     1.3836    -0.7462    -1.7008     0.7929
     1.6058    -0.5178    -1.9059     1.1222
     1.8279    -0.1889    -2.0307     1.4704
     1.9878    -0.0062    -2.1822     1.7905
     2.1211     0.3596    -2.3159     2.1294
     2.2987     0.5974    -2.4139     2.4591
     2.3787     0.8535    -2.4674     2.7417
     2.4675     1.2014    -2.6100     3.0526
     2.5652     1.4852    -2.6634     3.2316
     2.6096     1.7051    -2.7258     3.4578
     2.6096     2.0167    -2.7704     3.5992
     2.5652     2.3100    -2.7704     3.7218
     2.5297     2.5943    -2.7258     3.7500
     2.4586     2.8053    -2.7615     3.7878
     2.3520     3.0531    -2.6902     3.8349
     2.1921     3.2642    -2.6100     3.7500
     2.0411     3.4295    -2.5832     3.7123
     1.8990     3.5305    -2.4763     3.5238
     1.7301     3.5397    -2.3694     3.4013
     1.5347     3.5489    -2.3159     3.1939
     1.3925     3.5672    -2.1822     2.9301
     1.2059     3.5580    -2.0931     2.7511
     1.0992     3.5397    -1.9237     2.4591
     0.9215     3.4938    -1.7454     2.1954
     0.7615     3.5029    -1.4779     1.9129
     0.6370     3.2734    -1.2996     1.6493
     0.4859     3.0164    -1.0767     1.3198
     0.3348     2.7778    -0.8983     1.0375
     0.2103     2.5026    -0.7021     0.8400
     0.0236     2.1358    -0.4344     0.5766
    -0.1009     1.8792    -0.1846     0.4261
    -0.2343     1.6684     0.0652     0.1627
    -0.4121     1.4761     0.4043    -0.1193
    -0.6078     1.2563     0.7167    -0.4202
    -0.7946     0.9542     0.9667    -0.5987
    -0.9458     0.6980     1.2703    -0.8619
    -1.1326     0.4785     1.5828    -1.0498
    -1.3194     0.2773     1.8418    -1.2659
    -1.4707     0.0761     2.1277    -1.5007
    -1.5508    -0.1798     2.4225    -1.7355
    -1.6842    -0.3443     2.6459    -1.9139
    -1.8088    -0.5452     2.8693    -2.0547
    -1.9245    -0.8009     3.1284    -2.2706
    -2.0580    -0.9288     3.2178    -2.3833
    -2.1381    -1.1022     3.3787    -2.5616
    -2.2004    -1.2938     3.5128    -2.7024
    -2.2805    -1.4672     3.5754    -2.7962
    -2.2894    -1.5584     3.5933    -2.8056
    -2.2938    -1.7681     3.6111    -2.8150
    -2.2983    -1.8684     3.5933    -2.8900
    -2.2805    -2.0690     3.5396    -2.9088
    -2.2449    -2.1966     3.4055    -2.9276
    -2.1915    -2.2695     3.2715    -2.9370
    -2.0936    -2.3971     3.1553    -2.8994
    -2.0224    -2.5064     2.9586    -2.8807
    -1.8978    -2.6157     2.7710    -2.8431
    -1.8266    -2.6339     2.5476    -2.8337
    -1.7554    -2.7250     2.2795    -2.7681
    -1.6041    -2.7887     2.0473    -2.6273
    -1.5508    -2.8707     1.8240    -2.6085
    -1.3906    -2.8707     1.5828    -2.5053
    -1.1860    -2.8251     1.3060    -2.3739
    -1.0347    -2.8707     1.1453    -2.2049
    -0.8568    -2.8616     0.9310    -2.0735
    -0.6967    -2.7614     0.6810    -1.8575
    -0.5277    -2.6885     0.4400    -1.6322
    -0.3232    -2.6430     0.1009    -1.4443
    -0.1453    -2.5428    -0.1757    -1.2752
     0.0769    -2.4062    -0.3542    -1.0874
     0.1925    -2.2513    -0.6129    -0.8713
     0.3970    -2.0690    -0.7913    -0.5987
     0.5748    -1.8411    -1.0321    -0.3920
     0.7793    -1.5858    -1.2729    -0.0441
     0.9481    -1.4216    -1.4423     0.2004
     1.1437    -1.1204    -1.6384     0.4919
     1.3036    -0.8649    -1.8791     0.7647
     1.5347    -0.6183    -2.0485     1.1316
     1.6946    -0.3900    -2.1644     1.4422
     1.8723    -0.0976    -2.3337     1.7340
     2.0233     0.1493    -2.4407     1.9976
     2.1211     0.4236    -2.5743     2.3178
     2.2898     0.7529    -2.6902     2.5909
     2.3342     1.0000    -2.7525     2.8547
     2.4675     1.2288    -2.8149     3.1091
     2.4675     1.5585    -2.9129     3.3447
     2.4764     1.8059    -2.8951     3.4955
     2.4586     2.1083    -2.8238     3.6558
     2.3787     2.4109    -2.8149     3.6841
     2.3431     2.6402    -2.7882     3.7123
     2.1921     2.8971    -2.8060     3.7218
     2.1299     3.0990    -2.7704     3.6841
     1.9967     3.3193    -2.6902     3.5992
     1.8190     3.3652    -2.5743     3.4767
     1.6413     3.4570    -2.5030     3.2787
     1.4103     3.4846    -2.4407     3.0809
     1.2859     3.4846    -2.3605     2.8830
     1.1437     3.5121    -2.2446     2.7040
     0.9926     3.4295    -2.0752     2.4779
     0.7970     3.4111    -1.9504     2.2236
     0.6459     3.2642    -1.7543     1.9129
     0.5126     3.0990    -1.5404     1.5928
     0.3881     2.8879    -1.3174     1.2822
     0.2370     2.7044    -1.1213     1.0752
     0.0503     2.3925    -0.8983     0.8211
    -0.0742     2.1633    -0.7377     0.6894
    -0.2165     1.8700    -0.4969     0.4355
    -0.3410     1.6776    -0.2203     0.2004
    -0.5100     1.4303     0.1009    -0.0629
    -0.6701     1.2014     0.3865    -0.3356
    -0.8568     0.9725     0.7524    -0.5517
    -1.0081     0.6980     1.0292    -0.7773
    -1.1504     0.4510     1.3328    -0.9370
    -1.3550     0.2864     1.6275    -1.1719
    -1.4351     0.0304     1.9133    -1.4255
    -1.6397    -0.2072     2.2170    -1.6416
    -1.7554    -0.3351     2.4761    -1.8482
    -1.8978    -0.5452     2.6905    -1.9984
    -1.9957    -0.7096     2.8871    -2.1486
    -2.0847    -0.9288     3.1016    -2.2612
    -2.1559    -1.0383     3.2357    -2.4208
    -2.2716    -1.2482     3.3877    -2.6085
    -2.2716    -1.3759     3.5128    -2.6930
    -2.3072    -1.5128     3.5664    -2.7305
    -2.3428    -1.7134     3.5396    -2.7493
    -2.3695    -1.8137     3.5575    -2.8150
    -2.3428    -1.9778     3.4860    -2.8619
    -2.3606    -2.0508     3.4413    -2.8807
    -2.2805    -2.2057     3.3519    -2.8900
    -2.1737    -2.3880     3.2357    -2.9557
    -2.1025    -2.5064     3.1106    -2.9276
    -2.0224    -2.5793     2.9229    -2.8807
    -1.9868    -2.6521     2.7263    -2.7868
    -1.8622    -2.7159     2.4940    -2.7211
    -1.6931    -2.7341     2.1902    -2.6648
    -1.5863    -2.8525     1.9579    -2.6367
    -1.3995    -2.8798     1.7257    -2.5522
    -1.2038    -2.8251     1.5114    -2.4114
    -1.0525    -2.8160     1.2881    -2.2612
    -0.9369    -2.8069     1.1006    -2.0735
    -0.7679    -2.7523     0.8506    -1.8669
    -0.5366    -2.7432     0.5650    -1.7167
    -0.4210    -2.5701     0.2794    -1.4819
    -0.1987    -2.5246     0.0474    -1.3504
    -0.0475    -2.4153    -0.2025    -1.1249
     0.1747    -2.2148    -0.4790    -0.9652
     0.3170    -2.0872    -0.6485    -0.7115
     0.5659    -1.8776    -0.9072    -0.4202
     0.7170    -1.7408    -1.1391    -0.1945
     0.9304    -1.4763    -1.3442     0.0875
     1.0992    -1.2391    -1.5493     0.3038
     1.3036    -1.0474    -1.8078     0.6518
     1.4725    -0.7553    -1.9504     0.9246
     1.6680    -0.5361    -2.1555     1.2069
     1.8190    -0.2620    -2.3159     1.5269
     1.9967     0.1127    -2.3961     1.8564
     2.1655     0.3687    -2.5565     2.2048
     2.2454     0.6797    -2.6456     2.4779
     2.3875     1.0274    -2.7169     2.7699
     2.3875     1.2929    -2.8595     3.0243
     2.4408     1.6043    -2.9486     3.2316
     2.4852     1.8517    -2.9842     3.3730
     2.4408     2.1175    -2.9753     3.4767
     2.3964     2.4017    -2.9753     3.5992
     2.3342     2.6402    -2.9931     3.6369
     2.2721     2.8237    -2.9575     3.6275
     2.1832     3.0439    -2.9753     3.5615
     1.9967     3.2458    -2.8417     3.5238
     1.8634     3.3836    -2.7793     3.3824
     1.6591     3.4203    -2.7793     3.2599
     1.5080     3.5305    -2.7347     3.1280
     1.3214     3.4846    -2.6011     2.9395
     1.1614     3.5213    -2.4407     2.7417
     1.0459     3.5029    -2.3159     2.4591
     0.8770     3.5213    -2.1465     2.2236
     0.7259     3.3652    -1.9504     1.9223
     0.5215     3.2183    -1.7454     1.6493
     0.3881     3.0531    -1.5047     1.3951
     0.2903     2.7961    -1.3442     1.1693
     0.1303     2.5760    -1.1034     0.9152
     0.0147     2.2550    -0.9250     0.7271
    -0.1187     1.9983    -0.7110     0.5107
    -0.2076     1.7784    -0.3898     0.2568
    -0.4210     1.6501    -0.1400    -0.0159
    -0.5366     1.3937     0.1991    -0.2980
    -0.7323     1.1190     0.5204    -0.5235
    -0.9102     0.8535     0.8239    -0.6927
    -1.0881     0.6523     1.0828    -0.8807
    -1.2572     0.4144     1.3953    -1.1061
    -1.3906     0.1493     1.6721    -1.3316
    -1.5152    -0.1067     1.9847    -1.5195
    -1.6575    -0.2529     2.3153    -1.6885
    -1.7554    -0.4722     2.5297    -1.8388
    -1.8088    -0.7188     2.7888    -2.0359
    -1.8889    -0.8740     3.0212    -2.1768
    -1.9957    -1.0657     3.1374    -2.3270
    -2.0758    -1.2665     3.2983    -2.4865
    -2.1292    -1.4307     3.4502    -2.5710
    -2.1737    -1.5766     3.4771    -2.6179
    -2.1648    -1.7317     3.4592    -2.6461
    -2.1826    -1.8867     3.4592    -2.7118
    -2.1826    -2.0234     3.4413    -2.7681
    -2.2093    -2.0690     3.3161    -2.8431
    -2.1559    -2.2057     3.2715    -2.8619
    -2.0847    -2.3242     3.1374    -2.8525
    -2.0135    -2.4517     3.0569    -2.8525
    -1.9690    -2.5610     2.8961    -2.8056
    -1.8444    -2.6339     2.6816    -2.7774
    -1.7643    -2.7068     2.4761    -2.7024
    -1.6664    -2.7705     2.2527    -2.5804
    -1.5508    -2.8434     2.0026    -2.5053
    -1.3550    -2.8160     1.7436    -2.4677
    -1.2483    -2.8707     1.5560    -2.3082
    -1.0881    -2.8798     1.2971    -2.0735
    -0.8568    -2.7796     1.1274    -1.8669
    -0.7323    -2.7341     0.9042    -1.7261
    -0.5900    -2.6521     0.6364    -1.5758
    -0.4388    -2.5337     0.3865    -1.3974
    -0.2343    -2.4608     0.0741    -1.1813
    -0.0742    -2.2695    -0.1846    -1.0028
     0.1481    -2.1784    -0.4344    -0.7867
     0.2814    -1.9870    -0.6575    -0.5235
     0.4859    -1.7955    -0.8894    -0.2886
     0.6993    -1.5766    -1.0767    -0.0535
     0.8948    -1.3121    -1.3353     0.1439
     1.0637    -1.0748    -1.5136     0.4073
     1.2592    -0.8557    -1.7454     0.7553
     1.4369    -0.6183    -1.8970     1.0281
     1.6058    -0.3443    -2.0931     1.3293
     1.8545    -0.1158    -2.2179     1.7058
     1.9256     0.2224    -2.3159     1.9694
     2.1033     0.5059    -2.4763     2.3084
     2.1566     0.7254    -2.5654     2.5533
     2.3342     0.9451    -2.6189     2.8265
     2.4053     1.2472    -2.7525     3.0149
     2.4408     1.5036    -2.7882     3.1657
     2.4586     1.7234    -2.8417     3.3447
     2.4941     2.0258    -2.8773     3.4013
     2.4408     2.3283    -2.7971     3.5144
     2.3787     2.5851    -2.8060     3.5521
     2.2543     2.7686    -2.8417     3.5427
     2.1832     2.9888    -2.8417     3.4390
     2.0411     3.1908    -2.7704     3.3541
     1.9256     3.3377    -2.6724     3.2222
     1.7657     3.3744    -2.5209     3.0903
     1.5524     3.5029    -2.4852     2.9584
     1.4369     3.4846    -2.3783     2.7322
     1.3036     3.4754    -2.2446     2.5156
     1.0992     3.5213    -2.0574     2.2707
     0.9570     3.4295    -1.8970     2.0259
     0.7348     3.3193    -1.7454     1.7622
     0.6281     3.1632    -1.4690     1.4516
     0.4948     2.9429    -1.2639     1.2257
     0.3526     2.6493    -1.0588     0.9246
     0.2103     2.3925    -0.8448     0.7365
     0.1036     2.1175    -0.6307     0.5107
     0.0236     1.9067    -0.3542     0.2568
    -0.1453     1.7143    -0.0686    -0.0159
    -0.3588     1.5219     0.2080    -0.2133
    -0.4655     1.2472     0.5025    -0.5047
    -0.6434     1.0274     0.7703    -0.6739
    -0.8302     0.7712     1.0649    -0.8431
    -1.0525     0.5059     1.3953    -1.0592
    -1.1415     0.2681     1.6989    -1.2377
    -1.3461     0.0944     1.9490    -1.4819
    -1.4351    -0.0976     2.2706    -1.6040
    -1.6130    -0.3260     2.5297    -1.8106
    -1.7643    -0.4996     2.7710    -1.9702
    -1.8622    -0.6731     2.9586    -2.0829
    -1.9334    -0.8466     3.1195    -2.2237
    -2.0313    -1.0383     3.2089    -2.3457
    -2.0491    -1.2300     3.3340    -2.5053
    -2.1559    -1.4489     3.3787    -2.5334
    -2.2271    -1.5584     3.3966    -2.6367
    -2.2182    -1.6496     3.4502    -2.6836
    -2.2716    -1.8229     3.4413    -2.8056
    -2.2182    -1.8958     3.3608    -2.7868
    -2.2093    -2.0690     3.3340    -2.7962
    -2.1559    -2.1875     3.2089    -2.8619
    -2.1203    -2.3151     3.1016    -2.8431
    -2.0313    -2.4153     2.9854    -2.8056
    -2.0224    -2.4973     2.7978    -2.6930
    -1.9156    -2.6066     2.5744    -2.6930
    -1.7732    -2.5975     2.3867    -2.5898
    -1.6486    -2.7159     2.1723    -2.5616
    -1.4885    -2.7705     1.9490    -2.4771
    -1.4084    -2.7978     1.7614    -2.4208
    -1.2572    -2.8707     1.5560    -2.2425
    -1.1059    -2.8616     1.3506    -2.1204
    -0.9191    -2.8342     1.1810    -1.9420
    -0.7768    -2.7250     0.9578    -1.7730
    -0.5900    -2.6521     0.6989    -1.6040
    -0.4210    -2.6157     0.4043    -1.4725
    -0.2521    -2.4791     0.1634    -1.3128
    -0.0475    -2.4335    -0.1133    -1.0780
     0.1036    -2.2786    -0.3185    -0.8619
     0.2637    -2.0417    -0.5683    -0.6269
     0.4326    -1.8411    -0.7913    -0.3826
     0.6459    -1.6678    -0.9607    -0.1381
     0.8593    -1.4216    -1.2104     0.1063
     1.0726    -1.1387    -1.3977     0.3978
     1.2236    -0.9653    -1.5760     0.7365
     1.3836    -0.6914    -1.7632     1.0281
     1.5702    -0.4356    -1.9059     1.3575
     1.7657    -0.1889    -2.0307     1.6775
     1.9789     0.0761    -2.1733     1.9223
     2.0500     0.3230    -2.3070     2.2425
     2.2365     0.5974    -2.3605     2.4308
     2.3076     0.9268    -2.4763     2.7228
     2.3787     1.2105    -2.6189     2.8641
     2.4142     1.4761    -2.6813     3.0714
     2.4764     1.7234    -2.7436     3.2034
     2.4408     2.0167    -2.7570     3.3164
     2.4764     2.2642    -2.7704     3.4107
     2.3609     2.5393    -2.8149     3.4013
     2.3165     2.8053    -2.8417     3.4295
     2.1566     3.0347    -2.8060     3.3353
     2.0322     3.1999    -2.7882     3.2505
     1.9167     3.2826    -2.7436     3.1280
     1.7390     3.3652    -2.6011     3.0337
     1.5791     3.4387    -2.4852     2.8924
     1.4103     3.5029    -2.3961     2.7228
     1.2236     3.5029    -2.2179     2.5156
     1.0548     3.4754    -2.1109     2.3366
     0.9215     3.3468    -1.9772     2.0824
     0.7970     3.2458    -1.7543     1.7905
     0.6726     3.1357    -1.5493     1.5740
     0.5837     2.9797    -1.2907     1.2540
     0.3970     2.6677    -1.0767     1.0564
     0.3170     2.4200    -0.8626     0.8305
     0.1747     2.1541    -0.5950     0.6330
    -0.0120     1.9525    -0.3095     0.3696
    -0.1365     1.7234     0.0117     0.1157
    -0.2965     1.5585     0.2972    -0.2039
    -0.5277     1.3021     0.5650    -0.4202
    -0.6612     1.0457     0.8864    -0.5987
    -0.8479     0.8444     1.2078    -0.7491
    -0.9814     0.6065     1.5114    -0.9182
    -1.1237     0.4419     1.7614    -1.0968
    -1.2305     0.2041     2.0651    -1.3128
    -1.3728    -0.0519     2.3421    -1.5101
    -1.5508    -0.2255     2.5654    -1.7542
    -1.6219    -0.4356     2.8246    -1.8763
    -1.7554    -0.6914     3.0391    -2.1017
    -1.8622    -0.8922     3.1731    -2.2331
    -1.9067    -1.0292     3.2715    -2.4584
    -2.0580    -1.2208     3.4234    -2.5334
    -2.0669    -1.4033     3.5128    -2.6179
    -2.1826    -1.5037     3.5307    -2.6085
    -2.1915    -1.6405     3.5754    -2.6179
    -2.2627    -1.7499     3.5217    -2.7305
    -2.2271    -1.9505     3.4860    -2.7211
    -2.2805    -2.0508     3.4145    -2.7681
    -2.2360    -2.1966     3.3072    -2.7774
    -2.1470    -2.3606     3.1553    -2.8525
    -2.1203    -2.3971     2.9854    -2.8244
    -2.0491    -2.4882     2.8246    -2.7211
    -1.9957    -2.5428     2.6369    -2.6555
    -1.8800    -2.6248     2.4850    -2.5991
    -1.8355    -2.6066     2.2081    -2.5710
    -1.6575    -2.7250     1.9937    -2.4208
    -1.5241    -2.7705     1.7972    -2.3363
    -1.3817    -2.7705     1.5114    -2.1580
    -1.2305    -2.8069     1.2881    -2.0453
    -1.0970    -2.7341     1.1274    -1.8482
    -0.9369    -2.7159     0.8774    -1.6697
    -0.7323    -2.6521     0.6721    -1.5664
    -0.6256    -2.4973     0.3508    -1.3974
    -0.4744    -2.4244     0.1188    -1.2189
    -0.2343    -2.3059    -0.1579    -0.9746
    -0.0386    -2.1510    -0.3988    -0.7397
     0.1481    -1.9961    -0.6039    -0.5141
     0.3348    -1.7499    -0.7913    -0.2415
     0.5570    -1.5949    -1.0321    -0.0253
     0.7615    -1.3121    -1.1926     0.2192
     0.9392    -1.0748    -1.4066     0.4731
     1.0726    -0.9014    -1.5849     0.7929
     1.2770    -0.5909    -1.7543     1.0846
     1.4369    -0.3808    -1.8880     1.3575
     1.6235    -0.0793    -2.0842     1.6775
     1.8101     0.1950    -2.2179     1.9976
     1.9878     0.5059    -2.3248     2.2707
     2.1122     0.7803    -2.4407     2.5250
     2.2010     0.9908    -2.5565     2.7793
     2.2632     1.3021    -2.6545     2.9395
     2.3342     1.5677    -2.6902     3.1751
     2.3787     1.7692    -2.7793     3.2693
     2.3520     2.0075    -2.7659     3.4201
     2.3609     2.3467    -2.7525     3.4390
     2.3076     2.5943    -2.7704     3.4484
     2.2543     2.7411    -2.7169     3.4578
     2.1566     2.9521    -2.6634     3.4107
     2.0678     3.1540    -2.6813     3.3164
     1.8990     3.2826    -2.6189     3.1845
     1.7923     3.3560    -2.4852     3.0337
     1.5880     3.4203    -2.3694     2.9112
     1.4103     3.4478    -2.2446     2.7511
     1.2859     3.4570    -2.1376     2.5156
     1.1437     3.3652    -2.0128     2.3084
     1.0015     3.3560    -1.8880     2.0447
     0.8859     3.2734    -1.6563     1.8187
     0.7704     3.1449    -1.4423     1.5740
     0.5748     2.8971    -1.2550     1.2540
     0.4059     2.6952    -0.9964     1.0564
     0.2814     2.4751    -0.8002     0.8117
     0.0858     2.1266    -0.5147     0.6518
     0.0147     1.9067    -0.2560     0.3508
    -0.1898     1.7417     0.0027     0.1157
    -0.3054     1.5219     0.3151    -0.1099
    -0.4833     1.2838     0.6096    -0.3638
    -0.6256     1.1281     0.8506    -0.5611
    -0.8124     0.8535     1.1721    -0.7397
    -0.9547     0.6523     1.4935    -0.9370
    -1.0614     0.4693     1.7614    -1.1625
    -1.2305     0.2864     2.1009    -1.3034
    -1.3817     0.0304     2.2885    -1.5195
    -1.4974    -0.1524     2.5476    -1.7261
    -1.5952    -0.3443     2.7888    -1.8482
    -1.7643    -0.6000     2.9586    -2.0547
    -1.8177    -0.7644     3.1195    -2.1674
    -1.9690    -0.9105     3.2983    -2.3551
    -2.0313    -1.0657     3.3430    -2.4959
    -2.1470    -1.1935     3.4324    -2.5428
    -2.1648    -1.3942     3.4592    -2.6085
    -2.2983    -1.5310     3.4055    -2.6085
    -2.2983    -1.6678     3.4145    -2.7211
    -2.2983    -1.8867     3.4145    -2.7493
    -2.3428    -1.9687     3.2893    -2.8525
    -2.3161    -2.1510     3.2715    -2.8619
    -2.2538    -2.2422     3.1374    -2.8713
    -2.1559    -2.3971     2.9676    -2.8150
    -2.1470    -2.4426     2.8246    -2.7681
    -2.0046    -2.5155     2.6101    -2.7211
    -1.9245    -2.6521     2.3599    -2.6555
    -1.8266    -2.7250     2.1813    -2.5898
    -1.7020    -2.7705     1.9758    -2.4584
    -1.5775    -2.7523     1.7346    -2.4114
    -1.3906    -2.7614     1.5203    -2.2331
    -1.2038    -2.7978     1.3774    -2.0453
    -1.0703    -2.7068     1.2435    -1.8106
    -0.8924    -2.6703     1.0292    -1.6509
    -0.7412    -2.5793     0.7882    -1.4631
    -0.5900    -2.4973     0.5114    -1.2940
    -0.3499    -2.4244     0.2972    -1.1625
    -0.1631    -2.2695     0.0295    -0.9652
    -0.0386    -2.1146    -0.1846    -0.7679
     0.1481    -1.9596    -0.3720    -0.5423
     0.3437    -1.8320    -0.5504    -0.2886
     0.5659    -1.6222    -0.8180    -0.0065
     0.7348    -1.3577    -1.0053     0.2662
     0.9126    -1.1569    -1.2461     0.5577
     1.1348    -0.8557    -1.4066     0.8400
     1.2681    -0.6457    -1.6295     1.1881
     1.4991    -0.3717    -1.8256     1.4328
     1.6502    -0.0610    -1.9237     1.7340
     1.8279     0.2773    -2.0842     2.0070
     2.0056     0.4876    -2.2268     2.2707
     2.1477     0.8352    -2.3159     2.5156
     2.2543     1.1373    -2.4317     2.7699
     2.3254     1.3570    -2.5922     2.9866
     2.3254     1.6868    -2.6189     3.1468
          3          3          3          3
