    4   2048 0.020000  2016   1  19  19  28
         16         10         11         42
     3.4721     1.4315    -3.0268     1.0336
     3.4810     1.0745    -2.9644     0.6572
     3.3922     0.7633    -2.9020     0.3280
     3.3389     0.5254    -2.6882     0.0647
     3.1081     0.1505    -2.5100    -0.1891
     2.9038    -0.2060    -2.2604    -0.4899
     2.6374    -0.5075    -2.0554    -0.8564
     2.3798    -0.8362    -1.7434    -1.1007
     2.0512    -1.1557    -1.4135    -1.3919
     1.6691    -1.4112    -1.0033    -1.6455
     1.2071    -1.6119    -0.5484    -1.8615
     0.8338    -1.8581    -0.1737    -2.0869
     0.5493    -1.9949     0.2993    -2.2465
     0.1582    -2.1681     0.7188    -2.3779
    -0.1886    -2.3230     1.1652    -2.4342
    -0.5977    -2.3685     1.6653    -2.5093
    -1.0069    -2.3776     2.1298    -2.5656
    -1.3894    -2.3594     2.6033    -2.5468
    -1.7542    -2.3959     3.0501    -2.4999
    -2.0835    -2.4050     3.3093    -2.3873
    -2.3594    -2.2865     3.3451    -2.3122
    -2.5641    -2.1316     3.4434    -2.2089
    -2.7421    -1.9949     3.5418    -2.0587
    -2.9469    -1.8855     3.6312    -1.8240
    -3.1161    -1.6119     3.6044    -1.6268
    -3.2496    -1.4021     3.5865    -1.3638
    -3.3209    -1.1557     3.5150    -1.0350
    -3.3387    -0.8636     3.2915    -0.6967
    -3.2229    -0.5257     2.9697    -0.3301
    -3.0894    -0.2243     2.5229    -0.0105
    -2.9825     0.1413     2.0226     0.3845
    -2.8134     0.4888     1.5313     0.7795
    -2.5819     0.9097     1.0581     1.1371
    -2.3327     1.2759     0.5224     1.4947
    -2.0568     1.5689     0.0851     1.8430
    -1.6830     1.8804    -0.3432     2.2196
    -1.3182     2.1829    -0.6822     2.5210
    -0.8823     2.4763    -1.0568     2.7942
    -0.4287     2.7790    -1.4848     2.9732
    -0.0108     3.0360    -1.8860     3.2088
     0.2915     3.2104    -2.1535     3.3690
     0.7271     3.2196    -2.3852     3.4821
     1.1360     3.2288    -2.6436     3.5104
     1.5092     3.2379    -2.8040     3.5293
     1.9623     3.2288    -2.9377     3.3596
     2.2377     3.2012    -3.0713     3.1711
     2.5575     3.0911    -3.1515     2.9355
     2.8772     2.8066    -3.1337     2.6623
     3.0992     2.5314    -3.1069     2.3232
     3.3123     2.1737    -3.0446     1.9654
     3.4188     1.8071    -2.9288     1.5888
     3.3833     1.4224    -2.7238     1.1559
     3.3744     0.9921    -2.5278     0.7325
     3.3389     0.6169    -2.3584     0.3468
     3.1170     0.2785    -2.0376     0.1212
     2.9305    -0.0415    -1.7166    -0.2455
     2.6729    -0.4435    -1.3332    -0.6309
     2.3443    -0.7632    -1.0033    -1.0444
     2.0156    -1.1557    -0.6554    -1.4483
     1.5803    -1.4386    -0.1826    -1.7301
     1.1715    -1.7213     0.2636    -1.9930
     0.7360    -1.9949     0.6653    -2.2465
     0.3360    -2.2136     1.1027    -2.4248
     0.0337    -2.3139     1.5313    -2.6031
    -0.3309    -2.3412     1.9422    -2.7251
    -0.7489    -2.4779     2.3442    -2.8377
    -1.1136    -2.5598     2.6390    -2.8565
    -1.4695    -2.5872     2.8982    -2.7908
    -1.8254    -2.6054     3.1127    -2.7064
    -2.1013    -2.5416     3.3183    -2.6031
    -2.4128    -2.4323     3.3898    -2.5750
    -2.6086    -2.3503     3.4524    -2.3779
    -2.7332    -2.1407     3.4971    -2.2089
    -2.9558    -1.9584     3.3987    -1.9272
    -3.0894    -1.6575     3.2825    -1.6455
    -3.1873    -1.3747     3.1306    -1.3168
    -3.2852    -1.1284     2.8893    -0.9410
    -3.2318    -0.7815     2.6569    -0.5463
    -3.1962    -0.4344     2.2816    -0.1139
    -3.1161    -0.0689     1.9332     0.2622
    -2.9024     0.2419     1.4420     0.5726
    -2.7243     0.5986     1.0134     0.9489
    -2.5196     0.9555     0.6295     1.3441
    -2.2793     1.3125     0.3082     1.7206
    -1.9589     1.6422    -0.0487     2.0031
    -1.6652     1.9629    -0.3699     2.2856
    -1.2293     2.1829    -0.7357     2.5775
    -0.7845     2.4305    -0.9944     2.7942
    -0.3309     2.6965    -1.2976     2.9826
     0.0693     2.8891    -1.5472     3.1523
     0.4427     3.0452    -1.7701     3.2182
     0.8338     3.1094    -2.0108     3.1805
     1.2426     3.1002    -2.1624     3.1428
     1.6603     3.1278    -2.2515     3.0486
     2.0600     2.9901    -2.4030     2.8884
     2.3798     2.8616    -2.4387     2.6529
     2.6907     2.6323    -2.5189     2.4457
     2.9482     2.4396    -2.5189     2.1820
     3.2146     2.2104    -2.4921     1.8430
     3.3656     1.8988    -2.3941     1.5323
     3.3922     1.5140    -2.2604     1.1277
     3.4277     1.1660    -2.0911     0.7983
     3.3656     0.7999    -1.9484     0.4315
     3.2679     0.5071    -1.7701     0.1306
     3.1436     0.1871    -1.5027    -0.1421
     2.9216    -0.2060    -1.2262    -0.4993
     2.6729    -0.5623    -0.9765    -0.8564
     2.3532    -0.9184    -0.6643    -1.2135
     2.0689    -1.2835    -0.3610    -1.5610
     1.6780    -1.5572    -0.0220    -1.8240
     1.1982    -1.8490     0.3796    -2.0493
     0.8516    -2.0769     0.6831    -2.2840
     0.4782    -2.2045     1.0402    -2.4436
     0.1226    -2.3685     1.3527    -2.6313
    -0.1975    -2.4414     1.7278    -2.7439
    -0.5888    -2.6054     2.0226    -2.8940
    -0.9891    -2.6965     2.2995    -2.9034
    -1.3182    -2.6965     2.5497    -2.8846
    -1.6474    -2.7784     2.7731    -2.7908
    -1.9500    -2.7602     2.9161    -2.7627
    -2.2793    -2.6782     3.0680    -2.6876
    -2.4840    -2.5598     3.1485    -2.5374
    -2.6353    -2.3685     3.1663    -2.3685
    -2.8045    -2.1589     3.0859    -2.1807
    -2.9113    -1.9128     2.9608    -1.9648
    -3.0181    -1.6484     2.7910    -1.6831
    -3.0716    -1.4295     2.5944    -1.3262
    -3.0805    -1.0736     2.3442    -1.0444
    -3.0270    -0.8089     2.0494    -0.6967
    -2.9380    -0.5532     1.7546    -0.3019
    -2.7689    -0.2151     1.4420     0.0271
    -2.5997     0.1231     1.1831     0.4315
    -2.3950     0.4888     0.8527     0.7889
    -2.1102     0.9189     0.5403     1.1653
    -1.8076     1.2850     0.2725     1.5418
    -1.4962     1.6605    -0.0398     1.8901
    -1.1937     2.0271    -0.3343     2.2573
    -0.7578     2.3296    -0.6643     2.5775
    -0.2686     2.5589    -0.9230     2.8036
     0.0781     2.8157    -1.1995     3.0203
     0.4693     3.0452    -1.4046     3.1805
     0.8960     3.1461    -1.6007     3.2653
     1.3492     3.1645    -1.8236     3.2653
     1.7313     3.1002    -2.0197     3.1994
     2.1844     3.0360    -2.1713     3.0486
     2.5308     2.9167    -2.2248     2.8978
     2.8594     2.6414    -2.2871     2.6152
     3.1258     2.4672    -2.3674     2.3515
     3.3123     2.1187    -2.3584     1.9842
     3.3922     1.7888    -2.3584     1.6265
     3.4544     1.4224    -2.2693     1.1841
     3.4366     1.0195    -2.1624     0.7231
     3.4277     0.6169    -2.0554     0.3092
     3.4100     0.2876    -1.8860     0.0083
     3.2768    -0.0963    -1.7791    -0.3395
     3.1436    -0.4070    -1.5740    -0.6873
     2.8683    -0.7815    -1.3600    -1.0256
     2.5575    -1.1101    -1.1371    -1.3919
     2.1489    -1.4751    -0.8873    -1.7113
     1.7846    -1.6849    -0.5841    -2.0399
     1.3581    -1.9949    -0.2272    -2.2465
     0.9582    -2.1225     0.1565    -2.5093
     0.6382    -2.3594     0.4867    -2.6876
     0.3182    -2.4323     0.8349    -2.7814
    -0.0552    -2.5416     1.1295    -2.8377
    -0.4465    -2.5872     1.4599    -2.9034
    -0.8467    -2.6874     1.8529    -2.9128
    -1.2559    -2.7875     2.1030    -2.8940
    -1.5762    -2.7420     2.3621    -2.7720
    -1.8699    -2.7238     2.5765    -2.6782
    -2.0657    -2.5052     2.7820    -2.4999
    -2.2971    -2.3594     2.9071    -2.3873
    -2.4751    -2.1589     2.9518    -2.1807
    -2.6620    -1.8946     3.0412    -1.9272
    -2.8045    -1.6940     3.0323    -1.6831
    -2.9024    -1.4568     2.9429    -1.3826
    -3.0092    -1.2196     2.8356    -0.9974
    -2.9825    -0.9549     2.6837    -0.6685
    -2.9380    -0.5714     2.4514    -0.2643
    -2.7332    -0.3156     2.2102     0.0647
    -2.6353     0.0682     1.9243     0.4127
    -2.4840     0.4980     1.6028     0.8454
    -2.3505     0.8548     1.2902     1.2312
    -2.0657     1.3033     0.8706     1.5418
    -1.7987     1.6514     0.5849     1.8618
    -1.4606     1.9629     0.2547     2.2102
    -1.0869     2.1921    -0.1469     2.4833
    -0.7667     2.5038    -0.5662     2.7188
    -0.2953     2.6414    -0.9141     2.8507
     0.1671     2.9075    -1.3065     3.0392
     0.4427     2.9901    -1.6899     3.1146
     0.8782     3.1186    -1.9573     3.1428
     1.3404     3.1140    -2.1980     3.1617
     1.7224     3.1094    -2.4297     3.0580
     2.1755     3.1002    -2.5545     2.9921
     2.5220     2.9442    -2.7060     2.8131
     2.8239     2.7423    -2.8753     2.6341
     3.1081     2.5222    -2.9555     2.3797
     3.3212     2.2563    -2.9911     2.0407
     3.4632     1.9812    -2.9109     1.7300
     3.4366     1.6147    -2.8040     1.3535
     3.4410     1.2850    -2.7595     0.9112
     3.4455     0.9555    -2.6169     0.5350
     3.4899     0.5437    -2.4832     0.2622
     3.4455     0.2053    -2.2515    -0.0293
     3.2413    -0.1420    -1.9841    -0.3771
     2.9660    -0.4618    -1.6899    -0.7531
     2.6285    -0.8089    -1.3778    -1.0819
     2.2199    -1.1649    -1.0657    -1.4201
     1.8291    -1.4386    -0.7268    -1.7207
     1.3848    -1.6484    -0.3343    -2.0024
     0.9582    -1.9219     0.0851    -2.3122
     0.6827    -2.0860     0.4778    -2.4811
     0.2737    -2.2774     0.8438    -2.5937
    -0.0374    -2.4141     1.2991    -2.6782
    -0.4554    -2.5052     1.6832    -2.7064
    -0.8645    -2.6145     2.0315    -2.7439
    -1.2648    -2.6327     2.3531    -2.7908
    -1.5940    -2.6600     2.7016    -2.7814
    -1.8877    -2.5963     3.0144    -2.7345
    -2.1102    -2.4505     3.2825    -2.5562
    -2.3327    -2.3503     3.4256    -2.3685
    -2.5641    -2.1589     3.4345    -2.2089
    -2.7332    -2.0222     3.4524    -1.9742
    -2.9024    -1.8581     3.3809    -1.6831
    -3.0359    -1.6119     3.2647    -1.3919
    -3.0359    -1.2926     3.1306    -1.1007
    -3.0359    -1.0188     2.8714    -0.7155
    -2.9558    -0.6445     2.6122    -0.3771
    -2.9113    -0.3339     2.2727     0.0365
    -2.7421     0.0773     1.8261     0.4033
    -2.6086     0.4705     1.4063     0.8454
    -2.4217     0.8456     0.9152     1.2218
    -2.2170     1.2667     0.5581     1.6076
    -1.8788     1.6422     0.1922     1.9654
    -1.5851     1.9721    -0.1112     2.3044
    -1.2559     2.3021    -0.4502     2.5964
    -0.8378     2.6139    -0.7892     2.7754
    -0.3843     2.8616    -1.1727     3.0015
     0.0159     3.0543    -1.5205     3.1805
     0.4160     3.1094    -1.8147     3.2088
     0.7360     3.2196    -2.0911     3.2135
     1.1982     3.2104    -2.2693     3.2182
     1.6158     3.1828    -2.4476     3.1711
     1.9979     3.1094    -2.5723     3.0298
     2.3177     2.9626    -2.6169     2.8225
     2.6285     2.7423    -2.6525     2.5870
     2.9305     2.4672    -2.6971     2.2667
     3.1525     2.1829    -2.6080     1.9560
     3.3123     1.8438    -2.5545     1.6359
     3.4011     1.5140    -2.4297     1.2688
     3.4632     1.1752    -2.2961     0.8548
     3.4455     0.8273    -2.0911     0.5350
     3.3833     0.4340    -1.8504     0.2058
     3.3123     0.1596    -1.6542    -0.0481
     3.0637    -0.1237    -1.3422    -0.3865
     2.7706    -0.4527    -1.0390    -0.7719
     2.4598    -0.8180    -0.7892    -1.1195
     2.0423    -1.1101    -0.4235    -1.4577
     1.6158    -1.4203    -0.1558    -1.7676
     1.1715    -1.6484     0.2368    -2.0962
     0.7360    -1.8581     0.6117    -2.3309
     0.4249    -2.0860     1.0849    -2.4905
     0.1226    -2.2683     1.4688    -2.6125
    -0.2686    -2.4050     1.7367    -2.6876
    -0.5977    -2.4961     2.0404    -2.8002
    -0.9802    -2.5507     2.2995    -2.8377
    -1.3983    -2.6600     2.5944    -2.8283
    -1.6919    -2.6555     2.8267    -2.8659
    -2.0479    -2.6509     3.0501    -2.7720
    -2.3149    -2.5781     3.1306    -2.6313
    -2.5196    -2.5143     3.1574    -2.5187
    -2.7065    -2.3685     3.1663    -2.3122
    -2.8935    -2.1134     3.1529    -2.0493
    -3.0537    -1.8855     3.1395    -1.7488
    -3.2140    -1.6210     3.0412    -1.4295
    -3.2229    -1.3930     2.7820    -1.1477
    -3.2496    -1.1466     2.5050    -0.7907
    -3.2051    -0.8271     2.2102    -0.4429
    -3.0537    -0.4983     1.8618    -0.0951
    -2.9469    -0.1786     1.5224     0.2246
    -2.7421     0.1871     1.1652     0.5914
    -2.5908     0.5986     0.8706     0.9771
    -2.3594     1.0104     0.5581     1.2876
    -1.9589     1.3949     0.2190     1.7018
    -1.6652     1.7247    -0.0844     2.0313
    -1.3004     1.9996    -0.4502     2.3326
    -0.8290     2.3388    -0.8338     2.5681
    -0.3665     2.5680    -1.1906     2.8413
     0.0515     2.7515    -1.4937     2.9732
     0.3804     2.9442    -1.7166     3.0675
     0.8160     3.0727    -1.9484     3.1240
     1.2426     3.0635    -2.1535     3.1617
     1.6069     3.0268    -2.3228     3.0863
     1.9801     2.9259    -2.4654     2.9073
     2.2732     2.8341    -2.5634     2.7659
     2.6463     2.6506    -2.6080     2.5493
     2.9394     2.3938    -2.5991     2.2573
     3.1880     2.1371    -2.6436     1.9183
     3.3656     1.7613    -2.6080     1.5794
     3.4277     1.4132    -2.5456     1.1747
     3.5076     1.0836    -2.3674     0.7795
     3.4810     0.6260    -2.2248     0.3468
     3.4455     0.2511    -2.0732     0.0083
     3.3034    -0.0963    -1.8682    -0.2455
     2.9660    -0.3248    -1.7166    -0.5839
     2.6729    -0.6262    -1.4581    -0.9222
     2.2644    -0.9367    -1.2084    -1.2604
     1.9623    -1.1922    -0.8963    -1.6080
     1.5981    -1.5025    -0.5841    -1.8897
     1.2071    -1.7578    -0.2629    -2.1995
     0.8782    -1.9584     0.0940    -2.4436
     0.5227    -2.2501     0.4867    -2.5844
     0.2026    -2.3959     0.8527    -2.7251
    -0.0997    -2.5143     1.1831    -2.7345
    -0.5177    -2.6327     1.5135    -2.8283
    -0.8556    -2.7329     1.8171    -2.8190
    -1.1848    -2.7602     2.1566    -2.7814
    -1.5407    -2.7056     2.4961    -2.6970
    -1.8788    -2.6782     2.7641    -2.6125
    -2.1547    -2.4505     2.9518    -2.4717
    -2.3505    -2.2956     3.0680    -2.2934
    -2.6086    -2.1407     3.1842    -2.0869
    -2.7421    -1.9858     3.2915    -1.8709
    -2.9558    -1.7669     3.3004    -1.5704
    -3.0716    -1.5481     3.1753    -1.2698
    -3.1161    -1.2561     2.9965    -0.9504
    -3.0894    -0.9823     2.8088    -0.6591
    -3.1072    -0.7084     2.5765    -0.3395
    -2.9024    -0.3705     2.2638    -0.0011
    -2.7243     0.0956     1.9511     0.3468
    -2.5730     0.4705     1.6385     0.7231
    -2.3505     0.9372     1.2277     1.1747
    -2.1547     1.2301     0.8527     1.5512
    -1.7809     1.6056     0.5403     1.8712
    -1.4517     1.9079     0.1833     2.2291
    -1.1136     2.1646    -0.1469     2.5775
    -0.6777     2.4580    -0.5394     2.8131
    -0.2331     2.6506    -0.9052     3.0392
     0.1671     2.9259    -1.2084     3.2748
     0.4693     3.0543    -1.5294     3.4538
     0.8960     3.1737    -1.8058     3.4821
     1.2604     3.1737    -2.0287     3.4821
     1.6691     3.1737    -2.2961     3.4350
     1.9979     3.1553    -2.4208     3.3030
     2.3710     3.0176    -2.5545     3.1240
     2.7173     2.8341    -2.6258     2.8790
     3.0814     2.5589    -2.6258     2.5681
     3.3034     2.2563    -2.6704     2.2196
     3.4544     1.9446    -2.6169     1.8430
     3.5076     1.6147    -2.4921     1.4476
     3.5254     1.2667    -2.3495     1.0712
     3.4632     0.8914    -2.2337     0.6572
     3.5076     0.5620    -2.0197     0.3374
     3.3656     0.2236    -1.8860     0.0835
     3.1436    -0.0689    -1.6632    -0.2549
     2.8328    -0.4070    -1.3600    -0.6215
     2.4953    -0.6901    -1.0568    -0.9504
     2.1133    -0.9732    -0.7089    -1.2510
     1.6958    -1.3109    -0.3521    -1.5610
     1.2604    -1.5572     0.0940    -1.9179
     0.8604    -1.7487     0.4957    -2.2465
     0.6116    -1.9949     0.8795    -2.4248
     0.2471    -2.1589     1.2991    -2.6407
    -0.1353    -2.2865     1.7010    -2.6500
    -0.4732    -2.4050     1.9958    -2.6594
    -0.8823    -2.4596     2.3263    -2.6876
    -1.2470    -2.5052     2.6301    -2.6782
    -1.5762    -2.5234     2.9608    -2.6688
    -1.8966    -2.4596     3.2110    -2.5656
    -2.1547    -2.3503     3.3630    -2.5187
    -2.4039    -2.1498     3.4434    -2.3122
    -2.6175    -2.0405     3.4881    -2.1338
    -2.7956    -1.9037     3.4434    -1.8991
    -2.9291    -1.6666     3.3719    -1.6549
    -3.0805    -1.4660     3.2468    -1.3826
    -3.1428    -1.1831     3.0412    -1.1101
    -3.1339    -0.9002     2.7284    -0.7813
    -3.0894    -0.5532     2.4067    -0.4147
    -2.9736    -0.3156     2.0583    -0.0105
    -2.8134     0.0225     1.6742     0.2622
    -2.6709     0.3608     1.2545     0.6196
    -2.4929     0.6992     0.8617     1.0242
    -2.2615     1.0378     0.5224     1.3817
    -1.9500     1.3674     0.2636     1.7018
    -1.6385     1.7063    -0.0398     2.0219
    -1.3004     2.0637    -0.4056     2.3797
    -0.9268     2.3755    -0.7803     2.6529
    -0.4465     2.6231    -1.1103     2.8790
     0.0070     2.7974    -1.4313     3.0298
     0.3538     2.9259    -1.6988     3.2088
     0.7627     3.0452    -1.9306     3.2371
     1.1626     3.0681    -2.0821     3.2277
     1.4825     3.0911    -2.2426     3.1240
     1.8468     3.0085    -2.3941     2.9638
     2.1578     2.8708    -2.4832     2.8131
     2.4687     2.6781    -2.5634     2.5964
     2.8328     2.5222    -2.5768     2.2761
     3.0637     2.1646    -2.5902     1.8995
     3.3034     1.8255    -2.5367     1.4947
     3.4810     1.5048    -2.4832     1.0806
     3.5076     1.1019    -2.3763     0.6761
     3.4987     0.7084    -2.2248     0.3186
     3.4366     0.3425    -2.0287    -0.0575
     3.2501    -0.0323    -1.8058    -0.3677
     3.0193    -0.2882    -1.5918    -0.6497
     2.7173    -0.5988    -1.3243    -0.9410
     2.3354    -0.9184    -1.0033    -1.2980
     1.9890    -1.2105    -0.6643    -1.5798
     1.6603    -1.5207    -0.3075    -1.9460
     1.2693    -1.7396    -0.0220    -2.1995
     0.8871    -1.9675     0.3886    -2.4623
     0.5404    -2.1954     0.7367    -2.6594
     0.2293    -2.3959     1.1295    -2.8002
    -0.0908    -2.5052     1.4331    -2.8190
    -0.5354    -2.5416     1.7099    -2.8659
    -0.8823    -2.6054     2.0315    -2.8190
    -1.2204    -2.6236     2.3710    -2.7908
    -1.5584    -2.5872     2.6659    -2.7533
    -1.8521    -2.4779     2.9518    -2.6970
    -2.2081    -2.4050     3.0591    -2.5374
    -2.4217    -2.2865     3.1753    -2.3591
    -2.6798    -2.0951     3.2468    -2.1526
    -2.8223    -1.8125     3.2423    -1.8991
    -3.0359    -1.5298     3.2378    -1.5610
    -3.1606    -1.3474     3.1753    -1.3168
    -3.2051    -1.0462     3.1038    -0.9880
    -3.2051    -0.8545     2.9071    -0.6685
    -3.1695    -0.5440     2.6390    -0.3113
    -3.0805    -0.2243     2.3353     0.0365
    -2.9914     0.2053     2.0404     0.4315
    -2.8045     0.5071     1.6296     0.8454
    -2.6531     0.9005     1.2991     1.2029
    -2.3594     1.2209     0.9063     1.5982
    -2.0657     1.5872     0.5938     1.9183
    -1.7809     1.8529     0.3082     2.2667
    -1.4428     2.1187    -0.0755     2.6246
    -1.0780     2.4121    -0.4681     2.8602
    -0.6333     2.6414    -0.8160     3.1051
    -0.2064     2.9350    -1.1995     3.2653
     0.1671     3.1278    -1.4759     3.4444
     0.5938     3.2196    -1.7612     3.4821
     1.0027     3.2471    -2.0197     3.5010
     1.3937     3.2379    -2.2337     3.4067
     1.7136     3.2379    -2.3495     3.2277
     2.1045     3.1645    -2.5278     3.0486
     2.4242     3.0176    -2.6258     2.8413
     2.7351     2.7607    -2.6971     2.5681
     2.9571     2.5405    -2.6614     2.2008
     3.1969     2.1737    -2.6614     1.8242
     3.3656     1.8346    -2.5902     1.4194
     3.4277     1.3949    -2.4119     0.9583
     3.4366     0.9646    -2.2782     0.6008
     3.3833     0.5529    -2.0911     0.2528
     3.2857     0.1688    -1.9128    -0.0105
     3.1170    -0.1968    -1.7434    -0.3301
     2.7973    -0.4435    -1.4135    -0.6873
     2.4509    -0.7815    -1.1281    -0.9880
     2.1311    -1.0736    -0.8338    -1.3450
     1.6691    -1.3656    -0.4235    -1.6643
     1.2604    -1.5937    -0.0666    -1.9460
     0.8871    -1.8764     0.2368    -2.2652
     0.5227    -2.0769     0.6385    -2.4248
     0.2737    -2.1954     1.0402    -2.5468
    -0.0286    -2.3230     1.3974    -2.6500
    -0.4554    -2.4596     1.7546    -2.6782
    -0.7489    -2.5052     2.1566    -2.7439
    -1.0869    -2.5234     2.4961    -2.6970
    -1.3983    -2.5416     2.8088    -2.6407
    -1.7364    -2.5052     2.9786    -2.5844
    -2.0123    -2.3959     3.1931    -2.4905
    -2.2793    -2.2136     3.3362    -2.2934
    -2.5107    -2.0860     3.3451    -2.1714
    -2.6798    -1.8764     3.3719    -1.9272
    -2.8579    -1.6210     3.3362    -1.6737
    -2.9736    -1.4203     3.1663    -1.4107
    -3.0805    -1.1101     2.9876    -1.0819
    -3.1072    -0.9184     2.7910    -0.8095
    -3.0181    -0.6536     2.4693    -0.4805
    -2.8935    -0.3887     2.1298    -0.1139
    -2.8134    -0.0963     1.7993     0.2340
    -2.6709     0.2968     1.4152     0.6008
    -2.4662     0.6169     1.0134     1.0242
    -2.1814     0.9463     0.6474     1.4100
    -1.8966     1.2942     0.3082     1.7394
    -1.5851     1.6056     0.0227     2.0972
    -1.2559     1.8988    -0.2986     2.3892
    -0.8378     2.2471    -0.7179     2.6435
    -0.3931     2.5130    -1.0657     2.8413
     0.0248     2.7240    -1.3600     3.0392
     0.3982     2.8524    -1.6632     3.1240
     0.8249     2.9626    -1.9128     3.1900
     1.1893     3.0452    -2.1178     3.1805
     1.5714     3.0635    -2.2961     3.1711
     1.9801     3.0360    -2.4119     2.9732
     2.3088     2.9259    -2.4743     2.8413
     2.6019     2.6781    -2.5545     2.5304
     2.9482     2.4763    -2.5902     2.2385
     3.2768     2.2471    -2.5723     1.8712
     3.4544     1.8713    -2.5545     1.5794
     3.4721     1.5781    -2.4565     1.1559
     3.4987     1.2026    -2.3317     0.7513
     3.5343     0.7633    -2.2158     0.3563
     3.5165     0.4248    -1.9841     0.0459
     3.4721    -0.0323    -1.8504    -0.2361
     3.4188    -0.3156    -1.6186    -0.5275
     3.0903    -0.6171    -1.3511    -0.8658
     2.7795    -0.9641    -1.0835    -1.2698
     2.4065    -1.3109    -0.7268    -1.5610
     1.9712    -1.5663    -0.4146    -1.8615
     1.5714    -1.8034    -0.1201    -2.1807
     1.0826    -2.0587     0.2547    -2.3779
     0.7982    -2.2136     0.6474    -2.5374
     0.4515    -2.3139     0.9599    -2.6219
     0.1493    -2.4961     1.2634    -2.7814
    -0.1975    -2.5598     1.6474    -2.8283
    -0.5888    -2.5872     1.9779    -2.8471
    -0.9446    -2.6327     2.3353    -2.8190
    -1.2737    -2.5781     2.6301    -2.7439
    -1.5940    -2.4232     2.8446    -2.5844
    -1.8699    -2.3139     3.0501    -2.4248
    -2.1369    -2.1863     3.1931    -2.2840
    -2.3238    -2.0222     3.2557    -2.1056
    -2.5641    -1.8490     3.3004    -1.8991
    -2.7243    -1.6849     3.2647    -1.6174
    -2.8134    -1.4842     3.1842    -1.2980
    -2.9380    -1.1740     3.0591    -1.0350
    -3.0181    -0.9093     2.8446    -0.6779
    -2.9825    -0.6080     2.6033    -0.4053
    -2.8579    -0.3156     2.3531    -0.0575
    -2.7332     0.0042     2.0226     0.2622
    -2.6531     0.3059     1.6028     0.6290
    -2.4573     0.6535     1.2099     0.9395
    -2.2437     1.0104     0.8259     1.3441
    -1.9233     1.3216     0.5224     1.6359
    -1.6385     1.5872     0.1833     1.9560
    -1.3538     1.9446    -0.1290     2.3044
    -0.9090     2.1737    -0.5305     2.5304
    -0.4999     2.4947    -0.9052     2.7754
    -0.0374     2.6965    -1.2530     2.9167
     0.3626     2.9259    -1.5918     3.0863
     0.7093     3.0452    -1.8058     3.1994
     1.1360     3.1461    -2.0554     3.1900
     1.5981     3.1737    -2.2961     3.1805
     1.9534     3.1094    -2.4654     3.0769
     2.2732     2.9901    -2.5812     2.9073
     2.5397     2.8891    -2.6347     2.7094
     2.8772     2.5864    -2.7416     2.4551
     3.1614     2.3021    -2.7684     2.0690
     3.3744     2.0546    -2.7060     1.7018
     3.4810     1.6605    -2.5545     1.3159
     3.5254     1.3125    -2.4387     0.9112
     3.4899     0.8639    -2.2604     0.4785
     3.4810     0.5163    -2.1089     0.1117
     3.3833     0.1231    -1.8949    -0.1045
     3.1614    -0.2243    -1.6275    -0.4899
     2.8861    -0.5714    -1.3867    -0.8001
     2.6374    -0.8454    -1.1014    -1.1571
     2.2821    -1.1922    -0.7535    -1.4953
     1.8913    -1.4386    -0.4146    -1.7582
     1.4737    -1.7396    -0.0666    -2.0024
     1.0382    -1.9584     0.2725    -2.2652
     0.6382    -2.1316     0.6653    -2.5093
     0.3182    -2.3594     0.9866    -2.6031
    -0.0019    -2.4687     1.3259    -2.6970
    -0.3754    -2.5598     1.6206    -2.8283
    -0.7133    -2.5963     1.9243    -2.7814
    -1.0691    -2.5872     2.2459    -2.7627
    -1.4072    -2.5781     2.5139    -2.7439
    -1.6919    -2.4687     2.6927    -2.6594
    -1.9856    -2.3139     2.8535    -2.5656
    -2.2259    -2.2501     2.9608    -2.4623
    -2.3416    -2.0951     3.0323    -2.2277
    -2.5107    -2.0040     3.0233    -2.0117
    -2.6531    -1.8125     2.9250    -1.7488
    -2.7956    -1.5937     2.7999    -1.4389
    -2.8757    -1.4295     2.6837    -1.0538
    -2.9380    -1.2014     2.4961    -0.7625
    -2.9291    -0.8819     2.2995    -0.5275
    -2.7510    -0.6354     2.0494    -0.1797
    -2.6264    -0.2425     1.6921     0.1023
    -2.5196     0.0591     1.3617     0.4597
    -2.3060     0.4797     0.9956     0.8642
    -2.1013     0.7999     0.6206     1.1935
    -1.7720     1.1752     0.2725     1.5418
    -1.4161     1.5140    -0.0130     1.8901
    -1.0869     1.8529    -0.3164     2.2479
    -0.6777     2.1004    -0.6733     2.5493
    -0.2598     2.4121    -1.0033     2.7471
     0.1582     2.6689    -1.3065     2.9544
     0.4960     2.8708    -1.5651     3.1994
     0.9849     3.1094    -1.8682     3.3219
     1.3048     3.2288    -2.1178     3.3407
     1.6603     3.2563    -2.2961     3.3502
     2.0423     3.2012    -2.4297     3.2465
     2.3265     3.1278    -2.5456     3.1051
     2.6907     2.9442    -2.6971     2.8696
     3.0193     2.6689    -2.7506     2.5681
     3.2590     2.4121    -2.7684     2.2856
     3.4987     2.0454    -2.6971     1.8618
     3.5431     1.7155    -2.6258     1.4759
     3.4987     1.2942    -2.5456     1.0618
     3.5076     0.8639    -2.3763     0.6290
     3.5343     0.4797    -2.1802     0.2434
     3.4366     0.1413    -2.0197    -0.0857
     3.2235    -0.2060    -1.8058    -0.3771
     2.9482    -0.4527    -1.5383    -0.7437
     2.6996    -0.7175    -1.1906    -1.1007
     2.3177    -1.0462    -0.8517    -1.4201
     1.9357    -1.2744    -0.5305    -1.7301
     1.5270    -1.5389    -0.1826    -1.9554
     1.0826    -1.7487     0.2279    -2.1620
     0.7360    -1.9766     0.5671    -2.3309
     0.3449    -2.1407     0.9063    -2.4811
     0.0248    -2.2774     1.2545    -2.6219
    -0.3665    -2.3594     1.6206    -2.7157
    -0.7489    -2.4414     1.9690    -2.6876
    -1.1136    -2.4323     2.2638    -2.6688
    -1.3983    -2.4505     2.6033    -2.6125
    -1.7542    -2.3685     2.8446    -2.5750
    -2.0390    -2.1954     3.0859    -2.4436
    -2.2526    -2.1316     3.1931    -2.3403
    -2.4484    -1.9858     3.2378    -2.0869
    -2.6442    -1.8855     3.2825    -1.8803
    -2.7599    -1.7122     3.1931    -1.6455
    -2.9380    -1.5207     3.0948    -1.3732
    -3.0716    -1.3382     2.9608    -1.1195
    -3.0894    -1.0462     2.7373    -0.8564
    -3.1250    -0.7815     2.5318    -0.5087
    -3.0359    -0.5075     2.2459    -0.1703
    -2.8846    -0.2425     1.9065     0.1400
    -2.7065     0.1962     1.5492     0.5538
    -2.5730     0.5163     1.1206     0.8830
    -2.3327     0.8273     0.7992     1.2688
    -2.0657     1.1935     0.4778     1.6735
    -1.7186     1.5140     0.1030     1.9936
    -1.4072     1.8896    -0.2540     2.3515
    -1.0158     2.1554    -0.5662     2.6529
    -0.4999     2.5314    -0.9319     2.8696
    -0.0997     2.7607    -1.1995     3.0486
     0.2560     3.0085    -1.5472     3.2559
     0.6116     3.1461    -1.8236     3.2842
     1.0027     3.2379    -2.0911     3.2842
     1.3759     3.2379    -2.2961     3.2653
     1.6780     3.1920    -2.4565     3.1805
     2.0245     3.1370    -2.5902     2.9921
     2.3265     2.9717    -2.6882     2.7283
     2.5841     2.7332    -2.7327     2.4551
     2.9394     2.4947    -2.7595     2.2196
     3.2057     2.1829    -2.7149     1.8618
     3.3833     1.8438    -2.6169     1.4665
     3.4544     1.3949    -2.4654     1.1465
     3.4455     0.9738    -2.3674     0.7607
     3.3389     0.5803    -2.1891     0.3374
     3.1436     0.2236    -2.0376     0.1117
     2.9838    -0.0963    -1.7969    -0.2549
     2.7085    -0.4253    -1.5740    -0.6403
     2.4420    -0.6901    -1.2708    -0.9880
     2.0512    -0.9458    -1.0211    -1.3168
     1.6869    -1.2744    -0.6822    -1.6549
     1.2959    -1.5207    -0.3521    -1.9179
     0.9227    -1.7305     0.0494    -2.1338
     0.6204    -1.9402     0.3796    -2.2746
     0.2382    -2.0678     0.7277    -2.4436
    -0.0908    -2.2683     1.1384    -2.5656
    -0.4376    -2.2865     1.4510    -2.6594
    -0.8556    -2.3503     1.7993    -2.6970
    -1.1225    -2.3959     2.1119    -2.6876
    -1.4962    -2.4323     2.4514    -2.5750
    -1.7987    -2.3776     2.7373    -2.5562
    -2.0390    -2.3412     2.9429    -2.4060
    -2.2437    -2.1954     3.0859    -2.3309
    -2.4484    -2.1043     3.1663    -2.1620
    -2.6531    -1.9675     3.1708    -1.9930
    -2.7689    -1.8034     3.1753    -1.7582
    -2.9113    -1.6119     3.0859    -1.4859
    -3.0537    -1.3930     2.9608    -1.2229
    -3.0805    -1.1101     2.8088    -0.9222
    -3.0537    -0.8636     2.6033    -0.6309
    -2.9558    -0.5532     2.3531    -0.2831
    -2.7510    -0.2517     2.0494     0.0553
    -2.5997     0.1688     1.6653     0.4879
    -2.4662     0.5529     1.2813     0.8454
    -2.3238     0.9280     0.9152     1.2594
    -2.0123     1.2850     0.6206     1.6265
    -1.6741     1.6697     0.3082     1.9371
    -1.3004     1.9538    -0.0487     2.3044
    -0.9713     2.2746    -0.4235     2.5964
    -0.5177     2.5497    -0.7268     2.8413
    -0.0463     2.7607    -1.0746     3.0580
     0.2915     2.9993    -1.3689     3.2088
     0.6560     3.1278    -1.6542     3.2371
     1.0560     3.2104    -1.9128     3.2371
     1.3848     3.2379    -2.1535     3.2277
     1.7935     3.1553    -2.2693     3.1146
     2.0956     3.0543    -2.4476     2.8884
     2.4509     2.8800    -2.5723     2.6906
     2.7529     2.6139    -2.5723     2.3986
     3.0459     2.3296    -2.5991     2.0784
     3.3212     1.9996    -2.5723     1.7394
     3.4721     1.7063    -2.5100     1.3817
     3.4899     1.3583    -2.4208     0.9677
     3.5076     0.9097    -2.3406     0.5820
     3.5076     0.4980    -2.1891     0.1964
     3.3656     0.1139    -1.9663    -0.1233
     3.2235    -0.2151    -1.7880    -0.4241
     2.9660    -0.4527    -1.5829    -0.7249
     2.6463    -0.7175    -1.2797    -1.0725
     2.3088    -1.0280    -0.9587    -1.4295
     1.9801    -1.2926    -0.6197    -1.7019
     1.5270    -1.5481    -0.2629    -1.9836
     1.0382    -1.7578     0.0762    -2.1995
     0.7538    -1.9493     0.4600    -2.3403
     0.3982    -2.1407     0.8081    -2.4999
     0.0515    -2.2774     1.1652    -2.5844
    -0.2864    -2.3321     1.5045    -2.5562
    -0.6600    -2.4323     1.8439    -2.5187
    -1.0780    -2.4323     2.1119    -2.4530
    -1.4161    -2.3867     2.3978    -2.4060
    -1.7275    -2.2683     2.6480    -2.3966
    -2.0479    -2.1863     2.8982    -2.2652
    -2.2882    -2.0222     3.0412    -2.1620
    -2.4395    -1.8855     3.0591    -1.9836
    -2.6620    -1.7213     3.1395    -1.7301
    -2.7956    -1.5207     3.1127    -1.4577
    -2.9113    -1.4021     3.0412    -1.2323
    -3.0181    -1.1375     2.8982    -0.9504
    -3.0003    -0.9184     2.7373    -0.7061
    -2.9914    -0.6719     2.5229    -0.3865
    -2.8757    -0.3430     2.2816    -0.0481
    -2.7510     0.0042     1.9958     0.2528
    -2.5463     0.4522     1.5849     0.6008
    -2.3861     0.7541     1.1920     0.9018
    -2.2259     1.1568     0.8259     1.3159
    -1.9500     1.5048     0.4421     1.6453
    -1.6207     1.7705     0.1387     2.0501
    -1.3004     2.0271    -0.1380     2.4268
    -0.8467     2.4121    -0.5394     2.6812
    -0.4554     2.6873    -0.8427     2.9638
     0.0159     2.9259    -1.1549     3.1523
     0.3360     3.0819    -1.5116     3.2465
     0.7716     3.2838    -1.7523     3.3596
     1.1982     3.3206    -2.0108     3.3407
     1.5803     3.3022    -2.2604     3.2748
     1.9801     3.2196    -2.3852     3.1994
     2.3088     3.1186    -2.5100     2.9826
     2.5664     2.9350    -2.5991     2.7283
     2.9127     2.6414    -2.6971     2.4739
     3.1791     2.3846    -2.7149     2.0878
     3.4366     2.0546    -2.6704     1.7018
     3.4810     1.6331    -2.5456     1.3159
     3.5254     1.2301    -2.4297     0.8454
     3.4987     0.7907    -2.3050     0.4597
     3.5165     0.4248    -2.1356     0.0553
     3.4632     0.0225    -1.8860    -0.2643
     3.2413    -0.2974    -1.7612    -0.5275
     2.9394    -0.5440    -1.5027    -0.9034
     2.6108    -0.8454    -1.2262    -1.2698
     2.2821    -1.1284    -0.8606    -1.5516
     1.9446    -1.4660    -0.5394    -1.8991
     1.4737    -1.7031    -0.2272    -2.1807
     1.1360    -1.9128     0.1119    -2.4060
     0.7449    -2.0951     0.5046    -2.6407
     0.4427    -2.2592     0.8706    -2.7345
     0.0870    -2.4323     1.2366    -2.8190
    -0.3042    -2.4961     1.5849    -2.8143
    -0.6866    -2.5325     1.9065    -2.8096
    -1.0335    -2.5371     2.2280    -2.7345
    -1.3894    -2.5416     2.5586    -2.7251
    -1.7364    -2.5234     2.8803    -2.6500
    -2.0301    -2.3503     3.0859    -2.6031
    -2.2704    -2.2774     3.2557    -2.5093
    -2.4662    -2.1863     3.3362    -2.2840
    -2.6887    -2.0678     3.3183    -2.1150
    -2.8312    -1.8946     3.2736    -1.8427
    -2.9202    -1.6940     3.2557    -1.5516
    -3.0626    -1.4568     3.0859    -1.2510
    -3.0582    -1.1192     2.9518    -0.9128
    -3.0537    -0.8910     2.6569    -0.6591
    -2.9647    -0.5897     2.4067    -0.3113
    -2.8668    -0.1968     2.0583     0.1023
    -2.6798     0.1688     1.7367     0.4503
    -2.5018     0.5620     1.3706     0.8172
    -2.3238     0.8822     0.9599     1.2406
    -2.0924     1.2850     0.5671     1.5982
    -1.7542     1.6331     0.2725     1.9466
    -1.4695     1.9812    -0.0041     2.3515
    -1.1492     2.3021    -0.3789     2.6058
    -0.6155     2.5772    -0.7268     2.8696
    -0.1175     2.8616    -1.1192     3.0486
     0.1759     3.0360    -1.4135     3.1994
     0.5493     3.1828    -1.6899     3.2748
     0.9227     3.2838    -1.9663     3.2795
     1.3315     3.2838    -2.1802     3.2842
     1.7224     3.1828    -2.2871     3.2559
     2.0423     3.1370    -2.4387     3.0675
     2.3621     2.9167    -2.4743     2.8413
     2.6196     2.6506    -2.5812     2.5775
     2.9038     2.3571    -2.5456     2.2950
     3.1614     2.0362    -2.5100     1.9560
     3.3922     1.7338    -2.4297     1.5512
     3.4277     1.4682    -2.2782     1.0900
     3.4011     1.0470    -2.1000     0.7043
     3.3744     0.7084    -1.9306     0.3092
     3.1969     0.3151    -1.7077    -0.0199
     3.0282    -0.1055    -1.5472    -0.3677
     2.7262    -0.3796    -1.3243    -0.7061
     2.4331    -0.6627    -1.0568    -1.0725
     2.1133    -0.9367    -0.7089    -1.3356
     1.7669    -1.2744    -0.3432    -1.6737
     1.3226    -1.5572    -0.0487    -1.9366
     0.9227    -1.7487     0.2815    -2.1432
     0.6560    -1.9311     0.7277    -2.3685
     0.3271    -2.1134     1.1116    -2.4905
    -0.0019    -2.3230     1.4420    -2.5656
    -0.4198    -2.4323     1.7546    -2.6500
    -0.7578    -2.5052     2.0404    -2.6876
    -1.1403    -2.5781     2.3710    -2.5937
    -1.5051    -2.5507     2.7195    -2.5374
    -1.7364    -2.5416     2.9250    -2.4811
    -1.9945    -2.4414     3.1127    -2.3873
    -2.2526    -2.3867     3.2289    -2.2934
    -2.4039    -2.2227     3.3630    -2.1714
    -2.5908    -2.0496     3.3540    -1.9742
    -2.7510    -1.8125     3.2915    -1.7864
    -2.8935    -1.6393     3.2021    -1.4859
    -3.0181    -1.4295     3.1216    -1.2135
    -3.0181    -1.2105     2.9339    -0.9598
    -2.9558    -0.9732     2.7105    -0.6121
    -2.8846    -0.6627     2.4067    -0.2925
    -2.7421    -0.2700     2.0762     0.0741
    -2.5908     0.1413     1.6921     0.4597
    -2.4484     0.4797     1.3081     0.7983
    -2.2704     0.8090     0.9241     1.1747
    -1.9678     1.1385     0.5492     1.5794
    -1.6741     1.4865     0.2725     1.8995
    -1.3538     1.7522    -0.0130     2.2102
    -0.9446     2.0729    -0.4235     2.5304
    -0.5177     2.3663    -0.8071     2.7565
    -0.0286     2.5956    -1.0835     2.9826
     0.2915     2.8249    -1.3867     3.1711
     0.6116     2.9534    -1.7166     3.2653
     1.0204     3.0543    -1.9663     3.3125
     1.4115     3.1461    -2.1891     3.2559
     1.8291     3.1094    -2.3406     3.1711
     2.1133     3.0911    -2.4832     3.0769
     2.4687     2.8800    -2.5189     2.8225
     2.7440     2.6965    -2.6258     2.5493
     3.0193     2.4305    -2.6525     2.2856
     3.2501     2.0912    -2.6169     1.9277
     3.4188     1.8621    -2.5545     1.5229
     3.4899     1.4590    -2.4476     1.1559
     3.4810     1.0378    -2.2961     0.7137
     3.4455     0.6809    -2.1624     0.3280
     3.4100     0.3516    -1.9573     0.0929
     3.2679    -0.0598    -1.7077    -0.2831
     3.0015    -0.2882    -1.4402    -0.6121
     2.6907    -0.5349    -1.1816    -0.9880
     2.2999    -0.8362    -0.8695    -1.3168
     1.9268    -1.1192    -0.5216    -1.6174
     1.5536    -1.4203    -0.1737    -1.8709
     1.1271    -1.5845     0.2101    -2.0587
     0.9049    -1.7943     0.5581    -2.2277
     0.5404    -2.0313     0.9866    -2.3403
     0.2382    -2.1407     1.2545    -2.4248
    -0.0641    -2.1681     1.5849    -2.4811
    -0.5088    -2.1863     1.8975    -2.5187
    -0.8734    -2.2592     2.2280    -2.4905
    -1.2026    -2.3230     2.5050    -2.4154
    -1.5318    -2.2956     2.7373    -2.3685
    -1.7809    -2.2501     2.9161    -2.2934
    -1.9411    -2.1043     3.0323    -2.1807
    -2.1814    -1.9584     3.1395    -2.0024
    -2.3416    -1.8217     3.1127    -1.8427
    -2.5641    -1.6484     3.1306    -1.5516
    -2.6887    -1.4477     2.9876    -1.2604
    -2.8045    -1.2014     2.8714    -1.0256
    -2.7867    -0.9549     2.7552    -0.7249
    -2.7599    -0.6993     2.5497    -0.4147
    -2.6620    -0.4435     2.2280    -0.0857
    -2.5908    -0.1420     1.8797     0.2246
    -2.3861     0.2693     1.4688     0.5444
    -2.2526     0.5803     1.0581     0.8642
    -2.0835     0.9921     0.6653     1.2688
    -1.8076     1.3216     0.3529     1.5794
    -1.4873     1.6422     0.0494     1.9466
    -1.1492     1.9629    -0.2361     2.2950
    -0.8112     2.2563    -0.6287     2.5587
    -0.3042     2.4947    -1.0122     2.8131
     0.1404     2.7148    -1.3154     3.0392
     0.4427     2.9259    -1.5918     3.1994
     0.8782     3.1186    -1.9039     3.2936
     1.3137     3.1737    -2.1267     3.2842
     1.6514     3.1828    -2.3228     3.2842
     2.0156     3.1645    -2.5278     3.1900
     2.3621     2.9901    -2.6169     3.0863
     2.6729     2.8157    -2.7149     2.8131
     2.9749     2.5772    -2.7862     2.4833
     3.2945     2.3755    -2.8218     2.1631
     3.4455     2.0179    -2.7951     1.7394
     3.5165     1.7247    -2.7149     1.3629
     3.5165     1.3674    -2.5634     0.8924
     3.4987     0.9646    -2.4476     0.4973
     3.4987     0.5437    -2.2871     0.1400
     3.5165     0.1779    -2.1000    -0.2079
     3.2945    -0.1877    -1.9128    -0.5275
     2.9926    -0.4618    -1.6453    -0.8470
     2.6818    -0.6810    -1.3511    -1.2604
     2.3354    -0.9641    -1.0300    -1.5516
     1.9446    -1.3200    -0.6822    -1.8146
     1.5447    -1.5389    -0.2986    -2.1056
     1.1537    -1.7943     0.0316    -2.2746
     0.8427    -2.0131     0.4510    -2.4436
     0.4782    -2.2045     0.7902    -2.5374
     0.0959    -2.3139     1.1116    -2.5468
    -0.3131    -2.3594     1.4242    -2.6313
    -0.6689    -2.4505     1.7725    -2.6594
    -1.0335    -2.4141     2.1119    -2.6407
    -1.3894    -2.4596     2.4157    -2.6594
    -1.7275    -2.4460     2.6837    -2.6407
    -1.9767    -2.4323     2.8625    -2.5187
    -2.2170    -2.2865     2.9965    -2.4154
    -2.4751    -2.1407     3.1216    -2.1901
    -2.6086    -1.9949     3.1306    -2.0117
    -2.7778    -1.7305     3.1038    -1.7770
    -2.9558    -1.5663     3.0233    -1.5141
    -3.0181    -1.3200     2.9608    -1.2792
    -3.0270    -1.1192     2.8267    -0.9598
    -3.0092    -0.8454     2.6569    -0.6403
    -2.9736    -0.5440     2.3978    -0.2925
    -2.7956    -0.1786     2.0136     0.0459
    -2.6887     0.1596     1.6564     0.4221
    -2.5819     0.5346     1.2902     0.7701
    -2.3683     0.8456     0.9688     1.1747
    -2.1013     1.1843     0.5938     1.4665
    -1.7631     1.5048     0.3082     1.8148
    -1.4250     1.7705    -0.0398     2.2291
    -1.1047     2.0821    -0.4235     2.5022
    -0.6422     2.2838    -0.8071     2.7283
    -0.1975     2.5956    -1.1906     2.9732
     0.1759     2.7515    -1.4492     3.1051
     0.5760     2.9442    -1.7523     3.2088
     0.8960     2.9993    -2.0376     3.2182
     1.3581     3.0452    -2.2515     3.1805
     1.7224     3.0635    -2.3763     3.0957
     2.0600     2.9442    -2.5367     2.9826
     2.3887     2.7423    -2.6882     2.7188
     2.6641     2.5772    -2.7149     2.4363
     3.0193     2.3204    -2.7684     2.1914
     3.2501     2.0179    -2.6704     1.8148
     3.4011     1.7338    -2.6436     1.4288
     3.4987     1.3308    -2.5100     0.9959
     3.4455     0.9829    -2.4119     0.5444
     3.4277     0.6077    -2.1980     0.1117
     3.3212     0.2511    -2.0108    -0.1985
     3.1436    -0.1237    -1.8325    -0.5463
     2.8772    -0.4161    -1.5562    -0.8564
     2.6285    -0.6993    -1.3065    -1.2135
     2.2466    -0.9914    -0.9498    -1.5422
     1.8913    -1.3382    -0.6019    -1.8427
     1.5181    -1.5754    -0.2272    -2.0587
     1.0826    -1.7852     0.0673    -2.2746
     0.8160    -1.9858     0.4957    -2.4811
     0.4427    -2.2501     0.8527    -2.5280
     0.0248    -2.3776     1.1474    -2.6500
    -0.3576    -2.4050     1.5135    -2.6594
    -0.6600    -2.4687     1.8797    -2.7251
    -1.0691    -2.5052     2.2548    -2.7157
    -1.3983    -2.5052     2.5586    -2.6313
    -1.6919    -2.5507     2.7910    -2.5562
    -1.9678    -2.4961     3.0233    -2.4530
    -2.2615    -2.3776     3.1038    -2.3122
    -2.4573    -2.1863     3.2468    -2.1338
    -2.6709    -2.0040     3.2647    -1.9930
    -2.8668    -1.8125     3.3093    -1.8146
    -3.0092    -1.6119     3.2468    -1.5798
    -3.0983    -1.4477     3.1753    -1.2604
    -3.1339    -1.2014     3.0323    -0.9504
    -3.1428    -0.8545     2.8535    -0.6497
    -3.0537    -0.4709     2.5497    -0.3583
    -2.8668    -0.0780     2.1834     0.0647
    -2.7867     0.3059     1.8082     0.4221
    -2.6531     0.6535     1.4510     0.7983
    -2.4128     0.9646     1.0224     1.1935
    -2.1369     1.3216     0.6653     1.4853
    -1.8343     1.6056     0.3796     1.8430
    -1.5051     1.8529     0.0583     2.2667
    -1.1136     2.1554    -0.2629     2.5587
    -0.6689     2.4305    -0.6465     2.8507
    -0.1975     2.5772    -1.0568     3.0675
     0.1582     2.7882    -1.3243     3.2748
     0.5316     2.9350    -1.6364     3.4161
     0.9227     3.1002    -1.9128     3.5104
     1.3226     3.1645    -2.1267     3.4538
     1.6958     3.1461    -2.3050     3.3219
     2.0245     3.0268    -2.4476     3.1994
     2.3621     2.8616    -2.5367     2.9450
     2.6907     2.6506    -2.5812     2.6529
     2.9838     2.4580    -2.5902     2.3892
     3.2945     2.1187    -2.6347     1.9277
     3.4100     1.8346    -2.5189     1.5229
     3.4544     1.4682    -2.3941     1.1277
     3.4632     1.1294    -2.2871     0.6384
     3.4100     0.7084    -2.1445     0.2528
     3.3833     0.3242    -1.9306    -0.1233
     3.1614    -0.1146    -1.7256    -0.4523
     2.9038    -0.3248    -1.4224    -0.8283
     2.5930    -0.6536    -1.1460    -1.1759
     2.2466    -0.9823    -0.8873    -1.5422
     1.9090    -1.2652    -0.6108    -1.7582
     1.4825    -1.5572    -0.2540    -2.0305
     1.0649    -1.7396     0.1208    -2.2089
     0.7182    -1.9766     0.4510    -2.3685
     0.4249    -2.0860     0.7635    -2.5374
     0.1048    -2.2410     1.0670    -2.5562
    -0.2598    -2.3047     1.3527    -2.5937
    -0.6155    -2.3776     1.7457    -2.6219
    -0.9268    -2.4505     2.0851    -2.5844
    -1.3182    -2.4870     2.4425    -2.6031
    -1.5851    -2.4687     2.6748    -2.5937
    -1.8699    -2.4050     2.8714    -2.5093
    -2.1191    -2.3047     2.9965    -2.3873
    -2.3327    -2.1954     3.0859    -2.2277
    -2.4662    -1.9949     3.0948    -2.0117
    -2.6798    -1.7122     3.1216    -1.7488
    -2.7956    -1.4842     3.0233    -1.4295
    -2.9202    -1.3017     2.9161    -1.0913
    -2.9291    -1.0553     2.8088    -0.8095
    -2.9024    -0.7815     2.6301    -0.4993
    -2.8312    -0.4344     2.3710    -0.2079
    -2.7065    -0.0872     2.0047     0.1588
    -2.5552     0.3334     1.6385     0.4503
    -2.4306     0.6443     1.2813     0.8360
    -2.2615     1.0561     0.8349     1.2029
    -1.9411     1.3674     0.5135     1.5606
    -1.6296     1.6605     0.2458     1.9371
    -1.2737     1.8988    -0.1558     2.3138
    -0.9802     2.2196    -0.4859     2.6435
    -0.4376     2.5222    -0.8873     2.9261
     0.0159     2.7056    -1.2262     3.1617
     0.3449     2.8983    -1.5027     3.3407
     0.7093     3.1094    -1.8147     3.4633
     1.1004     3.2012    -2.0376     3.4538
     1.4559     3.2104    -2.2337     3.4350
     1.8024     3.1737    -2.4030     3.3596
     2.0867     3.0543    -2.5010     3.1240
     2.4065     2.9259    -2.5902     2.8978
     2.7085     2.7332    -2.6525     2.6246
     2.9660     2.4213    -2.6704     2.2667
     3.2768     2.1737    -2.6882     1.8524
     3.4188     1.8163    -2.6080     1.4476
     3.3922     1.5140    -2.5278     0.9865
     3.4277     1.1294    -2.4208     0.5350
     3.3301     0.7175    -2.2693     0.2340
     3.1614     0.3334    -2.0376    -0.1515
     2.9838    -0.0049    -1.7969    -0.5087
     2.7351    -0.3705    -1.5294    -0.8752
     2.3798    -0.7084    -1.3065    -1.2604
     2.0512    -1.0097    -1.0211    -1.5422
     1.6514    -1.3839    -0.6822    -1.8521
     1.3137    -1.6484    -0.3789    -2.0962
     0.9138    -1.8399    -0.0220    -2.2558
     0.6027    -2.0131     0.3082    -2.4623
     0.2737    -2.1498     0.7099    -2.6031
    -0.1175    -2.3139     1.0045    -2.6500
    -0.4732    -2.4687     1.3349    -2.6876
    -0.8290    -2.5052     1.6921    -2.7157
    -1.1047    -2.6054     2.0047    -2.7720
    -1.4339    -2.5781     2.3084    -2.7345
    -1.7631    -2.5507     2.5586    -2.7157
    -2.0301    -2.4961     2.7820    -2.6313
    -2.2437    -2.3503     2.9429    -2.5844
    -2.5018    -2.2410     3.0144    -2.4248
    -2.6798    -2.0496     3.0948    -2.2371
    -2.8045    -1.8946     3.1306    -1.9366
    -2.9647    -1.7669     3.0859    -1.6549
    -3.0537    -1.4933     2.9608    -1.3168
    -3.0894    -1.2470     2.7999    -1.0256
    -3.0983    -0.9458     2.5944    -0.6685
    -3.0181    -0.5806     2.3353    -0.3583
    -2.8401    -0.3339     2.0494    -0.0387
    -2.7065     0.0316     1.6921     0.3092
    -2.5374     0.3791     1.3259     0.6761
    -2.2704     0.7267     0.9509     1.0430
    -1.9856     1.0195     0.5224     1.4665
    -1.6919     1.3949     0.2636     1.7865
    -1.3360     1.7063    -0.0577     2.1161
    -0.9446     2.0087    -0.4324     2.4080
    -0.4910     2.2746    -0.7625     2.6717
    -0.0286     2.5222    -1.0925     2.8978
     0.3360     2.7423    -1.4046     3.0957
     0.6827     2.8249    -1.6810     3.2088
     1.0915     2.9442    -1.8593     3.2936
     1.4470     2.9901    -2.1000     3.2936
     1.7491     2.8800    -2.1891     3.1805
     2.0956     2.7607    -2.3317     3.0675
     2.5042     2.6598    -2.4743     2.8319
     2.8062     2.5314    -2.5545     2.5681
     3.1525     2.2929    -2.5367     2.2102
     3.4011     2.0454    -2.5100     1.8807
     3.4987     1.7522    -2.4208     1.4947
     3.4987     1.3491    -2.3584     1.0053
     3.4987     1.0195    -2.2515     0.5914
     3.4188     0.5895    -2.0287     0.1964
     3.4011     0.2968    -1.8860    -0.1327
     3.1969    -0.0506    -1.6097    -0.4805
     2.9926    -0.4070    -1.3422    -0.8564
     2.6729    -0.6719    -1.0746    -1.2135
     2.2999    -1.0097    -0.7981    -1.4765
     1.9179    -1.3109    -0.5305    -1.7582
     1.5447    -1.6210    -0.2004    -1.9648
     1.1537    -1.8034     0.1387    -2.1807
     0.8516    -2.0587     0.4957    -2.3497
     0.4871    -2.1954     0.7902    -2.4530
     0.1048    -2.3139     1.1206    -2.5656
    -0.2686    -2.3685     1.4331    -2.6031
    -0.6244    -2.4961     1.7814    -2.6407
    -0.9624    -2.4961     2.0940    -2.6594
    -1.2737    -2.5006     2.3889    -2.5750
    -1.5762    -2.5052     2.6301    -2.5750
    -1.8788    -2.4870     2.8356    -2.5280
    -2.1102    -2.4232     2.9697    -2.4342
    -2.3683    -2.2318     3.0948    -2.2558
    -2.6264    -2.0222     3.1842    -2.0211
    -2.8312    -1.8490     3.1842    -1.7958
    -2.9736    -1.5663     3.1038    -1.5047
    -3.0716    -1.3109     2.9697    -1.1665
    -3.0983    -1.0462     2.7910    -0.8658
    -3.0716    -0.7449     2.5586    -0.5839
    -3.0359    -0.4983     2.2727    -0.3113
    -2.8757    -0.2060     1.9065     0.0271
    -2.7778     0.2053     1.6117     0.4033
    -2.5908     0.5163     1.2188     0.7795
    -2.3327     0.8456     0.8706     1.1465
    -2.0657     1.1477     0.5224     1.4759
    -1.7008     1.4499     0.2368     1.8524
    -1.4161     1.7247    -0.0666     2.2102
    -1.0869     2.0179    -0.4413     2.5116
    -0.5443     2.2929    -0.8249     2.7659
    -0.0641     2.5680    -1.1549     3.0392
     0.2649     2.7148    -1.4759     3.1994
     0.6293     2.9993    -1.7166     3.3219
     1.0560     3.0543    -2.0197     3.3973
     1.4381     3.1278    -2.2069     3.3596
     1.7224     3.1002    -2.3228     3.3219
     2.0689     2.9993    -2.4743     3.1523
     2.4331     2.8433    -2.5456     2.9544
     2.7173     2.6598    -2.6614     2.6812
     3.0015     2.3938    -2.6258     2.3703
     3.2768     2.1829    -2.5991     1.9748
     3.4188     1.8529    -2.5100     1.5606
     3.4455     1.4957    -2.4119     1.1653
     3.4277     1.1935    -2.2337     0.7043
     3.3744     0.8365    -2.0554     0.3092
     3.2057     0.4980    -1.8949     0.0365
     3.0903     0.1962    -1.6810    -0.3019
     2.8683    -0.1603    -1.4313    -0.6215
     2.5752    -0.5257    -1.1727    -1.0256
     2.2288    -0.8180    -0.8517    -1.4013
     1.8113    -1.1649    -0.5573    -1.6831
     1.4737    -1.4477    -0.2004    -1.9085
     1.0915    -1.6028     0.0851    -2.1056
     0.7449    -1.8399     0.4332    -2.2652
     0.3893    -2.0131     0.7635    -2.3873
     0.0604    -2.1681     1.1563    -2.4530
    -0.2775    -2.2501     1.4867    -2.5280
    -0.6422    -2.3412     1.8529    -2.5937
    -0.9891    -2.3503     2.1030    -2.6125
    -1.3004    -2.3594     2.3978    -2.5656
    -1.5673    -2.3867     2.6301    -2.4999
    -1.9144    -2.3685     2.8803    -2.4717
    -2.1903    -2.2045     3.0233    -2.3122
    -2.4039    -2.0131     3.1038    -2.2277
    -2.5552    -1.8308     3.1038    -2.0024
    -2.7778    -1.7213     3.1038    -1.7113
    -2.9469    -1.5298     3.0680    -1.4671
    -3.0448    -1.3474     2.9518    -1.1195
    -3.0493    -1.0280     2.7641    -0.8470
    -3.0537    -0.7175     2.5497    -0.5181
    -2.9558    -0.4253     2.2638    -0.1985
    -2.9202    -0.1237     1.9511     0.0553
    -2.7867     0.2602     1.6028     0.3751
    -2.5552     0.5803     1.2545     0.7137
    -2.3060     0.9005     0.8884     1.0618
    -2.0123     1.1843     0.4957     1.4382
    -1.7008     1.5140     0.2279     1.7489
    -1.3538     1.7430    -0.0844     2.1255
    -0.9891     1.9996    -0.4502     2.4080
    -0.5177     2.2838    -0.8249     2.6341
    -0.0463     2.4947    -1.1549     2.9073
     0.3271     2.6323    -1.4848     3.0203
     0.6916     2.8157    -1.7791     3.1146
     1.0471     2.9350    -2.0287     3.1900
     1.4381     2.9442    -2.2337     3.1523
     1.8202     2.9442    -2.4387     3.0580
     2.0956     2.8983    -2.5634     2.9638
     2.4065     2.6781    -2.6882     2.8131
     2.6996     2.5130    -2.7149     2.5681
     2.9660     2.2471    -2.7060     2.2102
     3.2057     2.0087    -2.6080     1.8712
     3.3478     1.6697    -2.5278     1.4476
     3.3922     1.2850    -2.4387     0.9677
     3.3922     0.9463    -2.3406     0.5632
     3.3922     0.5529    -2.1356     0.1776
     3.2679     0.2236    -1.9573    -0.1421
     3.0548    -0.1420    -1.7345    -0.5275
     2.7884    -0.4435    -1.5027    -0.8658
     2.4775    -0.7175    -1.1906    -1.2510
     2.1133    -1.0188    -0.9141    -1.5234
     1.7846    -1.2652    -0.6019    -1.8427
     1.4203    -1.5754    -0.2629    -2.1056
     1.0471    -1.7761     0.0673    -2.3028
     0.7538    -1.9219     0.4421    -2.4342
     0.3893    -2.0769     0.7902    -2.5280
     0.0959    -2.2136     1.1027    -2.5750
    -0.3042    -2.3503     1.4242    -2.6125
    -0.6244    -2.4050     1.7903    -2.6313
    -0.9535    -2.3959     2.1298    -2.6500
    -1.2826    -2.4779     2.4335    -2.6407
    -1.6029    -2.4687     2.7284    -2.5468
    -1.8788    -2.4414     2.9429    -2.5280
    -2.1369    -2.3139     3.0859    -2.4060
    -2.3594    -2.1589     3.1753    -2.2371
    -2.5908    -1.9402     3.2468    -2.0305
    -2.7421    -1.7669     3.2557    -1.7864
    -2.9024    -1.6028     3.2200    -1.5234
    -2.9647    -1.3930     3.0948    -1.1853
    -3.0805    -1.1101     2.8803    -0.9128
    -3.0537    -0.7906     2.7195    -0.5933
    -2.9113    -0.4801     2.4335    -0.3207
    -2.8312    -0.1786     2.1476     0.0083
    -2.6709     0.1871     1.8171     0.3563
    -2.5018     0.5254     1.4510     0.6855
    -2.3060     0.8822     1.0938     1.0618
    -2.0301     1.1843     0.7456     1.4476
    -1.7275     1.4407     0.4778     1.8430
    -1.3894     1.7796     0.1297     2.1820
    -1.0158     2.0271    -0.2361     2.4457
    -0.5799     2.3021    -0.6287     2.7848
    -0.0997     2.4396    -1.0300     2.9826
     0.1848     2.6231    -1.3511     3.1805
     0.5493     2.7790    -1.6632     3.2088
     0.9049     2.8983    -1.9395     3.2559
     1.3315     2.9626    -2.1178     3.2277
     1.6958     2.9993    -2.3317     3.1617
     1.9890     2.9442    -2.4654     3.0298
     2.3443     2.8066    -2.5723     2.8978
     2.6729     2.6689    -2.6882     2.6717
     2.9838     2.4396    -2.6793     2.4080
     3.2324     2.0912    -2.6258     2.0313
     3.3656     1.7888    -2.5010     1.6265
     3.3833     1.4957    -2.3763     1.2218
     3.4188     1.0287    -2.2961     0.7231
     3.3833     0.7175    -2.1178     0.2810
     3.2235     0.3334    -1.9306    -0.0857
     3.0903    -0.0049    -1.7077    -0.4053
     2.8594    -0.3156    -1.4224    -0.8001
     2.5220    -0.6171    -1.1371    -1.1383
     2.2022    -0.9549    -0.8338    -1.4483
     1.8468    -1.2835    -0.5127    -1.7019
     1.4470    -1.5207    -0.2093    -1.9836
     1.0826    -1.6575     0.1476    -2.1620
     0.7982    -1.8308     0.4778    -2.3403
     0.4071    -2.0405     0.9063    -2.4436
     0.1048    -2.1589     1.2456    -2.5280
    -0.2242    -2.2592     1.5849    -2.5562
    -0.5888    -2.3776     1.9422    -2.5937
    -0.9535    -2.4141     2.2638    -2.6219
    -1.2915    -2.4414     2.5586    -2.5374
    -1.6741    -2.4050     2.8446    -2.4436
    -1.9144    -2.3412     3.0323    -2.3779
    -2.1458    -2.3047     3.2110    -2.3403
    -2.3505    -2.1954     3.3004    -2.2371
    -2.5285    -2.0405     3.3183    -2.0305
    -2.6887    -1.9037     3.2736    -1.8427
    -2.8490    -1.6393     3.2021    -1.5234
    -3.0003    -1.3747     3.0769    -1.2229
    -2.9825    -1.0918     2.9339    -0.9222
    -2.9736    -0.7723     2.6837    -0.6403
    -2.8846    -0.4344     2.3978    -0.3583
    -2.8223    -0.0872     2.0494    -0.0951
    -2.6798     0.2419     1.7010     0.2340
    -2.5374     0.5803     1.3438     0.5820
    -2.2348     0.8639     0.9509     0.9489
    -1.9856     1.1477     0.6117     1.3441
    -1.6563     1.4957     0.3082     1.7677
    -1.3182     1.7063    -0.0398     2.1443
    -0.9802     1.9812    -0.3878     2.4833
    -0.5621     2.1646    -0.7892     2.7659
    -0.0730     2.3388    -1.1638     2.9450
     0.2737     2.5589    -1.5205     3.1617
     0.6204     2.7056    -1.8415     3.2088
     1.0027     2.7882    -2.1089     3.1994
     1.3848     2.8891    -2.2871     3.2088
     1.6958     2.8708    -2.4476     3.1617
     2.0156     2.8249    -2.5991     3.0675
     2.3710     2.6598    -2.7595     2.9167
     2.6641     2.4672    -2.7862     2.7094
     2.9749     2.1921    -2.8218     2.3703
     3.2235     1.9629    -2.7506     2.0313
     3.3833     1.6239    -2.6793     1.5794
     3.3833     1.3033    -2.5991     1.1277
     3.3567     0.8914    -2.4743     0.6102
     3.2945     0.4980    -2.3317     0.1964
     3.1791     0.1231    -2.1356    -0.0763
     3.0015    -0.2060    -1.9039    -0.4523
     2.7351    -0.4892    -1.6899    -0.8001
     2.4154    -0.7358    -1.4313    -1.1947
     2.0867    -1.1192    -1.1103    -1.4953
     1.7136    -1.4021    -0.7981    -1.7770
     1.3581    -1.6575    -0.4056    -2.0587
     1.0115    -1.8034    -0.1023    -2.2183
     0.6293    -2.0040     0.2547    -2.3685
     0.3360    -2.1589     0.7010    -2.4623
    -0.0463    -2.2592     1.0313    -2.5374
    -0.4020    -2.3685     1.4331    -2.5937
    -0.7489    -2.5143     1.7367    -2.5750
    -1.1047    -2.4870     2.0583    -2.5937
    -1.4250    -2.4870     2.3710    -2.5750
    -1.7186    -2.4870     2.7016    -2.5750
    -2.0390    -2.4961     2.9518    -2.5280
    -2.2704    -2.3867     3.0680    -2.4436
    -2.5285    -2.2318     3.2021    -2.2652
    -2.6798    -2.0405     3.1842    -2.0211
    -2.8579    -1.8855     3.1753    -1.7958
    -3.0003    -1.6028     3.1127    -1.5328
    -3.0983    -1.3930     3.0144    -1.1665
    -3.0983    -1.0736     2.8267    -0.8376
    -3.1072    -0.7267     2.6301    -0.5557
    -3.0092    -0.4161     2.3531    -0.3395
    -2.8757    -0.0780     2.1030    -0.0011
    -2.7510     0.3699     1.7635     0.2716
    -2.5196     0.6260     1.3974     0.6666
    -2.3060     0.9646     0.9956     1.0618
    -1.9411     1.2850     0.6742     1.4570
    -1.6029     1.6331     0.3350     1.8148
    -1.2648     1.8346     0.0583     2.2196
    -0.9535     2.1096    -0.3343     2.5399
    -0.5177     2.3571    -0.6822     2.8319
    -0.0286     2.5130    -1.0746     2.9826
     0.2649     2.7423    -1.3422     3.1711
     0.6471     2.8616    -1.6453     3.2088
     1.0115     3.0360    -1.9752     3.2229
     1.3581     3.0727    -2.2158     3.2371
     1.7580     3.0819    -2.3852     3.1900
     2.0600     2.9259    -2.4832     3.1428
     2.3976     2.8341    -2.6258     2.9261
     2.7529     2.5772    -2.6971     2.7094
     2.9926     2.3479    -2.6926     2.4174
     3.2679     2.0179    -2.6882     2.0031
     3.4188     1.7155    -2.6436     1.5888
     3.4011     1.4407    -2.4921     1.1653
     3.4188     1.0653    -2.4119     0.7325
     3.3744     0.6352    -2.2158     0.2998
     3.2324     0.3791    -2.0554    -0.0763
     3.0282    -0.0141    -1.7969    -0.3583
     2.7529    -0.3248    -1.5562    -0.7531
     2.4598    -0.7175    -1.3065    -1.1289
     2.1222    -1.0645    -1.0390    -1.4483
     1.8024    -1.3747    -0.6554    -1.7676
     1.4115    -1.5754    -0.3343    -2.0211
     1.0471    -1.7852     0.0227    -2.1901
     0.7627    -2.0040     0.3350    -2.3215
     0.3982    -2.1681     0.7545    -2.4717
     0.0337    -2.3047     1.1563    -2.6125
    -0.2864    -2.3594     1.4777    -2.6782
    -0.7044    -2.4687     1.8618    -2.7157
    -1.0780    -2.4961     2.1744    -2.7251
    -1.4250    -2.4961     2.4157    -2.6970
    -1.7453    -2.5234     2.7195    -2.6594
    -2.0479    -2.3685     2.9518    -2.5280
    -2.2615    -2.3047     3.0680    -2.4905
    -2.5107    -2.1316     3.1216    -2.2652
    -2.7065    -2.0496     3.1127    -2.0869
    -2.8846    -1.8217     3.1127    -1.8240
    -3.0448    -1.6757     3.0680    -1.5516
    -3.1161    -1.3565     2.9161    -1.2135
    -3.1205    -1.0462     2.7552    -0.8846
    -3.1250    -0.6627     2.5497    -0.6309
    -2.9914    -0.3705     2.2995    -0.3113
    -2.8935    -0.0506     2.0136    -0.0199
    -2.7243     0.2511     1.6921     0.2810
    -2.6086     0.5803     1.2813     0.6102
    -2.3327     0.9555     0.9152     1.0053
    -1.9767     1.2301     0.5938     1.4194
    -1.6385     1.5598     0.3082     1.7489
    -1.3449     1.8438    -0.0844     2.1349
    -0.9446     2.1279    -0.4681     2.5304
    -0.5710     2.4488    -0.8517     2.8225
    -0.0730     2.6689    -1.1906     3.0486
     0.2826     2.8249    -1.4937     3.1805
     0.6382     2.9167    -1.8147     3.2465
     1.0027     3.0543    -2.0911     3.3030
     1.3759     3.0543    -2.2693     3.3125
     1.7580     3.0268    -2.4208     3.2465
     2.0956     3.0085    -2.5456     3.1146
     2.4420     2.8616    -2.6704     2.9732
     2.7795     2.6781    -2.7595     2.7565
     3.0459     2.4855    -2.7416     2.4551
     3.3034     2.1829    -2.7060     2.0784
     3.4721     1.8713    -2.6347     1.6735
     3.4366     1.4957    -2.5723     1.2688
     3.4721     1.0836    -2.4119     0.7795
     3.4366     0.7267    -2.2782     0.3186
     3.3301     0.3334    -2.0821    -0.0481
     3.0903    -0.0323    -1.8860    -0.3677
     2.8683    -0.3979    -1.6275    -0.7437
     2.5575    -0.6993    -1.3778    -1.1101
     2.2111    -1.0827    -1.0479    -1.4201
     1.8824    -1.3747    -0.7714    -1.7301
     1.5181    -1.5937    -0.4235    -1.9554
     1.1804    -1.8308    -0.1469    -2.0775
     0.8160    -2.0405     0.2547    -2.2746
     0.5138    -2.1772     0.5224    -2.4060
     0.1493    -2.2410     0.9688    -2.5093
    -0.1797    -2.3959     1.2902    -2.5844
    -0.6155    -2.4687     1.6296    -2.5844
    -0.9980    -2.4779     2.0136    -2.5937
    -1.3360    -2.5416     2.3621    -2.5280
    -1.6029    -2.4961     2.6390    -2.5093
    -1.8966    -2.4870     2.8356    -2.4530
    -2.0924    -2.3776     3.0144    -2.3497
    -2.3683    -2.2318     3.1038    -2.2089
    -2.5641    -2.1043     3.1082    -1.9648
    -2.7243    -1.9402     3.1127    -1.7207
    -2.9291    -1.7122     3.0501    -1.4295
    -3.0448    -1.3930     2.9697    -1.1947
    -3.0894    -1.1101     2.8178    -0.8752
    -3.0092    -0.7358     2.6122    -0.5745
    -2.9469    -0.3796     2.3353    -0.3301
    -2.8312    -0.1055     2.0226     0.0459
    -2.7867     0.2419     1.7189     0.3186
    -2.5374     0.5620     1.3349     0.6666
    -2.3060     0.9005     0.9688     1.0053
    -2.0123     1.2392     0.5849     1.3535
    -1.6652     1.5231     0.2904     1.7583
    -1.3627     1.7522    -0.0041     2.1255
    -1.0246     2.0546    -0.3432     2.4833
    -0.6422     2.3021    -0.6733     2.7754
    -0.1619     2.5589    -1.0122     3.0015
     0.2204     2.6414    -1.2887     3.1334
     0.5938     2.8341    -1.5205     3.1900
     0.9404     2.9075    -1.8236     3.2182
     1.3226     2.9534    -2.0732     3.1900
     1.6869     2.9167    -2.2515     3.2088
     1.9890     2.8524    -2.4030     3.0957
     2.3798     2.7515    -2.4654     2.8978
     2.6907     2.5589    -2.5456     2.6812
     2.9660     2.3571    -2.6258     2.3232
     3.2945     2.0271    -2.5902     1.9936
     3.4632     1.7155    -2.5189     1.5700
     3.4632     1.3949    -2.4208     1.1277
     3.4721     1.0470    -2.3139     0.6855
     3.4632     0.6901    -2.1535     0.2434
     3.3567     0.3608    -1.9752    -0.1515
     3.1880     0.0042    -1.7077    -0.4805
     2.9394    -0.3796    -1.4670    -0.8001
     2.6374    -0.6627    -1.2262    -1.1383
     2.3354    -1.0188    -0.9676    -1.5422
     1.9623    -1.2561    -0.6287    -1.7958
     1.5803    -1.5389    -0.2629    -2.0493
     1.2515    -1.7578     0.0673    -2.2089
     0.9049    -1.9766     0.3618    -2.3403
     0.4871    -2.1589     0.7902    -2.4905
     0.1048    -2.1863     1.1741    -2.5750
    -0.1975    -2.2865     1.5581    -2.6407
    -0.5799    -2.4323     1.8975    -2.6500
    -0.9446    -2.4870     2.1566    -2.6407
    -1.2737    -2.5234     2.4335    -2.6313
    -1.5762    -2.4779     2.7195    -2.5562
    -1.8254    -2.4414     2.9161    -2.4999
    -2.0657    -2.3776     3.0144    -2.3685
    -2.3060    -2.3047     3.0948    -2.2558
    -2.5018    -2.1134     3.1574    -2.0493
    -2.6798    -1.9037     3.1842    -1.8240
    -2.9113    -1.6484     3.0948    -1.6080
    -3.0003    -1.4568     2.9786    -1.3074
    -3.0359    -1.1192     2.7999    -1.0256
    -3.0270    -0.7723     2.6212    -0.7061
    -2.9469    -0.4344     2.3799    -0.4147
    -2.8134    -0.1603     2.0226    -0.0199
    -2.6709     0.1505     1.6921     0.2810
    -2.4929     0.4888     1.2991     0.5538
    -2.2615     0.7358     0.8884     0.9395
    -1.9678     1.1019     0.5671     1.3253
    -1.6563     1.3583     0.3172     1.7018
    -1.3716     1.7338    -0.0487     2.0596
    -1.0246     1.9446    -0.3610     2.4645
    -0.5977     2.2012    -0.7446     2.7754
    -0.0730     2.4580    -1.0568     2.9544
     0.3004     2.6506    -1.3422     3.0957
     0.6116     2.7515    -1.6186     3.2088
     1.0471     2.8983    -1.9039     3.1805
     1.3759     2.9259    -2.1445     3.1428
     1.7580     2.8433    -2.2782     3.0580
     2.0867     2.7790    -2.4387     2.9732
     2.3443     2.6873    -2.5189     2.8507
     2.6641     2.5130    -2.5902     2.6623
     2.9838     2.3113    -2.6525     2.4080
     3.2235     2.0637    -2.6436     2.0501
     3.4455     1.7522    -2.5367     1.6641
     3.4544     1.4682    -2.3852     1.1747
     3.4632     1.0378    -2.2604     0.7231
     3.3744     0.6718    -2.1713     0.2434
     3.2768     0.3151    -1.9663    -0.1327
     3.0282    -0.0598    -1.7612    -0.4899
     2.7617    -0.3248    -1.5116    -0.8658
     2.5486    -0.6354    -1.2352    -1.2135
     2.2377    -1.0006    -0.9498    -1.5328
     1.8557    -1.2835    -0.6197    -1.7864
     1.5270    -1.5481    -0.2896    -1.9742
     1.1449    -1.7943     0.0851    -2.1432
     0.8427    -1.9402     0.3796    -2.3497
     0.4604    -2.1043     0.7813    -2.4717
     0.1226    -2.1498     1.1831    -2.5187
    -0.2331    -2.2865     1.5135    -2.6313
    -0.5799    -2.3867     1.8350    -2.6407
    -0.9446    -2.4596     2.1655    -2.5937
    -1.2648    -2.4323     2.4246    -2.5750
    -1.6385    -2.4414     2.7105    -2.4905
    -1.8877    -2.3594     2.9339    -2.4623
    -2.1547    -2.3047     3.0233    -2.3309
    -2.3683    -2.2410     3.1574    -2.1901
    -2.6086    -2.0496     3.1753    -2.0305
    -2.7599    -1.8581     3.1574    -1.7394
    -2.9291    -1.6484     3.0948    -1.5047
    -3.0359    -1.3382     2.9876    -1.1571
    -3.0448    -1.0827     2.8178    -0.9128
    -3.0537    -0.7632     2.6390    -0.6215
    -2.9469    -0.4344     2.3353    -0.2643
    -2.8579    -0.1237     2.0404     0.0647
    -2.6976     0.1962     1.6921     0.3657
    -2.5285     0.5346     1.3706     0.7607
    -2.2971     0.8639     0.9688     1.1088
    -2.0123     1.1202     0.7099     1.5041
    -1.6652     1.4773     0.4064     1.8336
    -1.3360     1.7888     0.0583     2.2196
    -1.0780     2.0546    -0.3610     2.4457
    -0.6422     2.2471    -0.7179     2.6529
    -0.1442     2.5497    -1.1014     2.8978
     0.2826     2.6781    -1.3778     3.0109
     0.6560     2.8524    -1.6899     3.1523
     1.0115     2.8616    -1.9573     3.1711
     1.4115     2.9167    -2.1713     3.1900
     1.7846     2.9167    -2.3584     3.1051
     2.0956     2.8341    -2.4832     2.9544
     2.4065     2.6689    -2.6436     2.8036
     2.7440     2.5497    -2.6971     2.5210
     3.0459     2.3479    -2.7060     2.2761
     3.3301     2.0454    -2.6614     1.8712
     3.4544     1.7430    -2.5545     1.4853
     3.5076     1.4407    -2.4832     1.0994
     3.4810     1.0470    -2.2961     0.6478
     3.4632     0.6626    -2.1624     0.2340
     3.2945     0.3151    -1.9573    -0.1045
     3.0548    -0.0780    -1.7166    -0.4899
     2.8772    -0.4253    -1.4759    -0.8752
     2.5841    -0.7815    -1.1816    -1.2135
     2.2466    -1.0280    -0.8695    -1.4953
     1.9001    -1.3656    -0.5662    -1.7958
     1.5092    -1.5481    -0.2272    -1.9648
     1.1715    -1.8034     0.1565    -2.1244
     0.8516    -2.0131     0.4689    -2.3122
     0.5760    -2.1225     0.8259    -2.4436
     0.1848    -2.1954     1.2009    -2.5656
    -0.2153    -2.2956     1.5492    -2.6219
    -0.5977    -2.3321     1.8618    -2.6407
    -1.0069    -2.4232     2.2102    -2.5937
    -1.3360    -2.3867     2.4782    -2.5562
    -1.6741    -2.3776     2.7016    -2.5187
    -1.9500    -2.2683     2.9071    -2.4060
    -2.1547    -2.1954     3.0769    -2.3028
    -2.4395    -2.1134     3.1574    -2.0962
    -2.6175    -1.9037     3.1842    -1.8991
    -2.8312    -1.7669     3.2110    -1.6080
    -2.9736    -1.4477     3.1663    -1.3638
    -3.0270    -1.2379     3.0680    -1.1195
    -3.0983    -0.9458     2.8535    -0.8470
    -3.0894    -0.6262     2.6927    -0.5181
    -2.9914    -0.3613     2.4067    -0.2925
    -2.8312    -0.0963     2.0494    -0.0105
    -2.6798     0.2968     1.6474     0.3374
    -2.5463     0.6352     1.2456     0.6572
    -2.3238     0.9097     0.8795     1.0618
    -2.0390     1.1935     0.5671     1.4194
    -1.7631     1.5048     0.2904     1.7865
    -1.3627     1.7888    -0.1023     2.1820
    -1.0424     1.9721    -0.4592     2.4551
    -0.6155     2.2654    -0.7714     2.7659
    -0.1264     2.4213    -1.1549     2.9073
     0.1848     2.6047    -1.4135     3.0675
     0.5760     2.7974    -1.6899     3.1240
     0.9138     2.8708    -1.9484     3.2277
     1.2337     2.8800    -2.1802     3.2277
     1.5892     2.8891    -2.3406     3.1805
     1.9623     2.7882    -2.5010     3.0769
     2.2377     2.6689    -2.6347     2.8790
     2.5397     2.4763    -2.6614     2.6435
     2.8328     2.3296    -2.6436     2.3232
     3.1791     2.0454    -2.5991     1.9560
     3.3389     1.7338    -2.5634     1.5041
     3.4455     1.4499    -2.4119     1.0147
     3.4455     1.0836    -2.3406     0.5820
     3.3034     0.6901    -2.1624     0.1588
     3.1436     0.3974    -1.9663    -0.1797
     3.0104     0.0316    -1.7612    -0.5463
     2.7173    -0.3522    -1.4937    -0.8752
     2.4953    -0.6901    -1.2084    -1.2041
     2.2466    -1.0553    -0.8873    -1.4765
     1.8557    -1.3656    -0.5573    -1.7394
     1.4914    -1.5937    -0.1558    -1.9648
     1.1449    -1.8672     0.1565    -2.1901
     0.8427    -2.0131     0.5046    -2.3309
     0.5227    -2.1589     0.9063    -2.4623
     0.1582    -2.2136     1.2902    -2.5187
    -0.1353    -2.2865     1.5938    -2.5750
    -0.5443    -2.4050     1.9243    -2.5280
    -0.9535    -2.3685     2.2191    -2.5187
    -1.2648    -2.3867     2.5139    -2.4717
    -1.6474    -2.3139     2.7910    -2.4342
    -1.8699    -2.2318     3.0054    -2.3779
    -2.1547    -2.1681     3.1306    -2.2465
    -2.3594    -2.0405     3.1574    -2.0681
    -2.5552    -1.8125     3.1931    -1.7582
    -2.7243    -1.5845     3.1753    -1.4953
    -2.8401    -1.3656     3.0948    -1.2416
    -2.9469    -1.1740     2.9965    -0.9504
    -2.9914    -0.8819     2.8446    -0.7155
    -2.9647    -0.6354     2.6212    -0.4523
    -2.8757    -0.2791     2.3442    -0.2267
    -2.7599     0.0134     2.0672     0.0647
    -2.6353     0.3608     1.7099     0.3186
    -2.5285     0.6352     1.3081     0.6761
    -2.2882     1.0104     0.9063     1.0242
    -2.0123     1.3308     0.5403     1.3817
    -1.7008     1.5964     0.2636     1.7677
    -1.3538     1.9171    -0.0666     2.0878
    -0.9891     2.1829    -0.4502     2.4363
    -0.6600     2.4030    -0.8427     2.7000
    -0.1708     2.5956    -1.1906     2.9073
     0.1759     2.6506    -1.4848     3.0486
     0.5671     2.7790    -1.7880     3.1146
     0.9316     2.8800    -2.0376     3.1994
     1.2782     2.8433    -2.2158     3.1523
     1.5892     2.8708    -2.4208     3.1523
     1.9446     2.7699    -2.5010     3.0863
     2.1844     2.6414    -2.6614     2.9261
     2.5308     2.5038    -2.6971     2.7188
     2.8506     2.3388    -2.6614     2.3797
     3.1081     1.9812    -2.6258     2.0596
     3.3478     1.7522    -2.5010     1.6076
     3.3567     1.4315    -2.4654     1.1182
     3.3656     1.0561    -2.3139     0.6384
     3.3123     0.6718    -2.1624     0.2246
     3.1614     0.4157    -1.9395    -0.1233
     2.9038     0.0499    -1.6988    -0.5275
     2.6996    -0.3522    -1.4224    -0.8470
     2.4242    -0.7084    -1.1727    -1.2416
     2.1045    -1.0645    -0.8873    -1.5047
     1.8291    -1.4021    -0.5662    -1.7394
     1.4470    -1.6028    -0.1201    -1.9648
     1.0471    -1.8490     0.1565    -2.1901
     0.7538    -2.0678     0.5314    -2.3873
     0.4160    -2.1954     0.9420    -2.5280
     0.1137    -2.3594     1.2813    -2.6782
    -0.2509    -2.4141     1.6385    -2.6970
    -0.6244    -2.4870     1.9600    -2.7157
    -0.9624    -2.5416     2.2459    -2.6876
    -1.2559    -2.5781     2.5408    -2.6594
    -1.6207    -2.5234     2.7731    -2.6031
    -1.8699    -2.4779     2.9518    -2.4811
    -2.1458    -2.3594     3.0591    -2.3779
    -2.3950    -2.2318     3.1395    -2.1526
    -2.5463    -1.9949     3.2378    -1.9366
    -2.7332    -1.7487     3.2200    -1.6455
    -2.8757    -1.4751     3.1306    -1.3168
    -2.9469    -1.2196     3.0054    -1.0819
    -2.9425    -0.9275     2.8893    -0.7719
    -2.9380    -0.6354     2.6212    -0.4993
    -2.8668    -0.3339     2.3710    -0.2455
    -2.7867    -0.0049     2.0762     0.0835
    -2.6798     0.2693     1.7099     0.4127
    -2.5107     0.6169     1.3170     0.7419
    -2.2971     0.8914     0.9688     1.1841
    -1.9589     1.2301     0.5760     1.5229
    -1.6741     1.5414     0.3082     1.8618
    -1.3538     1.8529    -0.0666     2.1537
    -0.9802     2.1004    -0.4324     2.4833
    -0.6155     2.3204    -0.8249     2.7942
    -0.0197     2.5497    -1.1549     3.0015
     0.2826     2.7148    -1.4937     3.1617
     0.6293     2.9259    -1.7345     3.2842
     0.9938     2.9534    -2.0197     3.2842
     1.4026     3.0635    -2.2158     3.3219
     1.7313     2.9993    -2.4119     3.2748
     2.0512     2.8433    -2.5634     3.1617
     2.3354     2.7790    -2.6704     2.9450
     2.5664     2.5956    -2.7416     2.7000
     2.9038     2.3663    -2.7416     2.4080
     3.2146     2.1004    -2.6614     2.0219
     3.4277     1.7338    -2.5367     1.6076
     3.4455     1.4682    -2.4565     1.1935
     3.4366     1.0287    -2.3139     0.6761
     3.3301     0.7358    -2.1089     0.2340
     3.1347     0.3334    -1.9039    -0.1421
     2.9482     0.0225    -1.6899    -0.5181
     2.6641    -0.3979    -1.3778    -0.9034
     2.4509    -0.7449    -1.1014    -1.2510
     2.1045    -1.0827    -0.8427    -1.5234
     1.7758    -1.3474    -0.5038    -1.7864
     1.4203    -1.6575    -0.1558    -1.9648
     1.0471    -1.8946     0.1208    -2.1620
     0.7271    -2.0951     0.5581    -2.3309
     0.3804    -2.2592     0.9688    -2.4717
     0.0781    -2.3503     1.2456    -2.6594
    -0.3131    -2.4141     1.6028    -2.6876
    -0.6600    -2.4870     1.9243    -2.6782
    -0.9802    -2.4870     2.1923    -2.6688
    -1.2915    -2.4687     2.4425    -2.6313
    -1.6652    -2.4779     2.6659    -2.5468
    -1.9411    -2.4505     2.9161    -2.4436
    -2.1725    -2.3594     3.0144    -2.2934
    -2.4573    -2.1681     3.0769    -2.0962
    -2.6531    -1.9675     3.1127    -1.8897
    -2.8223    -1.6940     3.1574    -1.5704
    -2.9024    -1.4386     3.0769    -1.2980
    -3.0270    -1.2379     2.9518    -1.0256
    -3.0137    -0.9367     2.7999    -0.7813
    -3.0003    -0.6354     2.5765    -0.5087
    -2.8935    -0.3613     2.3710    -0.2267
    -2.7956     0.0042     2.0136     0.0741
    -2.6976     0.2876     1.6832     0.4127
    -2.5730     0.6077     1.3259     0.7419
    -2.3238     0.8822     0.9331     1.0900
    -2.0123     1.2392     0.5492     1.4288
    -1.7542     1.5506     0.2368     1.7959
    -1.4250     1.8163    -0.0755     2.1914
    -1.0780     2.0912    -0.3878     2.4928
    -0.6244     2.3479    -0.7357     2.7848
    -0.1797     2.5314    -1.1281     2.9921
     0.1937     2.7607    -1.4224     3.1994
     0.5849     2.8983    -1.6988     3.2277
     0.9404     2.9993    -2.0197     3.2371
     1.3404     2.9993    -2.2248     3.2465
     1.7047     2.9993    -2.3852     3.1900
     1.9979     2.8891    -2.5456     3.0675
     2.3265     2.7790    -2.6793     2.8978
     2.6552     2.6047    -2.7595     2.6717
     2.9926     2.3571    -2.7773     2.3609
     3.2413     2.1371    -2.7327     2.0219
     3.4632     1.8529    -2.6169     1.6076
     3.4810     1.4957    -2.5189     1.1182
     3.4455     1.1477    -2.3317     0.6666
     3.4455     0.7358    -2.1713     0.2152
     3.2945     0.3791    -1.9752    -0.1421
     3.0903     0.0499    -1.7969    -0.4711
     2.8683    -0.3796    -1.5294    -0.8470
     2.5752    -0.6810    -1.2441    -1.1383
     2.2377    -1.0827    -0.9319    -1.4859
     1.9090    -1.3656    -0.6287    -1.7301
     1.5092    -1.6849    -0.2718    -1.9836
     1.0915    -1.8581     0.0851    -2.1432
     0.7360    -2.0769     0.4778    -2.3497
     0.4515    -2.1954     0.8349    -2.5280
     0.0959    -2.3594     1.1474    -2.6407
    -0.2064    -2.4141     1.4599    -2.7251
    -0.6333    -2.5416     1.8350    -2.6876
    -1.0246    -2.6145     2.0672    -2.6782
    -1.3538    -2.5872     2.3531    -2.6500
    -1.6741    -2.5598     2.5944    -2.5374
    -1.9856    -2.4323     2.8982    -2.4342
    -2.1903    -2.3867     3.0323    -2.2465
    -2.4128    -2.1589     3.0591    -2.1338
    -2.6086    -2.0587     3.0680    -1.8991
    -2.7778    -1.7852     3.0948    -1.7019
    -2.9914    -1.5754     3.0323    -1.4295
    -3.0626    -1.2561     2.8803    -1.1289
    -3.0805    -0.8910     2.7463    -0.8376
    -3.0716    -0.5714     2.5050    -0.5369
    -2.9380    -0.3339     2.3263    -0.3113
    -2.8490    -0.0049     2.0404     0.0365
    -2.7243     0.2236     1.6653     0.2904
    -2.6175     0.5254     1.3081     0.6384
    -2.3505     0.9097     0.9063     0.9959
    -2.0390     1.2209     0.5135     1.3535
    -1.6919     1.4682     0.2368     1.7206
    -1.3805     1.7155    -0.0666     2.0596
    -1.0069     2.0087    -0.4235     2.4363
    -0.5799     2.2838    -0.8427     2.6812
    -0.1708     2.5680    -1.1816     2.9544
     0.1493     2.7240    -1.4759     3.0957
     0.5760     2.9259    -1.7880     3.2277
     0.9582     2.9901    -2.0287     3.2371
     1.3226     2.9993    -2.2158     3.2748
     1.6780     3.0360    -2.3584     3.2277
     1.9712     2.9626    -2.5189     3.1240
     2.3088     2.8249    -2.5991     2.9732
     2.5575     2.5680    -2.7238     2.7754
     2.8417     2.4121    -2.6971     2.4739
     3.2324     2.1187    -2.6882     2.0596
     3.4277     1.8163    -2.5634     1.6265
     3.4100     1.4957    -2.4654     1.1559
     3.4366     1.1660    -2.3584     0.6761
     3.3744     0.7816    -2.2069     0.2246
     3.2413     0.3974    -2.0197    -0.1985
     3.0992     0.0316    -1.7701    -0.5275
     2.8861    -0.2791    -1.4492    -0.8940
     2.6374    -0.6993    -1.1727    -1.2604
     2.2732    -1.0462    -0.8606    -1.5798
     1.9179    -1.3017    -0.5305    -1.7958
     1.5714    -1.6210    -0.1915    -2.0681
     1.1804    -1.8672     0.1476    -2.2934
     0.8427    -2.1225     0.5492    -2.4154
     0.5582    -2.2774     0.8884    -2.5374
     0.1493    -2.3685     1.2188    -2.6500
    -0.1797    -2.5416     1.5581    -2.8190
    -0.5799    -2.5963     1.8707    -2.8846
    -0.9446    -2.6874     2.1566    -2.8659
    -1.3004    -2.6418     2.4067    -2.7533
    -1.6385    -2.6782     2.6480    -2.6031
    -1.9500    -2.5416     2.8356    -2.5093
    -2.1903    -2.4232     2.9876    -2.3028
    -2.4573    -2.2683     3.0591    -2.1432
    -2.6264    -2.0769     3.0412    -1.8991
    -2.7956    -1.9128     3.0591    -1.7019
    -2.9825    -1.5937     2.9965    -1.4107
    -3.0805    -1.3839     2.8714    -1.1477
    -3.1161    -1.0371     2.7284    -0.8376
    -3.0626    -0.7175     2.5229    -0.5651
    -2.9291    -0.3705     2.2995    -0.3395
    -2.8579    -0.1146     2.0047     0.0647
    -2.8134     0.1871     1.6832     0.3563
    -2.6353     0.4614     1.3170     0.7043
    -2.3861     0.8456     0.9241     1.0524
    -2.1369     1.1843     0.5492     1.3912
    -1.7720     1.4407     0.2101     1.7865
    -1.3627     1.7430    -0.1023     2.1443
    -1.0246     2.0821    -0.4859     2.3986
    -0.5799     2.2746    -0.7981     2.6906
    -0.1442     2.5864    -1.1281     2.8602
     0.1404     2.8066    -1.4313     3.0486
     0.5227     2.9901    -1.6988     3.2371
     0.8871     3.0727    -1.9752     3.3219
     1.3315     3.0819    -2.1891     3.3313
     1.6158     3.1002    -2.3406     3.3030
     1.9357     3.0360    -2.5100     3.2277
     2.3088     2.9350    -2.6080     3.0580
     2.6019     2.7607    -2.6614     2.7659
     2.9216     2.4488    -2.6793     2.5022
     3.2235     2.1462    -2.6525     2.1820
     3.3389     1.8163    -2.5723     1.7583
     3.4632     1.4957    -2.5189     1.3441
     3.4366     1.1660    -2.3674     0.8172
     3.3567     0.8090    -2.1891     0.3845
     3.2590     0.4980    -1.9930    -0.0011
     3.1081     0.1871    -1.7701    -0.4241
     2.8417    -0.2151    -1.5383    -0.7531
     2.5575    -0.5988    -1.2173    -1.1289
     2.2644    -0.9914    -0.9498    -1.4013
     1.9446    -1.3200    -0.5930    -1.7019
     1.5359    -1.5298    -0.2361    -1.9366
     1.1626    -1.7761     0.1387    -2.1807
     0.8693    -2.0313     0.4778    -2.3779
     0.5049    -2.2045     0.8706    -2.5280
     0.1048    -2.3139     1.1920    -2.6313
    -0.2064    -2.4323     1.5224    -2.7157
    -0.5888    -2.6236     1.8261    -2.8377
    -0.9891    -2.6418     2.1030    -2.8565
    -1.3538    -2.6327     2.3799    -2.7533
    -1.6741    -2.6236     2.6122    -2.6782
    -1.9322    -2.5234     2.8088    -2.5187
    -2.1903    -2.4596     2.8803    -2.3873
    -2.3238    -2.3230     2.9429    -2.1995
    -2.5374    -2.1407     2.9876    -1.9648
    -2.6798    -1.9402     2.9786    -1.7113
    -2.7956    -1.6940     2.9786    -1.4389
    -2.9291    -1.3930     2.8803    -1.2416
    -2.9558    -1.0006     2.7373    -0.9786
    -3.0003    -0.6354     2.5318    -0.7437
    -2.9380    -0.3796     2.3353    -0.4335
    -2.8312    -0.0963     2.0851    -0.0575
    -2.7689     0.1596     1.7725     0.2810
    -2.5819     0.4705     1.4420     0.6290
    -2.3238     0.7907     1.0313     0.9959
    -2.0301     1.0378     0.6742     1.3441
    -1.7097     1.3400     0.3439     1.7583
    -1.3360     1.6880     0.0316     2.0972
    -1.0335     1.9446    -0.3432     2.4457
    -0.5443     2.2563    -0.7179     2.7565
    -0.1619     2.5497    -1.0390     2.9638
     0.1582     2.8157    -1.3600     3.1523
     0.5138     2.9901    -1.6275     3.2842
     0.8427     3.1278    -1.8860     3.3784
     1.2426     3.1553    -2.1000     3.3502
     1.5625     3.1461    -2.2337     3.2936
     1.9179     3.0911    -2.4119     3.1994
     2.2377     2.9717    -2.5189     3.0298
     2.5308     2.7423    -2.5812     2.7848
     2.7884     2.4763    -2.5812     2.4268
     3.1081     2.2012    -2.5812     2.0784
     3.3212     1.8804    -2.5189     1.6453
     3.3922     1.5048    -2.4387     1.2594
     3.3922     1.2118    -2.3406     0.8078
     3.3656     0.8273    -2.1356     0.3939
     3.2501     0.4888    -1.9752     0.0177
     3.0903     0.1779    -1.7880    -0.4147
     2.8239    -0.2243    -1.4937    -0.7531
     2.5664    -0.5714    -1.2084    -1.1007
     2.2999    -0.9732    -0.9230    -1.3544
     1.9446    -1.2470    -0.6108    -1.6549
     1.5625    -1.5845    -0.2183    -1.8615
     1.2248    -1.7578     0.1208    -2.1056
     0.8338    -2.0040     0.4332    -2.3028
     0.4871    -2.1316     0.7813    -2.4530
     0.0870    -2.3321     1.1384    -2.5656
    -0.3220    -2.4323     1.5045    -2.6594
    -0.6511    -2.5234     1.8171    -2.7157
    -1.0158    -2.6236     2.1208    -2.6782
    -1.3449    -2.6509     2.4335    -2.6970
    -1.7008    -2.5963     2.6569    -2.5562
    -1.9767    -2.5234     2.8088    -2.4623
    -2.1547    -2.4050     2.9071    -2.3309
    -2.3505    -2.3412     3.0054    -2.1620
    -2.4751    -2.1589     2.9965    -1.9085
    -2.6887    -1.8581     2.9786    -1.6831
    -2.8134    -1.5663     2.9250    -1.4013
    -2.9558    -1.2561     2.8625    -1.1571
    -3.0270    -0.9367     2.7284    -0.9598
    -3.0805    -0.6445     2.5676    -0.6967
    -2.9736    -0.3522     2.3353    -0.4147
    -2.9469    -0.0872     2.1030    -0.1045
    -2.8045     0.2328     1.7278     0.1870
    -2.5730     0.5620     1.4242     0.5255
    -2.3861     0.8731     1.0313     0.9207
    -2.0212     1.1111     0.6295     1.2782
    -1.7097     1.4499     0.2904     1.7394
    -1.3627     1.6697    -0.0309     2.0407
    -1.0513     1.9996    -0.3699     2.3797
    -0.7044     2.3113    -0.7089     2.6906
    -0.2509     2.5497    -1.0835     2.9638
     0.0781     2.8066    -1.3778     3.2088
     0.4871     2.9626    -1.6721     3.3596
     0.8427     3.1278    -1.8771     3.4727
     1.2515     3.1645    -2.0732     3.4633
     1.6603     3.1828    -2.2693     3.3879
     1.9623     3.0543    -2.3763     3.2653
     2.3177     2.8708    -2.5278     3.0863
     2.6019     2.6873    -2.6080     2.7942
     2.8683     2.4030    -2.6347     2.4174
     3.1525     2.1554    -2.5812     2.1066
     3.3922     1.8255    -2.5189     1.6924
     3.4632     1.4865    -2.4654     1.2782
     3.4366     1.1660    -2.3495     0.8360
     3.4899     0.8090    -2.1713     0.4033
     3.3478     0.4797    -1.9663     0.0553
     3.1258     0.1413    -1.7434    -0.3207
     2.8950    -0.1968    -1.5027    -0.6967
     2.5841    -0.5714    -1.1906    -1.0913
     2.2999    -0.9458    -0.8695    -1.4013
     1.9090    -1.2196    -0.5662    -1.6737
     1.5270    -1.5207    -0.2004    -1.9648
     1.1360    -1.7031     0.1476    -2.1150
     0.7627    -1.8946     0.4778    -2.3685
     0.4249    -2.0678     0.9420    -2.5280
     0.0693    -2.2865     1.2991    -2.6594
    -0.2509    -2.4232     1.6296    -2.7439
    -0.6689    -2.5507     1.9690    -2.7345
    -1.0158    -2.6054     2.2459    -2.7627
    -1.3004    -2.6236     2.5408    -2.7157
    -1.5851    -2.5598     2.7195    -2.6219
    -1.8877    -2.5416     2.9161    -2.5468
    -2.0746    -2.4323     2.9786    -2.4342
    -2.2793    -2.3412     3.0501    -2.2183
    -2.4573    -2.0860     3.0680    -1.9366
    -2.6798    -1.8946     3.1038    -1.7301
    -2.8579    -1.6210     2.9965    -1.4295
    -2.9469    -1.2561     2.8982    -1.2135
    -3.0359    -0.9732     2.8356    -0.8940
    -2.9914    -0.6080     2.6122    -0.6309
    -2.9558    -0.3248     2.4067    -0.3583
    -2.8223    -0.0323     2.1655    -0.0669
    -2.7065     0.2876     1.8171     0.2904
    -2.5997     0.5163     1.4510     0.6384
    -2.3772     0.7816     1.0670     1.0430
    -2.0123     1.0653     0.6295     1.4288
    -1.6741     1.3949     0.2993     1.7583
    -1.4161     1.6697    -0.0577     2.1255
    -1.1403     2.0362    -0.3878     2.4833
    -0.7845     2.3296    -0.7357     2.7942
    -0.3309     2.6506    -1.0835     3.0486
     0.0693     2.8433    -1.3600     3.2842
     0.4338     3.0635    -1.6810     3.4256
     0.8427     3.1278    -1.8949     3.4821
     1.2870     3.1920    -2.0821     3.5010
     1.7047     3.2104    -2.2426     3.3973
     1.9712     3.0911    -2.3852     3.3125
     2.3177     2.9717    -2.5456     3.0957
     2.6196     2.7332    -2.5812     2.8413
     2.8594     2.4672    -2.6525     2.5399
     3.1081     2.2104    -2.6258     2.2008
     3.2945     1.8255    -2.5456     1.7865
     3.4366     1.4957    -2.4387     1.3629
     3.5076     1.1935    -2.3584     0.9301
     3.4721     0.7999    -2.2069     0.5161
     3.4100     0.5254    -1.9841     0.1588
     3.2413     0.1322    -1.7701    -0.2455
     2.8772    -0.2334    -1.5116    -0.6309
     2.5841    -0.5075    -1.2173    -0.9974
     2.2821    -0.8636    -0.8784    -1.2792
     1.9446    -1.1922    -0.5484    -1.5798
     1.5359    -1.4751    -0.2093    -1.8615
     1.1093    -1.6575     0.1654    -2.0587
     0.8249    -1.8946     0.5938    -2.2934
     0.4515    -2.1043     0.9509    -2.4436
     0.1582    -2.1772     1.2724    -2.6313
    -0.2242    -2.3230     1.6206    -2.7345
    -0.6066    -2.4414     1.9065    -2.7533
    -0.9446    -2.5325     2.1834    -2.7627
    -1.2559    -2.5371     2.4335    -2.7533
    -1.5495    -2.5416     2.6748    -2.6782
    -1.8432    -2.4870     2.8535    -2.5562
    -2.0924    -2.4596     2.9339    -2.4248
    -2.3238    -2.3230     3.0233    -2.2934
    -2.4573    -2.1498     3.0054    -2.0587
    -2.6175    -1.8946     2.9697    -1.8240
    -2.8045    -1.5663     3.0144    -1.5516
    -2.9291    -1.2105     2.8893    -1.2323
    -2.9736    -0.8728     2.8088    -0.9410
    -2.9291    -0.6171     2.6301    -0.7061
    -2.8401    -0.3339     2.4067    -0.4805
    -2.7867     0.0042     2.1208    -0.1797
    -2.6620     0.2511     1.8618     0.1400
    -2.5107     0.4980     1.4956     0.5255
    -2.2882     0.8548     1.1474     0.9489
    -1.9945     1.0836     0.7277     1.3253
    -1.7364     1.3858     0.4243     1.7394
    -1.3716     1.6697     0.0762     2.0972
    -1.0869     2.0271    -0.3343     2.4833
    -0.7756     2.3021    -0.7089     2.8036
    -0.3665     2.6414    -1.0122     3.0486
     0.1048     2.8524    -1.3778     3.2371
     0.4160     3.0176    -1.6364     3.3784
     0.7893     3.1828    -1.9039     3.4915
     1.2782     3.2288    -2.1000     3.5010
     1.6158     3.1828    -2.2426     3.4067
     1.9179     3.1920    -2.4208     3.2653
     2.2111     3.0176    -2.5010     3.1146
     2.5220     2.8433    -2.6525     2.8413
          3          3          3          3
