    4   2048 0.020000  2016   1  19  19  43
         16         10         11         42
    -1.7503     1.3797     1.2591     1.6409
    -1.5901     1.6637     1.3842     1.9328
    -1.3944     1.9294     1.5270     2.1493
    -1.2075     2.2044     1.7325     2.3471
    -0.9496     2.3878     1.9468     2.4413
    -0.7539     2.5712     2.1165     2.4507
    -0.4604     2.5987     2.1701     2.4036
    -0.1135     2.5161     2.1523     2.1964
     0.1443     2.4244     2.1433     2.0269
     0.5088     2.2686     2.1165     1.7633
     0.8110     1.9661     2.0094     1.4621
     1.1132     1.7095     1.6074     1.0857
     1.4243     1.3889     1.1788     0.7470
     1.7353     0.9769     0.7681     0.4177
     1.9929     0.5469     0.3664     0.0510
     2.0462     0.2085    -0.0352    -0.2029
     2.1173    -0.1023    -0.2672    -0.4191
     2.0817    -0.4769    -0.6419    -0.6916
     2.0906    -0.7600    -1.0076    -0.9829
     2.0906    -1.0795    -1.3375    -1.1802
     2.0729    -1.3716    -1.5605    -1.3963
     1.9041    -1.5084    -1.7477    -1.5935
     1.5931    -1.7090    -1.9171    -1.6780
     1.2377    -1.8185    -2.1043    -1.7625
     0.9088    -1.9643    -2.1488    -1.8095
     0.6333    -1.9826    -2.1399    -1.8471
     0.2866    -1.9643    -2.1043    -1.7438
     0.0732    -1.9370    -2.0151    -1.6592
    -0.3003    -1.8641    -1.8992    -1.4808
    -0.6116    -1.6908    -1.7031    -1.3399
    -0.8873    -1.5084    -1.4624    -1.1145
    -1.1008    -1.3077    -1.1770    -0.8702
    -1.3054    -1.0522    -0.8738    -0.7104
    -1.5011    -0.8148    -0.5259    -0.4473
    -1.6613    -0.5591    -0.1601    -0.1370
    -1.7325    -0.3307     0.2593     0.1168
    -1.8037    -0.0200     0.6699     0.3895
    -1.8037     0.2999     1.1163     0.7470
    -1.7859     0.6932     1.4824     1.0668
    -1.6880     0.9952     1.8843     1.3680
    -1.6880     1.3156     2.1076     1.6504
    -1.5189     1.6545     2.1791     1.8669
    -1.3499     1.8469     2.2774     2.0364
    -1.1808     2.0027     2.3846     2.2435
    -0.9940     2.2319     2.3756     2.3377
    -0.7450     2.3236     2.3667     2.3094
    -0.4959     2.4244     2.3578     2.3283
    -0.1491     2.4519     2.3846     2.2247
     0.1087     2.4153     2.2327     2.0175
     0.3933     2.2319     1.8396     1.8010
     0.7133     2.0394     1.4377     1.5939
     0.9977     1.8561     1.0627     1.2833
     1.2732     1.6362     0.6610     0.9728
     1.6198     1.2241     0.4110     0.6341
     1.9130     0.9220     0.1165     0.3519
     2.0729     0.6018    -0.2404     0.0322
     2.0640     0.1902    -0.6508    -0.2405
     2.1173    -0.1297    -0.9541    -0.5694
     2.0640    -0.4860    -1.2484    -0.8702
     2.0640    -0.7874    -1.4624    -1.1238
     2.0018    -1.1069    -1.6139    -1.3681
     1.8241    -1.3898    -1.7388    -1.6123
     1.5753    -1.6178    -1.8725    -1.7625
     1.1843    -1.7546    -1.8992    -1.9128
     0.8644    -1.9917    -1.8814    -1.9785
     0.5977    -2.0919    -1.8903    -2.0161
     0.3399    -2.1102    -1.7744    -2.0254
     0.0821    -2.1011    -1.6764    -1.9222
    -0.2114    -1.9735    -1.4980    -1.8564
    -0.5671    -1.8276    -1.2394    -1.6874
    -0.8072    -1.7090    -1.0432    -1.4714
    -1.1275    -1.5266    -0.7400    -1.2366
    -1.3321    -1.3351    -0.4367    -1.0111
    -1.4922    -1.1434    -0.2047    -0.7386
    -1.6969    -0.8878     0.0898    -0.5037
    -1.7592    -0.5774     0.4557    -0.2499
    -1.8215    -0.2668     0.7413     0.0980
    -1.9104     0.1811     0.9556     0.4648
    -1.8749     0.4737     1.2234     0.8034
    -1.9104     0.8213     1.4288     1.1139
    -1.8482     1.1600     1.6253     1.4056
    -1.7236     1.4988     1.7771     1.7068
    -1.5456     1.7553     1.9111     1.9045
    -1.3677     1.9935     1.9468     2.1023
    -1.2342     2.2502     1.8932     2.2529
    -0.9851     2.3786     1.8396     2.2718
    -0.6649     2.4703     1.6967     2.2529
    -0.3803     2.5070     1.6253     2.1399
    -0.0513     2.3786     1.4467     1.9328
     0.2332     2.2319     1.2859     1.7539
     0.6155     1.9752     1.0538     1.4903
     0.8644     1.6912     0.8663     1.1515
     1.2554     1.4072     0.5449     0.7940
     1.5309     0.9678     0.2593     0.4271
     1.7797     0.5194    -0.0441     0.0416
     1.9751     0.1811    -0.2939    -0.1935
     2.0196    -0.1023    -0.4991    -0.4849
     2.0551    -0.4860    -0.7489    -0.8138
     2.0462    -0.8239    -0.9184    -1.1051
     2.0329    -1.0887    -1.1592    -1.3587
     2.0196    -1.4263    -1.3108    -1.6405
     1.7975    -1.6178    -1.4089    -1.7907
     1.4865    -1.8185    -1.4624    -1.9316
     1.2021    -1.9096    -1.5159    -2.0630
     0.8910    -2.0646    -1.5337    -2.0912
     0.5444    -2.1011    -1.4445    -2.0724
     0.2777    -2.1375    -1.3821    -1.9785
    -0.0068    -2.1375    -1.2484    -1.8564
    -0.3714    -1.9826    -1.1592    -1.6686
    -0.6738    -1.9005    -0.9987    -1.4526
    -0.9762    -1.6361    -0.8559    -1.2835
    -1.1808    -1.4354    -0.6508    -1.0675
    -1.4655    -1.1617    -0.5170    -0.8326
    -1.6168    -0.8696    -0.2493    -0.5788
    -1.7681    -0.6322    -0.0352    -0.2969
    -1.8749    -0.3216     0.1968    -0.0054
    -1.9549    -0.0018     0.3843     0.3049
    -1.9816     0.3365     0.5985     0.6153
    -1.9727     0.6566     0.8127     0.9351
    -2.0083     1.0501     1.0359     1.2739
    -1.9193     1.3523     1.1877     1.5750
    -1.7503     1.6270     1.3395     1.7633
    -1.5901     1.8011     1.5092     2.0175
    -1.3944     1.9844     1.6699     2.1493
    -1.2164     2.2135     1.8128     2.2906
    -0.9673     2.3878     1.9111     2.3565
    -0.6738     2.4153     1.8754     2.3754
    -0.3981     2.4015     1.8218     2.3000
    -0.0602     2.3878     1.6878     2.0929
     0.2066     2.2777     1.4824     1.9045
     0.5355     2.0302     1.3306     1.6692
     0.8199     1.8744     1.0359     1.3962
     1.1932     1.5446     0.7681     1.0763
     1.4332     1.2241     0.4735     0.7658
     1.7264     0.9220     0.2861     0.3989
     1.9574     0.5652     0.0451     0.1356
     2.0640     0.2176    -0.2404    -0.1465
     2.1084    -0.1845    -0.4456    -0.4379
     2.1084    -0.5682    -0.6151    -0.7856
     2.0817    -0.8331    -0.7935    -1.1145
     2.0196    -1.1069    -0.9719    -1.3775
     1.7886    -1.3351    -1.0432    -1.6123
     1.5042    -1.5084    -1.1770    -1.7907
     1.1843    -1.7546    -1.2484    -1.8564
     0.8288    -1.8823    -1.2662    -1.9316
     0.4910    -2.0737    -1.3108    -1.9175
     0.1977    -2.0737    -1.3375    -1.9034
    -0.0780    -2.1284    -1.3554    -1.7813
    -0.3714    -2.0008    -1.3108    -1.6968
    -0.6293    -1.8732    -1.2573    -1.5372
    -0.8962    -1.7455    -1.1770    -1.3211
    -1.1008    -1.4537    -1.0432    -1.1332
    -1.3232    -1.2529    -0.9273    -0.9078
    -1.5189    -1.0065    -0.6686    -0.6164
    -1.7058    -0.7600    -0.4634    -0.3063
    -1.7681    -0.4769    -0.2761    -0.0054
    -1.8393    -0.1206     0.0184     0.3331
    -1.8215     0.2542     0.2593     0.6811
    -1.8037     0.5652     0.5092     0.9728
    -1.7681     0.9769     0.7859     1.3021
    -1.7592     1.3065     1.0806     1.6033
    -1.5901     1.5812     1.3752     1.8669
    -1.4211     1.8469     1.5360     2.1023
    -1.2787     2.1494     1.7860     2.2906
    -1.0474     2.2961     1.9736     2.4225
    -0.7894     2.4611     1.9870     2.4413
    -0.5137     2.4474     2.0004     2.3942
    -0.2202     2.4336     1.8843     2.2529
     0.0732     2.3236     1.7414     2.0269
     0.3666     2.1769     1.5628     1.8010
     0.7222     1.9569     1.3931     1.5468
     0.9888     1.6728     1.1431     1.2080
     1.3354     1.3706     0.9109     0.9069
     1.6642     1.0227     0.6967     0.5212
     1.9130     0.5743     0.4110     0.2108
     2.0551     0.2542     0.1611    -0.1276
     2.1350    -0.0932    -0.0352    -0.4003
     2.1262    -0.3399    -0.2850    -0.7198
     2.1528    -0.6413    -0.4902    -0.9829
     2.0906    -0.9883    -0.7400    -1.2460
     2.0995    -1.1891    -0.9184    -1.5278
     1.9929    -1.4628    -1.1324    -1.6968
     1.6820    -1.7364    -1.2929    -1.8471
     1.3621    -1.9188    -1.4802    -1.9128
     1.0688    -2.0190    -1.5337    -1.9597
     0.7311    -2.1011    -1.6229    -2.0067
     0.4999    -2.0646    -1.7031    -1.9597
     0.1799    -2.1102    -1.7477    -1.8658
    -0.0780    -2.0190    -1.7031    -1.8095
    -0.3892    -1.9826    -1.5694    -1.6311
    -0.6382    -1.7820    -1.4356    -1.4526
    -0.8695    -1.6178    -1.2573    -1.2084
    -1.1097    -1.3259    -1.0611    -1.0017
    -1.3143    -1.0613    -0.8024    -0.7386
    -1.4922    -0.8148    -0.4724    -0.4473
    -1.6524    -0.4860    -0.1779    -0.2029
    -1.6791    -0.1845     0.1165     0.1826
    -1.7325     0.1902     0.3843     0.5306
    -1.7236     0.5011     0.7502     0.8787
    -1.7325     0.9129     1.0091     1.2645
    -1.6346     1.2241     1.3574     1.5468
    -1.5723     1.4713     1.5806     1.7821
    -1.3855     1.7370     1.8218     1.9893
    -1.2075     1.9569     2.0897     2.2153
    -1.0474     2.2135     2.1970     2.3377
    -0.8250     2.3419     2.2595     2.3565
    -0.4693     2.4611     2.2148     2.3377
    -0.2291     2.4428     2.1433     2.2435
     0.0643     2.4153     2.0362     2.0834
     0.4199     2.3327     1.8396     1.8857
     0.7133     2.1310     1.6163     1.6127
     0.9977     1.9386     1.3484     1.2833
     1.2999     1.6454     1.0538     0.9257
     1.6286     1.2607     0.7056     0.5682
     1.9396     0.9129     0.3843     0.2391
     2.0462     0.4920     0.1522    -0.0712
     2.0995     0.1079    -0.1333    -0.3909
     2.1795    -0.2851    -0.4367    -0.6446
     2.1350    -0.5774    -0.6419    -0.9171
     2.1617    -0.8970    -0.8738    -1.1614
     2.0906    -1.2438    -1.0878    -1.4244
     2.0018    -1.4810    -1.2484    -1.6029
     1.7086    -1.6452    -1.4624    -1.7625
     1.3443    -1.8458    -1.5783    -1.9409
     0.9977    -1.9643    -1.6407    -2.0161
     0.6866    -1.9735    -1.7566    -2.0442
     0.3844    -2.0464    -1.7655    -1.9691
     0.1087    -2.0373    -1.6764    -1.8752
    -0.1669    -1.9279    -1.6229    -1.7625
    -0.4870    -1.8823    -1.5070    -1.5653
    -0.7805    -1.7364    -1.3375    -1.3305
    -1.0118    -1.4810    -1.0968    -1.1051
    -1.1897    -1.2986    -0.8470    -0.8796
    -1.4388    -1.0795    -0.5794    -0.6352
    -1.6168    -0.7418    -0.2582    -0.4097
    -1.7058    -0.4860     0.0005    -0.0524
    -1.8571    -0.0932     0.3396     0.2861
    -1.8215     0.3091     0.5628     0.6529
    -1.8215     0.5743     0.8841     1.0386
    -1.7859     0.9220     1.1431     1.3492
    -1.7414     1.2515     1.4377     1.6880
    -1.5723     1.5263     1.6431     1.9234
    -1.4033     1.8561     1.8396     2.0740
    -1.2342     2.0760     1.9736     2.2812
    -0.9940     2.2777     2.0719     2.3189
    -0.7361     2.3878     2.0897     2.3565
    -0.4515     2.5070     2.0540     2.3094
    -0.1135     2.4611     1.9200     2.1305
     0.1265     2.3878     1.7682     1.9893
     0.4199     2.2227     1.5896     1.7916
     0.7933     2.0394     1.4199     1.4809
     1.0688     1.8011     1.1788     1.2174
     1.3798     1.5446     0.9377     0.8881
     1.6820     1.2332     0.5806     0.5494
     1.9396     0.8579     0.2236     0.1920
     2.1439     0.5011    -0.0798    -0.0712
     2.1173     0.0714    -0.4367    -0.3251
     2.1528    -0.2211    -0.6597    -0.5882
     2.1262    -0.5500    -0.9541    -0.8138
     2.1173    -0.8239    -1.1235    -1.1051
     2.1528    -1.1343    -1.2662    -1.3587
     2.0107    -1.3442    -1.4267    -1.5372
     1.6731    -1.5722    -1.5159    -1.7344
     1.2910    -1.7273    -1.6318    -1.8940
     0.9888    -1.8732    -1.6853    -1.9785
     0.6955    -1.9917    -1.6764    -1.9597
     0.4110    -2.1102    -1.6853    -1.9128
     0.1265    -2.0919    -1.6229    -1.8658
    -0.2025    -2.1466    -1.4891    -1.7625
    -0.4693    -2.0373    -1.4000    -1.6123
    -0.7361    -1.9461    -1.2484    -1.4714
    -0.9584    -1.7182    -1.1324    -1.2460
    -1.1719    -1.5175    -0.9273    -0.9829
    -1.3677    -1.2712    -0.6686    -0.7762
    -1.5456    -0.9518    -0.3742    -0.5131
    -1.6524    -0.5774    -0.0709    -0.2405
    -1.7681    -0.1845     0.2058     0.0980
    -1.7948     0.0988     0.5003     0.4271
    -1.7592     0.4920     0.8038     0.8128
    -1.7058     0.8854     1.0538     1.2174
    -1.6524     1.2332     1.2413     1.5374
    -1.5011     1.5354     1.5002     1.8292
    -1.3321     1.8836     1.6342     2.0929
    -1.1453     2.1127     1.7592     2.2341
    -0.9940     2.3052     1.8932     2.3754
    -0.7450     2.5161     1.9379     2.3895
    -0.4159     2.5804     1.8932     2.4036
    -0.1047     2.5987     1.7860     2.3000
     0.1265     2.4611     1.6967     2.1399
     0.4644     2.3694     1.5449     1.8951
     0.7755     2.1035     1.3931     1.5939
     1.0066     1.8561     1.1252     1.2833
     1.3532     1.5263     0.9466     0.9633
     1.6553     1.1966     0.6788     0.6153
     1.8863     0.8396     0.3575     0.2861
     2.0995     0.4737     0.0987    -0.0336
     2.1262     0.0714    -0.1869    -0.2875
     2.1350    -0.2302    -0.4545    -0.5506
     2.1173    -0.5043    -0.6865    -0.8608
     2.1350    -0.8239    -0.8559    -1.0863
     2.0551    -1.0704    -1.0611    -1.3869
     1.9041    -1.2894    -1.1949    -1.5747
     1.5753    -1.4901    -1.3643    -1.7625
     1.2377    -1.6543    -1.4713    -1.8564
     0.8999    -1.8914    -1.5248    -1.9409
     0.5710    -1.9643    -1.5694    -1.8940
     0.2866    -2.0190    -1.5694    -1.8658
     0.0554    -2.0281    -1.5070    -1.7907
    -0.2825    -2.0281    -1.4089    -1.6780
    -0.5760    -1.9005    -1.2929    -1.5184
    -0.8606    -1.8367    -1.1592    -1.3023
    -1.0830    -1.6087    -1.0522    -1.1051
    -1.3143    -1.4719    -0.8916    -0.8796
    -1.5278    -1.1526    -0.6419    -0.6540
    -1.7058    -0.9244    -0.4010    -0.3721
    -1.8037    -0.6139    -0.1423    -0.1559
    -1.8927    -0.2211     0.1433     0.1732
    -1.9549     0.1262     0.3843     0.4836
    -1.9549     0.4920     0.6431     0.7564
    -1.9016     0.8396     0.9556     1.1233
    -1.8749     1.2515     1.2234     1.3962
    -1.7236     1.5538     1.5181     1.6880
    -1.5812     1.8103     1.7414     1.9422
    -1.4033     2.0669     1.9022     2.1588
    -1.2431     2.2869     2.0808     2.3094
    -1.0029     2.5161     2.1880     2.3942
    -0.7361     2.5895     2.1701     2.3848
    -0.4248     2.5712     2.0808     2.3754
    -0.0958     2.4978     1.9736     2.2529
     0.1799     2.3144     1.7950     2.0269
     0.5088     2.1769     1.5538     1.7539
     0.8377     1.9111     1.2770     1.4527
     1.1666     1.5904     1.0002     1.1609
     1.3887     1.2515     0.6877     0.7846
     1.6731     0.8396     0.4021     0.3613
     1.9130     0.4280     0.0987     0.0510
     2.0462     0.0714    -0.1423    -0.2499
     2.0729    -0.1937    -0.4188    -0.5319
     2.0729    -0.4586    -0.7132    -0.8514
     2.1084    -0.8057    -0.9184    -1.1708
     1.9574    -1.0339    -1.1413    -1.4244
     1.7353    -1.3259    -1.3643    -1.6217
     1.4420    -1.5722    -1.5248    -1.8001
     1.1399    -1.8185    -1.6229    -1.8940
     0.8110    -1.9826    -1.7299    -1.9128
     0.5533    -2.1102    -1.7477    -1.8564
     0.2243    -2.1284    -1.7299    -1.7907
    -0.0068    -2.1649    -1.6585    -1.7438
    -0.2558    -2.0555    -1.5337    -1.6029
    -0.5315    -2.0008    -1.4178    -1.4244
    -0.7894    -1.7911    -1.2929    -1.3399
    -1.0207    -1.6178    -1.1235    -1.1520
    -1.3054    -1.3442    -0.8738    -0.9265
    -1.4744    -1.0795    -0.6954    -0.7104
    -1.6969    -0.7600    -0.4634    -0.4473
    -1.7859    -0.5043    -0.1779    -0.1747
    -1.8749    -0.1206     0.1254     0.1450
    -1.9016     0.2268     0.4110     0.4554
    -1.8749     0.6201     0.7413     0.7940
    -1.8304     0.9312     1.0448     1.2080
    -1.8126     1.3065     1.2949     1.4903
    -1.6880     1.5629     1.5360     1.7257
    -1.4922     1.8744     1.6789     1.9610
    -1.3054     2.0302     1.8128     2.1305
    -1.0652     2.2319     1.9290     2.3189
    -0.8072     2.3419     1.9826     2.3848
    -0.5671     2.4336     2.0183     2.4036
    -0.2291     2.4336     1.9200     2.3660
     0.0643     2.3052     1.8486     2.1870
     0.3577     2.1585     1.6967     2.0269
     0.6688     2.0119     1.4824     1.7351
     1.0244     1.7736     1.2502     1.4621
     1.2999     1.5538     1.0181     1.0951
     1.5664     1.2424     0.7413     0.7470
     1.8152     0.8488     0.4378     0.3331
     2.0462     0.5286     0.1254     0.0322
     2.0729     0.1719    -0.1779    -0.3627
     2.1262    -0.1754    -0.4367    -0.6540
     2.1262    -0.5500    -0.6686    -0.9641
     2.0995    -0.8605    -0.8649    -1.2554
     2.0462    -1.1434    -1.0789    -1.4808
     1.9485    -1.3807    -1.2484    -1.6968
     1.6908    -1.5996    -1.3643    -1.8471
     1.3087    -1.7638    -1.5248    -1.9597
     1.0155    -1.8914    -1.5426    -2.0442
     0.6866    -2.0008    -1.5961    -1.9973
     0.4555    -2.0828    -1.5605    -1.9691
     0.1176    -2.1375    -1.5426    -1.8658
    -0.0691    -2.1193    -1.4535    -1.7250
    -0.4248    -2.0281    -1.3108    -1.5653
    -0.6649    -1.8093    -1.2038    -1.3681
    -0.9051    -1.6634    -1.0522    -1.2178
    -1.1808    -1.4354    -0.8559    -0.9359
    -1.3855    -1.1252    -0.6329    -0.6634
    -1.5723    -0.7600    -0.4099    -0.3627
    -1.6969    -0.4495    -0.1690    -0.0524
    -1.7948    -0.1114     0.1165     0.3049
    -1.7770     0.3548     0.4021     0.6623
    -1.7681     0.7024     0.6788     0.9539
    -1.7414     1.0501     0.9377     1.3586
    -1.6880     1.4713     1.1520     1.6692
    -1.5901     1.7278     1.4020     1.9045
    -1.4744     1.9569     1.5806     2.1023
    -1.2609     2.1860     1.7682     2.2906
    -1.0474     2.3236     1.8664     2.4319
    -0.7983     2.4795     1.9111     2.4225
    -0.5315     2.5437     1.9379     2.4319
    -0.2380     2.5437     1.9200     2.3094
     0.0376     2.3969     1.8664     2.0740
     0.3221     2.2227     1.7771     1.9045
     0.6422     2.0302     1.5270     1.6315
     0.8999     1.8011     1.3038     1.3209
     1.2110     1.5263     1.0538     1.0198
     1.4687     1.1417     0.6967     0.6435
     1.8063     0.8488     0.4289     0.3143
     1.9840     0.5194     0.0808     0.0416
     2.0729     0.1628    -0.1690    -0.2781
     2.1262    -0.2120    -0.4010    -0.5319
     2.0729    -0.4952    -0.6686    -0.8326
     2.0729    -0.7692    -0.9095    -1.1145
     2.0995    -0.9700    -1.0700    -1.3305
     1.9041    -1.1799    -1.3108    -1.5184
     1.6553    -1.4263    -1.4713    -1.6780
     1.3443    -1.6452    -1.5872    -1.8001
     0.9444    -1.8367    -1.6942    -1.8377
     0.6422    -1.9826    -1.7299    -1.8095
     0.3577    -2.1011    -1.7299    -1.8564
     0.1532    -2.1284    -1.7031    -1.8095
    -0.1669    -2.0464    -1.5515    -1.7438
    -0.4070    -1.9279    -1.4802    -1.6311
    -0.7450    -1.7546    -1.2573    -1.5184
    -0.9407    -1.6087    -1.1146    -1.3305
    -1.2342    -1.4172    -0.8916    -1.1051
    -1.4388    -1.1708    -0.6686    -0.9078
    -1.6168    -0.9518    -0.4367    -0.5694
    -1.7414    -0.6322    -0.1869    -0.2593
    -1.8215    -0.2394     0.1076     0.0698
    -1.8660     0.1628     0.3753     0.4366
    -1.8215     0.5469     0.6967     0.8693
    -1.8037     0.9220     0.9556     1.2174
    -1.7859     1.2790     1.2502     1.5280
    -1.6702     1.6454     1.4824     1.8010
    -1.4655     1.8378     1.6342     2.0364
    -1.2787     2.1127     1.7950     2.1776
    -1.0741     2.3694     1.9915     2.2624
    -0.8339     2.4978     2.1701     2.2529
    -0.5760     2.5620     2.1657     2.2435
    -0.2736     2.5437     2.1612     2.0834
     0.0109     2.4336     2.0719     1.9516
     0.3488     2.2044     1.9290     1.7162
     0.6599     2.0027     1.7235     1.4527
     0.9444     1.7186     1.4377     1.1421
     1.2021     1.4072     1.0895     0.8222
     1.4509     1.0318     0.7413     0.5024
     1.7264     0.6749     0.4378     0.1638
     1.9396     0.2908     0.1254    -0.1182
     2.0729    -0.0475    -0.1779    -0.3721
     2.0906    -0.4130    -0.4456    -0.6352
     2.1262    -0.7052    -0.6775    -0.9078
     2.0995    -0.9609    -0.8827    -1.1990
     2.0906    -1.2621    -1.0165    -1.4526
     1.9485    -1.4354    -1.1770    -1.6780
     1.6375    -1.6999    -1.3465    -1.8001
     1.2643    -1.8458    -1.3910    -1.9409
     0.9177    -2.0190    -1.5070    -1.9879
     0.6066    -2.0646    -1.4713    -1.9973
     0.3577    -2.0783    -1.4891    -2.0067
     0.0910    -2.0919    -1.4356    -1.9222
    -0.2736    -2.0555    -1.3465    -1.8283
    -0.5671    -1.9826    -1.1949    -1.7719
    -0.8517    -1.9279    -1.0700    -1.5653
    -1.0385    -1.7546    -0.8827    -1.3587
    -1.2520    -1.5358    -0.6597    -1.1238
    -1.5011    -1.2894    -0.4545    -0.8702
    -1.6880    -0.9700    -0.2047    -0.5413
    -1.7948    -0.6778     0.1076    -0.2123
    -1.9460    -0.2851     0.3307     0.1544
    -1.9104     0.1262     0.6342     0.5494
    -1.9016     0.5743     0.8931     0.9822
    -1.8927     0.9586     1.0984     1.3492
    -1.8304     1.3340     1.3484     1.6409
    -1.6791     1.6637     1.5360     1.9234
    -1.5634     1.9752     1.7235     2.1399
    -1.4211     2.2319     1.8932     2.3000
    -1.1808     2.3878     1.9826     2.4130
    -0.9851     2.5987     2.0987     2.4413
    -0.6649     2.6813     2.1344     2.4319
    -0.3714     2.6721     2.0629     2.3094
    -0.0424     2.6170     2.0094     2.0929
     0.2421     2.4153     1.8843     1.8951
     0.4999     2.1952     1.6342     1.6409
     0.8199     1.9202     1.3752     1.3868
     1.0955     1.5446     1.1073     1.0198
     1.3621     1.1508     0.8484     0.7281
     1.6286     0.7939     0.5717     0.3707
     1.9218     0.3822     0.2593     0.0792
     2.0107     0.0805    -0.0709    -0.1841
     2.1084    -0.2576    -0.3742    -0.4097
     2.1173    -0.5865    -0.5170    -0.6728
     2.1262    -0.8239    -0.7757    -0.9547
     2.0284    -1.0156    -0.9095    -1.1896
     1.8330    -1.2621    -1.0878    -1.4244
     1.5842    -1.4901    -1.2394    -1.5841
     1.3087    -1.6543    -1.4000    -1.7438
     0.9533    -1.7820    -1.4713    -1.8564
     0.6155    -1.8732    -1.4891    -1.8752
     0.3488    -1.8914    -1.4936    -1.8846
     0.0287    -1.9370    -1.4980    -1.8095
    -0.1936    -1.9279    -1.3821    -1.7250
    -0.4781    -1.8823    -1.3197    -1.5841
    -0.7272    -1.8549    -1.1592    -1.4620
    -0.9584    -1.6817    -0.9987    -1.2554
    -1.1630    -1.4901    -0.8381    -1.0393
    -1.3677    -1.2438    -0.6329    -0.7950
    -1.5901    -0.9974    -0.3385    -0.5225
    -1.7236    -0.6413    -0.0798    -0.2593
    -1.8126    -0.3764     0.2058     0.0886
    -1.7948    -0.0383     0.4557     0.4460
    -1.7770     0.4371     0.7502     0.8316
    -1.7503     0.7664     1.0448     1.2645
    -1.7147     1.1142     1.3216     1.5468
    -1.5990     1.4622     1.5360     1.8575
    -1.5011     1.7828     1.7146     2.0552
    -1.3321     2.0485     1.8575     2.3000
    -1.1275     2.2961     1.9915     2.4413
    -0.8517     2.4519     2.1344     2.4601
    -0.5582     2.6170     2.1701     2.4601
    -0.2647     2.5895     2.1255     2.3754
     0.0910     2.5987     1.9826     2.1493
     0.3844     2.4061     1.8128     1.9234
     0.6510     2.1769     1.6521     1.6504
     0.9533     1.9386     1.3663     1.3397
     1.2732     1.5629     1.0448     1.0668
     1.4865     1.2058     0.7324     0.6623
     1.7353     0.8030     0.4289     0.3989
     1.9663     0.4097     0.1165     0.0792
     2.0729     0.0714    -0.1779    -0.1182
     2.1262    -0.2576    -0.4188    -0.4285
     2.1706    -0.5317    -0.6686    -0.7386
     2.1173    -0.8148    -0.8916    -1.0393
     2.1173    -1.0522    -1.1146    -1.2742
     2.0462    -1.2438    -1.3019    -1.4902
     1.8596    -1.5084    -1.3910    -1.6968
     1.5220    -1.6452    -1.4980    -1.8095
     1.1488    -1.7638    -1.6318    -1.8846
     0.8288    -1.9005    -1.6496    -1.8658
     0.5533    -1.9370    -1.6318    -1.8846
     0.2777    -1.9188    -1.5337    -1.8001
     0.0376    -1.9279    -1.4445    -1.6874
    -0.2825    -1.8093    -1.3821    -1.6123
    -0.5582    -1.6543    -1.2038    -1.4057
    -0.7805    -1.4901    -1.0611    -1.2272
    -1.0296    -1.2803    -0.8827    -0.9829
    -1.2609    -1.1252    -0.6240    -0.7480
    -1.4388    -0.8239    -0.3921    -0.4943
    -1.5812    -0.5591    -0.1958    -0.2029
    -1.6969    -0.2942     0.0987     0.1450
    -1.7503     0.1445     0.3129     0.4742
    -1.7503     0.5377     0.5806     0.8599
    -1.7325     0.8762     0.8574     1.2645
    -1.6524     1.2699     1.0806     1.6033
    -1.5278     1.6087     1.3127     1.8575
    -1.4033     1.9752     1.5092     2.1399
    -1.2431     2.2594     1.6699     2.3942
    -1.0296     2.4519     1.8039     2.5355
    -0.7717     2.6446     1.8664     2.5732
    -0.4515     2.7730     1.9111     2.6014
    -0.0691     2.7179     1.9022     2.5072
     0.1977     2.7546     1.8664     2.3000
     0.4999     2.5987     1.7235     2.0552
     0.8110     2.3052     1.5181     1.8104
     1.1399     2.0485     1.3127     1.4903
     1.4332     1.7645     1.0806     1.1327
     1.7264     1.3156     0.7681     0.7564
     1.9574     0.8854     0.4378     0.3801
     2.0906     0.5469     0.0541     0.0886
     2.1173     0.1171    -0.2404    -0.1747
     2.1262    -0.2302    -0.4813    -0.5037
     2.1972    -0.5591    -0.7221    -0.7950
     2.1795    -0.8239    -0.9273    -1.1332
     2.1795    -1.0430    -1.1146    -1.3493
     2.0729    -1.3168    -1.2394    -1.5653
     1.9218    -1.5449    -1.4535    -1.7344
     1.5753    -1.6543    -1.5605    -1.8846
     1.1932    -1.8367    -1.6229    -1.9597
     0.8644    -1.8914    -1.6585    -1.9409
     0.5533    -1.9643    -1.6630    -1.9128
     0.2777    -1.9461    -1.6674    -1.8471
    -0.0424    -1.9279    -1.6229    -1.7719
    -0.3181    -1.8641    -1.5070    -1.6217
    -0.6649    -1.7638    -1.4000    -1.4714
    -0.8873    -1.6543    -1.2305    -1.3399
    -1.1808    -1.4354    -1.0343    -1.1051
    -1.3588    -1.2073    -0.8381    -0.8796
    -1.5545    -0.9791    -0.5883    -0.5882
    -1.6969    -0.6322    -0.3118    -0.3345
    -1.8215    -0.3581    -0.0084    -0.0242
    -1.8482    -0.0109     0.3039     0.3613
    -1.8037     0.3640     0.5449     0.7281
    -1.7503     0.7390     0.8752     1.1045
    -1.6880     1.1142     1.1520     1.4244
    -1.5901     1.4164     1.3931     1.7727
    -1.4299     1.7461     1.5985     1.9704
    -1.3054     2.0669     1.7592     2.1682
    -1.1008     2.2869     1.9290     2.4036
    -0.8161     2.5161     2.0094     2.4790
    -0.5404     2.5987     2.0540     2.4601
    -0.2647     2.6262     2.0540     2.3189
     0.0287     2.6079     2.0094     2.1776
     0.3488     2.4244     1.8575     1.9140
     0.6599     2.2044     1.7146     1.6880
     0.8910     1.8927     1.4199     1.3680
     1.2199     1.5538     1.1609     1.0104
     1.4687     1.2149     0.8306     0.6529
     1.6997     0.8213     0.4914     0.2673
     1.9574     0.4005     0.1879    -0.0148
     2.0729     0.0439    -0.1066    -0.2593
     2.1528    -0.2759    -0.3475    -0.5694
     2.1262    -0.6230    -0.6240    -0.8608
     2.1084    -0.8970    -0.8203    -1.1332
     2.0995    -1.1160    -1.0076    -1.3775
     1.8952    -1.3989    -1.1949    -1.5841
     1.5753    -1.5631    -1.3108    -1.7532
     1.3087    -1.6999    -1.4624    -1.8846
     0.9355    -1.8549    -1.4980    -1.9691
     0.6422    -1.9096    -1.5426    -1.9832
     0.3844    -1.9643    -1.5515    -1.9973
     0.1265    -2.0008    -1.5605    -1.8940
    -0.2202    -1.9826    -1.4891    -1.8189
    -0.5582    -1.9279    -1.3821    -1.6405
    -0.8339    -1.7273    -1.2751    -1.4902
    -1.0830    -1.6087    -1.1057    -1.2460
    -1.2431    -1.3624    -0.8738    -1.0299
    -1.4477    -1.2073    -0.6686    -0.8420
    -1.6257    -0.9518    -0.4278    -0.5788
    -1.7414    -0.6596    -0.1779    -0.2969
    -1.8571    -0.4404     0.1254     0.0040
    -1.8838    -0.0475     0.4021     0.3143
    -1.8838     0.2908     0.6342     0.7281
    -1.7859     0.7207     0.9377     1.1233
    -1.7236     1.0593     1.2413     1.4244
    -1.6346     1.3889     1.5092     1.7162
    -1.5278     1.7736     1.6789     1.9893
    -1.3766     1.9844     1.8039     2.2341
    -1.1719     2.2319     1.9379     2.3565
    -0.8784     2.4428     2.0451     2.4507
    -0.5849     2.5620     2.1076     2.4790
    -0.2914     2.6629     2.1165     2.3754
     0.0109     2.6262     2.0629     2.1870
     0.2599     2.4519     1.9200     1.9610
     0.5533     2.2135     1.7414     1.7445
     0.8466     2.0119     1.4377     1.4056
     1.1932     1.6820     1.1698     1.0857
     1.4332     1.3614     0.8574     0.7470
     1.6642     0.9037     0.5449     0.4271
     1.8952     0.5103     0.2593     0.0886
     2.0196     0.1994    -0.0352    -0.2029
     2.1262    -0.1937    -0.2850    -0.4379
     2.1706    -0.5134    -0.5170    -0.7950
     2.1617    -0.7600    -0.7311    -1.0017
     2.1439    -1.0430    -0.9362    -1.3023
     1.9663    -1.2803    -1.1503    -1.4996
     1.7175    -1.5631    -1.2751    -1.7250
     1.4776    -1.7182    -1.4445    -1.9034
     1.1310    -1.8549    -1.5426    -1.9879
     0.7666    -1.9096    -1.5694    -2.0442
     0.4377    -1.9735    -1.6139    -2.0161
     0.1621    -1.9643    -1.5783    -1.8940
    -0.1135    -1.9826    -1.5159    -1.7156
    -0.4159    -1.8732    -1.3910    -1.5841
    -0.7094    -1.7729    -1.2751    -1.3681
    -0.9318    -1.6452    -1.0968    -1.2178
    -1.2075    -1.3898    -0.8649    -1.0017
    -1.4122    -1.1982    -0.6329    -0.8044
    -1.5634    -0.9244    -0.4099    -0.5413
    -1.7236    -0.6139    -0.0976    -0.2593
    -1.7859    -0.3033     0.1968     0.0792
    -1.8304    -0.0292     0.4735     0.4742
    -1.8482     0.4005     0.7235     0.8316
    -1.7859     0.7756     1.0448     1.2174
    -1.7414     1.1875     1.2770     1.5468
    -1.6435     1.5171     1.5628     1.8292
    -1.4566     1.8744     1.7414     2.0929
    -1.3321     2.1310     1.9200     2.3189
    -1.1364     2.3511     2.0451     2.5355
    -0.8873     2.5253     2.1076     2.6014
    -0.5671     2.6170     2.1523     2.5637
    -0.2558     2.7088     2.1255     2.4884
     0.0643     2.7363     2.0451     2.2718
     0.3844     2.5987     1.9200     2.0175
     0.6955     2.3511     1.6967     1.7068
     0.9977     2.0577     1.4467     1.4339
     1.2999     1.7370     1.1073     1.0857
     1.5664     1.4255     0.8574     0.7470
     1.7975     0.9586     0.5092     0.3895
     1.9751     0.5926     0.2504     0.1074
     2.1350     0.2085    -0.0887    -0.1653
     2.1617    -0.1937    -0.3296    -0.3721
     2.1528    -0.5317    -0.5259    -0.7010
     2.2061    -0.8148    -0.7667    -1.0017
     2.1528    -1.0248    -0.9184    -1.3211
     2.0995    -1.2986    -1.1503    -1.5559
     1.8152    -1.4719    -1.2840    -1.7344
     1.4954    -1.6452    -1.4535    -1.9222
     1.1488    -1.8093    -1.5694    -1.9503
     0.8555    -1.8823    -1.5872    -1.9409
     0.4821    -1.9005    -1.6674    -1.9222
     0.1888    -1.9826    -1.6496    -1.8095
    -0.0246    -1.9370    -1.5694    -1.7156
    -0.3803    -1.8914    -1.4356    -1.5841
    -0.6471    -1.7273    -1.3732    -1.4432
    -0.9229    -1.5358    -1.1681    -1.2554
    -1.1008    -1.3077    -1.0254    -1.0393
    -1.3232    -1.0887    -0.8024    -0.7668
    -1.5278    -0.7965    -0.6240    -0.4661
    -1.6791    -0.5317    -0.3564    -0.1559
    -1.7592    -0.2942    -0.0798     0.2014
    -1.8037     0.0622     0.2147     0.4836
    -1.7503     0.4188     0.4735     0.8881
    -1.7147     0.8671     0.7502     1.2362
    -1.6702     1.2241     1.0538     1.5939
    -1.5723     1.5446     1.3574     1.8480
    -1.4299     1.9294     1.5985     2.0458
    -1.2520     2.1494     1.7414     2.3094
    -1.0474     2.3694     1.8932     2.4036
    -0.7894     2.5895     1.9826     2.5355
    -0.4248     2.6996     2.0808     2.4884
    -0.1135     2.7088     2.0451     2.3754
     0.1176     2.6996     1.9826     2.2153
     0.4199     2.5253     1.8486     1.9140
     0.7488     2.3236     1.5985     1.6786
     1.0421     2.0760     1.3127     1.4150
     1.3176     1.7095     1.0538     1.0763
     1.5220     1.3523     0.8127     0.6811
     1.7441     0.8854     0.4824     0.3331
     1.9130     0.4646     0.2147     0.0510
     2.0640     0.1262    -0.0709    -0.2123
     2.1173    -0.1937    -0.3385    -0.4473
     2.1173    -0.4952    -0.5705    -0.7574
     2.1173    -0.8331    -0.8024    -1.0111
     2.0906    -1.1160    -1.0076    -1.3117
     2.0107    -1.3077    -1.1503    -1.5559
     1.6908    -1.5266    -1.3465    -1.7532
     1.3976    -1.6999    -1.4891    -1.8658
     1.0688    -1.7820    -1.5961    -1.9879
     0.7666    -1.9188    -1.6764    -2.0630
     0.4555    -1.9279    -1.7031    -2.0630
     0.1443    -1.9279    -1.6853    -2.0536
    -0.1491    -1.9643    -1.6229    -1.8940
    -0.4604    -1.8458    -1.4891    -1.7719
    -0.7272    -1.8276    -1.3108    -1.5653
    -1.0118    -1.6178    -1.1681    -1.3211
    -1.2698    -1.4993    -0.9987    -1.0863
    -1.4922    -1.2256    -0.7935    -0.8702
    -1.6791    -0.9974    -0.5081    -0.5882
    -1.7681    -0.7144    -0.3029    -0.3251
    -1.9104    -0.3764    -0.0173    -0.0242
    -1.9371    -0.0475     0.3039     0.3425
    -1.9460     0.2999     0.5539     0.6811
    -1.9193     0.6018     0.7949     1.0763
    -1.8660     1.0410     1.0627     1.4150
    -1.7414     1.3523     1.3484     1.6786
    -1.5634     1.6637     1.5628     1.9516
    -1.3855     1.8927     1.7592     2.1588
    -1.1808     2.1769     1.8932     2.3565
    -0.9496     2.3969     2.0272     2.3848
    -0.6116     2.5620     2.0138     2.4319
    -0.3270     2.5987     2.0004     2.3189
     0.0021     2.5528     1.9468     2.1305
     0.3043     2.4795     1.8486     1.8951
     0.6599     2.2227     1.6163     1.6598
     0.9266     1.9661     1.4377     1.3492
     1.2377     1.6820     1.1341     1.0010
     1.5042     1.3248     0.9020     0.6529
     1.7708     0.8488     0.5985     0.2861
     1.9663     0.4737     0.3486     0.0134
     2.1262     0.0257     0.0184    -0.2593
     2.1706    -0.2576    -0.2672    -0.4849
     2.1350    -0.5865    -0.4902    -0.7574
     2.1617    -0.8605    -0.7400    -1.0675
     2.1350    -1.1526    -0.9362    -1.2742
     2.1350    -1.3442    -1.0789    -1.5559
     1.8952    -1.5449    -1.2840    -1.7907
     1.5842    -1.7638    -1.3910    -1.9222
     1.2554    -1.8458    -1.5426    -2.0254
     0.8999    -1.9552    -1.6229    -2.0114
     0.5799    -1.9552    -1.6496    -1.9973
     0.2955    -1.9826    -1.6050    -1.9034
     0.0287    -1.9871    -1.5426    -1.7719
    -0.2914    -1.9917    -1.4356    -1.6592
    -0.6116    -1.9643    -1.2662    -1.4714
    -0.8962    -1.7273    -1.1324    -1.2460
    -1.1453    -1.5814    -0.9630    -1.0675
    -1.3054    -1.3259    -0.6865    -0.8044
    -1.4744    -1.0430    -0.4456    -0.5788
    -1.6346    -0.7692    -0.1779    -0.2875
    -1.7325    -0.4860     0.0719     0.0604
    -1.7859    -0.1023     0.3932     0.3425
    -1.8037     0.2359     0.6431     0.7093
    -1.7236     0.6566     0.9109     1.0574
    -1.6969     1.0318     1.1520     1.4056
    -1.5723     1.3431     1.4645     1.6880
    -1.4033     1.7095     1.6878     1.9893
    -1.2787     1.9661     1.8218     2.2059
    -1.0296     2.2502     1.9379     2.3660
    -0.7628     2.4795     2.0719     2.4978
    -0.4693     2.6354     2.0987     2.5166
    -0.1402     2.7363     2.0451     2.4884
     0.1621     2.7363     1.9558     2.2812
     0.4021     2.6354     1.8039     2.0929
     0.7577     2.4244     1.6253     1.8669
     1.0332     2.1585     1.3752     1.5750
     1.3710     1.8561     1.1609     1.2833
     1.6286     1.4713     0.9020     0.8787
     1.8508     1.0044     0.6163     0.5400
     1.9840     0.6475     0.3664     0.2014
     2.0817     0.2268     0.0541    -0.1182
     2.1350    -0.1480    -0.2672    -0.3909
     2.1173    -0.4404    -0.4991    -0.6916
     2.1262    -0.6230    -0.7578    -0.9641
     2.0906    -0.8878    -0.9362    -1.2554
     2.0373    -1.1617    -1.1413    -1.4996
     1.7975    -1.3533    -1.2840    -1.6874
     1.4243    -1.5449    -1.4356    -1.8189
     1.0599    -1.7364    -1.5694    -1.9128
     0.7133    -1.8458    -1.6229    -1.9691
     0.3755    -1.8823    -1.6407    -1.8752
     0.1265    -1.9552    -1.6585    -1.8001
    -0.1936    -1.9598    -1.5872    -1.6968
    -0.5315    -1.9643    -1.4891    -1.5278
    -0.8161    -1.8002    -1.3821    -1.3963
    -1.0385    -1.6908    -1.1770    -1.2272
    -1.2876    -1.4080    -0.9987    -0.9735
    -1.5011    -1.2347    -0.8203    -0.7856
    -1.6791    -0.8878    -0.5973    -0.5600
    -1.8304    -0.6596    -0.2850    -0.2781
    -1.9193    -0.3307     0.0094     0.0980
    -1.9371     0.0439     0.2682     0.3801
    -1.9282     0.3822     0.5003     0.7752
    -1.8838     0.8030     0.8217     1.1515
    -1.7770     1.1875     1.0716     1.4809
    -1.6613     1.4805     1.3752     1.7916
    -1.5367     1.8011     1.6163     2.0269
    -1.3321     2.0944     1.8307     2.3000
    -1.1186     2.3969     1.9558     2.4601
    -0.8873     2.5712     2.0897     2.5637
    -0.5137     2.6354     2.1076     2.5449
    -0.2025     2.6904     2.0987     2.4696
     0.0910     2.6813     2.0094     2.2435
     0.3666     2.5253     1.8396     2.0458
     0.6688     2.3878     1.6342     1.7821
     0.9888     2.1127     1.4467     1.4715
     1.2643     1.7736     1.2413     1.1233
     1.5042     1.4530     0.9199     0.7564
     1.7175     0.9952     0.6520     0.4554
     1.9218     0.6109     0.3396     0.0980
     2.0284     0.2725     0.0541    -0.0994
     2.1350    -0.1297    -0.2761    -0.3909
     2.0817    -0.4586    -0.4902    -0.6728
     2.0773    -0.7326    -0.7132    -0.9829
     2.0729    -0.9061    -0.9630    -1.2178
     1.9840    -1.1708    -1.1859    -1.4057
     1.7975    -1.3351    -1.3465    -1.6405
     1.4954    -1.5631    -1.4445    -1.8095
     1.1577    -1.6999    -1.5605    -1.8846
     0.7755    -1.8367    -1.6853    -1.9503
     0.4555    -1.8823    -1.6764    -1.9128
     0.1443    -1.8914    -1.6585    -1.8471
    -0.1491    -1.9005    -1.6318    -1.7438
    -0.4159    -1.8732    -1.5248    -1.6123
    -0.7450    -1.7364    -1.4089    -1.5090
    -0.9940    -1.6178    -1.2127    -1.3399
    -1.2787    -1.3807    -1.0789    -1.1708
    -1.4833    -1.2438    -0.8649    -0.9923
    -1.6435    -0.9152    -0.6240    -0.7574
    -1.7236    -0.6504    -0.4367    -0.4755
    -1.8037    -0.3764    -0.1869    -0.0900
    -1.8927    -0.0749     0.1344     0.2579
    -1.8571     0.2634     0.4289     0.6059
    -1.8749     0.6018     0.6431     1.0198
    -1.7592     1.0318     0.9556     1.4150
    -1.6702     1.3065     1.2056     1.7445
    -1.5100     1.6087     1.4467     1.9516
    -1.3232     1.9202     1.6342     2.1964
    -1.1097     2.1035     1.8128     2.3754
    -0.8873     2.3144     1.9915     2.4413
    -0.5671     2.4519     1.9915     2.4225
    -0.1847     2.5804     2.0451     2.3283
     0.1087     2.5528     1.9915     2.2059
     0.3755     2.4061     1.8396     1.9799
     0.6955     2.2502     1.7325     1.6598
     0.9977     2.0027     1.5181     1.3868
     1.2732     1.6454     1.3216     1.0857
     1.5842     1.3340     0.9823     0.6999
     1.7264     0.9129     0.7145     0.3613
     1.9663     0.4554     0.4021     0.0322
     2.0640     0.0714     0.0630    -0.2875
     2.1173    -0.2028    -0.2047    -0.5319
     2.1173    -0.5134    -0.4278    -0.8232
     2.0995    -0.7600    -0.6865    -1.1238
     2.0729    -0.9791    -0.9184    -1.3305
     2.0018    -1.2894    -1.0968    -1.5841
     1.8419    -1.5266    -1.2573    -1.7532
     1.5309    -1.7182    -1.3910    -1.9316
     1.1132    -1.8823    -1.4624    -2.0348
     0.8110    -1.9735    -1.5783    -2.0348
     0.4733    -2.0099    -1.5783    -1.9785
     0.1354    -2.0281    -1.6050    -1.9034
    -0.1491    -2.0919    -1.5248    -1.7907
    -0.4693    -1.9735    -1.4089    -1.7344
    -0.7983    -1.8641    -1.3019    -1.5747
    -1.0385    -1.6999    -1.2127    -1.3963
    -1.2876    -1.5631    -0.9808    -1.2084
    -1.4922    -1.2986    -0.7400    -0.9923
    -1.6168    -1.0522    -0.5527    -0.7198
    -1.7325    -0.7874    -0.2582    -0.4003
    -1.8215    -0.5226     0.0184    -0.0430
    -1.8838    -0.0932     0.2504     0.2861
    -1.9016     0.2451     0.5092     0.6529
    -1.8838     0.6201     0.8127     1.0574
    -1.8126     1.0318     1.1163     1.3774
    -1.6613     1.3981     1.3484     1.7257
    -1.5100     1.7186     1.5806     1.9704
    -1.3054     1.9386     1.7950     2.2435
    -1.0741     2.1952     1.9379     2.3754
    -0.8250     2.4519     2.0451     2.5355
    -0.5493     2.5528     2.0987     2.5637
    -0.2025     2.5987     2.1076     2.4413
     0.1265     2.6170     2.0540     2.3189
     0.4288     2.5437     1.9200     2.0552
     0.6866     2.3327     1.8039     1.7821
     0.9888     2.0669     1.5985     1.5374
     1.2465     1.7553     1.3038     1.1609
     1.5487     1.3889     1.0359     0.8410
     1.7530     1.0318     0.7235     0.4271
     1.9130     0.6109     0.3843     0.1544
     2.0551     0.2268     0.0808    -0.1841
     2.1084    -0.1480    -0.2136    -0.4003
     2.0640    -0.4038    -0.4724    -0.6822
     2.0640    -0.7326    -0.7043    -0.9735
     2.0906    -0.9883    -0.9451    -1.2554
     1.9663    -1.1982    -1.1503    -1.4620
     1.7264    -1.5084    -1.3286    -1.6780
     1.3532    -1.6908    -1.4445    -1.8377
     1.0155    -1.8002    -1.5694    -1.8752
     0.7133    -1.9005    -1.6496    -1.9597
     0.3577    -1.9735    -1.6496    -1.9222
     0.0910    -2.0281    -1.6407    -1.8752
    -0.2202    -2.0190    -1.5605    -1.7813
    -0.5493    -1.9279    -1.4624    -1.6311
    -0.7805    -1.8823    -1.3465    -1.4996
    -1.0563    -1.7182    -1.1770    -1.3305
    -1.2520    -1.5449    -0.9451    -1.1614
    -1.4388    -1.2438    -0.7400    -0.8984
    -1.6435    -1.0248    -0.5081    -0.6540
    -1.7236    -0.7326    -0.2582    -0.3627
    -1.7948    -0.4038    -0.0084    -0.0618
    -1.9016    -0.1023     0.2950     0.3143
    -1.8482     0.3182     0.5539     0.7187
    -1.8126     0.6475     0.8306     1.1421
    -1.8037     1.0318     1.0448     1.4621
    -1.6880     1.4072     1.3663     1.7916
    -1.5278     1.7370     1.6431     2.0269
    -1.2965     1.9202     1.7592     2.1964
    -1.1097     2.1769     1.8843     2.4225
    -0.8517     2.4244     1.9826     2.4507
    -0.4693     2.5161     2.1076     2.4507
    -0.1936     2.5345     2.0987     2.3848
     0.0999     2.5528     2.0362     2.2247
     0.4466     2.4428     1.9022     1.9610
     0.7311     2.2502     1.7950     1.6974
     1.0866     1.9935     1.5538     1.4056
     1.3176     1.7095     1.2949     1.0857
     1.5664     1.3797     1.0538     0.7658
     1.8152     0.9861     0.7145     0.4083
     1.9307     0.5835     0.3664     0.0886
     2.0196     0.2085     0.0451    -0.2217
     2.0462    -0.1845    -0.2761    -0.4943
     2.1173    -0.4312    -0.5259    -0.8044
     2.0995    -0.7874    -0.8113    -1.0675
     2.0817    -1.0795    -1.0432    -1.3775
     1.9218    -1.3533    -1.1770    -1.6029
     1.6820    -1.5905    -1.3732    -1.7532
     1.3710    -1.7729    -1.5694    -1.8940
     1.0244    -1.9005    -1.6764    -1.9222
     0.7044    -1.9826    -1.7744    -1.9597
     0.3755    -2.1284    -1.8012    -2.0161
     0.0287    -2.1193    -1.8279    -1.9597
    -0.2914    -2.1102    -1.7209    -1.8846
    -0.5849    -2.1284    -1.6229    -1.7532
    -0.8250    -2.0464    -1.4980    -1.5841
    -1.1453    -1.8549    -1.3554    -1.3869
    -1.3588    -1.6817    -1.1770    -1.1238
    -1.5634    -1.3624    -0.9451    -0.9265
    -1.7058    -1.1617    -0.6775    -0.6352
    -1.8037    -0.7965    -0.4010    -0.4191
    -1.8393    -0.5500    -0.1958    -0.1276
    -1.8660    -0.2028     0.0808     0.2391
    -1.8393     0.2268     0.3753     0.5870
    -1.7948     0.5652     0.6431     0.9445
    -1.7770     0.9220     0.9109     1.3115
    -1.6702     1.2424     1.1609     1.6692
    -1.4566     1.5446     1.4020     1.9045
    -1.3410     1.8378     1.6521     2.1117
    -1.1364     2.0119     1.7771     2.3565
    -0.8606     2.2227     1.9200     2.4884
    -0.5226     2.4061     1.9915     2.4978
    -0.2202     2.4611     2.0272     2.4696
     0.0376     2.4886     2.0183     2.3189
     0.3221     2.4244     1.9290     2.1211
     0.6510     2.3052     1.7771     1.8104
     0.9177     2.0760     1.5985     1.5750
     1.2199     1.8103     1.3127     1.2268
     1.4687     1.4896     1.0895     0.8881
     1.7086     1.1142     0.7770     0.5118
     1.8952     0.6932     0.4824     0.1356
     1.9840     0.3457     0.1701    -0.1370
     2.0729    -0.0840    -0.1333    -0.5037
     2.0373    -0.3856    -0.3921    -0.7292
     2.0373    -0.6687    -0.6151    -1.0299
     2.0640    -0.9335    -0.8738    -1.2554
     1.8774    -1.1343    -1.0343    -1.4432
     1.6908    -1.3442    -1.2038    -1.6123
     1.3710    -1.5814    -1.3465    -1.7625
     1.0599    -1.7546    -1.4891    -1.8752
     0.7311    -1.8002    -1.5872    -1.8846
     0.3755    -1.8732    -1.6942    -1.9034
     0.0465    -1.9279    -1.6853    -1.9034
    -0.1936    -1.9826    -1.6407    -1.8377
    -0.5315    -1.8914    -1.5248    -1.7062
    -0.7805    -1.8093    -1.3732    -1.5559
    -1.0474    -1.7090    -1.2127    -1.3493
    -1.3321    -1.4628    -1.0789    -1.1051
    -1.4566    -1.2438    -0.8559    -0.8420
    -1.6524    -0.9426    -0.5794    -0.5976
    -1.7325    -0.7144    -0.3742    -0.3721
    -1.7770    -0.3856    -0.0976    -0.1276
    -1.8037    -0.1206     0.2325     0.1638
    -1.8037     0.3091     0.4646     0.5776
    -1.7948     0.5835     0.7413     0.9445
    -1.7236     1.0135     1.0538     1.3303
    -1.6257     1.3248     1.3038     1.6786
    -1.4299     1.6270     1.5092     1.9516
    -1.3232     1.8927     1.6967     2.2059
    -1.0563     2.0760     1.8664     2.3942
    -0.8606     2.3052     1.9647     2.5637
    -0.5849     2.4886     2.0808     2.5590
    -0.2914     2.5895     2.1880     2.5543
     0.0287     2.6354     2.1880     2.3848
     0.3310     2.5070     2.0451     2.1870
     0.7044     2.3878     1.8932     1.8857
     0.9799     2.1127     1.6699     1.5845
     1.2910     1.7919     1.4020     1.2174
     1.5220     1.4805     1.0716     0.8693
     1.7441     1.0410     0.7681     0.4648
     1.9041     0.6384     0.4467     0.0604
     2.0018     0.2451     0.1165    -0.2217
     2.0551    -0.0657    -0.1869    -0.5319
     2.0551    -0.3947    -0.4545    -0.7386
     2.1262    -0.6596    -0.6954    -1.0017
     2.0906    -0.9791    -0.8827    -1.2178
     1.9840    -1.2347    -1.1057    -1.4432
     1.7797    -1.4628    -1.2484    -1.6311
     1.4776    -1.6543    -1.4267    -1.7438
     1.1132    -1.7729    -1.5783    -1.8377
     0.7133    -1.8823    -1.6318    -1.9128
     0.3933    -1.8914    -1.6674    -1.9128
     0.0910    -1.9279    -1.6585    -1.9128
    -0.2025    -1.9552    -1.6229    -1.8471
    -0.5137    -1.9917    -1.5070    -1.7156
    -0.7894    -1.8458    -1.4000    -1.4902
    -1.1097    -1.7364    -1.3286    -1.2742
    -1.3677    -1.5266    -1.0968    -1.0393
    -1.5545    -1.2164    -0.9362    -0.8514
    -1.7147    -0.9426    -0.7043    -0.6352
    -1.8037    -0.7235    -0.4724    -0.3909
    -1.8215    -0.4038    -0.1601    -0.0712
    -1.8660    -0.0749     0.1254     0.2673
    -1.8660     0.3274     0.3843     0.5964
    -1.8215     0.6475     0.6610     1.0198
    -1.6791     1.0227     0.9288     1.3868
    -1.5456     1.3706     1.1966     1.7539
    -1.3855     1.7095     1.4288     1.9987
    -1.2164     1.9661     1.6431     2.2718
    -1.0563     2.2044     1.7860     2.4507
    -0.8072     2.3602     1.9111     2.5920
    -0.5048     2.4886     1.9826     2.5732
    -0.1491     2.6079     2.0362     2.5072
     0.1176     2.5804     2.0451     2.3660
     0.4021     2.5804     1.9290     2.1776
     0.7044     2.3419     1.8039     1.8951
     1.0599     2.1860     1.5806     1.5939
     1.3176     1.9019     1.3395     1.2550
     1.5576     1.4805     1.0538     0.9069
     1.7975     1.1600     0.7413     0.5118
     1.9574     0.7664     0.4110     0.1638
     2.1084     0.3731     0.0898    -0.1370
     2.1262    -0.0292    -0.2047    -0.3815
     2.0906    -0.2942    -0.4991    -0.6352
     2.0995    -0.6687    -0.6865    -0.8890
     2.0729    -0.9609    -0.8916    -1.1426
     2.0018    -1.1708    -1.0878    -1.3399
     1.7530    -1.4537    -1.2573    -1.5559
     1.4154    -1.6452    -1.4178    -1.6874
     1.1221    -1.7729    -1.5248    -1.8471
     0.8377    -1.8549    -1.6139    -1.9222
     0.4555    -1.9643    -1.6942    -1.9409
     0.1710    -1.9735    -1.6942    -1.8846
    -0.1313    -2.0281    -1.5961    -1.7907
    -0.4604    -1.9917    -1.5159    -1.6874
    -0.7094    -1.9096    -1.4000    -1.4620
    -0.9762    -1.8276    -1.2573    -1.2742
    -1.2431    -1.5631    -1.1235    -1.0675
    -1.4211    -1.3168    -0.9362    -0.9078
    -1.6257    -1.0248    -0.7311    -0.6916
    -1.7503    -0.8148    -0.4367    -0.4003
    -1.8126    -0.5134    -0.1779    -0.1276
    -1.8037    -0.2576     0.1165     0.1920
    -1.8126     0.1719     0.3932     0.5776
    -1.7236     0.5469     0.7145     0.9822
    -1.6613     0.8396     0.9645     1.3021
    -1.6168     1.2515     1.2413     1.5845
    -1.4299     1.5629     1.4913     1.9140
    -1.2787     1.7645     1.7146     2.1117
    -1.0563     2.0210     1.8575     2.3471
    -0.8161     2.2777     1.9647     2.4413
    -0.5137     2.3878     2.1165     2.4366
    -0.2380     2.5070     2.1791     2.4319
     0.0910     2.5345     2.1433     2.2718
     0.4199     2.4519     1.9915     2.0740
     0.6688     2.2869     1.8664     1.8386
     0.9710     2.1494     1.6967     1.5374
     1.2999     1.8744     1.4824     1.1704
     1.4954     1.5629     1.1698     0.8222
     1.7353     1.1417     0.8841     0.4648
     1.9840     0.8030     0.5271     0.1356
     2.0373     0.4097     0.2593    -0.1653
     2.1173     0.0165    -0.0887    -0.3909
     2.1262    -0.2485    -0.3029    -0.6634
     2.1173    -0.5956    -0.5705    -0.9265
     2.0640    -0.8331    -0.7846    -1.2084
     1.9663    -1.1069    -0.9808    -1.3869
     1.7708    -1.3533    -1.1503    -1.6311
     1.4776    -1.5905    -1.3108    -1.7719
     1.1666    -1.7364    -1.4356    -1.8658
     0.8377    -1.7911    -1.5337    -1.9316
     0.4999    -1.9188    -1.5426    -1.9785
     0.1443    -1.9735    -1.5382    -1.9128
    -0.1491    -1.9188    -1.5337    -1.8095
    -0.4693    -1.9643    -1.4445    -1.6405
    -0.7450    -1.8549    -1.3910    -1.4620
    -1.0741    -1.6726    -1.2216    -1.3117
    -1.3143    -1.5540    -1.0968    -1.1520
    -1.5100    -1.2894    -0.9273    -0.8984
    -1.6168    -0.9974    -0.6954    -0.7386
    -1.7147    -0.7783    -0.4456    -0.4567
    -1.8126    -0.4860    -0.1423    -0.1653
    -1.7948    -0.2302     0.0987     0.1732
    -1.8215     0.0805     0.4289     0.5306
    -1.7147     0.5011     0.7056     0.8975
    -1.7058     0.8854     0.9556     1.2456
    -1.5634     1.2149     1.1966     1.5562
    -1.4033     1.4896     1.4288     1.8857
    -1.2342     1.7553     1.6342     2.0834
    -1.0296     1.9935     1.7771     2.3283
    -0.8250     2.2044     1.9111     2.4413
    -0.5315     2.3878     1.9915     2.4366
    -0.2025     2.5070     2.0004     2.4319
     0.1532     2.5437     2.0094     2.2718
     0.4644     2.4978     1.8932     2.0929
     0.7844     2.3144     1.7682     1.8386
     1.0244     2.1494     1.5896     1.5374
     1.3354     1.8836     1.3395     1.2080
     1.6286     1.5538     1.0627     0.8128
     1.8419     1.0959     0.7502     0.4742
     2.0018     0.7390     0.4557     0.1638
     2.0817     0.3914     0.1879    -0.1747
     2.1528    -0.0383    -0.1423    -0.4379
     2.1706    -0.3307    -0.4278    -0.6728
     2.0995    -0.6139    -0.6508    -0.9641
     2.0906    -0.9426    -0.8649    -1.1896
     1.9485    -1.2164    -1.0522    -1.4620
     1.7530    -1.4172    -1.1681    -1.6499
     1.4509    -1.5722    -1.3643    -1.8001
     1.1043    -1.8185    -1.4802    -1.8846
     0.8022    -1.9370    -1.5783    -1.9879
     0.4377    -2.0281    -1.6318    -1.9973
     0.1799    -2.0646    -1.6139    -1.9316
    -0.1669    -2.0646    -1.5872    -1.8189
    -0.5226    -2.0099    -1.5515    -1.6780
    -0.7717    -1.9005    -1.4445    -1.5372
    -1.0741    -1.7364    -1.2929    -1.3117
    -1.3321    -1.5084    -1.1592    -1.0863
    -1.4744    -1.2894    -0.9273    -0.8702
    -1.6168    -1.0156    -0.6954    -0.7010
    -1.7147    -0.8148    -0.4545    -0.4285
    -1.8393    -0.5500    -0.1601    -0.1370
    -1.8571    -0.1845     0.0987     0.2108
    -1.8393     0.1445     0.3486     0.5306
    -1.7503     0.5194     0.6699     0.8787
    -1.6969     0.8854     0.9466     1.2833
    -1.5812     1.1691     1.1609     1.6504
    -1.4655     1.4988     1.4735     1.9328
    -1.3054     1.7736     1.6789     2.1493
    -1.0919     2.0944     1.7950     2.3848
    -0.7983     2.3327     1.9558     2.4978
    -0.4870     2.5345     2.0362     2.4931
    -0.1847     2.6170     2.0540     2.4884
     0.1176     2.6629     2.0272     2.3660
     0.3755     2.6170     1.9200     2.1493
     0.7044     2.4153     1.7682     1.9045
     1.0066     2.2227     1.5896     1.5845
     1.3176     1.9477     1.3752     1.2927
     1.5753     1.5721     1.0895     0.9445
     1.7353     1.2058     0.7770     0.5494
     1.9574     0.8305     0.4557     0.2202
     2.0107     0.4005     0.1879    -0.0994
     2.0995     0.0257    -0.0976    -0.4191
     2.0906    -0.2576    -0.3564    -0.6634
     2.0817    -0.5956    -0.6151    -0.9735
     2.0284    -0.8148    -0.8292    -1.2272
     1.8685    -1.0978    -1.0254    -1.4057
     1.6997    -1.3442    -1.2216    -1.6217
     1.3976    -1.5905    -1.3554    -1.7250
     1.0688    -1.8093    -1.4802    -1.8564
     0.7755    -1.9005    -1.5694    -1.9503
     0.4021    -2.0373    -1.6229    -1.9597
     0.1354    -2.0373    -1.6139    -1.9222
    -0.1669    -2.0281    -1.6229    -1.8658
    -0.4870    -2.0190    -1.5159    -1.7250
    -0.8072    -1.9096    -1.4000    -1.5653
    -1.0474    -1.7364    -1.2484    -1.3493
    -1.2520    -1.5996    -1.0878    -1.1051
    -1.4566    -1.4080    -0.8827    -0.8984
    -1.6257    -1.1617    -0.6597    -0.6540
    -1.7503    -0.8422    -0.4188    -0.4567
    -1.8037    -0.5408    -0.1512    -0.1559
    -1.8126    -0.2576     0.0898     0.1356
    -1.8037     0.0622     0.3843     0.4930
    -1.7859     0.4920     0.6431     0.8222
    -1.7236     0.7756     0.9645     1.2456
    -1.6079     1.1325     1.2413     1.5845
    -1.4122     1.4622     1.4645     1.8669
    -1.2253     1.7553     1.7146     2.0740
    -0.9851     2.0760     1.9022     2.3471
    -0.7450     2.2961     2.0451     2.4507
    -0.4781     2.5161     2.1701     2.5072
    -0.1224     2.6537     2.2416     2.4790
     0.1621     2.6904     2.2059     2.3000
     0.4199     2.6446     2.0629     2.1117
     0.7577     2.5070     1.8932     1.8951
     1.0599     2.2961     1.6699     1.5656
     1.2643     1.9294     1.4645     1.2456
     1.5753     1.6179     1.1341     0.8975
     1.7619     1.2241     0.8663     0.5212
     1.9396     0.8488     0.5628     0.1920
     2.0640     0.4646     0.2504    -0.0994
     2.0995     0.0348    -0.0887    -0.3909
     2.1262    -0.3125    -0.3207    -0.6728
     2.0551    -0.5408    -0.5794    -0.9829
     2.0196    -0.8422    -0.7757    -1.1896
     1.8952    -1.0339    -0.9630    -1.4432
     1.7441    -1.3168    -1.1859    -1.6405
     1.4332    -1.5084    -1.3554    -1.7344
     1.1221    -1.7638    -1.4624    -1.8940
     0.7399    -1.9279    -1.6229    -1.9597
     0.4110    -2.0008    -1.6318    -1.9879
     0.0999    -2.0054    -1.6407    -1.9128
    -0.1580    -2.0099    -1.6764    -1.8283
    -0.4693    -2.0008    -1.5694    -1.7438
    -0.7717    -1.8367    -1.4535    -1.5372
    -1.0919    -1.7273    -1.3643    -1.3117
    -1.3499    -1.6178    -1.1503    -1.0769
    -1.5545    -1.3807    -0.9808    -0.8984
    -1.6791    -1.1343    -0.7757    -0.6352
    -1.8037    -0.8422    -0.5170    -0.4097
    -1.8749    -0.5956    -0.2850    -0.0806
    -1.9104    -0.1937    -0.0263     0.1920
    -1.9371     0.0988     0.3218     0.4836
    -1.9016     0.4920     0.5717     0.8504
    -1.7859     0.8122     0.9020     1.1986
    -1.6791     1.1417     1.1341     1.5562
    -1.5278     1.4164     1.3842     1.8386
    -1.2965     1.7095     1.6431     2.1211
    -1.1453     1.9844     1.8664     2.2812
    -0.8517     2.2777     1.9915     2.4601
    -0.5493     2.4886     2.1433     2.4790
    -0.2202     2.5987     2.1433     2.4225
     0.0821     2.5895     2.1433     2.3000
     0.3755     2.5804     2.0540     2.1399
     0.7044     2.4519     1.8575     1.8669
     1.0066     2.2135     1.6610     1.6033
     1.2554     1.9294     1.4109     1.2833
     1.5042     1.6179     1.1341     0.8975
     1.7086     1.2332     0.8574     0.5588
     1.8952     0.8671     0.6074     0.1638
     2.0284     0.4737     0.2861    -0.1182
     2.0462     0.0165     0.0184    -0.4097
     2.0817    -0.2668    -0.2850    -0.7292
     2.0995    -0.6139    -0.5348    -0.9641
     2.0817    -0.8696    -0.7221    -1.2084
     1.9840    -1.0978    -0.9184    -1.4432
     1.7086    -1.3442    -1.1146    -1.5935
     1.4332    -1.5358    -1.3286    -1.6874
     1.1310    -1.7911    -1.4713    -1.8471
     0.7844    -1.9005    -1.5337    -1.9034
     0.4199    -2.0190    -1.6229    -1.9597
     0.0999    -2.0373    -1.6407    -1.9316
    -0.2025    -2.0464    -1.5783    -1.8189
    -0.5226    -1.9279    -1.5070    -1.6311
    -0.8072    -1.8458    -1.4445    -1.4620
    -1.0741    -1.6634    -1.3197    -1.2366
    -1.2876    -1.4810    -1.1235    -1.0111
    -1.4566    -1.2894    -0.9362    -0.8326
    -1.6346    -1.0613    -0.7757    -0.6164
    -1.7058    -0.7692    -0.5437    -0.3815
    -1.8215    -0.5226    -0.2582    -0.0712
    -1.8126    -0.1845    -0.0530     0.2108
    -1.7414     0.2085     0.2950     0.5212
    -1.7147     0.5560     0.5539     0.8975
    -1.6702     0.8854     0.8395     1.2456
    -1.5278     1.1417     1.0806     1.5845
    -1.4122     1.4805     1.3931     1.8857
    -1.2431     1.8011     1.6253     2.1305
    -1.0385     2.0302     1.8128     2.3660
    -0.7983     2.2502     1.9915     2.4696
    -0.5048     2.5070     2.1076     2.4507
    -0.1847     2.6170     2.1433     2.4319
     0.0821     2.5987     2.0808     2.2529
     0.3844     2.6170     2.0183     2.0834
     0.6599     2.4886     1.8754     1.8010
     1.0155     2.2044     1.6431     1.5468
     1.2910     1.9202     1.4109     1.2645
     1.5309     1.6179     1.1520     0.9069
     1.7619     1.2241     0.8752     0.5400
     1.8685     0.8671     0.5628     0.1826
     2.0373     0.4371     0.3129    -0.1465
     2.0640     0.0622     0.0005    -0.3815
     2.0817    -0.2668    -0.2582    -0.6916
     2.0107    -0.5317    -0.4724    -0.9735
     1.9574    -0.8513    -0.7221    -1.2178
     1.8241    -1.1252    -0.9005    -1.4432
     1.6198    -1.3716    -1.0968    -1.6217
     1.3354    -1.5814    -1.2751    -1.7907
     1.0066    -1.7911    -1.4267    -1.8940
     0.7311    -1.9279    -1.5337    -1.9973
     0.3577    -2.0373    -1.5515    -2.0348
     0.0999    -2.0828    -1.5872    -1.9597
    -0.2291    -2.1102    -1.5426    -1.8846
    -0.5315    -2.0646    -1.4624    -1.7250
    -0.8428    -1.9188    -1.3821    -1.5465
    -1.1008    -1.8185    -1.3019    -1.3117
    -1.3143    -1.5996    -1.1592    -1.1520
    -1.5456    -1.4445    -0.9541    -0.9453
    -1.6880    -1.1343    -0.7667    -0.7104
    -1.7948    -0.9061    -0.5170    -0.4379
    -1.8304    -0.5500    -0.2404    -0.1841
    -1.8304    -0.2211    -0.0352     0.1450
    -1.8749     0.0897     0.2593     0.4742
    -1.7948     0.4554     0.5181     0.8693
    -1.7592     0.8213     0.7770     1.2550
    -1.6346     1.0959     1.0984     1.6127
    -1.4388     1.4164     1.3663     1.9422
    -1.2253     1.6820     1.6074     2.1776
    -0.9940     2.0119     1.8396     2.4507
    -0.8072     2.2410     1.9290     2.5732
    -0.5137     2.4061     2.0540     2.6203
    -0.1669     2.5528     2.0362     2.5543
     0.1265     2.5895     2.0362     2.4225
     0.4288     2.5345     1.9826     2.2529
     0.7133     2.4153     1.8218     1.9516
     1.0155     2.2135     1.6699     1.6974
     1.2732     1.9386     1.3752     1.3774
     1.5309     1.6362     1.1252     0.9822
     1.7530     1.3523     0.8752     0.6153
     1.9396     0.9220     0.5628     0.2861
     2.0373     0.5377     0.2593    -0.0524
     2.1262     0.2085     0.0273    -0.3439
     2.1262    -0.1389    -0.2582    -0.5976
     2.0729    -0.4404    -0.4724    -0.8984
     2.0906    -0.6596    -0.7400    -1.1051
     2.0018    -0.9974    -0.9451    -1.3211
     1.7708    -1.1982    -1.1057    -1.5559
     1.4954    -1.4719    -1.2662    -1.6874
     1.1132    -1.6634    -1.4445    -1.8095
     0.7844    -1.8914    -1.5070    -1.9316
     0.4999    -2.0190    -1.6139    -1.9691
     0.1799    -2.0464    -1.6318    -1.9222
    -0.1313    -2.0555    -1.5605    -1.8001
    -0.5048    -2.0646    -1.5515    -1.6874
    -0.7983    -1.9096    -1.4000    -1.5184
    -1.0741    -1.8276    -1.2929    -1.3775
    -1.3410    -1.5814    -1.1592    -1.1332
    -1.5367    -1.3898    -0.9541    -0.9453
    -1.6969    -1.0704    -0.8024    -0.6916
    -1.8126    -0.8239    -0.5705    -0.4849
    -1.8393    -0.5408    -0.3029    -0.1747
    -1.9193    -0.2120    -0.0352     0.1826
    -1.8838     0.1262     0.2772     0.5400
    -1.8393     0.4188     0.5449     0.8504
    -1.8126     0.7207     0.7859     1.2550
    -1.6880     1.0776     1.1163     1.5750
    -1.5011     1.3889     1.4109     1.9234
    -1.2698     1.6728     1.6253     2.2059
    -1.0474     1.9111     1.8396     2.4225
    -0.8339     2.2044     1.9468     2.5355
    -0.4959     2.3969     2.0451     2.5308
    -0.2202     2.5161     2.1344     2.5261
     0.0910     2.5116     2.0897     2.3848
     0.3755     2.5070     2.0272     2.1493
     0.6510     2.3694     1.8932     1.9516
     1.0066     2.2135     1.7235     1.6786
     1.2732     1.9294     1.4377     1.3209
     1.5487     1.6087     1.1698     1.0010
     1.7619     1.3340     0.9288     0.6341
     1.8774     0.9037     0.6163     0.2485
     2.0551     0.5743     0.3664     0.0040
     2.0551     0.2176     0.0451    -0.2781
     2.0906    -0.0840    -0.2315    -0.5882
     2.0551    -0.4038    -0.5348    -0.8796
     1.9751    -0.6778    -0.7043    -1.1332
     1.8419    -1.0248    -0.9719    -1.3493
     1.6109    -1.3077    -1.1949    -1.4996
     1.3887    -1.5449    -1.3108    -1.6686
     1.0510    -1.7364    -1.5070    -1.8377
     0.7755    -1.9188    -1.5694    -1.8846
     0.4466    -2.0555    -1.6407    -1.9409
     0.1621    -2.1011    -1.6318    -1.9034
    -0.1580    -2.0555    -1.6496    -1.8095
    -0.4515    -2.0099    -1.5872    -1.7438
    -0.8072    -1.8914    -1.4445    -1.5559
    -1.0385    -1.7820    -1.2840    -1.3211
    -1.2609    -1.6087    -1.1592    -1.0957
    -1.5011    -1.3533    -0.9719    -0.9078
    -1.6524    -1.1069    -0.7935    -0.7480
    -1.7948    -0.8057    -0.5259    -0.5037
    -1.8393    -0.5226    -0.2939    -0.2029
    -1.8215    -0.2394    -0.0352     0.1450
    -1.8393     0.1811     0.1968     0.5024
    -1.7414     0.5103     0.4735     0.8504
    -1.6791     0.8030     0.7770     1.2174
    -1.4833     1.0684     1.0181     1.5939
    -1.3766     1.3614     1.3038     1.9045
    -1.1364     1.6728     1.6074     2.1399
    -0.9496     1.8927     1.7950     2.3189
    -0.7094     2.1219     1.9022     2.4319
    -0.4070     2.3602     2.0183     2.4790
    -0.0958     2.4519     2.0540     2.4601
     0.1621     2.4703     2.0406     2.3000
     0.4555     2.4886     2.0272     2.0740
     0.7666     2.3694     1.9022     1.8575
     1.0155     2.1402     1.7414     1.5845
     1.3354     1.9111     1.4735     1.2550
     1.5220     1.6087     1.2056     0.8881
     1.7619     1.3431     0.9199     0.5682
     1.9130     0.9861     0.6163     0.1732
     2.0284     0.6018     0.3307    -0.0806
     2.0995     0.2268     0.0630    -0.3815
     2.0640    -0.1389    -0.1958    -0.6352
     2.0729    -0.4221    -0.4545    -0.9829
     1.9929    -0.7509    -0.7400    -1.2084
     1.8774    -1.0065    -0.9273    -1.3869
     1.6908    -1.3259    -1.1503    -1.5747
     1.3976    -1.5540    -1.3286    -1.7250
     1.0688    -1.7638    -1.4178    -1.8564
     0.8022    -1.9005    -1.5248    -1.9222
     0.4466    -2.0828    -1.6050    -1.9597
     0.1176    -2.0373    -1.6585    -1.9128
    -0.1936    -2.0828    -1.6229    -1.7907
    -0.4515    -2.0464    -1.6050    -1.6686
    -0.7717    -1.9096    -1.4535    -1.4808
    -1.0919    -1.7820    -1.3465    -1.2742
    -1.3499    -1.6178    -1.2038    -1.1238
    -1.5456    -1.3351    -1.0076    -0.8796
    -1.6880    -1.1069    -0.8559    -0.6634
    -1.7592    -0.8057    -0.6062    -0.4191
    -1.7948    -0.5317    -0.3653    -0.1747
    -1.8571    -0.2028    -0.1690     0.1544
    -1.8304     0.1536     0.1254     0.5024
    -1.7592     0.4554     0.3664     0.9445
    -1.7147     0.7756     0.6788     1.2927
    -1.5901     1.0593     0.9556     1.6315
    -1.4388     1.4164     1.2859     1.8669
    -1.2609     1.6087     1.5985     2.1305
    -0.9940     1.9019     1.7592     2.3660
    -0.7361     2.0485     1.9647     2.5072
    -0.4870     2.2410     2.0987     2.5072
    -0.1936     2.3878     2.1701     2.4413
     0.1265     2.4978     2.1701     2.3283
     0.4199     2.5437     2.1076     2.1117
     0.7933     2.4428     1.9290     1.8198
     1.0866     2.2410     1.7950     1.5562
     1.3532     1.9569     1.5270     1.2080
     1.6109     1.6912     1.3127     0.8693
     1.8863     1.3889     0.9734     0.5212
     2.0196     1.0044     0.6699     0.1544
     2.0640     0.6292     0.4110    -0.1276
     2.1173     0.2725     0.1522    -0.3909
     2.0995    -0.1297    -0.1779    -0.6728
     2.0729    -0.4312    -0.4099    -0.9829
     2.0551    -0.7326    -0.6597    -1.2272
     1.9663    -1.0339    -0.9095    -1.3963
     1.7353    -1.2986    -1.1146    -1.6405
     1.4332    -1.5722    -1.3108    -1.7532
     1.1221    -1.8276    -1.4089    -1.9222
     0.8022    -1.9461    -1.4802    -1.9597
     0.4555    -2.1011    -1.5605    -2.0067
     0.1977    -2.1740    -1.6318    -1.9597
    -0.1047    -2.1375    -1.6139    -1.8752
    -0.4337    -2.1831    -1.6139    -1.7250
    -0.7628    -2.1011    -1.4891    -1.5747
    -1.0207    -1.9643    -1.3465    -1.3681
    -1.2431    -1.7455    -1.2394    -1.1520
    -1.4922    -1.5175    -1.1057    -0.9078
    -1.6168    -1.1708    -0.9273    -0.7292
    -1.7503    -0.8878    -0.6865    -0.4849
    -1.7681    -0.5226    -0.4456    -0.1653
    -1.8304    -0.2485    -0.1690     0.1544
    -1.8393     0.0805     0.1076     0.5400
    -1.7414     0.4463     0.4200     0.9257
    -1.7414     0.7664     0.7502     1.2833
    -1.5990     1.1051     0.9913     1.6504
    -1.4744     1.3981     1.3038     1.9140
    -1.3054     1.6454     1.5896     2.2247
    -1.0563     1.9202     1.8396     2.4130
    -0.7894     2.1494     1.9468     2.5355
    -0.4781     2.3419     2.0719     2.5732
    -0.1402     2.5253     2.1255     2.5826
     0.1621     2.5712     2.0808     2.3942
     0.4555     2.5987     2.0094     2.1588
     0.7755     2.4795     1.8843     1.8951
     1.0510     2.2869     1.7503     1.6409
     1.3265     2.0669     1.4824     1.2833
     1.6198     1.8194     1.2145     0.9728
     1.8330     1.4530     0.9823     0.5494
     2.0640     1.1234     0.6610     0.2297
     2.1173     0.6749     0.4021    -0.0900
     2.1439     0.3640     0.0898    -0.3157
     2.1262    -0.0018    -0.2315    -0.6258
     2.1084    -0.3033    -0.4902    -0.8984
     2.1173    -0.6778    -0.7400    -1.1520
     1.9840    -0.9609    -0.9451    -1.3211
     1.7797    -1.2803    -1.1146    -1.5372
     1.5042    -1.5266    -1.2929    -1.6874
     1.1488    -1.6999    -1.4178    -1.8377
     0.8377    -1.8914    -1.4891    -1.8940
     0.4644    -2.0008    -1.5961    -1.9222
     0.1888    -2.1011    -1.6139    -1.8752
    -0.1580    -2.1466    -1.6318    -1.8283
    -0.4959    -2.0919    -1.5605    -1.7625
    -0.7272    -2.0555    -1.4713    -1.6029
    -0.9851    -1.9461    -1.3910    -1.3681
    -1.2342    -1.7090    -1.2127    -1.1708
    -1.4744    -1.5084    -1.0700    -0.9829
    -1.6346    -1.1434    -0.8738    -0.7856
    -1.6969    -0.8513    -0.6419    -0.5413
    -1.7503    -0.5591    -0.3385    -0.2405
    -1.7859    -0.1754    -0.0530     0.1544
    -1.8126     0.1354     0.1879     0.5212
    -1.7948     0.4737     0.4467     0.8599
    -1.6791     0.7756     0.7413     1.2739
    -1.5812     1.0135     1.0538     1.5845
    -1.4033     1.3156     1.3306     1.8951
    -1.2253     1.6545     1.6163     2.1305
    -1.0029     1.8744     1.7682     2.3754
    -0.7894     2.1494     1.9558     2.5072
    -0.4781     2.3236     2.0451     2.5166
    -0.1135     2.4519     2.1255     2.4696
     0.1710     2.4886     2.1165     2.2906
     0.4821     2.4795     2.0451     2.0740
     0.7755     2.4061     1.9647     1.8480
     1.0510     2.2410     1.7592     1.5562
     1.3621     1.9752     1.5717     1.2456
     1.6375     1.7370     1.2949     0.8599
     1.8152     1.3614     0.9913     0.5118
     1.9929     1.0684     0.6877     0.2108
     2.0729     0.6384     0.3575    -0.0430
     2.1262     0.3182     0.0987    -0.3063
     2.0995    -0.0932    -0.2226    -0.6164
     2.0462    -0.3399    -0.4724    -0.9078
     2.0107    -0.7235    -0.6865    -1.1520
     1.9041    -0.9426    -0.9273    -1.3681
     1.6286    -1.2164    -1.0789    -1.5653
     1.3621    -1.5175    -1.2662    -1.6968
     1.0955    -1.6452    -1.3554    -1.8471
     0.7844    -1.8458    -1.4356    -1.8846
     0.4555    -1.9643    -1.5426    -1.8940
     0.1265    -2.0190    -1.5605    -1.8564
    -0.1758    -2.0373    -1.5694    -1.8377
    -0.4693    -2.0555    -1.5515    -1.6686
    -0.7983    -2.0008    -1.4535    -1.5747
    -1.0563    -1.9005    -1.3732    -1.3117
    -1.3143    -1.6908    -1.2216    -1.1051
    -1.5189    -1.4263    -1.0343    -0.8984
    -1.6880    -1.1708    -0.8113    -0.7386
    -1.7681    -0.8331    -0.5794    -0.4473
    -1.8215    -0.4495    -0.3207    -0.1935
    -1.8215    -0.1389    -0.0441     0.1826
    -1.8126     0.1262     0.1968     0.5306
    -1.7503     0.4737     0.4557     0.9633
    -1.6791     0.7756     0.7324     1.2833
    -1.5723     1.0410     1.0091     1.6504
    -1.4388     1.3156     1.3127     1.8951
    -1.2609     1.5629     1.5538     2.1776
    -1.0652     1.8561     1.7950     2.3377
    -0.7983     2.0669     1.9558     2.4978
    -0.5404     2.2227     2.0183     2.5355
    -0.2114     2.3969     2.1523     2.4413
     0.0732     2.4611     2.1612     2.3189
     0.3844     2.4336     2.1255     2.0646
     0.7488     2.3969     1.9558     1.8010
     1.0599     2.1769     1.8218     1.5092
     1.2910     1.9569     1.5449     1.1798
     1.5753     1.7278     1.2859     0.8693
     1.8330     1.3981     0.9556     0.5400
     2.0196     1.0318     0.6788     0.2014
     2.0817     0.6201     0.3843    -0.1182
     2.0729     0.2725     0.0630    -0.3345
     2.1084    -0.0932    -0.1690    -0.5694
     2.1084    -0.3581    -0.4634    -0.8420
     2.0284    -0.7144    -0.6508    -1.1145
     1.8952    -0.9700    -0.8559    -1.3681
     1.6731    -1.2347    -1.1146    -1.5935
     1.4598    -1.4719    -1.2305    -1.7156
     1.1666    -1.6452    -1.4267    -1.8189
     0.8110    -1.8549    -1.5070    -1.8940
     0.4555    -1.8914    -1.5694    -1.9409
     0.2066    -2.0190    -1.5961    -1.8752
    -0.1135    -2.0281    -1.6139    -1.7907
    -0.4337    -2.0373    -1.6050    -1.6686
    -0.8072    -1.9826    -1.4980    -1.5090
    -1.0385    -1.8367    -1.3643    -1.3587
    -1.3499    -1.6452    -1.2394    -1.1708
    -1.5278    -1.4445    -1.0878    -0.9453
    -1.6613    -1.1343    -0.8649    -0.6634
    -1.7503    -0.7965    -0.5705    -0.4191
    -1.8393    -0.5408    -0.3385    -0.1465
    -1.8482    -0.1937    -0.0530     0.2202
    -1.8304     0.2542     0.1879     0.5776
    -1.7948     0.5743     0.4557     0.9728
    -1.7058     0.8671     0.7502     1.3397
    -1.5901     1.1051     1.0002     1.6786
    -1.4477     1.4164     1.3038     1.9234
    -1.2342     1.6362     1.5538     2.1776
    -1.0207     1.8927     1.8128     2.3848
    -0.7717     2.0760     1.9647     2.5355
    -0.5048     2.2502     2.0719     2.5826
    -0.1936     2.3878     2.1970     2.4696
     0.1443     2.4795     2.2059     2.3094
     0.4110     2.5253     2.1612     2.0552
     0.7577     2.4061     2.0540     1.8480
     1.0155     2.2227     1.8396     1.5468
     1.3265     2.0485     1.5717     1.2550
     1.5664     1.8011     1.3216     0.8975
     1.8330     1.4438     0.9823     0.5588
     2.0018     1.0776     0.7056     0.1638
     2.1173     0.6292     0.4378    -0.0994
     2.1528     0.3365     0.0898    -0.3251
     2.1350    -0.0840    -0.1601    -0.5976
     2.0906    -0.3307    -0.4278    -0.9171
     2.0373    -0.6961    -0.6865    -1.1708
     1.9307    -0.9883    -0.8916    -1.4151
     1.6820    -1.1982    -1.1057    -1.5841
     1.4509    -1.4354    -1.2751    -1.7344
     1.1488    -1.6270    -1.4267    -1.7907
     0.8022    -1.8185    -1.5248    -1.8283
     0.5266    -1.9096    -1.5426    -1.8564
     0.2154    -1.9826    -1.6407    -1.7813
    -0.1135    -2.0828    -1.6139    -1.7907
    -0.4781    -2.0373    -1.6139    -1.6968
    -0.7272    -2.0190    -1.5159    -1.5090
    -1.0385    -1.8823    -1.3821    -1.3117
    -1.2698    -1.6726    -1.2662    -1.0863
    -1.4477    -1.4719    -1.0789    -0.8514
    -1.6257    -1.1434    -0.8827    -0.6070
    -1.7414    -0.8148    -0.6062    -0.3721
    -1.8304    -0.5317    -0.3564    -0.0524
    -1.7859    -0.1754    -0.1155     0.2767
    -1.7859     0.2085     0.2236     0.6341
    -1.7414     0.6018     0.4378     0.9445
    -1.6435     0.9037     0.7413     1.3303
    -1.5367     1.1508     1.0002     1.6409
    -1.4477     1.4438     1.2949     1.9422
    -1.2787     1.7370     1.5538     2.2247
    -1.0385     1.9019     1.7592     2.4413
    -0.8161     2.0944     1.9111     2.5920
    -0.5404     2.2961     2.0183     2.6203
    -0.2291     2.4428     2.0897     2.5826
     0.0643     2.4978     2.1433     2.4225
     0.4021     2.5161     2.0987     2.2435
     0.7399     2.4703     1.9647     1.9799
     1.0777     2.3144     1.8218     1.6692
     1.3176     2.0485     1.5449     1.3397
     1.5753     1.8561     1.3127     0.9539
     1.8774     1.4438     1.0002     0.6059
     2.0373     1.1325     0.7056     0.2955
     2.0729     0.7207     0.4200     0.0134
     2.1084     0.4097     0.0808    -0.2969
     2.1706     0.0074    -0.1512    -0.5788
     2.1350    -0.2942    -0.4456    -0.8702
     2.0107    -0.6048    -0.6151    -1.1520
     1.8774    -0.9152    -0.8649    -1.3587
     1.7175    -1.1708    -1.0165    -1.5653
     1.3976    -1.4080    -1.2305    -1.7532
     1.1132    -1.6634    -1.3732    -1.8846
     0.7755    -1.7455    -1.4535    -1.9503
     0.4733    -1.9005    -1.5337    -1.9409
     0.2243    -2.0099    -1.5605    -1.9222
    -0.1224    -2.0555    -1.6496    -1.8471
    -0.3892    -2.0464    -1.6229    -1.7719
    -0.7361    -2.0008    -1.5070    -1.6311
    -1.0029    -1.8732    -1.4356    -1.3681
    -1.1897    -1.6999    -1.2305    -1.1332
    -1.4122    -1.4993    -1.1146    -0.9265
    -1.5723    -1.1434    -0.8738    -0.7292
    -1.6613    -0.8605    -0.6865    -0.5225
    -1.7236    -0.6048    -0.4099    -0.2029
    -1.7859    -0.3216    -0.1333     0.1074
    -1.7770     0.0439     0.1790     0.4554
    -1.6880     0.3914     0.4200     0.8128
    -1.6257     0.7939     0.7145     1.2362
    -1.5100     1.0868     0.9913     1.5468
    -1.3944     1.3614     1.2502     1.8763
    -1.2342     1.6362     1.5092     2.1211
    -1.0385     1.9019     1.7057     2.3754
    -0.7983     2.0485     1.8664     2.4601
    -0.5226     2.2044     2.0540     2.5072
    -0.1491     2.3511     2.1344     2.4413
     0.1621     2.4611     2.2327     2.3660
     0.4555     2.5070     2.1880     2.1399
     0.7399     2.4795     2.0719     1.9516
     1.0421     2.2777     1.8664     1.6315
     1.3621     2.0852     1.6253     1.3209
     1.5842     1.8011     1.4020     0.9916
     1.8063     1.4988     1.0448     0.6717
     1.9840     1.1325     0.7592     0.3237
     2.1262     0.7664     0.4557     0.0228
     2.1439     0.3822     0.1254    -0.2687
     2.1439     0.0074    -0.1066    -0.5225
     2.0551    -0.3307    -0.4099    -0.8326
     2.0373    -0.5774    -0.5794    -1.1145
     1.8863    -0.9061    -0.8470    -1.3775
     1.6553    -1.1526    -1.0343    -1.6311
     1.3798    -1.4263    -1.2394    -1.7438
     1.0599    -1.6543    -1.3821    -1.8189
     0.7311    -1.7729    -1.4267    -1.8752
     0.4021    -1.8914    -1.5426    -1.9222
     0.0999    -2.0099    -1.5694    -1.9316
    -0.1847    -2.0646    -1.5738    -1.8940
    -0.4515    -2.0646    -1.5783    -1.7719
    -0.7539    -2.0737    -1.5337    -1.5747
    -1.0207    -1.9461    -1.4713    -1.3681
    -1.2698    -1.7638    -1.2840    -1.1708
    -1.5100    -1.5358    -1.1413    -0.9359
    -1.6791    -1.2621    -0.9273    -0.7574
    -1.7236    -0.9518    -0.7400    -0.5319
    -1.7948    -0.7052    -0.4456    -0.2781
    -1.8215    -0.3490    -0.2047     0.0228
    -1.7859    -0.0200     0.0987     0.3613
    -1.7770     0.3457     0.3932     0.7093
    -1.6880     0.6566     0.6253     1.1045
    -1.5723     1.0501     0.9466     1.4903
    -1.4299     1.3706     1.1788     1.8010
    -1.2164     1.6362     1.4288     2.0269
    -1.0029     1.8378     1.6521     2.2718
    -0.7628     2.0210     1.8396     2.4130
    -0.3981     2.2227     2.0272     2.4601
    -0.0869     2.3052     2.0987     2.4601
     0.1710     2.4061     2.1344     2.3283
     0.5355     2.4107     2.1165     2.1493
     0.8555     2.4153     1.9915     1.8669
     1.1399     2.3144     1.7950     1.5750
     1.4420     2.0760     1.5806     1.3021
     1.6464     1.7645     1.3306     1.0104
     1.9130     1.4347     1.0359     0.6623
     2.0373     1.1051     0.6967     0.3237
     2.0995     0.6566     0.4289     0.0134
     2.1350     0.3457     0.1254    -0.2969
     2.1617    -0.0657    -0.1958    -0.5319
     2.1439    -0.3033    -0.3921    -0.8232
     2.0640    -0.6139    -0.6062    -1.1520
     1.8685    -0.8696    -0.8649    -1.3963
     1.6642    -1.1343    -1.0522    -1.5841
     1.3887    -1.4080    -1.1770    -1.7344
     1.0688    -1.5996    -1.3465    -1.8095
     0.7933    -1.8276    -1.4624    -1.8658
     0.4377    -1.9461    -1.4980    -1.9034
     0.1176    -2.0008    -1.5515    -1.8658
    -0.1936    -2.0555    -1.6139    -1.7907
    -0.4515    -2.0555    -1.5694    -1.6780
    -0.7717    -2.0008    -1.5070    -1.5184
    -1.0385    -1.8914    -1.3910    -1.3023
    -1.3143    -1.6908    -1.3019    -1.0769
    -1.5011    -1.5175    -1.1057    -0.8608
    -1.6435    -1.2621    -0.8738    -0.6352
    -1.7859    -0.9791    -0.6329    -0.4473
    -1.8571    -0.6322    -0.4278    -0.1841
    -1.9016    -0.3581    -0.1512     0.0698
    -1.8838     0.0531     0.1611     0.4177
    -1.8660     0.4188     0.4110     0.7846
    -1.7325     0.7664     0.6877     1.1986
    -1.6969     1.0684     0.9020     1.5374
    -1.4744     1.3523     1.1698     1.8386
    -1.3321     1.5904     1.4645     2.0646
    -1.1008     1.9019     1.6253     2.3377
    -0.8428     2.0485     1.7860     2.4130
    -0.4959     2.1952     1.9200     2.4036
    -0.1313     2.3236     2.0094     2.3942
     0.1710     2.4978     2.0094     2.3283
     0.4555     2.4978     2.0094     2.0834
     0.8022     2.4428     1.9290     1.8669
     1.1399     2.2594     1.7503     1.5562
     1.4243     2.1035     1.5360     1.2833
     1.6997     1.8103     1.3127     0.9539
     1.9130     1.4622     1.0002     0.5682
     2.0640     1.0593     0.7145     0.2297
     2.1528     0.7390     0.3843    -0.0712
     2.1439     0.3640     0.0808    -0.2781
     2.1173     0.0074    -0.1958    -0.5694
     2.0906    -0.3125    -0.4545    -0.8326
     2.0551    -0.5408    -0.6419    -1.1426
     1.9396    -0.8057    -0.8916    -1.3775
     1.7264    -1.1069    -1.0611    -1.5747
     1.4598    -1.3442    -1.2216    -1.6780
     1.2110    -1.5449    -1.3375    -1.7907
     0.8999    -1.8002    -1.4980    -1.8283
     0.5622    -1.8732    -1.5337    -1.8846
     0.2154    -1.9461    -1.5694    -1.8658
    -0.0691    -2.0555    -1.5961    -1.8001
    -0.3892    -2.0008    -1.5159    -1.6217
    -0.6827    -1.9735    -1.4713    -1.4526
    -0.9673    -1.8458    -1.3910    -1.2084
    -1.1986    -1.6543    -1.2662    -1.0675
    -1.4122    -1.4719    -1.0789    -0.8514
    -1.5901    -1.2164    -0.8738    -0.6258
    -1.6791    -0.9335    -0.6954    -0.4379
    -1.7414    -0.6596    -0.3921    -0.2123
    -1.7948    -0.3216    -0.1869     0.0510
    -1.8304     0.0348     0.1433     0.3895
    -1.7859     0.3822     0.3664     0.7752
    -1.6791     0.7024     0.6610     1.1233
    -1.5723     1.0318     0.9020     1.4997
    -1.4299     1.3523     1.1877     1.8104
    -1.2609     1.6454     1.4199     2.0646
    -0.9762     1.8561     1.6610     2.3000
    -0.7539     2.0302     1.8396     2.4225
    -0.4693     2.2135     1.9915     2.4790
    -0.1047     2.2869     2.0540     2.4696
     0.1265     2.4061     2.0719     2.3565
     0.4555     2.4336     2.0272     2.1399
     0.7133     2.4336     1.9379     1.9045
     0.9977     2.2502     1.7682     1.6221
     1.2999     2.1402     1.5806     1.2739
     1.5220     1.8836     1.3216     0.9916
     1.7886     1.5812     0.9823     0.6059
     1.9485     1.1417     0.7235     0.2673
     2.0196     0.8213     0.3932    -0.0900
     2.0817     0.3822     0.0808    -0.3439
     2.0906     0.0074    -0.2047    -0.6352
     2.0729    -0.3216    -0.4367    -0.8702
     1.9574    -0.5043    -0.6151    -1.1614
     1.7797    -0.8239    -0.8649    -1.3963
     1.5842    -1.0613    -1.0611    -1.5653
     1.3798    -1.2986    -1.2484    -1.7532
     1.0688    -1.5358    -1.3465    -1.8658
     0.8644    -1.7364    -1.5337    -1.9409
     0.4999    -1.8914    -1.5961    -1.9785
     0.2688    -1.9643    -1.6050    -1.9316
    -0.0513    -1.9735    -1.6050    -1.8095
    -0.3625    -1.9826    -1.5605    -1.7156
    -0.6827    -2.0008    -1.5070    -1.4714
    -0.9673    -1.8276    -1.4089    -1.3023
    -1.2075    -1.7182    -1.2662    -1.0581
    -1.4922    -1.5266    -1.0522    -0.8420
    -1.5812    -1.2712    -0.8381    -0.6446
    -1.7325    -1.0704    -0.6240    -0.4849
    -1.8037    -0.7692    -0.4010    -0.2311
    -1.8660    -0.4038    -0.1333     0.0886
    -1.8304    -0.0749     0.1344     0.4648
    -1.7859     0.2908     0.4110     0.8128
    -1.6791     0.6018     0.6788     1.1892
    -1.6168     0.9403     0.9645     1.5562
    -1.4033     1.2607     1.2413     1.8104
    -1.2253     1.6362     1.4645     2.1211
    -0.9407     1.8927     1.6967     2.3094
    -0.7183     2.0760     1.8843     2.4507
    -0.3803     2.1860     2.0183     2.5072
    -0.0513     2.3419     2.0897     2.4507
     0.1621     2.4336     2.0763     2.3094
     0.4555     2.4061     2.0629     2.1117
     0.8022     2.4153     1.9915     1.8763
     1.0866     2.2594     1.8218     1.6033
     1.3443     2.1035     1.5896     1.2550
     1.5664     1.8561     1.4020     0.9257
     1.8330     1.5812     1.0716     0.5494
     2.0107     1.1417     0.7592     0.2391
     2.0729     0.8122     0.3932    -0.0618
     2.0729     0.3914     0.1165    -0.3439
     2.0906     0.0165    -0.2136    -0.6446
     2.0817    -0.3490    -0.4367    -0.9359
     1.9307    -0.6413    -0.6954    -1.2272
     1.7619    -0.8513    -0.8559    -1.4526
     1.5842    -1.1799    -1.0878    -1.6405
     1.3176    -1.3898    -1.2840    -1.8377
     1.0510    -1.6178    -1.4000    -1.9316
     0.7844    -1.8458    -1.4980    -1.9879
     0.4733    -1.9552    -1.6229    -2.0536
     0.1532    -2.0281    -1.6674    -2.0067
    -0.1758    -2.1011    -1.6853    -1.9128
    -0.4604    -2.0828    -1.6139    -1.7625
    -0.8339    -2.0646    -1.5159    -1.5090
    -1.1097    -1.9735    -1.4178    -1.2929
    -1.3410    -1.8458    -1.2751    -1.0863
    -1.5011    -1.6087    -1.1235    -0.8608
    -1.6613    -1.3442    -0.9005    -0.6634
    -1.7948    -1.0522    -0.6865    -0.4943
    -1.8838    -0.7600    -0.4367    -0.2405
    -1.8927    -0.4860    -0.1601     0.1168
    -1.9016    -0.0932     0.1254     0.4083
    -1.7859     0.2634     0.3843     0.8128
    -1.7325     0.6749     0.6610     1.1798
    -1.5723     0.9952     0.9288     1.5656
    -1.4299     1.3156     1.1698     1.8198
    -1.1808     1.6270     1.4735     2.0834
    -0.9496     1.9019     1.6699     2.3565
    -0.6916     2.0852     1.8754     2.4696
    -0.3625     2.1860     1.9826     2.5449
    -0.0424     2.3602     2.0808     2.5449
     0.2154     2.3969     2.0540     2.3942
     0.4999     2.3969     2.0272     2.1588
     0.8288     2.3786     1.9111     1.9140
     1.0688     2.2410     1.7682     1.6409
     1.3710     2.1219     1.6253     1.3492
     1.6642     1.8286     1.3484     0.9822
     1.8419     1.4988     1.0716     0.6435
     2.0196     1.1966     0.7235     0.2579
     2.0995     0.7664     0.4289    -0.0524
     2.0995     0.4005     0.0808    -0.3063
     2.0640     0.0074    -0.1512    -0.5413
     2.0817    -0.2759    -0.4278    -0.8796
     1.9485    -0.5774    -0.6865    -1.1520
     1.7975    -0.8696    -0.9541    -1.4338
     1.5398    -1.0978    -1.0789    -1.6874
     1.3265    -1.3807    -1.2662    -1.8377
     1.0421    -1.6361    -1.4000    -1.9503
     0.7577    -1.7546    -1.5248    -2.0161
     0.4377    -1.8914    -1.6407    -2.0818
     0.1087    -2.0464    -1.6496    -2.0536
    -0.1847    -2.0373    -1.6452    -1.9503
    -0.4959    -2.0555    -1.6407    -1.7532
    -0.8517    -2.0464    -1.5605    -1.6123
    -1.1097    -2.0099    -1.4445    -1.3211
    -1.3499    -1.8641    -1.3286    -1.1051
    -1.5723    -1.6452    -1.1146    -0.9547
    -1.7058    -1.4263    -0.9541    -0.7668
    -1.8749    -1.1708    -0.7043    -0.5506
    -1.9460    -0.7783    -0.4545    -0.2875
    -1.9549    -0.5134    -0.1958     0.0604
    -1.9193    -0.2028     0.0987     0.3613
    -1.8037     0.1719     0.3396     0.7470
    -1.7681     0.5011     0.5539     1.1139
    -1.6168     0.8762     0.8574     1.4621
    -1.4566     1.1966     1.1520     1.8104
    -1.2253     1.4805     1.4199     2.0364
    -1.0029     1.8103     1.6342     2.3000
    -0.7361     1.9294     1.8575     2.4884
    -0.4248     2.1494     1.9379     2.5449
    -0.0869     2.2135     2.0272     2.4978
     0.1443     2.2869     2.0719     2.4130
     0.4999     2.3327     2.0362     2.2341
     0.7666     2.3511     2.0004     1.9704
     1.0688     2.2227     1.8664     1.6974
     1.3443     2.0485     1.6610     1.3868
     1.6198     1.8744     1.4109     1.0386
     1.8152     1.5904     1.1073     0.6905
     1.9574     1.2790     0.7681     0.3613
     2.0906     0.9037     0.5092     0.0604
     2.0640     0.5194     0.2058    -0.2311
     2.0462     0.1994    -0.0976    -0.4567
     2.0551    -0.1023    -0.4188    -0.7950
     1.9307    -0.4130    -0.6775    -1.0393
     1.8419    -0.6687    -0.8827    -1.3399
     1.5931    -0.9791    -1.0700    -1.5841
     1.3621    -1.2347    -1.2394    -1.7532
     1.0688    -1.4628    -1.4178    -1.8377
     0.7844    -1.6726    -1.5605    -1.8846
     0.5177    -1.8641    -1.6407    -1.9785
     0.1710    -1.9826    -1.6674    -1.9503
    -0.0691    -2.0373    -1.6496    -1.8564
    -0.3892    -2.0464    -1.6407    -1.6780
    -0.7805    -2.0099    -1.5337    -1.4714
    -1.0652    -1.9188    -1.4178    -1.2835
    -1.3944    -1.7820    -1.3197    -1.0863
    -1.5812    -1.5814    -1.1413    -0.8702
    -1.7325    -1.4080    -0.9362    -0.7010
    -1.8838    -1.0887    -0.7043    -0.5037
    -1.9460    -0.7783    -0.4278    -0.2311
    -1.9816    -0.5500    -0.1779     0.0886
    -1.9638    -0.2211     0.0630     0.3895
    -1.9282     0.1994     0.2861     0.8034
    -1.8126     0.5652     0.5628     1.1233
    -1.7147     0.9037     0.8841     1.4809
    -1.4922     1.2515     1.1520     1.7351
    -1.2876     1.5812     1.4467     2.0458
    -1.0474     1.8103     1.6163     2.2812
    -0.7894     1.9661     1.8039     2.4507
    -0.5137     2.1219     1.9200     2.4884
    -0.2025     2.2686     2.0540     2.5072
     0.0999     2.3236     2.1076     2.3660
     0.3755     2.3144     2.1076     2.2153
     0.6688     2.3419     1.9736     1.9893
     0.9444     2.1860     1.8932     1.6786
     1.2821     2.1127     1.6789     1.3680
     1.5309     1.8378     1.4377     1.0198
     1.7353     1.6362     1.1609     0.6999
     1.8685     1.2149     0.7859     0.3237
     2.0462     0.8488     0.4646     0.0040
     2.0729     0.4920     0.1344    -0.2875
     2.0284     0.1354    -0.1155    -0.5319
     2.0018    -0.1297    -0.3742    -0.8702
     1.9396    -0.5043    -0.5705    -1.1238
     1.7708    -0.7326    -0.8292    -1.3587
     1.5220    -1.0248    -1.0522    -1.5841
     1.2732    -1.3351    -1.2662    -1.7344
     0.9888    -1.5084    -1.4267    -1.8658
     0.7311    -1.7455    -1.5070    -1.9409
     0.4555    -1.8823    -1.6229    -1.9785
     0.1176    -1.9735    -1.6496    -1.9785
    -0.1669    -2.0008    -1.6139    -1.9034
    -0.4870    -2.0464    -1.6229    -1.7532
    -0.7983    -2.0373    -1.5159    -1.6029
    -1.1364    -1.9735    -1.4356    -1.3399
    -1.3410    -1.8002    -1.3019    -1.1051
    -1.5723    -1.6270    -1.1235    -0.9359
    -1.7503    -1.3624    -0.9362    -0.7198
    -1.8571    -1.1617    -0.6775    -0.5506
    -1.9104    -0.8057    -0.4724    -0.2875
    -1.9193    -0.5408    -0.2672     0.0698
    -1.9460    -0.2211    -0.0173     0.3707
    -1.8927     0.1994     0.2682     0.7564
    -1.7503     0.5560     0.4914     1.1139
    -1.6079     0.8671     0.8038     1.4150
    -1.4922     1.1783     1.0716     1.7633
    -1.2431     1.5171     1.3306     1.9893
    -1.0385     1.7736     1.5538     2.2059
    -0.7361     1.9569     1.7592     2.4036
    -0.4248     2.0669     1.8664     2.4178
    -0.1047     2.2410     1.9558     2.4319
          3          3          3          3
