    4   2048 0.020000  2016   1  19  20   0
         16         10         11         42
    -1.8991    -1.3135    -0.3071    -0.3735
    -1.8101    -0.9576    -0.1822     0.0213
    -1.7390    -0.5741    -0.0841     0.3505
    -1.5877    -0.1264    -0.0038     0.6703
    -1.3920     0.3216     0.1033     1.0184
    -1.1251     0.6600     0.2461     1.4230
    -0.8137     1.0993     0.3532     1.6301
    -0.4580     1.5022     0.4157     1.8655
    -0.0133     1.9237     0.4960     1.9784
     0.3334     2.2262     0.4871     2.0349
     0.6712     2.4738     0.4960     1.9408
     1.0801     2.5930     0.4692     1.8184
     1.3733     2.5380     0.4960     1.6301
     1.7021     2.2353     0.4603     1.2818
     1.9509     1.9787     0.4335     0.8866
     2.0930     1.6305     0.3175     0.4633
     2.1285     1.2458     0.1212     0.0401
     2.0130     0.7881     0.0141    -0.3359
     1.8176     0.3033    -0.1465    -0.7401
     1.4444    -0.1264    -0.2804    -1.0126
     1.0090    -0.4919    -0.3785    -1.1817
     0.5201    -0.7659    -0.4677    -1.3977
     0.1023    -1.1310    -0.5837    -1.5856
    -0.3246    -1.4413    -0.5837    -1.6889
    -0.5558    -1.5690    -0.6194    -1.7358
    -0.8938    -1.7240    -0.5212    -1.7358
    -1.1695    -1.8882    -0.4588    -1.6419
    -1.4097    -1.8973    -0.3428    -1.4165
    -1.5254    -1.8608    -0.1644    -1.2005
    -1.6233    -1.6693     0.0319    -0.9092
    -1.6767    -1.5051     0.2907    -0.5333
    -1.5610    -1.1767     0.4514    -0.1573
    -1.4809    -0.9028     0.5317     0.2752
    -1.3564    -0.5375     0.6656     0.7361
    -1.1695    -0.1538     0.9066     1.2348
    -0.9027     0.3947     1.1209     1.6960
    -0.5380     0.8156     1.3173     2.0444
    -0.2001     1.2824     1.4245     2.2704
     0.1823     1.7404     1.4602     2.4210
     0.5023     2.1528     1.4245     2.3551
     0.8668     2.5471     1.4423     2.1668
     1.2134     2.6113     1.2191     1.9125
     1.5510     2.5655     0.5763     1.5077
     1.8176     2.3820     0.0141     1.1313
     2.0664     1.9512    -0.5034     0.6515
     2.2440     1.5755    -0.9405     0.2846
     2.2262     1.1817    -1.2437    -0.1197
     2.1552     0.6326    -1.5736    -0.5239
     1.9420     0.1296    -1.8767    -0.7964
     1.6044    -0.2452    -2.0728    -1.0783
     1.1956    -0.5284    -2.1263    -1.2474
     0.6890    -0.8937    -2.1263    -1.3696
     0.1912    -1.1767    -2.0015    -1.5011
    -0.2356    -1.3865    -1.8054    -1.5480
    -0.4491    -1.5325    -1.5201    -1.6231
    -0.7781    -1.6146    -1.0475    -1.5856
    -1.0806    -1.6511    -0.5123    -1.4353
    -1.3030    -1.6511     0.0587    -1.2193
    -1.4898    -1.4869     1.1387    -0.9186
    -1.5610    -1.2862     1.4691    -0.6273
    -1.6055    -1.0306     2.2372    -0.3171
    -1.5788    -0.8115     2.8091    -0.0069
    -1.4453    -0.5193     2.8716     0.3128
    -1.3119    -0.1081     2.8538     0.6985
    -1.1428     0.2759     2.8627     1.0654
    -0.9116     0.6234     2.3891     1.3760
    -0.6269     1.0444     1.9157     1.7337
    -0.2534     1.3648     1.4155     1.9408
     0.0845     1.7312     0.9334     2.0914
     0.4223     2.0428     0.5228     2.0961
     0.7423     2.2812     0.0498     2.1008
     1.1067     2.3912    -0.3517     1.9784
     1.4089     2.3362    -0.7710     1.8090
     1.7732     2.0978    -1.0029     1.4701
     2.0397     1.8320    -1.2169     1.0278
     2.1818     1.5480    -1.4042     0.5668
     2.1374     1.1451    -1.5558     0.1342
     2.0752     0.7241    -1.6449    -0.2889
     1.7554     0.2484    -1.6895    -0.6555
     1.4622    -0.2269    -1.7252    -0.9938
     1.0090    -0.5649    -1.6360    -1.2568
     0.5468    -0.9028    -1.4844    -1.4729
     0.0756    -1.1584    -1.3329    -1.6231
    -0.2890    -1.4778    -1.1367    -1.7922
    -0.5558    -1.6875    -0.9048    -1.8110
    -0.8671    -1.7879    -0.5391    -1.7922
    -1.1517    -1.8243    -0.2358    -1.6138
    -1.3475    -1.8289     0.0141    -1.4071
    -1.5254    -1.8335     0.3264    -1.1911
    -1.6233    -1.5963     0.6388    -0.9280
    -1.6500    -1.3135     0.9602    -0.5615
    -1.6322    -1.0854     1.2637    -0.2137
    -1.5788    -0.7476     1.6031     0.1718
    -1.4364    -0.3000     1.8263     0.6138
    -1.2407     0.1479     1.9335     1.0372
    -1.0539     0.5777     1.9201     1.4701
    -0.7692     1.0902     1.9067     1.7242
    -0.4580     1.5755     1.7460     1.9596
    -0.1023     2.0428     1.5495     2.0820
     0.2356     2.5288     1.3620     2.0255
     0.6090     2.6664     1.0227     1.9408
     0.8757     2.6939     0.6924     1.6772
     1.2311     2.5838     0.3710     1.4418
     1.5422     2.3179    -0.0127     1.0654
     1.8354     1.7679    -0.3607     0.6797
     2.0575     1.2366    -0.5837     0.3223
     2.0752     0.6509    -0.8245    -0.0821
     1.9953     0.0839    -0.9940    -0.5051
     1.7465    -0.4371    -1.0475    -0.8528
     1.4089    -0.8754    -1.0832    -1.0689
     0.9734    -1.2132    -1.1367    -1.3132
     0.5468    -1.4869    -1.1322    -1.4823
     0.0578    -1.6602    -1.1278    -1.6701
    -0.3335    -1.8335    -0.9226    -1.7171
    -0.6092    -1.8517    -0.6907    -1.8110
    -0.9294    -1.9155    -0.4231    -1.7734
    -1.1873    -1.9337    -0.2090    -1.6983
    -1.4097    -1.9337     0.0141    -1.5292
    -1.6589    -1.8335     0.3175    -1.2850
    -1.7479    -1.7149     0.5317    -1.0971
    -1.7479    -1.4321     0.7459    -0.7589
    -1.7212    -1.1949     0.9066    -0.4393
    -1.6856    -0.8115     1.0405    -0.0539
    -1.6055    -0.3914     1.1744     0.3034
    -1.4186     0.0564     1.2102     0.6232
    -1.1962     0.5228     1.2280     0.9619
    -0.9916     1.0261     1.2191     1.3101
    -0.6092     1.4564     1.1030     1.5924
    -0.2979     1.8595     1.0137     1.8090
     0.0845     2.1803     0.9245     1.9690
     0.3779     2.4921     0.7816     1.9879
     0.7423     2.5196     0.6834     1.8749
     1.1512     2.4554     0.4871     1.6301
     1.4444     2.2262     0.3532     1.2160
     1.7288     1.9053     0.2015     0.8302
     1.8798     1.5663     0.0676     0.3787
     1.8976     1.0902    -0.0484    -0.0445
     1.9153     0.6600    -0.1555    -0.4393
     1.6843     0.1113    -0.2179    -0.8058
     1.3378    -0.3457    -0.2625    -1.0126
     0.9290    -0.7659    -0.2759    -1.1817
     0.4401    -1.0763    -0.2893    -1.3226
     0.0311    -1.3227    -0.2715    -1.5104
    -0.4135    -1.5599    -0.2001    -1.5950
    -0.7337    -1.7423    -0.0841    -1.6513
    -0.9916    -1.8426    -0.0216    -1.6419
    -1.3030    -1.9793     0.0587    -1.4447
    -1.5343    -1.9702     0.1836    -1.3226
    -1.7123    -1.9611     0.3086    -1.0877
    -1.7657    -1.7696     0.3978    -0.8058
    -1.7923    -1.5325     0.4871    -0.4863
    -1.8101    -1.1767     0.6477    -0.1761
    -1.7212    -0.7659     0.7013     0.2000
    -1.5521    -0.3274     0.8173     0.5668
    -1.4097     0.0473     0.8441     0.8396
    -1.2496     0.5868     0.7905     1.2254
    -0.9294     1.0078     0.7459     1.5736
    -0.6092     1.4106     0.7013     1.7242
    -0.2001     1.7954     0.6477     1.9031
     0.1111     2.1253     0.6120     1.9690
     0.4934     2.4187     0.5585     1.9879
     0.8045     2.4096     0.4603     1.7996
     1.2667     2.2812     0.4067     1.5830
     1.5688     2.0062     0.2550     1.3195
     1.9242     1.7312     0.1212     0.9901
     2.1552     1.4473    -0.0395     0.5950
     2.1463     1.1268    -0.2179     0.2752
     2.1374     0.7149    -0.3339    -0.0445
     1.8887     0.3216    -0.4142    -0.3359
     1.5066    -0.1081    -0.5123    -0.5803
     1.1067    -0.3822    -0.5748    -0.7589
     0.6268    -0.6106    -0.6551    -0.9468
     0.1467    -0.7932    -0.6818    -1.2193
    -0.3068    -1.0580    -0.6907    -1.3977
    -0.5558    -1.2314    -0.7086    -1.5480
    -0.8404    -1.4413    -0.6194    -1.5480
    -1.0895    -1.5416    -0.4231    -1.4729
    -1.2852    -1.6602    -0.2268    -1.3602
    -1.4898    -1.5963    -0.0395    -1.2286
    -1.5788    -1.4230     0.2282    -0.9562
    -1.6144    -1.2314     0.4603    -0.6179
    -1.6233    -1.0580     0.7905    -0.2701
    -1.4898    -0.8024     1.0405     0.0872
    -1.4008    -0.5010     1.4155     0.4445
    -1.2407    -0.2817     1.6477     0.8866
    -1.0272     0.0656     1.9067     1.2442
    -0.7070     0.4405     2.1747     1.5736
    -0.3512     0.7790     2.1926     1.8560
     0.0311     1.1725     2.0675     2.0820
     0.2890     1.5205     1.8442     2.1291
     0.6445     1.8595     1.4691     2.0444
     1.0445     2.0337     1.0316     1.7996
     1.3556     2.1437     0.5317     1.5171
     1.7909     2.0795     0.1479     1.2254
     2.1197     1.8320    -0.2804     0.7926
     2.2884     1.5389    -0.7175     0.4351
     2.3062     1.0810    -1.0118     0.0966
     2.2351     0.7515    -1.2526    -0.2325
     2.0486     0.2850    -1.5201    -0.6179
     1.6310    -0.1172    -1.6806    -0.8716
     1.2311    -0.5284    -1.8411    -1.0126
     0.7601    -0.7476    -1.9124    -1.2099
     0.2623    -1.0032    -1.8767    -1.3132
    -0.1378    -1.2679    -1.7519    -1.4447
    -0.4580    -1.3500    -1.6271    -1.4447
    -0.6892    -1.4778    -1.4042    -1.4165
    -0.9916    -1.5234    -1.1099    -1.3132
    -1.1962    -1.5325    -0.7799    -1.1535
    -1.3297    -1.4778    -0.3071    -0.9938
    -1.4453    -1.3227     0.2372    -0.7683
    -1.4809    -1.1310     0.8709    -0.4957
    -1.4898    -0.8846     1.4870    -0.2043
    -1.4275    -0.6563     2.2015     0.1530
    -1.3297    -0.3183     2.8091     0.4821
    -1.0895    -0.0076     2.8806     0.8772
    -0.9294     0.5045     2.8716     1.1972
    -0.6092     0.8979     2.8448     1.5171
    -0.3601     1.2549     2.3713     1.7619
    -0.0044     1.6305     1.8085     1.9690
     0.2801     2.0337     1.2905     2.0067
     0.6268     2.3729     0.7638     1.9502
     1.0090     2.5380     0.3710     1.8372
     1.3111     2.5104    -0.1019     1.6301
     1.7199     2.3637    -0.5212     1.3289
     2.1374     2.0428    -0.8245     0.9807
     2.2440     1.6488    -1.1278     0.6515
     2.2529     1.1817    -1.2883     0.2658
     2.2351     0.6966    -1.4220    -0.1479
     2.0930     0.1844    -1.5379    -0.5145
     1.6666    -0.2909    -1.4844    -0.7777
     1.2934    -0.6471    -1.4666    -0.9374
     0.7690    -0.9119    -1.3685    -1.1629
     0.2978    -1.1858    -1.2972    -1.3132
    -0.0667    -1.4413    -1.1278    -1.4635
    -0.3601    -1.6967    -0.9494    -1.6325
    -0.5914    -1.7058    -0.6818    -1.6419
    -0.8849    -1.7423    -0.4053    -1.5762
    -1.1162    -1.7240    -0.1376    -1.5104
    -1.3119    -1.6693     0.1747    -1.3602
    -1.4186    -1.5416     0.4424    -1.0783
    -1.4631    -1.3500     0.7370    -0.7964
    -1.4364    -1.1219     0.9066    -0.3923
    -1.4008    -0.6928     1.0852     0.0025
    -1.2941    -0.2635     1.1655     0.4069
    -1.2140     0.2576     1.2459     0.7549
    -1.0183     0.7698     1.2816     1.1689
    -0.7959     1.2458     1.2816     1.5077
    -0.4935     1.8137     1.2012     1.7996
    -0.2090     2.2628     1.1030     1.9502
     0.1200     2.5563     0.9959     1.9690
     0.4579     2.6756     0.8977     1.9879
     0.8668     2.6756     0.7191     1.8655
     1.1601     2.6205     0.5674     1.5736
     1.5333     2.2812     0.4067     1.2536
     1.9420     1.7954     0.2282     0.8584
     2.1907     1.3190     0.0051     0.4257
     2.2707     0.8156    -0.1912     0.0684
     2.2262     0.2850    -0.3696    -0.3359
     1.9597    -0.2635    -0.4677    -0.6837
     1.6044    -0.7385    -0.6105    -0.9656
     1.1689    -1.1401    -0.7443    -1.0783
     0.7779    -1.3956    -0.8870    -1.2944
     0.2445    -1.6055    -0.9761    -1.5104
    -0.1023    -1.8517    -0.9940    -1.6607
    -0.4491    -1.9246    -0.9583    -1.8297
    -0.7426    -1.9064    -0.8513    -1.9236
    -1.0361    -1.8699    -0.7086    -1.8861
    -1.2407    -1.7970    -0.6640    -1.7358
    -1.4275    -1.7696    -0.5391    -1.5950
    -1.5788    -1.5690    -0.3250    -1.3132
    -1.6144    -1.4413    -0.1019    -0.9656
    -1.6233    -1.1675     0.1033    -0.5333
    -1.6233    -0.8846     0.2996    -0.0915
    -1.4987    -0.4919     0.5852     0.2752
    -1.4186    -0.1172     0.8620     0.7079
    -1.2407     0.3124     1.1834     1.1125
    -0.9649     0.8430     1.5584     1.4795
    -0.7692     1.2458     1.7281     1.7713
    -0.3779     1.6671     1.9067     1.9125
    -0.0489     2.1070     1.9782     2.0349
     0.2712     2.3362     1.8442     2.0349
     0.6357     2.4554     1.6209     1.8937
     0.9734     2.4096     1.3887     1.6489
     1.2934     2.1712     1.0673     1.3383
     1.7465     1.8504     0.7816     0.9619
     2.0219     1.4839     0.4692     0.5856
     2.1374     0.9895     0.1301     0.1906
     2.1463     0.6143    -0.1644    -0.1103
     1.8531     0.1387    -0.4499    -0.4581
     1.5866    -0.3274    -0.6907    -0.7683
     1.1156    -0.7202    -0.8691    -0.9468
     0.6623    -0.9393    -1.0297    -1.1441
     0.1556    -1.1767    -1.1278    -1.3602
    -0.1912    -1.4413    -1.1367    -1.6044
    -0.5647    -1.5142    -1.1723    -1.7640
    -0.8582    -1.5781    -1.0653    -1.7546
    -1.0895    -1.6328    -0.9316    -1.6795
    -1.3119    -1.6328    -0.7888    -1.4917
    -1.5165    -1.6237    -0.5569    -1.2756
    -1.5966    -1.4960    -0.2804    -0.9656
    -1.7212    -1.2497    -0.0127    -0.6367
    -1.7123    -1.1219     0.3532    -0.3171
    -1.6500    -0.8024     0.7459     0.0025
    -1.5254    -0.4553     1.1655     0.3599
    -1.4097    -0.1355     1.6388     0.7267
    -1.2407     0.1661     2.1479     1.0654
    -0.9649     0.5136     2.3534     1.3289
    -0.6803     0.8705     2.4070     1.5548
    -0.2801     1.1542     2.2998     1.7337
     0.0756     1.4473     2.0229     1.8372
     0.3512     1.6763     1.6924     1.8843
     0.7601     1.8870     1.2905     1.8184
     1.0801     1.9787     0.9512     1.6678
     1.4444     1.9787     0.5406     1.3666
     1.8087     1.8137     0.1836     1.0842
     2.0486     1.5755    -0.2179     0.7267
     2.2795     1.1817    -0.4677     0.3975
     2.2707     0.9071    -0.7086     0.1060
     2.0752     0.4954    -0.8870    -0.2607
     1.7021     0.1296    -1.0832    -0.4957
     1.2400    -0.2635    -1.1545    -0.6931
     0.8490    -0.4827    -1.2348    -0.9092
     0.3779    -0.6928    -1.2615    -1.0877
    -0.0845    -0.8298    -1.2169    -1.2944
    -0.3779    -0.9485    -1.1010    -1.4541
    -0.6536    -1.1219    -0.9940    -1.5292
    -0.9738    -1.3409    -0.7888    -1.5104
    -1.1962    -1.4504    -0.6105    -1.3696
    -1.3920    -1.5142    -0.3161    -1.2286
    -1.4720    -1.4869    -0.0216    -1.0877
    -1.5699    -1.3592     0.3710    -0.8246
    -1.5521    -1.1949     0.7727    -0.4769
    -1.5610    -0.9485     1.1566    -0.0351
    -1.4809    -0.6563     1.6209     0.2752
    -1.3564    -0.3640     2.0496     0.6420
    -1.1251    -0.0350     2.2908     1.0278
    -0.8671     0.3124     2.2998     1.3477
    -0.6003     0.6692     2.3087     1.6395
    -0.2090     1.0535     2.1211     1.8372
     0.1467     1.4289     1.8353     1.9502
     0.4490     1.6671     1.4423     1.9361
     0.8223     1.9053     1.1030     1.9219
     1.1423     2.0612     0.7995     1.7242
     1.5777     2.0886     0.3621     1.4983
     1.9597     1.8778    -0.0038     1.1783
     2.2262     1.6488    -0.3071     0.8208
     2.2351     1.3648    -0.5659     0.4351
     2.2440     0.9986    -0.8334     0.0872
     2.1285     0.6417    -1.0386    -0.3359
     1.7110     0.2301    -1.1723    -0.6461
     1.2489    -0.2452    -1.3061    -0.9186
     0.8045    -0.5375    -1.4399    -1.1065
     0.2801    -0.7659    -1.4042    -1.3132
    -0.1378    -0.9302    -1.4488    -1.4635
    -0.4757    -1.1675    -1.4131    -1.5950
    -0.6892    -1.2862    -1.2526    -1.6044
    -0.9916    -1.3135    -1.1010    -1.5762
    -1.2496    -1.3956    -0.8245    -1.4729
    -1.3742    -1.4686    -0.5391    -1.2944
    -1.5432    -1.4869    -0.1644    -1.0314
    -1.5610    -1.4139     0.1925    -0.7401
    -1.5966    -1.3044     0.5406    -0.3735
    -1.5699    -1.0854     0.8887     0.0307
    -1.4542    -0.7567     1.2012     0.4163
    -1.3208    -0.4096     1.5406     0.7832
    -1.1428     0.0016     1.9157     1.1595
    -0.8493     0.5960     2.1390     1.5454
    -0.5914     1.0352     2.2908     1.8090
    -0.2890     1.4747     2.2015     2.0067
     0.0934     1.9328     2.0943     2.0302
     0.4312     2.2537     1.9067     2.0538
     0.8045     2.4371     1.5941     1.9219
     1.2045     2.4554     1.1566     1.6678
     1.6132     2.3637     0.7548     1.3571
     2.0397     2.1620     0.3532     0.9901
     2.2351     1.7587    -0.1108     0.5762
     2.2440     1.2641    -0.5034     0.2376
     2.2973     0.8247    -0.7532    -0.1103
     2.0397     0.3582    -1.0475    -0.5239
     1.6310    -0.1538    -1.2615    -0.8246
     1.2400    -0.6289    -1.4934    -1.0126
     0.7334    -0.8846    -1.6449    -1.2193
     0.2978    -1.1858    -1.7519    -1.4353
    -0.1200    -1.4230    -1.7697    -1.5856
    -0.4135    -1.5781    -1.6360    -1.7077
    -0.6180    -1.6693    -1.4399    -1.7640
    -0.8938    -1.6875    -1.2348    -1.7264
    -1.2051    -1.7879    -0.9583    -1.6138
    -1.4275    -1.7423    -0.6283    -1.4541
    -1.5432    -1.7514    -0.3250    -1.1817
    -1.6055    -1.5599     0.0587    -0.8810
    -1.6322    -1.3227     0.4692    -0.4487
    -1.5699    -0.9576     0.8887    -0.0445
    -1.5165    -0.5284     1.3441     0.3787
    -1.4008    -0.1538     1.7281     0.7549
    -1.2051     0.3673     1.8621     1.1689
    -0.9827     0.9254     1.8665     1.5830
    -0.7781     1.4198     1.8710     1.8278
    -0.4402     1.8962     1.7102     2.0538
    -0.0489     2.3087     1.4959     2.1479
     0.2712     2.5104     1.2994     2.0914
     0.6534     2.5196     1.0852     1.9314
     1.0179     2.5288     0.7995     1.6207
     1.4266     2.3912     0.5317     1.2913
     1.8531     2.1162     0.2818     0.9243
     2.1019     1.6030    -0.0127     0.4539
     2.2351     1.1268    -0.2268     0.0872
     2.1996     0.6051    -0.4945    -0.2513
     2.0575     0.1296    -0.6372    -0.6085
     1.6044    -0.4188    -0.7532    -0.9186
     1.1689    -0.8846    -0.8602    -1.0314
     0.7157    -1.2588    -0.9316    -1.2474
     0.2890    -1.4139    -1.0118    -1.4071
    -0.1556    -1.6784    -1.0207    -1.6513
    -0.4669    -1.7696    -0.9672    -1.7734
    -0.7692    -1.8243    -0.8691    -1.9049
    -1.0717    -1.7970    -0.6818    -1.8767
    -1.3208    -1.8426    -0.5391    -1.7640
    -1.5343    -1.8152    -0.3161    -1.5950
    -1.6144    -1.6784    -0.1376    -1.3977
    -1.7301    -1.5325     0.0855    -1.0595
    -1.7479    -1.2405     0.3353    -0.6367
    -1.6945    -0.9302     0.5942    -0.1949
    -1.6144    -0.6654     0.8620     0.2188
    -1.4987    -0.2726     1.0941     0.7079
    -1.3208     0.1113     1.2727     1.0466
    -1.0628     0.5594     1.4245     1.4042
    -0.8404     0.9803     1.4334     1.7148
    -0.5024     1.3190     1.4423     1.9314
    -0.0845     1.7221     1.3352     2.1008
     0.2890     2.0428     1.2102     2.0538
     0.6357     2.1345     1.0852     1.9879
     1.0445     2.1620     0.8887     1.7807
     1.5066     1.9970     0.7370     1.4701
     1.8976     1.7312     0.4960     1.1219
     2.1818     1.5205     0.2550     0.6797
     2.2973     1.2092     0.0230     0.3128
     2.2973     0.8522    -0.2090    -0.0821
     2.1108     0.4222    -0.4320    -0.4299
     1.7554    -0.0441    -0.6105    -0.7213
     1.3200    -0.3822    -0.8156    -0.9374
     0.8668    -0.6654    -0.9226    -1.1723
     0.3423    -0.9302    -0.9672    -1.3602
    -0.0400    -1.1493    -1.0475    -1.5292
    -0.3512    -1.3500    -1.0653    -1.6983
    -0.6003    -1.5234    -1.0118    -1.7546
    -0.9027    -1.6419    -0.8334    -1.7264
    -1.1073    -1.7331    -0.6640    -1.6701
    -1.2585    -1.7605    -0.4677    -1.4823
    -1.3920    -1.7514    -0.1912    -1.2662
    -1.4898    -1.6967     0.0408    -0.9562
    -1.5076    -1.5599     0.3621    -0.5521
    -1.5343    -1.3044     0.6209    -0.1479
    -1.4453    -1.0763     0.9602     0.2752
    -1.2852    -0.7567     1.2994     0.6326
    -1.1251    -0.3640     1.7728     0.9337
    -0.8760     0.0656     2.0675     1.2913
    -0.6625     0.5502     2.2015     1.5642
    -0.2534     0.9528     2.2015     1.7242
     0.0845     1.2458     2.0139     1.8749
     0.5290     1.5847     1.7638     1.9973
     0.8490     1.9053     1.4780     1.9879
     1.2845     2.1162     1.0762     1.8749
     1.7821     2.1987     0.7548     1.6960
     2.1818     2.0612     0.3710     1.3948
     2.2618     1.8962    -0.0305     1.0842
     2.2973     1.6488    -0.3517     0.6891
     2.2707     1.3648    -0.6551     0.2940
     2.2174     0.9986    -0.9405    -0.0445
     1.8531     0.6417    -1.1723    -0.3923
     1.3556     0.2759    -1.2972    -0.6555
     0.8490    -0.0533    -1.3953    -0.8340
     0.3956    -0.3822    -1.5201    -1.0595
    -0.0222    -0.6745    -1.5023    -1.3038
    -0.3424    -0.8389    -1.4755    -1.4259
    -0.6092    -0.9941    -1.4131    -1.5104
    -0.8760    -1.1675    -1.2259    -1.5151
    -1.1251    -1.3774    -0.9583    -1.5198
    -1.3653    -1.4230    -0.6461    -1.3696
    -1.4809    -1.4139    -0.2447    -1.1347
    -1.6233    -1.4048     0.1212    -0.9186
    -1.6366    -1.3774     0.5495    -0.5709
    -1.6500    -1.1767     1.0048    -0.1949
    -1.5877    -1.0397     1.5048     0.2094
    -1.5254    -0.6928     1.9693     0.5856
    -1.3208    -0.4462     2.3177     0.9149
    -1.0984    -0.0715     2.4249     1.2724
    -0.8671     0.3673     2.3981     1.5360
    -0.4846     0.7607     2.2551     1.7713
    -0.0934     1.1176     2.0139     1.9314
     0.2712     1.5022     1.6924     2.0726
     0.6268     1.8045     1.3441     2.0161
     1.0712     2.0978     1.0673     1.9314
     1.4355     2.0978     0.6477     1.7337
     1.9242     2.0978     0.2729     1.3948
     2.1907     1.9328    -0.0930     1.0654
     2.2795     1.7404    -0.4231     0.6797
     2.2707     1.3923    -0.6997     0.3223
     2.0308     1.0718    -0.9226    -0.0539
     1.6577     0.6692    -1.2169    -0.4863
     1.2134     0.2850    -1.4309    -0.7307
     0.7957    -0.0807    -1.5469    -0.9750
     0.3245    -0.3731    -1.6093    -1.1535
    -0.1378    -0.6837    -1.6271    -1.3602
    -0.5024    -0.9028    -1.4934    -1.5292
    -0.7604    -1.0945    -1.3685    -1.6044
    -1.0272    -1.2314    -1.2080    -1.6513
    -1.2941    -1.3774    -0.9583    -1.5668
    -1.4987    -1.5051    -0.6461    -1.4541
    -1.6678    -1.5872    -0.2982    -1.2850
    -1.6945    -1.5507     0.0676    -0.9468
    -1.7034    -1.4595     0.4067    -0.6273
    -1.7301    -1.2223     0.8084    -0.2137
    -1.6322    -0.9485     1.1298     0.1812
    -1.4631    -0.6563     1.4691     0.5950
    -1.2674    -0.2452     1.7906     0.9807
    -1.0895     0.1661     2.0139     1.3760
    -0.8315     0.6966     2.0229     1.7054
    -0.4046     1.0993     2.0318     1.9973
    -0.0489     1.5205     1.9246     2.1950
     0.3601     2.0153     1.6834     2.2704
     0.7601     2.3270     1.4334     2.2421
     1.1867     2.4554     1.1744     2.0914
     1.6577     2.4829     0.8530     1.7525
     2.1197     2.3087     0.5585     1.3666
     2.2795     2.1437     0.3086     0.9149
     2.2840     1.7037    -0.0216     0.4915
     2.2884     1.2275    -0.2268     0.0966
     2.1996     0.8339    -0.4410    -0.3547
     1.7909     0.3399    -0.6997    -0.7495
     1.4000    -0.1812    -0.8334    -1.0314
     0.8934    -0.6563    -1.0386    -1.2005
     0.4312    -0.9485    -1.1456    -1.4353
     0.0400    -1.2314    -1.2080    -1.6231
    -0.3690    -1.4230    -1.2615    -1.7264
    -0.6092    -1.5963    -1.2794    -1.7922
    -0.9294    -1.7331    -1.1367    -1.7828
    -1.1873    -1.7514    -0.9583    -1.7171
    -1.4453    -1.8061    -0.7621    -1.5386
    -1.5521    -1.8152    -0.5123    -1.3789
    -1.6767    -1.8243    -0.3161    -1.1159
    -1.7034    -1.6055    -0.0573    -0.6555
    -1.6856    -1.2953     0.2193    -0.2325
    -1.5432    -0.9485     0.5495     0.1624
    -1.4542    -0.4919     0.7905     0.6138
    -1.2140    -0.0258     1.0405     1.0654
    -1.0005     0.5136     1.2280     1.3760
    -0.7692     1.0810     1.4423     1.7619
    -0.3601     1.5755     1.5138     2.0632
     0.0400     2.0886     1.4914     2.2515
     0.4134     2.3545     1.4691     2.2704
     0.8134     2.5288     1.3352     2.2139
     1.2489     2.4829     1.1655     1.9879
     1.7376     2.3912     0.9602     1.6489
     2.2440     2.1987     0.7281     1.2254
     2.3328     1.9420     0.4871     0.7737
     2.3417     1.4931     0.2372     0.3034
     2.3328     0.9986    -0.0573    -0.1291
     2.1996     0.5777    -0.2358    -0.5051
     1.8887     0.0199    -0.3874    -0.8904
     1.3556    -0.5193    -0.6105    -1.1723
     0.8845    -0.9119    -0.7710    -1.3132
     0.3601    -1.2223    -0.8424    -1.5011
    -0.0222    -1.4869    -0.9405    -1.6419
    -0.3957    -1.7149    -0.9583    -1.7358
    -0.6892    -1.7605    -0.9851    -1.8297
    -1.0005    -1.8608    -0.8602    -1.7828
    -1.2763    -1.8608    -0.6818    -1.6983
    -1.4987    -1.9246    -0.4766    -1.5292
    -1.6144    -1.8790    -0.2715    -1.3038
    -1.7479    -1.7331     0.0141    -0.9656
    -1.7568    -1.5416     0.2639    -0.5051
    -1.7568    -1.1401     0.5049    -0.1291
    -1.6589    -0.7111     0.8084     0.3128
    -1.4898    -0.3366     1.0584     0.7832
    -1.3297     0.0656     1.2369     1.1313
    -1.0717     0.6692     1.4691     1.5360
    -0.8226     1.0993     1.6299     1.8843
    -0.3957     1.5114     1.6388     2.1385
     0.0400     1.8687     1.6477     2.3269
     0.4223     2.0612     1.4691     2.3645
     0.8668     2.2170     1.3084     2.2515
     1.3111     2.3362     1.0762     2.0255
     1.8798     2.2720     0.7995     1.6678
     2.2440     2.1712     0.5852     1.3007
     2.3240     2.0703     0.3353     0.8490
     2.3240     1.7587     0.0230     0.3505
     2.3062     1.3557    -0.2179    -0.0163
     2.1730     0.9345    -0.4410    -0.3641
     1.8087     0.4771    -0.6461    -0.7119
     1.3467    -0.0715    -0.8067    -0.9186
     0.9023    -0.4645    -0.9761    -1.0126
     0.3512    -0.7841    -1.0207    -1.1535
    -0.0044    -1.0397    -1.1099    -1.3132
    -0.4046    -1.2223    -1.1456    -1.4635
    -0.6625    -1.4595    -1.1099    -1.5292
    -0.9827    -1.5142    -1.0207    -1.5762
    -1.2496    -1.6237    -0.8156    -1.5386
    -1.4453    -1.6511    -0.5926    -1.4165
    -1.5877    -1.6328    -0.2982    -1.1911
    -1.6856    -1.5416    -0.0038    -0.9468
    -1.7657    -1.3956     0.3353    -0.5521
    -1.7568    -1.1036     0.7191    -0.2513
    -1.6500    -0.8846     1.2012     0.1624
    -1.5165    -0.5193     1.7102     0.5762
    -1.3030    -0.1538     2.1747     0.9901
    -1.0806     0.3124     2.5231     1.3571
    -0.7959     0.6326     2.5276     1.6583
    -0.4846     1.0169     2.5321     1.9125
    -0.0400     1.3190     2.2730     2.0914
     0.3423     1.6396     1.8621     2.2139
     0.7868     1.8595     1.4066     2.1668
     1.2934     1.9695     0.8887     1.9879
     1.8443     2.0428     0.4781     1.7242
     2.2884     2.0291     0.0676     1.4418
     2.3595     2.0153    -0.3428     1.0466
     2.3684     1.7587    -0.7086     0.6138
     2.2973     1.5205    -0.9761     0.2470
     2.1374     1.1725    -1.1813    -0.1573
     1.7998     0.7332    -1.3685    -0.5145
     1.3911     0.3124    -1.5112    -0.7589
     0.9290    -0.0533    -1.6182    -0.9280
     0.4223    -0.4279    -1.6003    -1.1535
     0.0311    -0.6928    -1.6093    -1.3320
    -0.2712    -1.0032    -1.5469    -1.5480
    -0.5113    -1.2314    -1.4399    -1.6607
    -0.8671    -1.3592    -1.2259    -1.6748
    -1.0984    -1.5872    -0.9940    -1.6889
    -1.3475    -1.6602    -0.6640    -1.5668
    -1.4631    -1.6967    -0.2090    -1.3508
    -1.6322    -1.6602     0.1925    -1.1253
    -1.6945    -1.5051     0.6834    -0.7777
    -1.7301    -1.3500     1.2012    -0.3923
    -1.6411    -1.1493     1.5941     0.0025
    -1.5165    -0.8663     2.0764     0.3128
    -1.3297    -0.5649     2.4070     0.7267
    -1.1517    -0.1995     2.5321     1.0842
    -0.8760     0.2850     2.5499     1.3477
    -0.5469     0.6234     2.4695     1.6207
    -0.0667     1.0078     2.1926     1.8655
     0.3067     1.2824     1.7995     1.9690
     0.7245     1.5572     1.3887     1.9879
     1.1867     1.7129     1.0048     1.8560
     1.6932     1.8595     0.6388     1.6489
     2.2174     1.8595     0.2193     1.3477
     2.2973     1.8045    -0.1465     1.0184
     2.3151     1.6305    -0.4499     0.6797
     2.3240     1.3831    -0.7710     0.3128
     2.1019     1.0718    -0.9672    -0.0445
     1.6754     0.7149    -1.2080    -0.3923
     1.3733     0.3765    -1.3061    -0.6461
     0.9468    -0.1447    -1.4220    -0.8998
     0.4045    -0.4005    -1.4934    -1.1347
     0.0044    -0.6928    -1.4755    -1.3226
    -0.3512    -0.9941    -1.5201    -1.5198
    -0.5558    -1.1949    -1.4220    -1.7264
    -0.8938    -1.4230    -1.3239    -1.7734
    -1.1517    -1.5507    -1.0832    -1.6889
    -1.4186    -1.7058    -0.7710    -1.6044
    -1.5610    -1.7240    -0.4677    -1.3602
    -1.6500    -1.7514    -0.1198    -1.1347
    -1.7034    -1.6419     0.2550    -0.7964
    -1.7123    -1.4686     0.5585    -0.4393
    -1.6144    -1.1584     0.8977    -0.1009
    -1.5432    -0.8937     1.2191     0.2564
    -1.3564    -0.5467     1.5048     0.6138
    -1.1962    -0.1629     1.7013     0.9525
    -0.8938     0.3216     1.7906     1.3289
    -0.5380     0.7241     1.8085     1.6301
    -0.0845     1.1909     1.6388     1.9502
     0.3156     1.6121     1.4780     2.1573
     0.7334     1.9053     1.3352     2.2233
     1.2311     2.1803     1.1387     2.1008
     1.7732     2.1803     0.8709     1.8843
     2.1374     2.1803     0.6120     1.5454
     2.3595     2.0612     0.4424     1.1595
     2.3684     1.8595     0.2461     0.7832
     2.2795     1.5480     0.0587     0.3787
     2.0219     1.1359    -0.1644     0.0307
     1.6399     0.7058    -0.2982    -0.3641
     1.2756     0.1936    -0.4677    -0.7307
     0.8312    -0.2269    -0.6729    -1.0032
     0.3245    -0.6197    -0.7888    -1.1723
    -0.0222    -0.8389    -0.8691    -1.4259
    -0.3868    -1.1310    -1.0118    -1.5762
    -0.7070    -1.3774    -1.0475    -1.7171
    -0.9738    -1.6328    -0.9761    -1.7077
    -1.2496    -1.6784    -0.9048    -1.6231
    -1.4809    -1.7970    -0.7175    -1.4917
    -1.6233    -1.8335    -0.5123    -1.2474
    -1.6678    -1.6875    -0.2358    -0.9844
    -1.7390    -1.5051    -0.0484    -0.6461
    -1.7034    -1.2223     0.2550    -0.2607
    -1.6500    -0.7932     0.5406     0.0872
    -1.4987    -0.3914     0.8173     0.4069
    -1.3297     0.0016     0.9869     0.8114
    -1.0539     0.3765     1.1655     1.1595
    -0.7604     0.8888     1.3084     1.5736
    -0.3512     1.4747     1.4155     1.8749
     0.0756     1.8870     1.4021     2.1291
     0.5379     2.1437     1.3887     2.2986
     0.9734     2.2995     1.2816     2.2515
     1.4266     2.4187     1.1566     2.0538
     1.9597     2.4096     0.9691     1.7337
     2.3417     2.4004     0.7995     1.3666
     2.3861     2.1895     0.5942     0.9619
     2.3773     1.8320     0.3978     0.5292
     2.3773     1.2183     0.2104     0.1718
     2.1463     0.7515    -0.0216    -0.1761
     1.7732     0.2850    -0.1555    -0.5333
     1.2578    -0.1904    -0.3517    -0.8622
     0.8045    -0.6563    -0.4499    -1.0501
     0.2890    -0.9576    -0.6194    -1.2474
    -0.1200    -1.1493    -0.7086    -1.5386
    -0.4935    -1.3956    -0.7710    -1.7452
    -0.7426    -1.5963    -0.8513    -1.8204
    -1.0450    -1.7879    -0.8959    -1.8391
    -1.3030    -1.7970    -0.8691    -1.7452
    -1.5966    -1.8015    -0.7353    -1.5574
    -1.7034    -1.8061    -0.6194    -1.3226
    -1.8279    -1.7058    -0.4142    -1.0220
    -1.8101    -1.5507    -0.1733    -0.6649
    -1.7923    -1.2588     0.0944    -0.2607
    -1.7301    -0.8663     0.3443     0.0778
    -1.5610    -0.4919     0.6834     0.4445
    -1.3564    -0.1081     0.9780     0.8772
    -1.0539     0.3490     1.1834     1.2348
    -0.7426     0.7698     1.4780     1.5548
    -0.2623     1.1451     1.6924     1.8466
     0.1467     1.5297     1.7013     2.0444
     0.6445     1.8504     1.5495     2.1573
     1.1156     2.0337     1.2905     2.0914
     1.5777     2.2262     1.0584     1.8937
     2.1197     2.2262     0.7102     1.6207
     2.3328     2.1070     0.4335     1.2818
     2.3861     1.9420     0.1122     0.9525
     2.3684     1.6763    -0.2179     0.5950
     2.3506     1.3831    -0.4053     0.2940
     2.1108     0.9437    -0.6372    -0.0539
     1.7465     0.5319    -0.8691    -0.3641
     1.2489     0.1021    -1.0118    -0.6179
     0.7779    -0.3366    -1.1545    -0.8152
     0.3245    -0.6015    -1.2348    -1.0595
    -0.0756    -0.8206    -1.2704    -1.3320
    -0.3957    -1.0854    -1.2794    -1.5480
    -0.7248    -1.3135    -1.2972    -1.6795
    -1.0450    -1.4869    -1.1902    -1.6513
    -1.3920    -1.5599    -1.0564    -1.6325
    -1.6144    -1.5827    -0.8156    -1.4635
    -1.7390    -1.6055    -0.5480    -1.2756
    -1.7746    -1.5325    -0.2625    -1.0501
    -1.8368    -1.3865     0.1479    -0.7871
    -1.8368    -1.2132     0.5585    -0.3735
    -1.6856    -1.0032     0.9691     0.0025
    -1.4987    -0.7567     1.4691     0.3411
    -1.3475    -0.4096     2.0050     0.6985
    -1.0361    -0.0350     2.4249     1.0560
    -0.7159     0.3765     2.7018     1.3760
    -0.2623     0.7790     2.7108     1.6866
     0.1645     1.0993     2.5768     1.8278
     0.6801     1.4106     2.2372     1.9784
     1.1512     1.6671     1.6834     1.9973
     1.6399     1.8962     1.1566     1.9125
     2.1285     1.9970     0.6656     1.7054
     2.3328     1.9832     0.1658     1.5171
     2.3417     1.9695    -0.2804     1.2066
     2.3506     1.8595    -0.6997     0.8866
     2.3950     1.7037    -0.9761     0.5480
     2.2262     1.3831    -1.2169     0.2282
     1.8887     1.0352    -1.3774    -0.1385
     1.4355     0.6600    -1.5201    -0.4393
     0.9556     0.2941    -1.6628    -0.6555
     0.4934    -0.0715    -1.7073    -0.9844
     0.1200    -0.5010    -1.7430    -1.2380
    -0.2090    -0.8663    -1.6984    -1.4729
    -0.5291    -1.1036    -1.5469    -1.6983
    -0.9116    -1.3683    -1.3953    -1.7640
    -1.2852    -1.5416    -1.0921    -1.7171
    -1.5343    -1.6784    -0.7710    -1.6044
    -1.7034    -1.6784    -0.3696    -1.3789
    -1.7479    -1.6328     0.0944    -1.1911
    -1.8012    -1.4504     0.6031    -0.9186
    -1.8012    -1.3592     1.0941    -0.5991
    -1.7923    -1.1310     1.6477    -0.2419
    -1.6767    -0.9211     2.1747     0.1436
    -1.4364    -0.6563     2.5142     0.4915
    -1.1606    -0.4005     2.7197     0.8302
    -0.9116    -0.0898     2.7644     1.1972
    -0.5024     0.3399     2.7108     1.4701
    -0.0133     0.7607     2.4249     1.7242
     0.4312     1.1451     2.0318     1.9031
     0.8845     1.4839     1.6031     1.9031
     1.3822     1.7587     1.1387     1.9031
     1.8620     1.9512     0.6745     1.7242
     2.2262     1.9787     0.2818     1.5454
     2.3151     1.9420    -0.0573     1.2818
     2.3950     1.8870    -0.4499     0.9713
     2.3684     1.6396    -0.7086     0.6232
     2.1996     1.4198    -0.8513     0.2564
     1.9420     1.0993    -1.0564    -0.1291
     1.4977     0.6692    -1.2259    -0.4769
     1.1067     0.3307    -1.3061    -0.7495
     0.5645    -0.0350    -1.3329    -0.9750
     0.2089    -0.4279    -1.3418    -1.2380
    -0.1823    -0.7385    -1.2615    -1.4729
    -0.5202    -1.0489    -1.1278    -1.6325
    -0.8760    -1.2314    -1.0118    -1.7452
    -1.2407    -1.3956    -0.8959    -1.6795
    -1.4720    -1.5416    -0.5659    -1.5292
    -1.6500    -1.6146    -0.2268    -1.4071
    -1.7390    -1.5963     0.0855    -1.2005
    -1.8279    -1.5051     0.3978    -0.9562
    -1.8146    -1.3135     0.6209    -0.6085
    -1.8012    -1.1858     0.8709    -0.2795
    -1.7301    -0.9302     1.2102     0.0684
    -1.4453    -0.6380     1.3620     0.3693
    -1.1606    -0.2909     1.5584     0.7643
    -0.8493     0.0473     1.7102     1.1407
    -0.5291     0.5228     1.7460     1.4324
    -0.0845     1.0352     1.6745     1.7619
     0.3956     1.4564     1.5584     1.9314
     0.8934     1.8137     1.4155     2.0067
     1.4000     2.1528     1.2727     2.0067
     1.8798     2.3179     1.0227     1.8372
     2.2884     2.3270     0.7905     1.6113
     2.3773     2.2537     0.5317     1.2630
     2.3773     2.0795     0.2639     0.9055
     2.3684     1.7954     0.0319     0.5856
     2.3151     1.4381    -0.2001     0.2094
     1.9864     0.9345    -0.3607    -0.1949
     1.6399     0.5045    -0.5212    -0.5803
     1.1067     0.0290    -0.6907    -0.8904
     0.6712    -0.4371    -0.7978    -1.1629
     0.2001    -0.7567    -0.9851    -1.4447
    -0.2356    -1.1128    -1.0653    -1.6231
    -0.5558    -1.4413    -1.1278    -1.7546
    -0.8404    -1.5872    -1.0832    -1.6889
    -1.2496    -1.7696    -1.0386    -1.6325
    -1.4720    -1.7970    -0.9316    -1.5011
    -1.6767    -1.8608    -0.7978    -1.3414
    -1.7923    -1.8517    -0.6015    -1.1347
    -1.8279    -1.7879    -0.4142    -0.9092
    -1.8413    -1.5416    -0.1465    -0.6085
    -1.8546    -1.2497     0.0855    -0.2419
    -1.7301    -0.9485     0.2996     0.0966
    -1.5165    -0.5101     0.6031     0.4257
    -1.2229    -0.0990     0.8441     0.8772
    -0.8938     0.4039     1.0762     1.2442
    -0.5113     0.9620     1.2102     1.6301
    -0.0044     1.4106     1.3262     1.8843
     0.4312     1.8870     1.2905     2.0726
     0.8845     2.1345     1.2727     2.1008
     1.3556     2.2995     1.1834     1.9784
     1.8887     2.3545     1.0137     1.8466
     2.1907     2.3179     0.8530     1.5924
     2.3328     2.1528     0.6745     1.2536
     2.3417     1.9145     0.5138     0.8866
     2.3506     1.4289     0.2996     0.4915
     2.1996     0.9895     0.0587     0.1248
     1.8620     0.5502    -0.1733    -0.2607
     1.4711     0.0564    -0.3250    -0.7025
     0.9823    -0.3822    -0.4588    -0.9280
     0.5201    -0.7841    -0.6015    -1.1911
     0.0756    -1.0945    -0.6729    -1.4259
    -0.3068    -1.2953    -0.7621    -1.6419
    -0.6625    -1.5507    -0.8334    -1.7452
    -0.9916    -1.7058    -0.8245    -1.7358
    -1.3297    -1.7103    -0.7710    -1.7077
    -1.5521    -1.7149    -0.6372    -1.5480
    -1.7657    -1.7058    -0.5569    -1.3789
    -1.8902    -1.7240    -0.3517    -1.1065
    -1.9258    -1.5599    -0.2268    -0.7964
    -1.9703    -1.3774    -0.0127    -0.4863
    -1.9347    -1.1401     0.2015    -0.1479
    -1.8101    -0.7111     0.4424     0.2376
    -1.6055    -0.3731     0.6834     0.5762
    -1.2674     0.0656     0.9512     0.9901
    -0.9560     0.5777     1.1566     1.3666
    -0.5380     1.0169     1.3441     1.7431
    -0.0578     1.5022     1.4334     1.9314
     0.4756     1.8504     1.4155     2.1103
     1.0001     2.0153     1.3084     2.0820
     1.4178     2.1162     1.1209     1.9879
     1.8709     2.1437     0.9334     1.7713
     2.2707     2.0428     0.6299     1.4889
     2.3240     1.9695     0.3532     1.1689
     2.3328     1.7954     0.0944     0.7832
     2.3328     1.4931    -0.1198     0.4445
     2.1374     1.1359    -0.3785     0.1060
     1.8176     0.6783    -0.5480    -0.3265
     1.4266     0.2301    -0.6818    -0.6649
     1.0001    -0.2543    -0.8245    -0.8998
     0.5823    -0.5649    -0.9048    -1.1817
     0.0934    -0.7932    -1.0207    -1.4259
    -0.2356    -1.1401    -1.0653    -1.6044
    -0.5469    -1.3683    -1.0653    -1.7546
    -0.9205    -1.5416    -1.0386    -1.7358
    -1.1784    -1.5963    -0.9940    -1.6983
    -1.4720    -1.5872    -0.8245    -1.5762
    -1.6767    -1.6146    -0.6372    -1.4071
    -1.8368    -1.6055    -0.3696    -1.1629
    -1.9169    -1.5142    -0.0573    -0.9280
    -1.9525    -1.4321     0.2729    -0.6179
    -1.8991    -1.2314     0.6745    -0.2043
    -1.8101    -0.9941     1.0316     0.1530
    -1.6055    -0.6654     1.5406     0.4539
    -1.3030    -0.3640     2.1658     0.8584
    -1.0094     0.0930     2.5142     1.2160
    -0.6358     0.5777     2.6572     1.5454
    -0.0845     1.0352     2.6214     1.7337
     0.3867     1.4198     2.4159     1.8749
     0.8757     1.6763     2.0764     1.9031
     1.3644     1.9053     1.5941     1.8560
     1.8176     1.9695     1.0852     1.6772
     2.1552     2.0062     0.6120     1.4418
     2.2707     2.0062     0.1479     1.2348
     2.2751     1.8504    -0.2982     0.9149
     2.2795     1.6121    -0.7353     0.5574
     2.1730     1.3282    -1.0475     0.2282
     1.9864     0.9437    -1.2526    -0.1479
     1.6221     0.5594    -1.4755    -0.4581
     1.1778     0.2484    -1.6538    -0.6931
     0.6979    -0.1629    -1.8054    -0.9750
     0.2890    -0.5010    -1.8411    -1.2474
    -0.0756    -0.8389    -1.8589    -1.4823
    -0.3779    -1.1584    -1.7341    -1.6607
    -0.7515    -1.2862    -1.6093    -1.7640
    -1.1162    -1.4778    -1.3596    -1.7452
    -1.4186    -1.5416    -1.0832    -1.6044
    -1.6589    -1.5371    -0.7175    -1.4635
    -1.8012    -1.5325    -0.2268    -1.2850
    -1.9525    -1.4595     0.3175    -1.0220
    -2.0148    -1.3683     0.8441    -0.7401
    -2.0059    -1.2770     1.4245    -0.4487
    -1.8635    -1.0124     2.0496    -0.0539
    -1.7568    -0.7476     2.4785     0.2846
    -1.5165    -0.4096     2.7465     0.6326
    -1.1873    -0.0350     2.7510     0.9713
    -0.8493     0.4222     2.7555     1.3571
    -0.4224     0.8796     2.5678     1.6113
     0.1556     1.2916     2.1658     1.8090
     0.6001     1.5663     1.7192     1.9125
     1.1334     1.8137     1.2369     1.9596
     1.5599     1.9787     0.8084     1.8184
     2.0575     1.9878     0.3978     1.6489
     2.2618     1.9420     0.0051     1.4136
     2.2973     1.7587    -0.4142     1.0842
     2.3328     1.5663    -0.7086     0.7549
     2.2085     1.2824    -0.9405     0.3599
     2.0042     0.8888    -1.1545     0.0119
     1.6754     0.5136    -1.3507    -0.3641
     1.2667     0.1113    -1.5112    -0.6179
     0.7779    -0.2360    -1.5647    -0.8998
     0.3423    -0.5101    -1.5558    -1.1535
    -0.0489    -0.8298    -1.4666    -1.3132
    -0.3957    -1.0763    -1.3596    -1.4917
    -0.7692    -1.2953    -1.2437    -1.6138
    -1.1340    -1.4686    -1.0921    -1.5950
    -1.4631    -1.5507    -0.7978    -1.4917
    -1.6500    -1.6967    -0.3964    -1.3883
    -1.7568    -1.6784    -0.0752    -1.2380
    -1.9080    -1.5599     0.2996    -1.0595
    -2.0059    -1.4048     0.5495    -0.8246
    -1.9525    -1.3044     0.8977    -0.5521
    -1.9169    -1.0489     1.1566    -0.2325
    -1.6678    -0.8115     1.4245     0.1812
    -1.4097    -0.5010     1.6299     0.5009
    -1.1517    -0.1355     1.7817     0.8960
    -0.7515     0.3582     1.8531     1.2724
    -0.3601     0.8613     1.7102     1.5830
     0.1912     1.2183     1.6209     1.7996
     0.6534     1.6396     1.4870     2.0161
     1.1689     1.9053     1.2905     1.9879
     1.7110     2.1070     1.0762     1.9314
     2.1730     2.0520     0.7995     1.7148
     2.2973     1.9970     0.5852     1.4701
     2.3328     1.8687     0.4157     1.2066
     2.3328     1.6305     0.1301     0.8208
     2.3328     1.2824    -0.0752     0.4445
     2.1641     0.8979    -0.2268     0.0495
     1.7465     0.5685    -0.3964    -0.3453
     1.3644     0.1661    -0.5034    -0.6461
     0.8401    -0.2543    -0.6283    -0.9186
     0.3334    -0.5010    -0.8334    -1.2099
    -0.0489    -0.8572    -0.9494    -1.4259
    -0.4313    -1.0945    -1.0564    -1.5198
    -0.7159    -1.3592    -1.0832    -1.6138
    -1.1251    -1.4869    -1.0297    -1.5856
    -1.4275    -1.5690    -0.8870    -1.5574
    -1.6411    -1.6602    -0.7799    -1.4541
    -1.8101    -1.7058    -0.6372    -1.2944
    -1.9080    -1.6055    -0.4142    -1.0595
    -1.9881    -1.4686    -0.2179    -0.7777
    -1.9703    -1.2862     0.0587    -0.4487
    -1.8012    -1.0306     0.3175    -0.0633
    -1.6322    -0.7293     0.5406     0.2470
    -1.3653    -0.5010     0.7638     0.5856
    -1.0628    -0.1172     1.0137     0.9619
    -0.6892     0.3033     1.2280     1.3007
    -0.2801     0.8064     1.3530     1.6207
     0.2445     1.2275     1.3262     1.8749
     0.6979     1.5847     1.2905     1.9690
     1.2134     1.9237     1.2012     1.9502
     1.6488     2.0795     1.0137     1.8655
     2.1552     2.0245     0.8798     1.7242
     2.2795     1.9328     0.7191     1.4513
     2.2795     1.7496     0.5317     1.0466
     2.3240     1.4564     0.3532     0.6985
     2.2795     1.1359     0.2104     0.3411
     2.0397     0.7607     0.0230    -0.0915
     1.6666     0.3856    -0.1555    -0.4299
     1.1778    -0.0350    -0.3161    -0.7495
     0.6712    -0.3183    -0.4320    -1.0220
     0.1734    -0.5649    -0.5212    -1.3132
    -0.2445    -0.8115    -0.6818    -1.5386
    -0.6536    -1.1310    -0.7353    -1.6795
    -0.9294    -1.2953    -0.7978    -1.8204
    -1.3030    -1.4960    -0.7888    -1.7922
    -1.5610    -1.5599    -0.7799    -1.6701
    -1.7923    -1.6511    -0.6997    -1.5198
    -1.9436    -1.6784    -0.5123    -1.2850
    -1.9881    -1.6419    -0.3250    -0.9656
    -1.9792    -1.5507    -0.1376    -0.6743
    -1.9703    -1.4230     0.1479    -0.3171
    -1.8635    -1.1401     0.3978     0.0589
    -1.6678    -0.8480     0.6834     0.3411
    -1.3564    -0.6015     0.9334     0.7267
    -1.0984    -0.1904     1.1566     1.0654
    -0.6180     0.3490     1.4334     1.3666
    -0.1556     0.7515     1.5584     1.6866
     0.3245     1.2092     1.5584     1.8466
     0.7512     1.6396     1.4066     1.9784
     1.2756     1.9145     1.2102     1.9690
     1.7465     2.1712     0.9780     1.9314
     2.1641     2.1620     0.6745     1.7525
     2.3062     2.0978     0.4781     1.4418
     2.2884     1.9053     0.2372     1.1407
     2.3328     1.5847    -0.0305     0.7737
     2.2973     1.2733    -0.2268     0.4163
     2.1552     0.9345    -0.4410     0.0119
     1.7821     0.4954    -0.6283    -0.3359
     1.2756     0.1113    -0.7978    -0.6555
     0.8134    -0.2360    -0.9226    -0.9750
     0.2978    -0.5010    -1.0743    -1.2474
    -0.1289    -0.8298    -1.1367    -1.5198
    -0.4935    -1.0580    -1.1902    -1.6889
    -0.7426    -1.1401    -1.1991    -1.7171
    -1.0984    -1.1949    -1.0832    -1.7358
    -1.4097    -1.2770    -0.9226    -1.6044
    -1.6500    -1.3409    -0.7175    -1.3414
    -1.8012    -1.4139    -0.4945    -1.1253
    -1.8724    -1.4139    -0.2179    -0.8528
    -1.9881    -1.3318     0.0944    -0.5145
    -1.9525    -1.2588     0.4603    -0.1949
    -1.7835    -1.1401     0.8709     0.1530
    -1.6411    -0.8298     1.2727     0.4633
    -1.3653    -0.6289     1.8531     0.7361
    -1.0628    -0.2452     2.2551     1.0936
    -0.7959     0.1844     2.5142     1.4042
    -0.2534     0.6692     2.5231     1.6489
     0.2089     1.1359     2.4070     1.8560
     0.7068     1.6030     2.1747     1.9502
     1.2134     1.9695     1.7549     1.9690
     1.6932     2.2078     1.2905     1.8372
     2.1197     2.2353     0.8263     1.6395
     2.2973     2.1987     0.3800     1.3477
     2.3240     1.9420    -0.0395     1.0090
     2.3062     1.6121    -0.4856     0.6609
     2.2440     1.2458    -0.8245     0.3599
     2.0130     0.8247    -1.1010    -0.0257
     1.5955     0.4496    -1.3239    -0.3735
     1.1778    -0.0350    -1.5201    -0.6461
     0.7157    -0.4005    -1.7073    -0.9562
     0.3156    -0.6106    -1.7876    -1.2005
    -0.1378    -0.9211    -1.9124    -1.4165
    -0.4491    -1.1858    -1.8500    -1.6044
    -0.8315    -1.3227    -1.7252    -1.7171
    -1.1695    -1.3318    -1.5290    -1.6889
    -1.4987    -1.3500    -1.3150    -1.6231
    -1.7390    -1.3956    -0.9405    -1.5011
    -1.8457    -1.4321    -0.4410    -1.2850
    -1.9436    -1.4230     0.0408    -1.0501
    -2.0326    -1.3227     0.6834    -0.8058
    -2.0771    -1.2132     1.2280    -0.4299
    -1.9614    -1.0124     1.8710    -0.1291
    -1.7835    -0.7932     2.4427     0.1812
    -1.5076    -0.4553     2.7912     0.5668
    -1.2585    -0.0807     2.8716     0.9243
    -0.8226     0.3216     2.8984     1.2536
    -0.3246     0.7881     2.7823     1.5266
     0.1467     1.2916     2.3802     1.7242
     0.7068     1.7679     1.8889     1.8466
     1.1867     2.0703     1.4691     1.9314
     1.7288     2.3270     1.0137     1.8843
     2.2440     2.3454     0.6388     1.7713
     2.2795     2.2628     0.1658     1.6019
     2.3684     2.0062    -0.2536     1.3007
     2.3328     1.5755    -0.5926     0.9337
     2.2884     1.2183    -0.8156     0.5762
     2.1552     0.7241    -1.0297     0.1718
     1.7821     0.2759    -1.2259    -0.1667
     1.3733    -0.1264    -1.3864    -0.4863
     0.8757    -0.5467    -1.4844    -0.8058
     0.4934    -0.8024    -1.4934    -1.0689
     0.0489    -1.0124    -1.5023    -1.3320
    -0.2445    -1.2588    -1.4488    -1.5104
    -0.6003    -1.4321    -1.3596    -1.6044
    -1.0094    -1.4321    -1.2080    -1.6231
    -1.2941    -1.4778    -1.0207    -1.5762
    -1.5343    -1.4321    -0.6729    -1.4917
    -1.7301    -1.3409    -0.2715    -1.3320
    -1.8724    -1.3592     0.0676    -1.1629
    -1.9703    -1.2588     0.4692    -0.9186
    -1.9881    -1.1401     0.7638    -0.6273
    -1.8991    -0.9485     1.0584    -0.3077
    -1.7034    -0.6928     1.3977     0.0778
    -1.4898    -0.3731     1.6120     0.3317
    -1.1784    -0.0258     1.7728     0.6703
    -0.8048     0.4039     1.8174     1.0654
    -0.3512     0.8156     1.7995     1.3666
     0.2001     1.2000     1.6834     1.6489
     0.7512     1.6671     1.5138     1.8372
     1.2845     2.0428     1.3530     1.9219
     1.8709     2.2720     1.1834     1.9314
     2.2440     2.2720     1.0316     1.8749
     2.3151     2.1345     0.7638     1.7431
     2.3595     1.8504     0.5674     1.4795
     2.3151     1.4839     0.2818     1.1031
     2.2795     1.0718     0.0408     0.7173
     1.9331     0.7424    -0.1644     0.3223
     1.6310     0.3124    -0.3696    -0.1009
     1.2134    -0.1172    -0.5302    -0.4675
     0.7601    -0.4827    -0.7175    -0.7964
     0.3867    -0.6928    -0.8334    -1.1347
    -0.0044    -0.9941    -0.9672    -1.3320
    -0.3157    -1.2497    -1.0921    -1.4917
    -0.7159    -1.3956    -1.1367    -1.5856
    -1.0717    -1.4595    -1.0386    -1.5292
    -1.3653    -1.5781    -0.8959    -1.4729
    -1.6322    -1.5507    -0.8334    -1.3696
    -1.8190    -1.4139    -0.6907    -1.2474
    -1.8813    -1.3227    -0.5569    -1.0501
    -1.9970    -1.1949    -0.3339    -0.7871
    -1.9792    -1.0580    -0.0216    -0.5051
    -1.9169    -0.9028     0.1925    -0.2231
    -1.7568    -0.6745     0.4781     0.0872
    -1.5076    -0.3548     0.7370     0.3787
    -1.1695     0.0107     0.9780     0.7455
    -0.8226     0.3582     1.1655     1.0184
    -0.2712     0.7607     1.2369     1.3571
     0.3334     1.1451     1.2727     1.5830
     0.8934     1.5755     1.2905     1.7525
     1.4089     1.8778     1.2191     1.8278
     1.9775     2.0337     1.1209     1.8749
     2.3062     2.0474     1.0137     1.7901
     2.3328     2.0612     0.9066     1.7054
     2.3417     1.8595     0.7548     1.4889
     2.3328     1.5389     0.6120     1.1313
     2.3240     1.2824     0.4157     0.7549
     2.1641     0.8705     0.2282     0.3881
     1.7643     0.4588    -0.0127     0.0213
     1.3733     0.0564    -0.2268    -0.3923
     0.8845    -0.2269    -0.4231    -0.7401
     0.4490    -0.4736    -0.5480    -1.0595
     0.0044    -0.7932    -0.7175    -1.2944
    -0.3246    -0.9667    -0.8245    -1.5011
    -0.6447    -1.1401    -0.9048    -1.5668
    -1.0628    -1.2770    -0.8959    -1.6325
    -1.4275    -1.3956    -0.8513    -1.6607
    -1.7212    -1.3956    -0.7710    -1.4917
    -1.8368    -1.3500    -0.6194    -1.3414
    -1.9347    -1.3318    -0.4945    -1.1159
    -2.0415    -1.2132    -0.2358    -0.8434
    -2.0504    -1.1584    -0.0305    -0.5333
    -1.9881    -1.0032     0.2372    -0.2513
    -1.7301    -0.8115     0.5049     0.1342
    -1.4809    -0.5558     0.8441     0.4163
    -1.0984    -0.2360     1.1209     0.7455
    -0.6269     0.1661     1.3709     1.0936
    -0.0667     0.4954     1.4870     1.4136
     0.4845     0.8522     1.4423     1.6301
     1.0179     1.2000     1.3887     1.7901
     1.5955     1.5114     1.2191     1.8843
     2.0930     1.6946     1.0762     1.8560
     2.3240     1.8687     0.8620     1.8090
     2.3773     1.8320     0.6924     1.6583
     2.3506     1.7587     0.4067     1.3854
     2.3328     1.5480     0.2461     1.0936
     2.2973     1.2458     0.0051     0.7267
     2.1641     1.0261    -0.1644     0.3223
     1.7998     0.6143    -0.3517     0.0119
     1.3733     0.2576    -0.5302    -0.3735
     0.9290    -0.0715    -0.7532    -0.7213
     0.4045    -0.3731    -0.8245    -1.0408
     0.0133    -0.6380    -1.0029    -1.2944
    -0.3601    -0.8115    -1.1099    -1.4823
    -0.7159    -0.8846    -1.1813    -1.6325
    -1.1517    -1.0489    -1.1634    -1.6795
    -1.4987    -1.1036    -1.1099    -1.6795
    -1.6945    -1.2223    -0.9851    -1.5480
    -1.8190    -1.2862    -0.7710    -1.3508
    -1.8902    -1.2953    -0.5659    -1.0877
    -1.8947    -1.2223    -0.2268    -0.7777
    -1.8991    -1.1675     0.0676    -0.4581
    -1.8368    -0.9850     0.5317    -0.1197
    -1.6589    -0.7932     0.9423     0.2564
    -1.4097    -0.5467     1.3441     0.5950
    -1.0717    -0.2360     1.9425     0.9431
    -0.6003     0.2576     2.3355     1.3195
    -0.1023     0.6234     2.5231     1.5736
     0.4223     0.9437     2.5231     1.7713
     0.9112     1.2824     2.3802     1.9408
     1.4355     1.6030     2.0675     1.9973
     1.8620     1.8504     1.7281     1.9408
     2.2174     1.9970     1.2191     1.8090
     2.3328     2.0428     0.7995     1.6019
     2.2973     1.9787     0.3264     1.2630
     2.2707     1.7037    -0.0841     0.8678
     2.2085     1.3923    -0.4945     0.5480
     2.0397     1.0169    -0.8245     0.1248
     1.6932     0.5594    -1.0297    -0.2231
     1.3822     0.0473    -1.2080    -0.5333
     0.9290    -0.2726    -1.3953    -0.9092
     0.5645    -0.6289    -1.5825    -1.2193
     0.1645    -0.9211    -1.6806    -1.4541
    -0.2356    -1.1036    -1.7162    -1.6138
    -0.6003    -1.2405    -1.6895    -1.7358
    -1.0272    -1.3592    -1.6003    -1.7828
    -1.3475    -1.4230    -1.5023    -1.8204
    -1.6233    -1.5599    -1.2704    -1.6889
    -1.7923    -1.5963    -0.9494    -1.5104
    -1.8368    -1.5051    -0.4410    -1.2756
    -1.9169    -1.4321     0.0587    -0.9844
    -1.9881    -1.1858     0.6299    -0.6461
    -1.9703    -0.9667     1.2548    -0.2983
    -1.7657    -0.6197     1.9425     0.1436
    -1.5076    -0.3366     2.5768     0.5009
    -1.2051     0.1021     2.8359     0.8960
    -0.8493     0.6417     2.9074     1.3195
    -0.3512     1.0535     2.9342     1.6583
     0.1734     1.5022     2.8806     1.8184
     0.6801     1.8687     2.4874     1.9973
     1.2134     2.1620     1.9067     2.0444
     1.6754     2.2812     1.3887     1.9314
     2.0219     2.3087     0.9245     1.8466
     2.2174     2.1253     0.4692     1.5830
     2.2085     1.8962     0.0498     1.2724
     2.1996     1.4564    -0.3696     0.9337
     2.0752     1.0718    -0.7353     0.5480
     1.9331     0.5960    -0.9940     0.1154
     1.6666     0.0656    -1.2169    -0.2325
     1.3911    -0.4096    -1.3239    -0.5897
     0.9734    -0.8389    -1.5201    -0.9092
     0.6090    -1.1493    -1.5469    -1.1723
     0.1645    -1.3409    -1.6003    -1.3414
    -0.2534    -1.6055    -1.5558    -1.4917
    -0.6803    -1.6784    -1.4309    -1.5668
    -1.0183    -1.6419    -1.2704    -1.5856
    -1.3386    -1.6146    -1.0564    -1.5950
    -1.6678    -1.5234    -0.7175    -1.4917
    -1.8012    -1.4048    -0.3428    -1.4165
    -1.9347    -1.2862     0.0587    -1.2099
    -2.0237    -1.1128     0.4781    -0.9938
    -2.0504    -0.8663     0.8263    -0.6461
    -1.9792    -0.6015     1.1298    -0.2983
    -1.7923    -0.3000     1.4959     0.1154
    -1.5610     0.0473     1.6656     0.4915
    -1.2229     0.5411     1.8710     0.8678
    -0.8137     0.9437     1.9782     1.2536
    -0.3157     1.3007     1.9782     1.6583
     0.1645     1.7679     1.8710     1.8278
     0.6890     1.9787     1.7370     1.9408
     1.2134     2.1345     1.5316     1.9408
     1.7021     2.1253     1.3173     1.9408
     2.0841     2.0337     1.0137     1.8184
     2.2707     1.9145     0.6924     1.6772
     2.2707     1.6030     0.4335     1.3477
     2.2707     1.2824     0.1568     0.9901
     2.2351     0.8613    -0.1376     0.6326
     2.0308     0.4588    -0.3696     0.2188
     1.6754    -0.0258    -0.5212    -0.1855
     1.3111    -0.5010    -0.6818    -0.5145
     0.8312    -0.7659    -0.8245    -0.7964
     0.4134    -1.0397    -0.9405    -1.0877
     0.0756    -1.3044    -1.0743    -1.2756
    -0.3868    -1.4230    -1.1545    -1.4635
    -0.6981    -1.5872    -1.1902    -1.5292
    -1.0984    -1.6419    -1.1902    -1.5198
    -1.4008    -1.5872    -1.0564    -1.4823
    -1.7123    -1.4778    -0.8870    -1.4729
    -1.8813    -1.3135    -0.7086    -1.3414
    -1.9169    -1.1858    -0.4142    -1.2193
    -2.0326    -1.0580    -0.1822    -0.9844
    -2.0059    -0.8206     0.1479    -0.6931
    -1.9525    -0.5649     0.4067    -0.3641
    -1.8012    -0.3183     0.6745     0.0401
    -1.4542     0.0747     0.9334     0.3787
    -1.1873     0.4496     1.1566     0.7455
    -0.7781     0.7698     1.2727     1.1125
    -0.1912     0.9986     1.4245     1.4795
     0.3423     1.3099     1.4959     1.6960
     0.8223     1.6213     1.4914     1.8372
     1.3822     1.7496     1.4870     1.8278
     1.9420     1.8229     1.3441     1.8184
     2.2529     1.8778     1.2459     1.7242
     2.2973     1.7496     1.0316     1.5548
     2.3417     1.5572     0.8441     1.3101
     2.2884     1.2641     0.5228     1.0278
     2.2618     1.0535     0.2372     0.6985
     1.9509     0.6417    -0.0484     0.3128
     1.6310     0.2941    -0.2804     0.0025
     1.2223    -0.0898    -0.5391    -0.3171
     0.7334    -0.3548    -0.8067    -0.6179
     0.3423    -0.6015    -0.9672    -0.8434
    -0.0400    -0.8480    -1.0207    -1.0971
    -0.3690    -1.0397    -1.0832    -1.3508
    -0.6714    -1.1858    -1.0653    -1.4353
    -1.0628    -1.2862    -1.0386    -1.4917
    -1.4008    -1.3318    -0.9137    -1.4917
    -1.6589    -1.2679    -0.7443    -1.4917
    -1.8190    -1.2862    -0.5659    -1.3696
    -1.8991    -1.2132    -0.3785    -1.2193
    -1.9614    -1.1219    -0.1822    -0.9938
    -1.9881    -0.9485     0.0498    -0.6743
    -1.8991    -0.7111     0.3800    -0.3735
    -1.7746    -0.4371     0.6477    -0.0069
    -1.4809    -0.1904     0.9602     0.3787
    -1.1251     0.2393     1.2102     0.6985
    -0.7515     0.5045     1.4959     1.0466
    -0.2356     0.7607     1.7192     1.4042
     0.2534     0.9345     1.8531     1.6019
     0.8134     1.1817     1.7817     1.7337
     1.3289     1.3190     1.6388     1.7431
     1.8087     1.5205     1.4780     1.7525
     2.2262     1.5205     1.2459     1.6395
     2.2884     1.5205     0.9959     1.4795
     2.3417     1.4473     0.6567     1.2066
     2.3417     1.2275     0.3621     0.9901
     2.1907     1.0261     0.1301     0.6891
     1.8887     0.7698    -0.1822     0.3787
     1.6044     0.4222    -0.4142     0.0589
     1.1956     0.1570    -0.6907    -0.2043
     0.7334    -0.0898    -0.9226    -0.4863
     0.2978    -0.3640    -1.0921    -0.7401
    -0.0311    -0.5649    -1.2169    -1.0126
    -0.3246    -0.7476    -1.2794    -1.1817
    -0.6714    -0.9211    -1.2883    -1.3320
    -0.9827    -1.1128    -1.3150    -1.4071
    -1.3475    -1.1858    -1.2348    -1.3977
    -1.5788    -1.3044    -1.0743    -1.3789
    -1.7301    -1.3318    -0.8870    -1.2756
    -1.7835    -1.3227    -0.6372    -1.1253
    -1.8635    -1.2040    -0.3071    -0.9092
    -1.8769    -0.9485    -0.0395    -0.6367
    -1.8902    -0.7932     0.3353    -0.3077
    -1.7212    -0.4827     0.7638    -0.0069
    -1.4720    -0.2452     1.1387     0.3034
    -1.1251     0.2393     1.4780     0.6797
    -0.8137     0.5685     1.7995     0.9901
    -0.3601     0.8796     2.2104     1.3477
     0.1556     1.1451     2.3981     1.5830
     0.6445     1.3648     2.3891     1.7431
     1.1689     1.5755     2.2283     1.8184
     1.6399     1.6121     1.9425     1.8184
     2.1285     1.6946     1.6120     1.6583
     2.2618     1.5480     1.2905     1.4701
     2.2973     1.3831     0.8709     1.1877
     2.3240     1.1359     0.5049     0.8772
     2.1463     0.9345     0.0230     0.6138
     1.8976     0.5685    -0.2982     0.2658
     1.6044     0.2759    -0.5302    -0.0539
     1.1778    -0.0441    -0.7443    -0.2983
     0.7334    -0.2726    -0.9672    -0.6085
     0.3245    -0.4827    -1.1991    -0.8810
     0.0311    -0.7293    -1.3061    -1.1065
    -0.2979    -0.9393    -1.4488    -1.3038
    -0.6536    -1.1128    -1.4844    -1.4447
    -1.0272    -1.2497    -1.5023    -1.5011
    -1.3653    -1.2953    -1.4220    -1.5950
    -1.5966    -1.4595    -1.2972    -1.5762
    -1.7212    -1.4413    -1.0297    -1.4541
    -1.8546    -1.4595    -0.7175    -1.3508
    -1.9258    -1.3865    -0.3874    -1.1347
    -1.9525    -1.1675     0.0408    -0.8528
    -1.8635    -0.9393     0.4157    -0.6179
    -1.6589    -0.5832     0.7905    -0.3077
    -1.4008    -0.2086     1.1387     0.0966
    -1.0895     0.2850     1.5584     0.3975
    -0.7692     0.7149     1.9603     0.8396
    -0.2890     1.1085     2.3534     1.2066
     0.1912     1.5114     2.5589     1.4983
     0.6801     1.8412     2.5499     1.7619
     1.1778     2.0337     2.4338     1.8466
     1.6044     2.0062     2.1032     1.8560
     2.0575     1.8962     1.7192     1.7619
     2.2618     1.7221     1.2816     1.6301
     2.3506     1.4015     0.9155     1.3477
     2.3151     1.0535     0.5138     1.0466
     2.2351     0.6783     0.1212     0.7267
     2.0042     0.2759    -0.2804     0.4069
     1.6221    -0.2178    -0.5391     0.0213
     1.2223    -0.5101    -0.7621    -0.3077
     0.7957    -0.7932    -0.9137    -0.6273
     0.3245    -0.8846    -1.1456    -0.8810
    -0.1023    -1.0215    -1.2704    -1.0408
    -0.4224    -1.1767    -1.3685    -1.1723
    -0.7781    -1.2862    -1.3774    -1.3320
    -1.0984    -1.3956    -1.3864    -1.4165
    -1.4453    -1.4048    -1.2526    -1.4541
    -1.6411    -1.4686    -1.1278    -1.4541
    -1.7657    -1.4595    -0.9583    -1.4071
    -1.8635    -1.3500    -0.7175    -1.3226
    -1.9347    -1.2770    -0.4053    -1.1911
    -1.9347    -1.0945    -0.0127    -0.9750
    -1.8724    -0.7202     0.3353    -0.7213
    -1.6856    -0.3366     0.7281    -0.4111
    -1.4631     0.0107     1.1030     0.0119
    -1.1517     0.4954     1.4602     0.3975
    -0.7692     1.0169     1.8621     0.7455
    -0.2712     1.3740     2.1300     1.1125
     0.2001     1.6854     2.2640     1.4889
     0.6623     2.0153     2.2372     1.7337
     1.1956     2.0107     2.0050     1.9596
     1.6132     2.0062     1.7728     1.9596
     2.0930     1.8962     1.4334     1.9596
     2.3417     1.6305     1.0941     1.8843
     2.3240     1.2000     0.7548     1.5454
     2.3417     0.8430     0.3443     1.2724
     2.3328     0.4222    -0.0216     0.9149
     2.0575     0.0747    -0.3339     0.5198
     1.6843    -0.2635    -0.5569     0.1436
     1.2667    -0.5193    -0.7621    -0.2795
     0.7690    -0.7385    -0.9048    -0.5897
     0.2356    -0.9028    -1.0564    -0.8434
    -0.1912    -1.0489    -1.1723    -1.0408
    -0.5113    -1.1584    -1.2169    -1.1629
    -0.8404    -1.1675    -1.2615    -1.2380
    -1.1073    -1.2679    -1.2972    -1.2944
    -1.4275    -1.2588    -1.2972    -1.3883
    -1.6411    -1.2497    -1.1188    -1.3883
    -1.7123    -1.2770    -0.9137    -1.4071
    -1.8279    -1.1310    -0.6461    -1.3414
    -1.8635    -1.0397    -0.3607    -1.2099
    -1.8457    -0.8846    -0.0038    -1.0032
    -1.7390    -0.6837     0.3621    -0.7025
    -1.5432    -0.4462     0.7013    -0.3923
    -1.2674    -0.0898     1.0494     0.0119
    -0.9383     0.3856     1.4512     0.3787
    -0.5736     0.7058     1.8174     0.7737
    -0.0845     1.1359     2.0854     1.0654
     0.3956     1.4931     2.0809     1.4795
     0.8045     1.7496     2.0764     1.7525
     1.2311     1.8687     1.8531     1.8937
     1.6577     1.9237     1.6299     1.9879
     2.0486     1.7221     1.3798     1.9408
     2.2884     1.5480     1.0227     1.8184
     2.3595     1.2183     0.6924     1.6583
     2.3417     0.9345     0.2729     1.3760
     2.1996     0.6234    -0.0484     1.0560
     1.9331     0.3216    -0.3250     0.6891
     1.5955    -0.0624    -0.5302     0.2752
     1.1423    -0.2635    -0.7710    -0.0633
     0.6534    -0.4371    -0.9137    -0.4205
     0.1645    -0.5649    -1.0743    -0.6837
    -0.2712    -0.6471    -1.1813    -0.9186
    -0.5914    -0.7659    -1.2704    -1.1159
    -0.8226    -0.9119    -1.2883    -1.2474
    -1.1251    -0.9119    -1.3507    -1.3226
    -1.3653    -0.9667    -1.3150    -1.3977
    -1.5966    -0.9850    -1.1545    -1.4447
    -1.6678    -1.0671    -0.8691    -1.3602
    -1.8101    -1.0397    -0.5837    -1.2662
    -1.8101    -1.0032    -0.2447    -1.0877
    -1.8101    -0.8846     0.0676    -0.8528
    -1.6678    -0.7385     0.4960    -0.5709
    -1.5432    -0.5193     0.8977    -0.2701
    -1.3208    -0.2909     1.3084     0.0966
    -1.0094     0.1204     1.7549     0.3881
    -0.7248     0.4039     2.1032     0.7173
    -0.2356     0.6966     2.3713     1.0278
     0.2534     1.0169     2.3891     1.3666
     0.6890     1.3465     2.2640     1.5924
     1.1334     1.6305     1.9693     1.7901
     1.5866     1.6946     1.6388     1.8466
     2.0130     1.7496     1.3620     1.7996
     2.2351     1.5755     1.0227     1.7525
     2.3773     1.3648     0.6209     1.6113
     2.3773     1.0627     0.2372     1.3195
     2.2618     0.7881    -0.0930     1.0278
     2.0664     0.4405    -0.4053     0.6232
     1.6843     0.1753    -0.6551     0.2658
     1.2489    -0.1447    -0.9316    -0.0445
     0.7779    -0.3000    -1.1813    -0.3829
     0.3156    -0.4371    -1.3774    -0.7119
    -0.1023    -0.6197    -1.4666    -0.9844
    -0.3957    -0.8115    -1.5647    -1.2193
    -0.6803    -0.8298    -1.5736    -1.3508
    -0.9560    -0.9211    -1.5290    -1.4917
    -1.2941    -0.8937    -1.3864    -1.4870
    -1.4364    -0.9941    -1.2348    -1.4823
    -1.5699    -1.0397    -0.9405    -1.4165
    -1.6767    -1.0306    -0.6194    -1.2193
    -1.6900    -0.9576    -0.3071    -1.0126
    -1.7034    -0.7841     0.0587    -0.7213
    -1.6233    -0.6471     0.5138    -0.4111
    -1.4542    -0.4005     0.8977    -0.1197
    -1.2674    -0.1812     1.3084     0.2282
    -1.0183     0.1204     1.6834     0.5198
    -0.6625     0.4496     2.0229     0.8678
    -0.2179     0.7424     2.2998     1.1689
     0.2445     0.9895     2.4963     1.4230
     0.6712     1.3190     2.4785     1.6207
     1.1334     1.5755     2.2104     1.7807
     1.5333     1.6946     1.8710     1.8937
     1.9509     1.7404     1.6209     1.8372
     2.2174     1.6488     1.3173     1.7431
     2.2618     1.4656     0.9780     1.6207
     2.3062     1.0902     0.5674     1.2913
     2.1730     0.7515     0.2193     0.9619
     1.9153     0.4313    -0.1465     0.5574
     1.6666     0.0656    -0.4320     0.1530
     1.2311    -0.2726    -0.6997    -0.1479
     0.7601    -0.5558    -0.9583    -0.5615
     0.2978    -0.6928    -1.1723    -0.8904
    -0.0934    -0.8572    -1.3150    -1.1347
    -0.4491    -1.0215    -1.3596    -1.3602
    -0.7337    -1.1584    -1.4309    -1.4917
    -1.0628    -1.2040    -1.4577    -1.5856
    -1.3475    -1.2497    -1.4131    -1.5480
    -1.5699    -1.2040    -1.2704    -1.5104
    -1.7479    -1.1584    -1.0653    -1.4259
    -1.8279    -1.0763    -0.8424    -1.2099
    -1.9169    -0.8846    -0.5212    -1.0032
    -1.8813    -0.6289    -0.2090    -0.7119
    -1.7301    -0.4188     0.1033    -0.4675
    -1.5521    -0.1538     0.4781    -0.1479
    -1.3208     0.2027     0.8084     0.1154
    -1.0539     0.4496     1.1209     0.4539
    -0.6180     0.7149     1.4691     0.7549
    -0.1200     1.0627     1.8263     1.1125
     0.3067     1.3282     2.0675     1.4701
     0.7334     1.5205     2.2104     1.6866
     1.1778     1.7496     2.1747     1.8090
     1.6399     1.7587     1.9603     1.9031
     2.0042     1.6946     1.7638     1.8655
     2.2618     1.5572     1.4959     1.7431
     2.3240     1.2824     1.1834     1.6395
     2.3328     0.9162     0.8173     1.3477
     2.2085     0.5136     0.5317     0.9901
     2.0664     0.1296     0.2372     0.5668
     1.6754    -0.1904    -0.0573     0.1812
     1.2845    -0.4919    -0.2625    -0.1855
     0.8490    -0.6745    -0.4945    -0.5427
     0.4223    -0.8937    -0.6907    -0.8716
     0.0222    -0.9850    -0.8780    -1.0971
    -0.3335    -1.1219    -0.9851    -1.3038
    -0.6180    -1.3135    -1.1188    -1.3883
    -0.9560    -1.3409    -1.1902    -1.4635
    -1.2585    -1.3500    -1.2080    -1.5011
    -1.4898    -1.3592    -1.1813    -1.4541
    -1.6233    -1.2132    -1.0207    -1.4165
    -1.7034    -1.0945    -0.8067    -1.2756
    -1.7479    -0.9302    -0.5569    -1.0877
    -1.6945    -0.6654    -0.3696    -0.8434
    -1.5788    -0.3548    -0.1555    -0.5991
    -1.4542    -0.0807     0.1568    -0.2983
    -1.2318     0.2484     0.4246     0.0307
    -0.8849     0.5777     0.7638     0.3693
    -0.5469     0.8979     1.0494     0.7079
    -0.1111     1.1542     1.3887     1.0372
     0.3067     1.4106     1.6120     1.3854
     0.8134     1.5480     1.7638     1.6113
     1.2489     1.6488     1.7102     1.7901
     1.6666     1.6396     1.5852     1.8466
     1.9597     1.4839     1.3977     1.8466
     2.2351     1.3190     1.1655     1.7807
     2.2707     1.0261     0.8352     1.6301
     2.2262     0.7332     0.5585     1.3760
     2.0575     0.3673     0.2729     1.0654
     1.8176     0.0473     0.0319     0.6515
     1.5333    -0.2543    -0.1733     0.2564
     1.1423    -0.3731    -0.3696    -0.1291
     0.7068    -0.5193    -0.5748    -0.4393
     0.2445    -0.7019    -0.7086    -0.7683
    -0.0934    -0.8480    -0.8691    -1.0126
    -0.3246    -0.9028    -0.9672    -1.2193
    -0.6625    -1.1036    -1.0386    -1.3226
    -0.9471    -1.1767    -1.1099    -1.4353
    -1.2229    -1.3044    -1.1634    -1.4729
    -1.4453    -1.2679    -1.1188    -1.4165
    -1.5610    -1.2497    -0.9583    -1.3789
    -1.6678    -1.1401    -0.7353    -1.2286
    -1.7301    -1.0397    -0.4677    -1.0689
    -1.7301    -0.8480    -0.2001    -0.8998
    -1.6678    -0.6197     0.1301    -0.6179
    -1.4809    -0.1812     0.4781    -0.3359
    -1.2941     0.2210     0.8352    -0.0257
    -0.9827     0.5045     1.2369     0.3317
    -0.6803     0.8796     1.6834     0.6515
    -0.2001     1.0902     2.1032     0.9619
     0.2356     1.3374     2.3355     1.2818
     0.7334     1.5022     2.2730     1.5642
     1.2400     1.5114     2.1122     1.7148
     1.6488     1.5205     1.8263     1.8090
     2.0664     1.4015     1.5138     1.8278
     2.2618     1.2183     1.1298     1.7431
     2.3417     0.9620     0.7548     1.6019
     2.3328     0.7424     0.3443     1.4324
     2.1730     0.5136    -0.1019     1.0936
     1.9597     0.2941    -0.4588     0.7079
     1.6044     0.0473    -0.7978     0.3317
     1.2400    -0.1172    -1.0653     0.0119
     0.8134    -0.3457    -1.2972    -0.3265
     0.3867    -0.5101    -1.4309    -0.6461
    -0.0044    -0.5741    -1.6093    -0.8904
    -0.2979    -0.7385    -1.6895    -1.1629
    -0.5825    -0.8389    -1.6984    -1.3226
    -0.8760    -1.0032    -1.6271    -1.3977
    -1.1251    -1.1493    -1.5023    -1.4353
    -1.3653    -1.2132    -1.2437    -1.4823
    -1.5254    -1.2132    -0.9672    -1.3883
    -1.6144    -1.1949    -0.5391    -1.2756
    -1.7479    -1.0397    -0.1555    -1.1065
    -1.7568    -0.8663     0.3443    -0.8998
    -1.6500    -0.6380     0.7727    -0.6461
    -1.5966    -0.3731     1.2637    -0.3923
    -1.3653    -0.0167     1.7906    -0.0257
    -1.1517     0.3399     2.3981     0.3034
    -0.8137     0.6966     2.7287     0.5668
    -0.4135     1.0078     2.8895     0.9243
     0.0311     1.2183     2.8627     1.2066
     0.5557     1.4656     2.7376     1.5077
     1.0623     1.6305     2.3534     1.6489
     1.5422     1.5572     1.8621     1.7525
     1.9686     1.4198     1.3530     1.7713
     2.2795     1.2641     0.8352     1.6678
     2.2840     1.0352     0.3800     1.5548
     2.2884     0.7515    -0.0395     1.3666
     2.1285     0.4862    -0.4588     1.0654
     1.9064     0.1753    -0.8156     0.7361
     1.6132    -0.0715    -1.1367     0.4445
     1.1778    -0.1721    -1.3507     0.1060
     0.7779    -0.3183    -1.6271    -0.1949
     0.3867    -0.5010    -1.7697    -0.4769
     0.1023    -0.6106    -1.7831    -0.7401
    -0.2179    -0.7293    -1.7965    -0.9562
    -0.4669    -0.8115    -1.6449    -1.0783
    -0.7959    -0.9211    -1.5201    -1.2193
    -1.0717    -0.9667    -1.3507    -1.3038
    -1.3119    -0.9713    -1.1099    -1.2850
    -1.4809    -0.9758    -0.7175    -1.2944
    -1.6500    -0.8937    -0.3161    -1.1535
    -1.7034    -0.7659     0.1925    -1.0314
    -1.7568    -0.5923     0.6209    -0.8058
    -1.6678    -0.3274     1.1209    -0.5145
    -1.6144    -0.0533     1.4780    -0.2419
    -1.4453     0.2393     1.8889     0.0778
    -1.1340     0.4771     2.2104     0.3599
    -0.8048     0.7973     2.4874     0.7079
    -0.4669     1.0261     2.5321     1.0372
     0.0044     1.3740     2.5231     1.3383
     0.4668     1.5389     2.2908     1.5736
     0.9290     1.6763     1.9871     1.7431
     1.4355     1.6854     1.7013     1.8843
     1.9597     1.6305     1.3620     1.8466
     2.2618     1.4198     1.0048     1.7619
     2.3062     1.1268     0.6209     1.5454
     2.3062     0.7881     0.2907     1.2348
     2.0664     0.4588    -0.0662     0.9431
     1.8087     0.0839    -0.3071     0.5386
     1.5333    -0.1995    -0.6283     0.2470
     1.0890    -0.5193    -0.8602    -0.0539
     0.7157    -0.6928    -1.0297    -0.3829
     0.3334    -0.8298    -1.2080    -0.6837
    -0.0133    -0.9941    -1.2704    -0.9656
    -0.3424    -1.1219    -1.3329    -1.1723
    -0.5736    -1.2679    -1.3596    -1.3320
    -0.8404    -1.2588    -1.4131    -1.4635
    -1.2051    -1.3135    -1.2883    -1.5198
    -1.4453    -1.2223    -1.1367    -1.5011
    -1.5966    -1.1219    -0.8602    -1.4823
    -1.6945    -0.9393    -0.6461    -1.3320
    -1.8101    -0.7385    -0.3339    -1.1441
    -1.7746    -0.4736    -0.0662    -0.8152
    -1.7212    -0.2269     0.1925    -0.5709
    -1.6055     0.0747     0.4067    -0.2419
    -1.4720     0.4496     0.6924     0.1248
    -1.1784     0.7515     0.9869     0.4539
    -0.7870     1.0261     1.2816     0.8114
    -0.4046     1.3190     1.4870     1.1313
     0.0667     1.6488     1.7102     1.4701
     0.5645     1.8137     1.8442     1.7054
     1.0534     1.8045     1.8799     1.8090
     1.6132     1.8045     1.7370     1.8843
     2.0308     1.6030     1.5852     1.8843
     2.2884     1.3831     1.3709     1.7242
     2.3861     1.0444     1.1566     1.4607
     2.3417     0.7424     0.8620     1.1501
     2.2174     0.4039     0.5138     0.8302
     1.9686     0.0199     0.2461     0.4633
     1.6221    -0.2726    -0.0395     0.0495
     1.2311    -0.5467    -0.3071    -0.2701
     0.7690    -0.8206    -0.5748    -0.5145
     0.3156    -1.0306    -0.7621    -0.8904
     0.0133    -1.0945    -0.8691    -1.0689
    -0.2801    -1.2314    -0.9672    -1.2850
    -0.5469    -1.3135    -1.0653    -1.4071
    -0.8671    -1.3044    -1.0787    -1.4541
    -1.1428    -1.2953    -1.0921    -1.4917
    -1.4275    -1.2405    -1.0029    -1.4353
    -1.5699    -1.0854    -0.9137    -1.3602
    -1.6500    -0.9393    -0.7710    -1.2099
    -1.6945    -0.7385    -0.6194    -1.0220
    -1.6856    -0.5193    -0.4142    -0.7871
    -1.6055    -0.1812    -0.2179    -0.4769
    -1.4186     0.1753    -0.0216    -0.1855
    -1.2674     0.5045     0.2104     0.1154
    -1.0005     0.8888     0.4871     0.4069
    -0.6625     1.2000     0.7459     0.7643
    -0.3068     1.4931     1.0494     1.1501
     0.1734     1.6488     1.3620     1.4701
     0.6623     1.6854     1.5227     1.6583
     1.1956     1.6030     1.5584     1.8749
     1.6932     1.4931     1.5316     1.9690
     2.1907     1.3374     1.4602     1.9219
     2.3328     1.1359     1.2816     1.7619
     2.3595     0.8888     1.1030     1.5077
     2.3328     0.7058     0.8530     1.1689
     2.2618     0.4496     0.5852     0.8302
     1.9331     0.1844     0.3710     0.5009
     1.4622    -0.0898     0.1212     0.1906
     1.0801    -0.2269    -0.1822    -0.1479
     0.5823    -0.4736    -0.4142    -0.4863
     0.2089    -0.6471    -0.6015    -0.7589
    -0.1556    -0.8115    -0.8067    -0.9844
    -0.4669    -0.9850    -0.9405    -1.1347
    -0.7337    -1.1128    -1.0118    -1.2944
    -0.9649    -1.2132    -1.0207    -1.3602
    -1.1873    -1.2132    -1.0475    -1.4071
    -1.4631    -1.1401    -0.9583    -1.3414
    -1.6144    -1.0945    -0.8691    -1.2474
    -1.6678    -1.0306    -0.6461    -1.1441
    -1.6589    -0.8298    -0.4499    -0.9092
    -1.6233    -0.6928    -0.2625    -0.7307
    -1.5610    -0.4462     0.0141    -0.4487
    -1.4186    -0.1447     0.2550    -0.1761
    -1.2674     0.1661     0.5763     0.0684
    -1.0806     0.5319     0.9512     0.3881
    -0.7070     0.7515     1.3352     0.6232
    -0.3068     1.0169     1.6656     0.9337
     0.0756     1.2824     2.0586     1.2066
     0.5468     1.4289     2.0675     1.4136
     1.0179     1.3831     2.0764     1.6207
     1.5422     1.3831     1.8978     1.7337
     2.0308     1.2366     1.6120     1.6960
     2.2707     1.0627     1.3620     1.6113
     2.3062     0.8888     1.0048     1.4230
     2.3062     0.6600     0.7191     1.1689
     2.1463     0.4679     0.3264     0.8772
     1.8265     0.2850    -0.0395     0.5386
     1.5510     0.0930    -0.3428     0.2188
     1.1245    -0.1172    -0.6729    -0.1009
     0.7334    -0.2635    -0.9226    -0.3641
     0.3423    -0.4279    -1.0921    -0.6555
     0.0400    -0.6745    -1.2526    -0.8904
    -0.2623    -0.8846    -1.3685    -1.0877
    -0.5647    -1.0397    -1.4488    -1.2568
    -0.8315    -1.1767    -1.5558    -1.3883
    -1.1873    -1.1767    -1.5469    -1.4165
    -1.3831    -1.2132    -1.3685    -1.4071
    -1.5610    -1.1584    -1.1545    -1.3602
    -1.6767    -1.0854    -0.8245    -1.2756
    -1.6856    -0.9119    -0.3874    -1.1065
    -1.6811    -0.7476     0.0855    -0.8434
    -1.6767    -0.5010     0.5763    -0.6273
    -1.5966    -0.2452     1.1119    -0.3359
    -1.3831    -0.0167     1.6031    -0.0727
    -1.1340     0.2941     2.1926     0.1718
    -0.8493     0.6051     2.6125     0.4633
    -0.5202     0.8979     2.8359     0.7455
    -0.0311     1.1725     2.8493     1.0184
     0.4401     1.4015     2.8627     1.2630
     0.9201     1.5389     2.8001     1.4889
     1.4000     1.5755     2.3445     1.6583
     1.9064     1.5205     1.8174     1.7054
     2.1818     1.3374     1.2548     1.6866
     2.3328     1.0169     0.6745     1.5736
     2.3062     0.7424     0.2015     1.3289
     2.1463     0.4496    -0.3339     1.0184
     1.8176     0.1661    -0.8067     0.7267
     1.4711    -0.1447    -1.0921     0.3881
     1.0978    -0.2909    -1.3239     0.1342
     0.6179    -0.5010    -1.5825    -0.1479
     0.2445    -0.6380    -1.7430    -0.4769
    -0.1467    -0.9211    -1.8500    -0.7025
    -0.3779    -1.0489    -1.8678    -0.8998
    -0.6447    -1.1949    -1.8856    -1.1065
    -0.9471    -1.2405    -1.7608    -1.2662
    -1.3030    -1.2953    -1.5736    -1.3789
    -1.5076    -1.1949    -1.3864    -1.4447
    -1.5877    -1.0215    -1.0297    -1.4635
    -1.6767    -0.8663    -0.6461    -1.3977
    -1.7390    -0.6928    -0.1465    -1.2568
    -1.7212    -0.4827     0.3621    -1.0501
    -1.6767    -0.1904     0.7905    -0.7777
    -1.5610     0.0473     1.3262    -0.4957
    -1.4186     0.2941     1.7460    -0.1573
    -1.1873     0.5594     2.2551     0.1436
    -0.8226     0.7881     2.6214     0.4821
    -0.5202     1.0535     2.7644     0.8114
    -0.0578     1.2366     2.7197     1.1313
     0.3512     1.4198     2.5768     1.3571
     0.8934     1.4473     2.2551     1.6019
     1.2934     1.4473     1.9603     1.6960
     1.7821     1.3923     1.6477     1.7148
     2.0752     1.1909     1.2816     1.7242
     2.1996     0.8888     0.8263     1.5736
     2.1996     0.5045     0.4692     1.3101
     2.0397     0.1844     0.0676     1.0466
     1.7998    -0.1447    -0.2536     0.7267
     1.5066    -0.4371    -0.5569     0.3599
     1.1956    -0.6471    -0.8424     0.0025
     0.7334    -0.8480    -1.0653    -0.2983
     0.3779    -1.0489    -1.2080    -0.5709
    -0.0578    -1.2314    -1.3150    -0.8528
    -0.3246    -1.4595    -1.4042    -1.0501
    -0.5914    -1.5416    -1.4488    -1.1723
    -0.8404    -1.6055    -1.5023    -1.3132
    -1.1606    -1.4778    -1.3685    -1.3789
    -1.4364    -1.3500    -1.2169    -1.4729
    -1.5788    -1.1767    -0.9137    -1.4917
    -1.6856    -0.9028    -0.6640    -1.4071
    -1.7923    -0.5558    -0.3428    -1.2756
    -1.7568    -0.2452    -0.0127    -1.0032
    -1.7390     0.1570     0.2193    -0.7589
    -1.6589     0.5960     0.5049    -0.4205
    -1.4631     0.9712     0.7370    -0.0163
    -1.2051     1.2733     1.0673     0.3317
    -0.8849     1.5480     1.2727     0.6703
    -0.4669     1.6671     1.5048     1.0560
     0.0756     1.8137     1.6924     1.3101
     0.5734     1.8229     1.7906     1.5924
     1.0712     1.7312     1.8353     1.7431
     1.5777     1.6305     1.7995     1.8655
     2.0486     1.3923     1.6656     1.8749
     2.2351     1.1909     1.4334     1.7901
     2.3417     0.8156     1.1834     1.6489
     2.3062     0.4771     0.8977     1.3571
     2.1818     0.1936     0.5406     1.0748
     1.9509    -0.2086     0.2193     0.6703
     1.6754    -0.4188    -0.0484     0.3505
     1.2311    -0.6380    -0.2625     0.0213
     0.7690    -0.8754    -0.5212    -0.3171
     0.3601    -0.9941    -0.6907    -0.5897
    -0.0489    -1.2040    -0.8245    -0.8622
    -0.4046    -1.3500    -0.9583    -1.0126
    -0.5825    -1.4230    -1.0921    -1.1629
    -0.9205    -1.4458    -1.2080    -1.3132
    -1.1517    -1.4686    -1.2169    -1.3696
    -1.4008    -1.3774    -1.1367    -1.4635
    -1.5966    -1.2679    -0.9672    -1.4447
    -1.7034    -1.0032    -0.7799    -1.3226
    -1.7123    -0.7111    -0.6461    -1.2005
    -1.6767    -0.3822    -0.4320    -0.9280
    -1.6144     0.1204    -0.2001    -0.6931
    -1.5432     0.4862     0.0319    -0.4205
    -1.2852     0.9437     0.2550    -0.0727
    -1.0806     1.2092     0.5049     0.1906
    -0.7070     1.5389     0.7548     0.5292
    -0.2801     1.6854     1.0316     0.8302
     0.1734     1.6992     1.2459     1.1219
     0.6890     1.7129     1.4245     1.4042
     1.1956     1.6488     1.5048     1.5642
     1.6754     1.5755     1.5227     1.7148
     2.1552     1.3465     1.4066     1.7525
     2.2707     1.0902     1.2459     1.6866
     2.2795     0.8430     1.0584     1.5266
     2.2973     0.4954     0.7548     1.2536
     2.1463     0.1661     0.4960     0.9995
     1.9420    -0.1081     0.1747     0.7267
     1.6310    -0.2635    -0.1198     0.4257
     1.2400    -0.4827    -0.3428     0.1248
     0.8223    -0.6837    -0.6015    -0.2137
     0.3423    -0.8389    -0.8602    -0.5427
    -0.0222    -0.9941    -1.0118    -0.7777
    -0.2890    -1.2040    -1.1278    -1.0408
    -0.5558    -1.3135    -1.1456    -1.2005
    -0.8849    -1.3409    -1.1278    -1.3508
    -1.1962    -1.3592    -1.0921    -1.4447
    -1.4364    -1.4048    -0.9851    -1.5292
    -1.6678    -1.2679    -0.7888    -1.5480
    -1.7123    -1.1310    -0.6015    -1.4353
    -1.7123    -0.9393    -0.3696    -1.3132
    -1.7123    -0.6837    -0.2001    -1.1159
    -1.6856    -0.3731     0.0498    -0.8152
    -1.5521     0.0564     0.3264    -0.5615
    -1.3297     0.3765     0.6209    -0.1761
    -1.0895     0.6966     0.8709     0.1060
    -0.7070     1.0444     1.2012     0.4445
    -0.2090     1.2366     1.5316     0.7926
     0.1912     1.4747     1.8978     1.0654
     0.7157     1.5022     2.0943     1.3571
     1.2134     1.5755     2.1122     1.5077
     1.6577     1.4015     1.9067     1.5830
     2.0664     1.2458     1.6656     1.6019
     2.2973     1.0993     1.3173     1.5077
     2.2618     0.8339     0.9423     1.3760
     2.2973     0.5868     0.5852     1.1501
     2.1552     0.2484     0.1658     0.8772
     1.9509    -0.0167    -0.1733     0.5668
     1.6132    -0.2452    -0.5212     0.2940
     1.1601    -0.4005    -0.7978     0.0213
     0.7334    -0.6289    -1.1634    -0.3265
     0.3245    -0.8754    -1.3329    -0.5991
    -0.0311    -1.0032    -1.5023    -0.8528
    -0.4046    -1.1401    -1.6093    -1.1065
    -0.6003    -1.3500    -1.6271    -1.2662
    -0.9471    -1.3592    -1.6003    -1.4071
    -1.2585    -1.3592    -1.4309    -1.5011
    -1.4987    -1.3135    -1.2794    -1.5386
    -1.7123    -1.2040    -1.0653    -1.5574
    -1.7657    -1.0945    -0.7799    -1.4071
    -1.8457    -0.8206    -0.4410    -1.1911
    -1.8368    -0.5741    -0.0752    -0.9468
    -1.7568    -0.3091     0.3889    -0.6461
    -1.6589    -0.0167     0.8441    -0.3547
    -1.4453     0.3856     1.3530    -0.0351
    -1.1606     0.6966     1.8799     0.2940
    -0.8671     0.9528     2.4249     0.6232
    -0.4669     1.2733     2.8180     0.9713
     0.0489     1.4839     2.8895     1.3007
     0.4934     1.6305     2.8627     1.4889
     0.9645     1.6763     2.5946     1.6301
     1.3644     1.5389     2.1747     1.7337
     1.7821     1.4381     1.7460     1.7337
     2.0664     1.2000     1.2280     1.6583
     2.1996     0.9437     0.7548     1.4230
     2.1730     0.6509     0.3264     1.2442
     2.0219     0.3673    -0.1644     0.9431
     1.7998     0.0839    -0.5926     0.6515
     1.5066    -0.2360    -0.9583     0.3881
     1.1867    -0.4462    -1.2794     0.0966
     0.7779    -0.6380    -1.4666    -0.2137
     0.3156    -0.9028    -1.6895    -0.4957
    -0.0222    -1.1128    -1.8411    -0.7964
    -0.2890    -1.2588    -1.9035    -0.9938
    -0.5736    -1.4230    -1.8945    -1.1817
    -0.8493    -1.4230    -1.7608    -1.3883
    -1.2318    -1.3956    -1.5290    -1.4447
    -1.4631    -1.3500    -1.3061    -1.5386
    -1.6767    -1.1858    -1.0653    -1.5574
    -1.8012    -1.0215    -0.6907    -1.4729
    -1.8190    -0.8754    -0.2804    -1.3038
    -1.8279    -0.5832     0.1836    -1.0314
    -1.8279    -0.2086     0.6120    -0.7495
    -1.6856     0.1936     1.0316    -0.3829
    -1.4898     0.5685     1.4959    -0.0633
    -1.2051     0.9345     1.9871     0.3223
    -0.8760     1.2366     2.4517     0.6797
    -0.4757     1.5205     2.6840     1.0278
    -0.0400     1.6671     2.6616     1.3195
     0.3779     1.7587     2.6393     1.5454
     0.8401     1.7404     2.3623     1.7054
     1.3111     1.6763     2.0407     1.7713
     1.6843     1.4473     1.6388     1.7242
     2.0130     1.1909     1.1923     1.6678
     2.1641     0.9071     0.8620     1.4607
     2.2174     0.5319     0.5049     1.2818
     2.1197     0.2027     0.0944     0.9807
     1.8443    -0.0898    -0.2804     0.7079
     1.5777    -0.3640    -0.6015     0.3881
     1.1512    -0.6015    -0.8067     0.0778
     0.6890    -0.8115    -1.0207    -0.1573
     0.2890    -0.9667    -1.1902    -0.4769
    -0.0489    -1.1858    -1.2794    -0.6931
    -0.4135    -1.3956    -1.2972    -0.9374
    -0.6180    -1.4869    -1.3061    -1.1441
    -0.9116    -1.4914    -1.3953    -1.2944
    -1.1962    -1.4960    -1.3774    -1.3883
    -1.4987    -1.4321    -1.2704    -1.5292
    -1.6589    -1.2588    -1.0118    -1.5574
    -1.7390    -1.0215    -0.7621    -1.5386
    -1.7746    -0.8298    -0.4320    -1.3977
    -1.7301    -0.4645    -0.1198    -1.1253
    -1.7212    -0.0258     0.1479    -0.8340
    -1.5699     0.3673     0.4246    -0.4581
    -1.3653     0.7332     0.7459    -0.0821
    -1.1073     1.1451     1.0316     0.3411
    -0.8048     1.4381     1.3262     0.7267
    -0.4846     1.6854     1.5495     1.0466
    -0.0400     1.8229     1.7370     1.3477
     0.3423     1.8687     1.7906     1.5548
     0.7779     1.8137     1.7460     1.6489
     1.2489     1.7037     1.6031     1.7148
     1.6577     1.4747     1.4245     1.6866
     2.0397     1.1085     1.2280     1.5360
     2.1818     0.8522     0.9691     1.3666
     2.2085     0.5685     0.6924     1.1313
     2.1641     0.1570     0.4157     0.8866
     1.9775    -0.1172     0.1836     0.5950
     1.7110    -0.3914    -0.0752     0.2658
     1.3911    -0.4827    -0.2715     0.0307
     0.9290    -0.6928    -0.4856    -0.2043
     0.4934    -0.8572    -0.6105    -0.4675
     0.1289    -1.0671    -0.7710    -0.6085
    -0.2712    -1.3135    -0.9405    -0.8246
    -0.5469    -1.4778    -1.0029    -0.9750
    -0.8582    -1.4960    -1.1456    -1.1347
    -1.1784    -1.5325    -1.0743    -1.2944
    -1.4275    -1.4413    -1.0029    -1.3320
    -1.6411    -1.2679    -0.8424    -1.3179
    -1.7390    -1.0945    -0.7175    -1.3038
    -1.7568    -0.8206    -0.5212    -1.1441
    -1.8012    -0.4919    -0.3161    -0.9656
    -1.7390    -0.1629    -0.0395    -0.6837
    -1.6500     0.2484     0.1925    -0.3641
    -1.4186     0.6600     0.5406    -0.0069
    -1.1162     1.0078     0.7995     0.2846
    -0.7959     1.3374     1.0048     0.6420
    -0.3424     1.7037     1.2369     0.9619
     0.1200     1.8870     1.3709     1.2536
     0.5023     1.9145     1.4959     1.5171
     0.9468     1.8962     1.5227     1.6301
     1.4533     1.7954     1.4691     1.7054
     1.8176     1.6488     1.3798     1.7148
     2.1641     1.3282     1.1834     1.6207
     2.2884     1.0169     1.0137     1.4701
     2.2884     0.7515     0.8084     1.2066
     2.2707     0.3856     0.4692     0.9619
     2.0930     0.0564     0.2818     0.6515
     1.7288    -0.1812    -0.0216     0.3034
     1.3733    -0.3457    -0.2893     0.0025
     0.8845    -0.5832    -0.5034    -0.2983
     0.4490    -0.7932    -0.7264    -0.5521
    -0.0311    -1.0215    -0.8870    -0.8340
    -0.3601    -1.2040    -0.9672    -1.0595
    -0.6625    -1.3592    -0.9940    -1.2099
    -0.9471    -1.4413    -1.0207    -1.2756
    -1.2763    -1.5234    -1.0564    -1.3602
    -1.5521    -1.5142    -0.9940    -1.3602
    -1.6945    -1.3318    -0.8870    -1.3602
    -1.7568    -1.2223    -0.7264    -1.2662
    -1.8279    -0.9485    -0.5391    -1.1253
    -1.8012    -0.6745    -0.3517    -0.9656
    -1.7123    -0.3457    -0.0930    -0.6743
    -1.5254    -0.0350     0.2282    -0.4017
    -1.3386     0.4496     0.5763    -0.0163
    -1.0717     0.7698     0.9245     0.2846
          3          3          3          3
