    4   2048 0.020000  2016   1  20  10  55
         16         10         11         42
     1.6397    -0.1250    -0.4376    -0.1794
     1.6752    -0.1433    -0.4198    -0.1794
     1.4975    -0.1616    -0.3841    -0.2264
     1.3021    -0.1616    -0.3752    -0.2170
     1.0710    -0.1524    -0.3127    -0.2170
     0.7511    -0.2256    -0.2948    -0.2358
     0.4311    -0.2439    -0.2592    -0.1888
     0.1022    -0.1982    -0.2413    -0.2358
    -0.1645    -0.2804    -0.1699    -0.1700
    -0.4401    -0.2621    -0.1699    -0.1230
    -0.6535    -0.1799    -0.1074    -0.0948
    -0.9292    -0.1982    -0.0807    -0.1136
    -1.0804    -0.1982    -0.0450    -0.0666
    -1.2583    -0.1982    -0.0628    -0.0289
    -1.3740    -0.1707     0.0086     0.0369
    -1.3473    -0.0884     0.0264     0.0557
    -1.3473    -0.0976     0.0264     0.0839
    -1.1961    -0.0610     0.0711     0.1498
    -1.0271    -0.0427     0.0800     0.1686
    -0.8047     0.0030     0.0443     0.2156
    -0.4579     0.0670     0.0532     0.2626
    -0.2000     0.0761     0.0889     0.2532
     0.1111     0.1127     0.0800     0.2814
     0.5734     0.1310     0.0621     0.3002
     0.9911     0.1493     0.0264     0.3097
     1.3909     0.1493     0.0175     0.3002
     1.7196     0.1767    -0.0093     0.2814
     1.9772     0.1402    -0.0093     0.2720
     2.0039     0.1310    -0.0360     0.2532
     1.8440     0.1493    -0.0271     0.2344
     1.6041     0.1676    -0.0896     0.1592
     1.3109     0.1127    -0.0985     0.1686
     1.0444     0.1036    -0.0807     0.0839
     0.6978     0.0853    -0.0985     0.0745
     0.3600     0.0944    -0.1074     0.0463
     0.0756     0.1310    -0.1342     0.0181
    -0.1823     0.0670    -0.1074    -0.0383
    -0.4223     0.0761    -0.1253    -0.0854
    -0.6891     0.0121    -0.0985    -0.1136
    -0.9114     0.0121    -0.1253    -0.1230
    -1.1160     0.0030    -0.0539    -0.1230
    -1.2939    -0.0062    -0.0717    -0.1606
    -1.3829    -0.0702    -0.0539    -0.1512
    -1.3651    -0.0793    -0.0003    -0.1888
    -1.3117    -0.0702     0.0354    -0.1512
    -1.1516    -0.0976     0.0443    -0.1512
    -0.8937    -0.0702     0.0621    -0.1042
    -0.6446    -0.0793     0.1514    -0.1042
    -0.3868    -0.0153     0.1782    -0.0477
    -0.0667    -0.0153     0.1960    -0.0383
     0.3156    -0.0702     0.2406    -0.0101
     0.7600    -0.0336     0.2406     0.0839
     1.2132     0.0213     0.2496     0.0933
     1.5419     0.0396     0.2496     0.1592
     1.8529     0.0304     0.2585     0.2626
     1.8973     0.1127     0.3121     0.3191
     1.7818     0.1219     0.2853     0.3661
     1.5864     0.1219     0.3031     0.4602
     1.3731     0.1402     0.2764     0.4978
     1.0621     0.2133     0.2764     0.4696
     0.7778     0.2408     0.2942     0.5354
     0.4400     0.2133     0.2674     0.5448
     0.1645     0.2499     0.2942     0.5354
    -0.0222     0.2865     0.2853     0.5636
    -0.2801     0.3414     0.2853     0.5731
    -0.5557     0.3963     0.2228     0.5354
    -0.8670     0.3414     0.2317     0.5542
    -1.0537     0.3780     0.2049     0.5401
    -1.2405     0.3871     0.1603     0.5260
    -1.4362     0.4054     0.1335     0.4225
    -1.4807     0.4329     0.0978     0.3285
    -1.5074     0.4146     0.0711     0.2344
    -1.3740     0.3140     0.0175     0.1215
    -1.1961     0.2865    -0.0539     0.0557
    -1.0537     0.2042    -0.0807    -0.1418
    -0.7336     0.2316    -0.1074    -0.3016
    -0.4134     0.0853    -0.1164    -0.5273
    -0.1022     0.0304    -0.1342    -0.6589
     0.3600    -0.0702    -0.1610    -0.8374
     0.8578    -0.2804    -0.1610    -0.9878
     1.2843    -0.4175    -0.1431    -1.0442
     1.6397    -0.5272    -0.1521    -1.1006
     1.8351    -0.6734    -0.1521    -1.1194
     1.8351    -0.8195    -0.1342    -1.0912
     1.6841    -0.9200    -0.1164    -0.9502
     1.4975    -0.9383    -0.0539    -0.7905
     1.2310    -0.9109    -0.0271    -0.5179
     0.9733    -0.7921    -0.0093    -0.2264
     0.6622    -0.6460    -0.0093     0.1121
     0.3334    -0.4084     0.0264     0.4413
     0.0044    -0.0884     0.0354     0.6013
    -0.2445     0.2042     0.0889     1.2318
    -0.5735     0.5427     0.0532     1.8531
    -0.8047     0.8173     0.1246     2.1545
    -1.0360     1.2751     0.0978     2.1074
    -1.3028     1.9166     0.1068     2.0697
    -1.4540     2.1733     0.1603     1.5707
    -1.5074     2.1642     0.1425     1.0435
    -1.5519     2.1550     0.1068     0.4696
    -1.4718     1.7608     0.0889    -0.0289
    -1.3028     1.1927     0.0621    -0.3580
    -1.1338     0.4146     0.0800    -0.7623
    -0.8581    -0.1433     0.0532    -1.0630
    -0.5824    -0.6094     0.0354    -1.3167
    -0.2801    -0.9839    -0.0182    -1.4106
     0.1556    -1.3126    -0.0539    -1.5140
     0.5467    -1.5316    -0.0896    -1.5985
     0.9555    -1.6594    -0.1342    -1.5703
     1.2754    -1.7597    -0.1164    -1.5328
     1.5064    -1.7780    -0.1610    -1.3919
     1.6041    -1.7324    -0.2145    -1.2509
     1.6041    -1.6411    -0.2235    -0.9878
     1.4709    -1.4130    -0.2681    -0.7247
     1.3287    -1.1665    -0.2681    -0.4144
     1.0533    -0.9017    -0.2859    -0.0760
     0.7955    -0.6003    -0.2324     0.2438
     0.5378    -0.2256    -0.2324     0.5919
     0.2178     0.3506    -0.2681     0.8365
    -0.1022     0.8447    -0.2502     1.1188
    -0.3690     1.2018    -0.1878     1.3353
    -0.5913     1.5591    -0.1610     1.4859
    -0.9292     1.7791    -0.1342     1.5330
    -1.1160     1.9349    -0.1074     1.5236
    -1.3562     2.1000    -0.0360     1.4106
    -1.5074     2.0266    -0.0360     1.1847
    -1.5519     1.9899    -0.0182     0.9777
    -1.5697     1.8158     0.0800     0.7424
    -1.4629     1.5775     0.1157     0.4696
    -1.3651     1.2568     0.1246     0.2250
    -1.1249     0.8264     0.1960     0.0087
    -0.8759     0.4420     0.1692    -0.1418
    -0.5468     0.1127     0.2406    -0.3580
    -0.2445    -0.1982     0.2406    -0.5649
     0.2178    -0.4632     0.2406    -0.7811
     0.7067    -0.7099     0.2406    -0.9126
     1.0710    -0.8195     0.2585    -0.9690
     1.4353    -0.9839     0.2317    -1.0160
     1.5953    -1.1391     0.2674    -0.9502
     1.6663    -1.1848     0.2139    -0.8750
     1.5331    -1.2031     0.2049    -0.7999
     1.4087    -1.1574     0.1960    -0.6495
     1.2221    -1.1300     0.1335    -0.4050
     0.9999    -1.0935     0.1425    -0.2076
     0.7955    -0.8835     0.1068     0.0745
     0.4756    -0.6277     0.0354     0.4037
     0.1378    -0.3535     0.0175     0.6954
    -0.1289     0.0121    -0.0360     0.9682
    -0.3690     0.2225    -0.0450     1.2318
    -0.7158     0.5976    -0.0450     1.5612
    -0.9648     0.8905    -0.1074     1.8437
    -1.2405     1.2202    -0.1253     1.9002
    -1.4273     1.5683    -0.0985     1.8626
    -1.5608     1.7791    -0.1521     1.7496
    -1.5786     1.9441    -0.1610     1.5048
    -1.5964     1.9258    -0.1431     1.1659
    -1.4184     1.8708    -0.1342     0.8553
    -1.2050     1.6966    -0.0717     0.4884
    -0.9559     1.4858    -0.0896     0.1309
    -0.7069     1.1011    -0.0807    -0.1606
    -0.3423     0.8081    -0.0093    -0.4050
     0.0400     0.4603     0.0086    -0.6495
     0.4489     0.1767     0.0443    -0.8374
     0.9466    -0.0884     0.0443    -1.0160
     1.2310    -0.2713     0.1068    -1.1100
     1.4886    -0.4998     0.1068    -1.0630
     1.5153    -0.6460     0.1692    -1.1100
     1.5419    -0.8104     0.1692    -0.9972
     1.4709    -0.9748     0.1603    -0.9032
     1.3554    -1.0204     0.1960    -0.7059
     1.2487    -1.0296     0.2496    -0.4991
     1.0177    -0.9657     0.2139    -0.2734
     0.7333    -0.8926     0.2139     0.0839
     0.4134    -0.7830     0.1960     0.3473
     0.1645    -0.6186     0.2139     0.6765
    -0.1556    -0.4815     0.2317     1.0059
    -0.3868    -0.2439     0.2049     1.2882
    -0.7247    -0.0062     0.1782     1.6366
    -1.0093     0.2865     0.0978     1.8155
    -1.1872     0.5244     0.0711     1.9567
    -1.4362     0.7257     0.0264     1.9379
    -1.5430     1.0278     0.0264     1.8343
    -1.5608     1.2202    -0.0182     1.5330
    -1.4807     1.3851    -0.1074     1.1753
    -1.3384     1.4125    -0.1074     0.7330
    -1.0537     1.3851    -0.1253     0.2438
    -0.8314     1.3392    -0.1431    -0.0760
    -0.5112     1.1744    -0.1967    -0.4991
    -0.1556     1.0004    -0.2056    -0.7905
     0.2800     0.7349    -0.1699    -0.9972
     0.7511     0.4237    -0.2145    -1.2321
     1.1332     0.1767    -0.1788    -1.4200
     1.3998    -0.1707    -0.1967    -1.5328
     1.6308    -0.3992    -0.1878    -1.5516
     1.6486    -0.6825    -0.1788    -1.5234
     1.6663    -0.8743    -0.1342    -1.4388
     1.5775    -1.0935    -0.1253    -1.3261
     1.3998    -1.1939    -0.0807    -1.1476
     1.2665    -1.3126    -0.0628    -0.8468
     1.0355    -1.3582    -0.0182    -0.5273
     0.7511    -1.3856     0.0086    -0.1794
     0.4311    -1.2761     0.0800     0.2062
     0.1111    -1.1300     0.1068     0.6389
    -0.1556    -0.9383     0.1335     1.1188
    -0.4045    -0.7190     0.1425     1.5236
    -0.7069    -0.3718     0.2049     1.8626
    -0.9737     0.0213     0.2139     2.0132
    -1.1783     0.5518     0.2139     2.0415
    -1.3651     1.0187     0.2674     1.8249
    -1.4896     1.5500     0.2496     1.5048
    -1.4718     1.9899     0.2406     1.1094
    -1.3117     2.2467     0.2049     0.7330
    -1.1872     2.2284     0.2139     0.2814
    -0.9470     2.2559     0.2496    -0.0383
    -0.6713     2.0266     0.2317    -0.3674
    -0.4134     1.5133     0.2049    -0.6213
    -0.0756     0.8173     0.1335    -0.8468
     0.3245     0.1585     0.1246    -0.9784
     0.8489    -0.3992     0.1246    -1.1382
     1.2043    -0.7739     0.0800    -1.2885
     1.5331    -1.1300     0.0443    -1.3355
     1.6574    -1.3674     0.0354    -1.3449
     1.6619    -1.5316    -0.0182    -1.2133
     1.6663    -1.6320    -0.0271    -1.0818
     1.5242    -1.6411    -0.0628    -0.9126
     1.3643    -1.6503    -0.0271    -0.7153
     1.2132    -1.5590    -0.0717    -0.3862
     0.9822    -1.3400    -0.0807    -0.1418
     0.6089    -1.0387    -0.0717     0.1686
     0.3423    -0.6916    -0.0717     0.5354
    -0.0222    -0.3078    -0.0093     0.7989
    -0.2978     0.2682     0.0175     1.1000
    -0.6002     0.9088     0.0354     1.3730
    -0.9025     1.4034     0.0532     1.5989
    -1.1249     1.9166     0.0711     1.7213
    -1.3384     2.1825     0.0978     1.6554
    -1.5163     2.2192     0.1514     1.4389
    -1.5964     2.1825     0.1603     1.2035
    -1.5786     2.2192     0.2049     0.9682
    -1.4184     2.0266     0.1692     0.6671
    -1.2494     1.6233     0.2496     0.3849
    -0.9559     1.1469     0.2496     0.1309
    -0.6713     0.6891     0.2496    -0.0948
    -0.3156     0.3140     0.2317    -0.3392
     0.1289    -0.1342     0.2317    -0.5461
     0.6356    -0.5180     0.2764    -0.7905
     1.1243    -0.8378     0.2317    -0.9784
     1.5064    -1.0113     0.2585    -1.0630
     1.6841    -1.1483     0.2317    -1.1006
     1.7907    -1.3035     0.1782    -1.0066
     1.7463    -1.3400     0.1692    -0.9408
     1.6219    -1.3126     0.1425    -0.7905
     1.3731    -1.2396     0.1157    -0.6025
     1.2665    -1.1391     0.0711    -0.3298
     0.9555    -1.0113     0.0264    -0.1418
     0.6445    -0.7556     0.0264     0.1498
     0.3156    -0.4998    -0.0182     0.4790
     0.0133    -0.2164    -0.0271     0.8459
    -0.2178     0.2591    -0.0985     1.1565
    -0.5024     0.6800    -0.0896     1.5801
    -0.7158     1.1835    -0.1164     1.9002
    -1.0182     1.6966    -0.1610     2.0603
    -1.2316     2.1183    -0.1788     2.0697
    -1.4007     2.2375    -0.1699     1.9661
    -1.4629     2.2192    -0.1431     1.7213
    -1.4896     2.2284    -0.1699     1.3259
    -1.3651     2.2192    -0.1610     0.6671
    -1.1783     2.0541    -0.1164     0.1309
    -0.9470     1.5775    -0.1164    -0.3110
    -0.6357     0.9088    -0.1342    -0.6965
    -0.2445     0.2499    -0.0717    -1.0348
     0.1734    -0.3078    -0.0628    -1.2133
     0.6711    -0.7921    -0.0271    -1.3637
     1.0177    -1.2031    -0.0093    -1.5797
     1.4353    -1.4951    -0.0271    -1.6549
     1.6663    -1.6320     0.0621    -1.6455
     1.7374    -1.7415     0.0800    -1.5328
     1.7374    -1.7506     0.0443    -1.4013
     1.6930    -1.7324     0.0264    -1.1476
     1.5686    -1.6867     0.0711    -0.8750
     1.4353    -1.4495     0.0532    -0.5837
     1.2843    -1.2578     0.0711    -0.0854
     0.9733    -1.0204     0.0532     0.4037
     0.6445    -0.6825     0.0264     1.0529
     0.4134    -0.2987    -0.0093     1.4765
     0.0845     0.3231     0.0086     1.8908
    -0.2000     0.8814    -0.0450     2.1545
    -0.4935     1.3118    -0.0271     2.1545
    -0.8047     1.7883    -0.0539     2.1404
    -1.0182     2.0816    -0.0985     2.1262
    -1.2050     2.2284    -0.1253     2.0980
    -1.3651     2.2375    -0.1253     1.6554
    -1.3918     2.1733    -0.1878     1.0624
    -1.3651     2.0541    -0.1699     0.5542
    -1.2316     1.8249    -0.1788     0.0745
    -1.0271     1.5133    -0.2413    -0.3204
    -0.7247     1.0736    -0.2502    -0.7247
    -0.4401     0.6617    -0.2592    -1.0254
    -0.0222     0.2682    -0.2592    -1.2697
     0.3778    -0.1524    -0.1878    -1.3543
     0.8578    -0.4632    -0.1610    -1.5046
     1.2665    -0.7465    -0.1521    -1.5985
     1.5864    -0.9017    -0.1699    -1.5985
     1.7374    -1.1209    -0.1253    -1.5985
     1.8262    -1.3217    -0.1253    -1.4576
     1.8262    -1.3765    -0.0450    -1.2697
     1.6663    -1.4495    -0.0182    -0.9784
     1.5686    -1.4313    -0.0182    -0.7153
     1.3731    -1.4586     0.0264    -0.3016
     1.1243    -1.3035     0.0264     0.0463
     0.8578    -1.1118     0.1157     0.5354
     0.5289    -0.9657     0.1157     0.9306
     0.2267    -0.6551     0.1068     1.4200
    -0.1200    -0.3078     0.1514     1.8061
    -0.3868     0.0944     0.1692     2.0038
    -0.7069     0.4054     0.1737     2.0980
    -0.9648     0.8447     0.1782     2.1074
    -1.2494     1.2934     0.1514     2.0132
    -1.4273     1.6691     0.1603     1.7307
    -1.5697     1.9899     0.1514     1.4012
    -1.5519     2.1275     0.0711     1.0247
    -1.5074     2.1183     0.0443     0.7330
    -1.3384     2.1091     0.0443     0.3943
    -1.1071     1.9349     0.0175     0.0557
    -0.8492     1.6141     0.0354    -0.1888
    -0.5468     1.2476    -0.0093    -0.4050
    -0.1467     0.7990    -0.0003    -0.6683
     0.2445     0.4054    -0.0003    -0.8750
     0.6533    -0.0062    -0.0717    -1.0724
     1.0621    -0.3353    -0.0450    -1.1852
     1.3731    -0.6094    -0.0360    -1.1992
     1.5064    -0.8195    -0.0093    -1.2133
     1.4975    -1.0022    -0.0182    -1.2133
     1.4886    -1.2031     0.0086    -1.1476
     1.4531    -1.2852    -0.0003    -1.0254
     1.2932    -1.4221    -0.0003    -0.8468
     1.0977    -1.4495     0.0175    -0.6025
     0.8844    -1.2852     0.0532    -0.3016
     0.5822    -1.2213     0.0889    -0.0289
     0.2622    -1.0752     0.0889     0.2532
    -0.1378    -0.9017     0.0978     0.5919
    -0.3423    -0.6825     0.1335     0.9212
    -0.6713    -0.3444     0.1782     1.1565
    -0.9826    -0.0062     0.2317     1.4577
    -1.2761     0.3323     0.1871     1.6742
    -1.4273     0.6617     0.2139     1.6742
    -1.6497     1.0462     0.2228     1.6742
    -1.7298     1.3851     0.2764     1.5518
    -1.7209     1.7149     0.2228     1.3259
    -1.6586     2.0174     0.2496     1.0529
    -1.4095     2.0220     0.2406     0.7142
    -1.2583     2.0266     0.2228     0.4225
    -0.9025     1.9074     0.1960     0.1498
    -0.5468     1.6508     0.1960    -0.1888
    -0.1378     1.3026     0.1692    -0.4709
     0.2356     0.8539     0.1246    -0.6965
     0.7422     0.4603     0.0889    -0.8562
     1.1243     0.0213     0.0889    -1.0348
     1.3909    -0.3718     0.0354    -1.1100
     1.5775    -0.6460     0.0443    -1.2133
     1.5953    -0.8926    -0.0093    -1.1758
     1.4886    -1.1391    -0.0628    -1.1852
     1.3287    -1.3582    -0.0807    -1.0912
     1.2132    -1.4769    -0.0896    -0.8938
     1.0355    -1.5681    -0.1431    -0.7247
     0.7778    -1.5134    -0.1164    -0.4050
     0.4134    -1.4130    -0.1610    -0.1324
     0.1111    -1.2031    -0.1521     0.1309
    -0.1823    -0.9474    -0.1788     0.4413
    -0.4935    -0.7282    -0.1610     0.8365
    -0.7425    -0.3535    -0.1610     1.1471
    -1.0182     0.0396    -0.1253     1.4577
    -1.2761     0.4237    -0.1074     1.7684
    -1.4007     0.9180    -0.0539     1.9002
    -1.5608     1.2934    -0.0360     1.8908
    -1.5252     1.6050    -0.0360     1.7213
    -1.4451     1.7608     0.0354     1.4765
    -1.3117     1.7699     0.0354     1.1565
    -1.0804     1.6874     0.1157     0.7800
    -0.8937     1.5316     0.1246     0.4413
    -0.5735     1.2293     0.1068     0.1027
    -0.2267     0.9271     0.1514    -0.1700
     0.1556     0.7349     0.1246    -0.4521
     0.6178     0.3597     0.1871    -0.6965
     1.0444     0.1219     0.1514    -0.9502
     1.3731    -0.1342     0.1960    -1.1664
     1.6841    -0.3078     0.1871    -1.2697
     1.7729    -0.4815     0.1871    -1.2885
     1.7552    -0.6825     0.1157    -1.2697
     1.6752    -0.7465     0.1246    -1.2133
     1.6130    -0.8652     0.0889    -1.0254
     1.3998    -0.9109     0.0711    -0.8374
     1.2399    -0.9383     0.0354    -0.6401
     0.8844    -0.9383     0.0175    -0.3204
     0.5911    -0.8835    -0.0093     0.0275
     0.2622    -0.7190    -0.0360     0.3755
     0.0044    -0.6003    -0.0985     0.6954
    -0.2445    -0.4632    -0.0985     1.0718
    -0.4757    -0.2073    -0.1878     1.4953
    -0.8047     0.0213    -0.2056     1.8814
    -1.0004     0.3414    -0.2056     2.0886
    -1.1961     0.6617    -0.1878     2.0886
    -1.2939     1.0828    -0.2324     2.0321
    -1.3117     1.4492    -0.1967     1.8814
    -1.2405     1.7883    -0.1967     1.5048
    -1.0982     1.9533    -0.1699     1.0624
    -0.8759     1.9533    -0.1788     0.5731
    -0.6891     1.7791    -0.1342     0.1874
    -0.3512     1.5316    -0.0807    -0.1982
    -0.0133     1.2110    -0.0450    -0.6025
     0.4311     0.6617    -0.0271    -0.8656
     0.9644     0.2316     0.0086    -1.0630
     1.3465    -0.1890     0.0175    -1.2227
     1.7107    -0.6460     0.1246    -1.4388
     1.9595    -0.9383     0.1157    -1.4764
     1.9595    -1.1118     0.1514    -1.4388
     1.9595    -1.2578     0.1692    -1.2979
     1.7818    -1.3400     0.2049    -1.1852
     1.5686    -1.3947     0.2317    -0.9032
     1.3643    -1.3674     0.2228    -0.6213
     1.0621    -1.3035     0.2496    -0.2640
     0.6622    -1.1300     0.2406     0.1309
     0.2978    -0.9200     0.2139     0.5731
    -0.0845    -0.5089     0.1960     0.9965
    -0.2801    -0.0702     0.1425     1.5048
    -0.5112     0.4420     0.0889     1.9661
    -0.7869     1.1835     0.0443     2.1074
    -1.0448     1.6874     0.0175     2.1451
    -1.1872     2.1917    -0.0093     2.1357
    -1.3651     2.2192    -0.0896     2.0415
    -1.3562     2.2742    -0.1521     1.6460
    -1.2850     2.2651    -0.2235     1.2224
    -1.1605     2.2651    -0.2324     0.7424
    -1.0271     1.8983    -0.3127     0.3285
    -0.7336     1.3392    -0.3395    -0.0760
    -0.4490     0.7807    -0.3930    -0.4709
    -0.1022     0.3048    -0.4198    -0.7341
     0.3245    -0.1433    -0.4198    -0.8844
     0.7156    -0.5363    -0.4019    -1.0630
     1.1688    -0.8743    -0.3752    -1.2697
     1.4886    -1.1300    -0.3841    -1.3919
     1.7729    -1.2487    -0.2859    -1.4200
     1.7685    -1.3674    -0.2681    -1.3355
     1.7640    -1.4039    -0.1610    -1.2227
     1.6841    -1.3947    -0.1074    -0.9972
     1.4709    -1.3856    -0.0628    -0.7341
     1.3109    -1.2304     0.0264    -0.4991
     1.0266    -1.0570     0.0621    -0.1794
     0.6533    -0.9017     0.1068     0.1215
     0.2978    -0.7556     0.1960     0.4696
     0.0311    -0.4267     0.2317     0.9212
    -0.2890    -0.0519     0.2764     1.2788
    -0.5824     0.3597     0.2764     1.5989
    -0.7602     0.7715     0.2853     1.9191
    -1.0271     1.1286     0.3031     2.0321
    -1.2227     1.5225     0.3031     2.0226
    -1.3562     1.8799     0.2585     2.0132
    -1.5074     2.1458     0.2228     1.7778
    -1.4362     2.2375     0.1603     1.3541
    -1.3562     2.1825     0.1425     0.9400
    -1.2494     2.1183     0.0264     0.4131
    -1.0360     1.7608    -0.0539    -0.0571
    -0.7869     1.4217    -0.1610    -0.4427
    -0.5112     1.0736    -0.2681    -0.8093
    -0.0845     0.6068    -0.3573    -1.0724
     0.3245     0.1767    -0.4644    -1.2979
     0.7778    -0.2530    -0.4733    -1.5422
     1.2576    -0.5637    -0.5268    -1.7676
     1.5864    -0.8469    -0.5625    -1.7770
     1.7640    -1.1209    -0.5804    -1.7864
     1.7507    -1.3491    -0.5804    -1.7206
     1.7374    -1.5681    -0.4822    -1.5422
     1.5775    -1.6411    -0.4376    -1.3167
     1.3998    -1.7415    -0.3038    -1.0160
     1.1066    -1.7506    -0.1699    -0.6401
     0.8400    -1.6685    -0.0539    -0.2546
     0.4045    -1.5043     0.0800     0.2156
     0.0222    -1.2670     0.2139     0.7142
    -0.2356    -0.9748     0.2764     1.1941
    -0.5468    -0.6277     0.3299     1.6083
    -0.8225    -0.1524     0.3567     2.0132
    -1.0804     0.3414     0.5174     2.1357
    -1.2850     0.8539     0.6156     2.1262
    -1.4007     1.3209     0.7138     2.0509
    -1.5875     1.7974     0.7495     1.8531
    -1.5519     2.1000     0.7763     1.4200
    -1.5074     2.1642     0.8209     1.0153
    -1.4007     2.1825     0.8209     0.5072
    -1.2761     1.9624     0.7584     0.1121
    -1.0182     1.6233     0.7316    -0.2828
    -0.7514     1.2660     0.6602    -0.5931
    -0.4223     0.8630     0.4817    -0.9408
     0.0133     0.4329     0.2585    -1.0724
     0.4311     0.0670     0.0175    -1.2979
     0.8133    -0.2804    -0.1521    -1.4764
     1.1332    -0.6186    -0.3305    -1.5610
     1.3820    -0.7556    -0.5268    -1.5516
     1.5686    -0.9931    -0.7142    -1.5140
     1.6041    -1.1209    -0.8123    -1.4200
     1.5686    -1.2670    -0.8926    -1.2603
     1.4531    -1.3765    -0.9016    -1.0724
     1.1777    -1.4586    -0.8926    -0.8468
     0.9555    -1.4130    -0.8034    -0.5367
     0.6178    -1.3309    -0.7499    -0.1888
     0.2000    -1.2396    -0.6071     0.1403
    -0.0934    -1.0844    -0.4287     0.6107
    -0.4045    -0.8926    -0.1699     0.9212
    -0.6980    -0.5911     0.0443     1.2600
    -0.9025    -0.2804     0.3210     1.5707
    -1.1338     0.0670     0.6513     1.9002
    -1.3473     0.4420     0.7316     2.0792
    -1.4896     0.8081     0.8388     2.0603
    -1.5519     1.1377     1.0442     1.9850
    -1.5252     1.4767     1.2942     1.8061
    -1.4718     1.8524     1.3746     1.5518
    -1.2939     2.0358     1.4818     1.2035
    -1.1338     2.0358     1.4282     0.8365
    -0.9292     1.9349     1.4193     0.5072
    -0.5824     1.6599     1.3835     0.1215
    -0.2623     1.3301     1.1424    -0.2358
     0.1467     0.9546     0.7584    -0.5273
     0.5734     0.5701     0.3656    -0.8656
     0.9377     0.1767     0.0175    -1.0254
     1.3021    -0.1616    -0.2592    -1.2133
     1.5597    -0.5180    -0.5358    -1.2697
     1.7640    -0.7373    -0.7588    -1.2744
     1.7640    -0.8743    -0.9908    -1.2791
     1.6397    -1.0752    -1.2048    -1.1570
     1.5331    -1.1939    -1.3119    -0.9314
     1.2221    -1.2943    -1.3163    -0.7059
     0.9733    -1.2943    -1.3208    -0.4427
     0.5734    -1.2852    -1.2494    -0.1324
     0.1378    -1.0661    -1.0800     0.1498
    -0.1556    -0.8926    -0.9016     0.5166
    -0.4401    -0.7282    -0.6607     0.8365
    -0.7336    -0.4175    -0.3662     1.1565
    -0.9203    -0.0062    -0.0360     1.3918
    -1.1427     0.2774     0.3388     1.5989
    -1.3206     0.6800     0.6602     1.7778
    -1.3651     1.0004     1.0084     1.8155
    -1.4007     1.3576     1.3389     1.6931
    -1.2939     1.6599     1.4460     1.5612
    -1.1071     1.8158     1.4728     1.3259
    -0.9292     1.8066     1.4282     1.0341
    -0.7425     1.7974     1.4193     0.7048
    -0.4401     1.5866     1.4014     0.3567
    -0.1556     1.3576     1.2406     0.0933
     0.2267     0.9821     0.9102    -0.2264
     0.6178     0.6617     0.5442    -0.4803
     0.9822     0.2408     0.2049    -0.7905
     1.2932    -0.1433    -0.0628    -1.0254
     1.6041    -0.4541    -0.2413    -1.1758
     1.8618    -0.7190    -0.4822    -1.2415
     1.8662    -0.8469    -0.7231    -1.2556
     1.8706    -1.0022    -0.8748    -1.2697
     1.7552    -1.0296    -0.9283    -1.1852
     1.6130    -1.0570    -0.9729    -0.9878
     1.3287    -1.1026    -0.9729    -0.7717
     0.9022    -1.0570    -0.8837    -0.4521
     0.5378    -0.9657    -0.7499    -0.1888
     0.1200    -0.8378    -0.6161     0.1215
    -0.2445    -0.6551    -0.4108     0.4790
    -0.4935    -0.4724    -0.2592     0.8271
    -0.8136    -0.2621     0.0086     1.1376
    -0.9826     0.0853     0.2496     1.4294
    -1.1783     0.3963     0.4549     1.6554
    -1.3651     0.7532     0.5977     1.8061
    -1.4095     1.1377     0.6602     1.8626
    -1.3295     1.4950     0.7406     1.7496
    -1.1872     1.7883     0.7049     1.4483
    -1.0804     2.0083     0.6870     1.0812
    -0.8492     1.9899     0.5263     0.7330
    -0.5735     1.8433     0.4013     0.2720
    -0.2356     1.5775     0.3031    -0.0289
     0.0400     1.2202     0.1960    -0.4050
     0.4756     0.7532     0.0621    -0.6589
     0.8666     0.3506    -0.0003    -0.8093
     1.2576    -0.0336    -0.1521    -1.0254
     1.5864    -0.4449    -0.2145    -1.2227
     1.8529    -0.8104    -0.3573    -1.3167
     2.0394    -0.9748    -0.3573    -1.3167
     2.0217    -1.1026    -0.4287    -1.2227
     1.9328    -1.2031    -0.4198    -1.1288
     1.6930    -1.3035    -0.3305    -0.9126
     1.3998    -1.2487    -0.3038    -0.7529
     1.0177    -1.2578    -0.2235    -0.4615
     0.5645    -1.1757    -0.1967    -0.1794
     0.1556    -0.9931    -0.2145     0.1780
    -0.1911    -0.7465    -0.2235     0.5448
    -0.5024    -0.3444    -0.2056     0.8930
    -0.7780    -0.0336    -0.2681     1.2506
    -1.0360     0.3323    -0.2502     1.5236
    -1.2227     0.7440    -0.2145     1.7872
    -1.2939     1.2385    -0.1878     1.9285
    -1.3829     1.7241    -0.2056     1.9191
    -1.3918     2.1275    -0.1342     1.8249
    -1.2761     2.1825    -0.1431     1.5518
    -1.0982     2.2192    -0.0360     1.1376
    -0.8848     2.1917     0.0264     0.7518
    -0.6535     2.2100     0.1157     0.3097
    -0.3690     1.7516     0.1782    -0.0571
    -0.0667     1.2293     0.2853    -0.4144
     0.2089     0.5610     0.3656    -0.7905
     0.6178     0.0396     0.4281    -1.0066
     0.9822    -0.4906     0.4460    -1.2227
     1.2843    -0.9657     0.4013    -1.3825
     1.5597    -1.2852     0.2853    -1.5610
     1.7463    -1.4586     0.2228    -1.6079
     1.7552    -1.5681     0.1068    -1.5703
     1.7640    -1.5727    -0.0182    -1.4388
     1.6219    -1.5773    -0.1699    -1.2697
     1.4531    -1.4586    -0.3752    -0.9972
     1.1155    -1.3765    -0.5268    -0.7529
     0.7156    -1.3035    -0.6071    -0.3956
     0.3600    -1.2031    -0.6785    -0.0854
    -0.0756    -0.9931    -0.7677     0.3661
    -0.4401    -0.6277    -0.7499     0.7800
    -0.7691    -0.2439    -0.6250     1.2318
    -1.0893     0.1036    -0.4376     1.6742
    -1.2761     0.5518    -0.2145     1.9473
    -1.3740     0.9454     0.0889     2.0886
    -1.5252     1.3484     0.9727     2.0603
    -1.5875     1.7883     1.2942     1.9191
    -1.6142     2.1367     1.4371     1.5612
    -1.4362     2.2284     1.4282     1.1282
    -1.2227     2.1825     1.3835     0.5731
    -1.0360     2.1367     1.0531     0.1686
    -0.7158     1.8708     0.6156    -0.2640
    -0.4312     1.3851     0.2139    -0.6119
    -0.1734     0.9271    -0.1967    -0.9690
     0.2622     0.4329    -0.5358    -1.1664
     0.5911    -0.0976    -0.7945    -1.3919
     0.9644    -0.7008    -0.9283    -1.5234
     1.2754    -1.0387    -1.0621    -1.6267
     1.5686    -1.3582    -1.2048    -1.5985
     1.6841    -1.5499    -1.2673    -1.5516
     1.6930    -1.7232    -1.2494    -1.4294
     1.6752    -1.7780    -1.2138    -1.2697
     1.4442    -1.7506    -1.0532    -1.1006
     1.1954    -1.7689    -0.7856    -0.8562
     0.8844    -1.7415    -0.4733    -0.5743
     0.5022    -1.5864    -0.0093    -0.2734
     0.0133    -1.3674     0.3745     0.0369
    -0.3423    -1.0478     0.8477     0.5072
    -0.6980    -0.7008     1.3299     0.9212
    -1.0271    -0.3353     1.4907     1.3824
    -1.2316     0.1219     1.9284     1.7684
    -1.3829     0.5152     2.1607     2.0509
    -1.5875     0.9729     2.1429     2.1074
    -1.6942     1.3484     2.0982     2.1262
    -1.6320     1.7974     1.8302     1.9567
    -1.5964     2.0908     1.4371     1.6083
    -1.4451     2.2009     1.0620     1.1753
    -1.1872     2.1367     0.5977     0.7424
    -0.9915     2.1091     0.1068     0.2626
    -0.6980     1.9166    -0.3930    -0.1512
    -0.3423     1.5775    -0.7588    -0.5461
    -0.0311     1.2476    -1.0264    -0.8656
     0.3600     0.8447    -1.1424    -1.0724
     0.7156     0.4054    -1.3029    -1.2791
     0.9999     0.0030    -1.4100    -1.4482
     1.3109    -0.3535    -1.4278    -1.4576
     1.5331    -0.7465    -1.4456    -1.4670
     1.7019    -1.0022    -1.3921    -1.3919
     1.6752    -1.2304    -1.2583    -1.2603
     1.6308    -1.3674    -1.0621    -1.0442
     1.4709    -1.5316    -0.7588    -0.7999
     1.2043    -1.6320    -0.4376    -0.5085
     0.9377    -1.6594    -0.0450    -0.2452
     0.5378    -1.5864     0.4102     0.0651
     0.0756    -1.4130     0.8566     0.4413
    -0.2534    -1.1483     1.2585     0.8365
    -0.6357    -0.8743     1.6872     1.1376
    -0.8670    -0.5363     2.0178     1.4106
    -1.0982    -0.0519     2.1339     1.7307
    -1.3117     0.4054     2.1339     1.9285
    -1.5074     0.9088     1.9374     2.0038
    -1.5252     1.2934     1.7766     1.9756
    -1.5252     1.7516     1.4818     1.8626
    -1.4362     2.1000     1.2049     1.5707
    -1.2583     2.1825     0.9102     1.2882
    -1.0360     2.2284     0.5352     0.9871
    -0.7158     2.2100     0.1514     0.5919
    -0.4223     1.9074    -0.1699     0.2344
    -0.0934     1.5316    -0.4644    -0.1136
     0.3689     1.1927    -0.6696    -0.3768
     0.7422     0.7715    -0.8480    -0.6871
     1.0444     0.2682    -1.0175    -0.9126
     1.3287    -0.1524    -1.1870    -1.1570
     1.6486    -0.4084    -1.1781    -1.3167
     1.8529    -0.7282    -1.1692    -1.4200
     1.8973    -0.8743    -1.1156    -1.4294
     1.8440    -1.0570    -1.0621    -1.4013
     1.7285    -1.1300    -1.0264    -1.2509
     1.4798    -1.1209    -0.8659    -1.0912
     1.2132    -1.1665    -0.6696    -0.8656
     0.7511    -1.1848    -0.5447    -0.4991
     0.3245    -1.1939    -0.3216    -0.1700
    -0.0934    -1.0022    -0.0807     0.2626
    -0.4401    -0.8835     0.1871     0.7236
    -0.7958    -0.6825     0.4727     1.1753
    -1.0093    -0.3718     0.7584     1.5707
    -1.2672    -0.0976     1.0442     1.9191
    -1.4184     0.2499     1.2942     2.0980
    -1.5519     0.6525     1.4371     2.1733
    -1.5608     0.9546     1.4416     2.1545
    -1.4362     1.3209     1.4460     2.0415
    -1.2494     1.6050     1.2764     1.7307
    -1.0448     1.8708     1.1781     1.2788
    -0.7869     2.0266     1.0084     0.8365
    -0.4668     1.9349     0.8031     0.4508
    -0.1734     1.7424     0.6245     0.0557
     0.2889     1.4217     0.3924    -0.2734
     0.6978     1.0919     0.2317    -0.5743
     1.0533     0.6891    -0.0093    -0.8374
     1.4176     0.2316    -0.2145    -1.0254
     1.6663    -0.1250    -0.4198    -1.2321
     1.8884    -0.4815    -0.5358    -1.3073
     2.0039    -0.7465    -0.6874    -1.3637
     1.9417    -0.9291    -0.8034    -1.3167
     1.8351    -1.0570    -0.8837    -1.2885
     1.6219    -1.1939    -0.9016    -1.1194
     1.3465    -1.2213    -0.9016    -0.9314
     0.8400    -1.2943    -0.9283    -0.6213
     0.3334    -1.2852    -0.9551    -0.3580
    -0.1022    -1.1939    -0.9551     0.0087
    -0.5646    -1.0113    -0.9016     0.3097
    -0.9114    -0.8104    -0.8569     0.7048
    -1.1783    -0.4998    -0.7767     1.0624
    -1.4362    -0.0976    -0.6785     1.4671
    -1.5608     0.3231    -0.4644     1.8061
    -1.5964     0.7349    -0.1610     2.0509
    -1.5964     1.1469     0.0800     2.0886
    -1.5875     1.5958     0.3388     2.0603
    -1.4362     1.9258     0.6067     1.8626
    -1.1338     2.1458     0.8299     1.4953
    -0.8937     2.1550     0.9727     1.0812
    -0.5379     2.0358     1.1692     0.5731
    -0.1645     1.7608     1.1781     0.1780
     0.2445     1.3759     1.2406    -0.1888
     0.6356     0.8814     1.1335    -0.5931
     1.0177     0.4146     1.0977    -0.8281
     1.3198    -0.0062     0.9549    -1.0066
     1.6397    -0.4449     0.7227    -1.2415
     1.8262    -0.7556     0.4638    -1.3919
     2.0217    -0.9839     0.1425    -1.4670
     2.0217    -1.1574    -0.1164    -1.4576
     1.8973    -1.3126    -0.3662    -1.3825
     1.7107    -1.3947    -0.6250    -1.2321
     1.3554    -1.3491    -0.7856    -1.0254
     0.9466    -1.2761    -0.8480    -0.7247
     0.5111    -1.2670    -0.9551    -0.3956
    -0.0133    -1.1300    -1.0800    -0.0760
    -0.4045    -0.9109    -1.1067     0.2156
    -0.7602    -0.6460    -1.0086     0.6389
    -1.0360    -0.3444    -0.8837     0.9682
    -1.3740    -0.0153    -0.7321     1.3165
    -1.5430     0.3140    -0.5893     1.6083
    -1.5786     0.6800    -0.3930     1.8626
    -1.6497     1.1377    -0.1342     1.9002
    -1.7387     1.5042     0.0086     1.8531
    -1.5875     1.8341     0.1603     1.5518
    -1.3829     2.0450     0.3478     1.2506
    -1.1516     2.1917     0.4906     0.8177
    -0.8492     2.1091     0.6424     0.3755
    -0.5379     1.9808     0.7406     0.0275
    -0.1378     1.6599     0.7941    -0.3486
     0.2267     1.2385     0.8299    -0.6683
     0.6533     0.7715     0.8566    -0.8468
     0.9733     0.3323     0.8031    -1.0066
     1.3198    -0.1707     0.6691    -1.2133
     1.6574    -0.6368     0.5531    -1.3449
     1.7996    -1.0661     0.4727    -1.4764
     1.8706    -1.3035     0.3299    -1.5046
     1.8973    -1.5316     0.1871    -1.4200
     1.7552    -1.7141    -0.0093    -1.2227
     1.5775    -1.7415    -0.1342    -1.0536
     1.3109    -1.6594    -0.2770    -0.8281
     0.8400    -1.6229    -0.4287    -0.5555
     0.3334    -1.5681    -0.4555    -0.2828
    -0.1467    -1.4039    -0.5268    -0.0101
    -0.6091    -1.1300    -0.4912     0.3943
    -0.9114    -0.7465    -0.3841     0.7424
    -1.2050    -0.2896    -0.2859     1.1188
    -1.4629     0.1585    -0.1431     1.4200
    -1.5964     0.6708     0.0711     1.6554
    -1.7031     1.1011     0.1871     1.8061
    -1.7387     1.5683     0.3745     1.7778
    -1.7031     1.9991     0.5084     1.5424
    -1.5430     2.2284     0.6602     1.2694
    -1.3206     2.2192     0.7763     0.9306
    -1.0271     2.2192     0.8299     0.5260
    -0.6980     2.2192     0.8745     0.1968
    -0.2356     1.9349     0.8120    -0.1324
     0.1378     1.4492     0.8120    -0.4333
     0.5378     0.9912     0.6870    -0.7717
     0.9377     0.5061     0.6245    -0.9690
     1.2310    -0.0610     0.4727    -1.1288
     1.5864    -0.6368     0.2585    -1.2979
     1.8173    -1.0387     0.0264    -1.3919
     2.0039    -1.3126    -0.1967    -1.4294
     1.9994    -1.5316    -0.5001    -1.3825
     1.9950    -1.6867    -0.7321    -1.2603
     1.8351    -1.6867    -1.0710    -1.1382
     1.5419    -1.6046    -1.2583    -0.9502
     1.2132    -1.6229    -1.2717    -0.7435
     0.7600    -1.5134    -1.2851    -0.4238
     0.1822    -1.3947    -1.1424    -0.1794
    -0.2089    -1.1665    -0.9462     0.1968
    -0.5646    -0.9017    -0.6518     0.5825
    -0.9292    -0.4815    -0.3038     0.9871
    -1.1249    -0.1250     0.2317     1.3353
    -1.2850     0.2865     0.8924     1.6836
    -1.4451     0.6800     1.8659     1.8908
    -1.4985     1.0462     2.8488     1.9944
    -1.5341     1.5408     2.9382     1.9850
    -1.4896     1.9166     2.9293     1.8531
    -1.2672     2.1458     2.4109     1.5518
    -1.0182     2.2651     1.7587     1.2412
    -0.7158     2.2192     1.1067     0.8741
    -0.2890     2.2192     0.5174     0.4696
     0.0667     1.9166    -0.0450     0.0651
     0.4667     1.6050    -0.5090    -0.2546
     0.8666     1.1927    -1.0264    -0.5649
     1.2932     0.6891    -1.4010    -0.8374
     1.5864     0.1402    -1.5972    -1.0254
     1.8973    -0.4084    -1.7399    -1.2321
     2.1016    -0.7373    -1.7221    -1.3543
     2.2259    -1.0113    -1.7043    -1.3543
     2.2437    -1.2670    -1.5170    -1.3449
     2.0749    -1.4130    -1.3743    -1.2133
     1.7374    -1.4586    -1.1870    -1.0536
     1.3376    -1.4586    -0.8480    -0.8093
     0.9022    -1.3765    -0.5715    -0.5179
     0.3511    -1.2943    -0.1610    -0.2358
    -0.1556    -1.1939     0.2496     0.1027
    -0.5112    -0.9109     0.7049     0.4508
    -0.9025    -0.6368     1.0352     0.8553
    -1.1961    -0.2347     1.4103     1.1659
    -1.4540     0.2133     1.7319     1.5330
    -1.6142     0.5610     1.9463     1.7966
    -1.6675     0.9546     2.0088     2.0226
    -1.7209     1.3209     1.8212     2.0415
    -1.7832     1.7058     1.6426     2.0226
    -1.5964     2.0450     1.4818     1.8531
    -1.3473     2.1825     1.2138     1.5895
    -1.0360     2.1871     0.8834     1.1847
    -0.7425     2.1917     0.5531     0.8553
    -0.2801     1.9899     0.2317     0.4225
     0.0845     1.6416    -0.0271     0.0275
     0.5111     1.2751    -0.2770    -0.3016
     0.9644     0.8539    -0.5358    -0.5743
     1.3021     0.3506    -0.8213    -0.7717
     1.6574    -0.1433    -1.0175    -1.0066
     1.9151    -0.5180    -1.2316    -1.1945
     2.0572    -0.8469    -1.3119    -1.3073
     2.0661    -1.0570    -1.4100    -1.3449
     1.9239    -1.1665    -1.3743    -1.3073
     1.6663    -1.3126    -1.3832    -1.2227
     1.2576    -1.3126    -1.2227    -1.1100
     0.8222    -1.3309    -1.0443    -0.8844
     0.3689    -1.3217    -0.8123    -0.5931
    -0.1378    -1.2304    -0.5893    -0.2734
    -0.5913    -1.0844    -0.3841     0.0651
    -0.9470    -0.8104    -0.1253     0.3755
    -1.2227    -0.4815     0.2585     0.7518
    -1.5252    -0.1433     0.6245     1.1847
    -1.6675     0.1859     0.8656     1.4859
    -1.7120     0.6342     1.1692     1.8249
    -1.7743     1.0187     1.3389     1.9756
    -1.8633     1.3576     1.4818     1.9661
    -1.7120     1.6966     1.4907     1.9567
    -1.5074     2.0633     1.5264     1.7496
    -1.2494     2.1917     1.3925     1.4294
    -0.8848     2.1183     1.2585     0.9965
    -0.4223     2.0174     1.0531     0.5354
     0.0044     1.7791     0.8299     0.1309
     0.5111     1.4217     0.5709    -0.2452
     0.9466     0.9638     0.3388    -0.6025
     1.3731     0.5427     0.0443    -0.9032
     1.7107     0.0944    -0.1788    -1.0818
     2.0838    -0.4358    -0.3930    -1.2227
     2.2437    -0.8378    -0.5804    -1.3261
     2.2703    -1.0387    -0.7588    -1.3825
     2.1815    -1.2943    -0.9818    -1.3637
     1.9328    -1.4769    -1.0978    -1.3073
     1.5064    -1.4951    -1.1781    -1.1945
     1.0355    -1.4769    -1.1959    -0.9408
     0.5467    -1.4130    -1.2762    -0.7059
     0.0667    -1.3126    -1.2673    -0.4333
    -0.4312    -1.1939    -1.2316    -0.1512
    -0.8403    -0.9200    -1.0532     0.1498
    -1.0893    -0.6460    -0.7856     0.4319
    -1.3562    -0.3078    -0.5804     0.8083
    -1.6142    -0.0153    -0.3127     1.1847
    -1.6764     0.3597     0.0711     1.5236
    -1.7476     0.7074     0.4192     1.7401
    -1.7209     1.0553     0.7852     1.9285
    -1.6853     1.3942     1.0084     1.9191
    -1.4451     1.7149     1.2228     1.7590
    -1.1605     1.9166     1.4728     1.4389
    -0.8047     1.9303     1.6604     1.0812
    -0.3957     1.9441     1.7408     0.6107
     0.0933     1.6874     1.5622     0.1968
     0.5378     1.4034     1.3657    -0.2076
     1.0444     1.0004     1.1603    -0.5179
     1.4531     0.6434     0.9191    -0.8562
     1.7552     0.2133     0.6067    -1.0254
     2.0927    -0.2530     0.2764    -1.2415
     2.2526    -0.6551     0.0443    -1.3919
     2.2970    -0.9839    -0.1878    -1.4388
     2.2526    -1.1574    -0.3752    -1.4013
     2.0483    -1.3217    -0.5893    -1.3167
     1.7196    -1.4404    -0.7767    -1.1382
     1.2843    -1.4860    -0.8659    -0.9878
     0.7511    -1.5134    -0.9016    -0.7811
     0.1911    -1.5316    -0.9462    -0.5931
    -0.2890    -1.4951    -0.9908    -0.3580
    -0.7691    -1.2578    -0.9818    -0.0854
    -1.0537    -1.0752    -0.9818     0.1780
    -1.2939    -0.7647    -0.8480     0.5166
    -1.5786    -0.4724    -0.6964     0.9306
    -1.6853    -0.0244    -0.5179     1.2882
    -1.7476     0.2957    -0.2859     1.5895
    -1.7387     0.6708     0.0443     1.8061
    -1.7832     1.1286     0.3121     1.7966
    -1.6231     1.5500     0.5620     1.7872
    -1.3740     1.9074     0.7406     1.5801
    -1.0982     2.1733     0.9817     1.2506
    -0.6713     2.1642     1.1067     0.8553
    -0.1823     2.1550     1.2406     0.3849
     0.2978     2.0174     1.2674     0.0181
     0.6978     1.6416     1.2228    -0.3486
     1.1510     1.1561     1.1245    -0.6871
     1.5064     0.7257     0.9459    -0.8938
     1.8706     0.2225     0.7852    -1.1288
     2.1460    -0.2621     0.5709    -1.2603
     2.2792    -0.6825     0.3388    -1.4200
     2.2171    -0.9657     0.1157    -1.4294
     2.1016    -1.2122    -0.0807    -1.3543
     1.8529    -1.3674    -0.1967    -1.1382
     1.4798    -1.4313    -0.4108    -0.9126
     1.0177    -1.5043    -0.4733    -0.6777
     0.5467    -1.5499    -0.5001    -0.4427
     0.0311    -1.5225    -0.5358    -0.1982
    -0.4223    -1.4769    -0.5625     0.0839
    -0.7425    -1.1939    -0.4733     0.4225
    -1.1071    -0.8835    -0.3930     0.8177
    -1.3918    -0.3992    -0.3216     1.1188
    -1.5430     0.0579    -0.2324     1.4577
    -1.6320     0.5152    -0.0450     1.7307
    -1.6586     0.8905     0.0978     1.8908
    -1.7387     1.3759     0.3031     1.9661
    -1.7031     1.7516     0.5352     1.8343
    -1.5697     2.1275     0.6156     1.6272
    -1.2761     2.2009     0.8120     1.3165
    -0.9114     2.2559     0.8834     0.9871
    -0.4579     2.2651     0.9102     0.6107
    -0.0400     2.2009     0.8745     0.2438
     0.4045     1.9349     0.8477    -0.1230
     0.8755     1.5408     0.7316    -0.3956
     1.1954     1.0919     0.6513    -0.6871
     1.5597     0.5701     0.5174    -0.8187
     1.8973     0.0670     0.3567    -1.0348
     2.1105    -0.4724     0.2049    -1.1758
     2.1149    -0.8013    -0.0896    -1.2979
     2.1194    -1.0022    -0.3395    -1.2603
     1.9328    -1.2122    -0.5358    -1.2039
     1.6752    -1.3126    -0.7410    -1.0724
     1.3109    -1.4221    -0.8480    -0.9126
     0.9200    -1.4313    -1.0086    -0.6495
     0.4934    -1.4678    -1.0978    -0.4897
    -0.0133    -1.4039    -1.0889    -0.1888
    -0.4579    -1.3947    -1.0086     0.0463
    -0.8047    -1.1391    -0.8480     0.4037
    -1.0626    -0.8287    -0.5804     0.7048
    -1.3562    -0.4267    -0.2681     1.0718
    -1.5252     0.0670     0.0621     1.3071
    -1.6586     0.4329     0.3299     1.5330
    -1.7209     0.9271     0.6781     1.7025
    -1.7209     1.3667     1.0799     1.7496
    -1.6675     1.7149     2.2322     1.6366
    -1.4540     2.1183     2.7327     1.4765
    -1.2405     2.2651     2.7327     1.1941
    -0.8314     2.2009     2.3305     0.8930
    -0.3512     2.2467     1.7051     0.5542
     0.0400     1.9716     1.1781     0.2532
     0.5378     1.5866     0.7406    -0.0854
     0.9999     1.1103     0.3567    -0.4050
     1.4176     0.7074    -0.0628    -0.6683
     1.7996     0.1767    -0.5447    -0.9032
     2.0128    -0.3261    -1.0086    -1.1758
     2.1993    -0.7099    -1.4010    -1.3637
     2.2703    -0.9839    -1.6597    -1.4482
     2.1194    -1.1757    -1.7488    -1.4106
     1.9239    -1.3856    -1.7578    -1.3543
     1.5597    -1.4678    -1.7667    -1.2415
     1.2221    -1.5134    -1.6953    -1.1100
     0.6978    -1.5590    -1.5170    -0.8374
     0.1822    -1.5544    -1.2405    -0.6307
    -0.2267    -1.5499    -0.9283    -0.2546
    -0.6357    -1.4221    -0.6071     0.0275
    -0.9470    -1.1026    -0.2324     0.4131
    -1.2316    -0.6916     0.2406     0.7895
    -1.4896    -0.2713     0.7316     1.0906
    -1.5697     0.1493     1.3389     1.4200
    -1.6942     0.5427     1.9016     1.5895
    -1.6987     0.9546     2.2948     1.7872
    -1.7031     1.3484     2.4288     1.7778
    -1.6053     1.6874     2.3484     1.7025
    -1.4451     2.0083     2.0803     1.5048
    -1.1249     2.1825     1.7855     1.3071
    -0.7336     2.1550     1.4282     0.9682
    -0.2890     2.1000     0.9549     0.6389
     0.2622     1.7974     0.5263     0.2250
     0.7511     1.5042     0.1960    -0.1230
     1.2221     1.0462    -0.0717    -0.4521
     1.6930     0.6159    -0.5001    -0.7341
     2.0394     0.1493    -0.7499    -1.0348
     2.3148    -0.3718    -0.9551    -1.2603
     2.3592    -0.7282    -1.0621    -1.4576
     2.2792    -0.9931    -1.2405    -1.5140
     2.0927    -1.1665    -1.3386    -1.5046
     1.6841    -1.3035    -1.3119    -1.4670
     1.2843    -1.4678    -1.2940    -1.3261
     0.8489    -1.5225    -1.1424    -1.0536
     0.3156    -1.5499    -0.9462    -0.7717
    -0.2000    -1.5864    -0.7588    -0.4050
    -0.6624    -1.5590    -0.5447    -0.0948
    -1.0004    -1.3400    -0.3930     0.2626
    -1.2316    -1.0296    -0.1431     0.6765
    -1.4629    -0.6368     0.0889     1.0624
    -1.6231    -0.1433     0.4102     1.3918
    -1.7654     0.2774     0.7763     1.6554
    -1.7565     0.7166     1.0352     1.8626
    -1.8099     1.1927     1.2496     1.9944
    -1.7209     1.5683     1.3210     1.9567
    -1.5074     1.9533     1.4550     1.7966
    -1.2138     2.1825     1.4907     1.5612
    -0.8492     2.2742     1.4193     1.2412
    -0.3868     2.2375     1.3031     0.8459
     0.0756     2.1550     1.1245     0.4696
     0.5734     1.8983     0.9191     0.0557
     1.0710     1.5042     0.7584    -0.2640
     1.5864     1.0645     0.5263    -0.5743
     2.0394     0.5976     0.2853    -0.7811
     2.3503     0.0761     0.0532    -1.0630
     2.3636    -0.3992    -0.1431    -1.2321
     2.3769    -0.6825    -0.3038    -1.4200
     2.2526    -0.9474    -0.5001    -1.4858
     1.8262    -1.1209    -0.7499    -1.4670
     1.3998    -1.3035    -0.8569    -1.3731
     0.9200    -1.3217    -0.9908    -1.1945
     0.3956    -1.3765    -0.9818    -0.9408
    -0.0667    -1.3400    -0.9729    -0.6777
    -0.5735    -1.2670    -0.9818    -0.3016
    -0.8937    -1.1391    -0.8837     0.0369
    -1.1249    -0.8469    -0.7499     0.4037
    -1.3562    -0.6186    -0.4912     0.7989
    -1.5163    -0.1982    -0.3038     1.2129
    -1.6053     0.2408     0.0175     1.5424
    -1.6853     0.6251     0.3210     1.7872
    -1.6409     1.0095     0.5888     2.0321
    -1.5786     1.4217     0.9013     2.0980
    -1.4807     1.7424     1.1335     2.0980
    -1.2227     2.0725     1.4371     1.9002
    -0.9025     2.2559     1.5890     1.6177
    -0.4668     2.2834     1.5666     1.2600
    -0.0934     2.2467     1.5443     0.8930
     0.4667     2.1733     1.3746     0.4508
     0.9288     1.7883     1.2228     0.0557
     1.3287     1.4125     1.0084    -0.3298
     1.7907     0.8539     0.6959    -0.6777
     2.1904     0.3597     0.4192    -0.9690
     2.3592    -0.1433     0.1692    -1.2415
     2.3769    -0.6368    -0.0628    -1.4294
     2.3503    -0.9474    -0.3216    -1.5891
     2.0305    -1.1665    -0.5447    -1.5891
     1.6752    -1.3947    -0.7856    -1.5422
     1.2843    -1.5043    -0.9372    -1.3919
     0.7511    -1.5225    -1.0354    -1.2039
     0.2711    -1.5043    -1.0443    -0.9126
    -0.2356    -1.4951    -1.0800    -0.5743
    -0.6091    -1.4313    -1.0800    -0.1794
    -0.9559    -1.1939    -1.0264     0.1968
    -1.2138    -0.9109    -0.8659     0.6201
    -1.3740    -0.5546    -0.6964     0.9965
    -1.5697    -0.1799    -0.5447     1.4200
    -1.6320     0.2225    -0.4019     1.6554
    -1.6409     0.6342    -0.2235     1.9191
    -1.6497     1.1103     0.0264     1.9567
    -1.6409     1.5316     0.2764     1.9285
    -1.4896     1.9074     0.5174     1.7872
    -1.2939     2.1550     0.7049     1.5142
    -0.8937     2.1504     0.9549     1.2506
    -0.5024     2.1458     1.1067     0.9212
    -0.0222     1.9533     1.2764     0.5260
     0.4223     1.6050     1.3567     0.2062
     0.9288     1.2110     1.3210    -0.1606
     1.3998     0.7990     1.1870    -0.4333
     1.8795     0.2591     0.9906    -0.7247
     2.2348    -0.1342     0.6513    -0.9126
     2.4213    -0.5637     0.3299    -1.1382
     2.4213    -0.8652     0.0264    -1.2791
     2.3858    -1.0204    -0.2948    -1.3919
     2.0305    -1.1757    -0.5804    -1.3449
     1.6397    -1.2761    -0.7767    -1.2979
     1.1865    -1.2670    -0.9818    -1.1288
     0.6978    -1.3035    -1.0621    -0.9220
     0.1911    -1.3400    -1.0710    -0.6683
    -0.2890    -1.3582    -1.0800    -0.3862
    -0.6624    -1.2578    -0.9729    -0.1136
    -0.9737    -1.0844    -0.8748     0.2344
    -1.1961    -0.7739    -0.7588     0.6671
    -1.3562    -0.3718    -0.6874     1.0153
    -1.4807     0.0670    -0.4644     1.4012
    -1.6142     0.4329    -0.2948     1.6742
    -1.7209     0.9454    -0.0807     1.9285
    -1.6586     1.4309     0.1692     2.0509
    -1.5875     1.9074     0.4460     2.0697
    -1.4451     2.2192     0.7495     1.9756
    -1.1516     2.2742     0.9727     1.7684
    -0.8581     2.2467     1.1424     1.3636
    -0.3957     2.2100     1.3031     0.9965
     0.0489     2.0725     1.4193     0.5448
     0.5289     1.6233     1.5354     0.0651
     0.9555     1.1194     1.5532    -0.3486
     1.3998     0.6983     1.3299    -0.6965
     1.8618     0.2316     1.0710    -0.9408
     2.2437    -0.3170     0.5799    -1.1758
     2.3503    -0.7465     0.1425    -1.4106
     2.4213    -1.0204    -0.3216    -1.5140
     2.2792    -1.1848    -0.6874    -1.5046
     1.9595    -1.4130    -0.9105    -1.4388
     1.6397    -1.5225    -1.0978    -1.2979
     1.2487    -1.5134    -1.1959    -1.0724
     0.7689    -1.5134    -1.2316    -0.8562
     0.2445    -1.5043    -1.2138    -0.5085
    -0.1645    -1.4495    -1.1424    -0.2170
    -0.5112    -1.2578    -0.9908     0.1403
    -0.8047    -0.9474    -0.7677     0.5072
    -1.0804    -0.5089    -0.5358     0.9212
    -1.2227     0.0213    -0.2324     1.2788
    -1.4007     0.4695     0.1335     1.6177
    -1.5341     0.9088     0.5888     1.9096
    -1.6320     1.4767     0.9459     2.0132
    -1.6764     1.8983     1.2228     2.0509
    -1.5341     2.1733     1.5622     1.9002
    -1.4540     2.2192     1.8659     1.6931
    -1.2138     2.2192     1.9552     1.2788
    -0.8670     2.1367     1.9552     0.8836
    -0.4846     1.7974     1.8212     0.4508
    -0.0133     1.4400     1.7051     0.0369
     0.4578     1.0828     1.4193    -0.3580
     0.9022     0.6159     1.0710    -0.7153
     1.3109     0.1585     0.6067    -0.9972
     1.7729    -0.2621     0.1157    -1.1664
     2.1638    -0.6916    -0.2592    -1.3919
     2.3503    -0.8743    -0.6874    -1.4952
     2.3059    -1.1026    -0.9818    -1.4858
     2.1016    -1.2943    -1.2048    -1.4764
     1.7907    -1.3582    -1.3475    -1.4013
     1.3731    -1.4678    -1.4367    -1.2509
     0.9377    -1.4678    -1.4724    -1.0912
     0.5200    -1.4951    -1.4813    -0.7999
    -0.0044    -1.4404    -1.4278    -0.5179
    -0.3779    -1.3309    -1.2583    -0.1982
    -0.7158    -1.1483    -1.0354     0.0745
    -0.9737    -0.7556    -0.6785     0.4790
    -1.1605    -0.4267    -0.3305     0.8553
    -1.3384     0.0304     0.0443     1.3071
    -1.4718     0.4603     0.5084     1.5895
    -1.5608     0.8997     0.9995     1.9096
    -1.5786     1.4034     1.5443     2.0132
    -1.5519     1.8341     2.1339     2.0132
    -1.4007     2.2100     2.4467     2.0132
    -1.2050     2.2651     2.6790     1.8061
    -0.9203     2.2651     2.6790     1.4294
    -0.5913     2.2742     2.4199     1.0059
    -0.1111     2.0541     1.9731     0.5166
     0.2711     1.6966     1.3567     0.1215
     0.6622     1.3392     0.7763    -0.3204
     1.0888     0.9454     0.2406    -0.6871
     1.6130     0.4237    -0.1967    -0.9220
     2.0305    -0.0062    -0.6339    -1.1758
     2.3148    -0.4449    -0.9908    -1.4013
     2.3236    -0.7282    -1.1959    -1.5797
     2.2970    -0.9748    -1.3386    -1.6267
     2.0128    -1.1757    -1.4724    -1.5891
     1.6308    -1.2943    -1.5972    -1.4482
     1.1332    -1.3947    -1.5527    -1.2885
     0.6800    -1.4860    -1.5527    -1.0254
     0.2356    -1.5134    -1.3297    -0.6777
    -0.1467    -1.5225    -1.0889    -0.3204
    -0.6180    -1.4221    -0.7588    -0.0101
    -0.9114    -1.1391    -0.5001     0.3285
    -1.1071    -0.8287    -0.3038     0.7142
    -1.3295    -0.5180     0.0175     1.0059
    -1.5608    -0.0427     0.3388     1.3636
    -1.6409     0.3597     0.6870     1.5707
    -1.6497     0.8173     0.9817     1.8061
    -1.6853     1.2568     1.2585     1.8437
    -1.5252     1.5500     1.4996     1.8249
    -1.3473     1.8433     1.6068     1.6648
    -1.0182     2.0633     1.6158     1.4671
    -0.7336     2.0266     1.6247     1.1659
    -0.3423     1.8708     1.5086     0.8647
     0.1200     1.6874     1.4103     0.5166
     0.5378     1.4400     1.1692     0.2250
     1.0533     1.0828     0.8745    -0.0477
     1.5242     0.7532     0.4549    -0.3204
     1.9684     0.3323     0.1335    -0.6307
     2.2171    -0.0427    -0.1610    -0.8468
     2.3325    -0.3261    -0.5090    -1.0912
     2.3414    -0.6186    -0.7677    -1.2603
     2.1460    -0.8195    -0.9462    -1.3637
     1.8085    -0.9474    -1.1335    -1.4200
     1.3198    -1.0387    -1.2405    -1.3731
     0.8400    -1.1848    -1.1870    -1.2603
     0.3956    -1.2396    -1.1513    -1.0724
    -0.0400    -1.3947    -0.9908    -0.8374
    -0.4223    -1.3674    -0.9283    -0.5931
    -0.7958    -1.2943    -0.8034    -0.2076
    -1.0715    -1.1665    -0.6161     0.1309
    -1.3651    -0.9291    -0.3305     0.5260
    -1.5341    -0.5911    -0.0628     0.8930
    -1.5875    -0.2621     0.2317     1.2224
    -1.7031     0.1585     0.4906     1.4953
    -1.7387     0.6708     0.7941     1.7590
    -1.6942     1.0645     0.9191     1.9567
    -1.4629     1.4034     1.0799     2.0038
    -1.2227     1.7516     1.1781     1.9944
    -0.9114     1.9533     1.1781     1.8155
    -0.5646     2.0083     1.1826     1.4953
    -0.1556     1.9716     1.1870     1.1094
     0.2178     1.7883     1.1960     0.7330
     0.6178     1.5500     1.1067     0.2720
     1.0977     1.2293     0.9817    -0.0948
     1.5419     0.8081     0.7941    -0.4897
     1.9151     0.4329     0.5799    -0.8187
     2.1105     0.0579     0.2853    -1.0818
     2.1282    -0.3353    -0.0450    -1.3449
     2.1460    -0.6642    -0.3305    -1.4670
     1.9151    -0.8561    -0.5536    -1.5046
     1.5508    -1.0204    -0.7588    -1.4106
     1.1688    -1.1574    -0.9640    -1.3167
     0.8133    -1.2487    -1.0889    -1.0630
     0.4045    -1.4221    -1.1246    -0.8750
    -0.0311    -1.4678    -1.1513    -0.5555
    -0.3957    -1.3491    -1.1424    -0.1982
    -0.6891    -1.1939    -1.0264     0.1121
    -0.9203    -0.9291    -0.7945     0.4978
    -1.2138    -0.5911    -0.5447     0.8459
    -1.3117    -0.1524    -0.2770     1.1659
    -1.4184     0.3323     0.0086     1.4294
    -1.5519     0.7715     0.3031     1.6931
    -1.5341     1.3576     0.6245     1.8814
    -1.5163     1.8799     0.8745     1.9473
    -1.4095     2.1550     1.1603     1.9096
    -1.1427     2.2467     1.3567     1.7119
    -0.8581     2.2284     1.5175     1.3918
    -0.4846     2.0633     1.5800     1.0341
    -0.1111     1.6050     1.5845     0.6389
     0.2978     1.2293     1.5890     0.1968
     0.6978     0.7532     1.3567    -0.1888
     1.1510     0.3506     1.1692    -0.5649
     1.5597    -0.1250     0.8209    -0.8281
     1.8973    -0.5363     0.4281    -1.1288
     2.1460    -0.8195    -0.0093    -1.3449
     2.1460    -1.0570    -0.3662    -1.4858
     2.0305    -1.2396    -0.6161    -1.5234
     1.8262    -1.4404    -0.8480    -1.5516
     1.5064    -1.4495    -1.0710    -1.4482
     1.0177    -1.4586    -1.2316    -1.3073
     0.6533    -1.4313    -1.2048    -1.1006
     0.2267    -1.4586    -1.2048    -0.8281
    -0.1467    -1.3856    -1.0978    -0.5273
    -0.4668    -1.1483    -1.0710    -0.1700
    -0.7691    -0.9200    -0.9283     0.2720
    -1.0004    -0.5089    -0.7588     0.7612
    -1.2494     0.0304    -0.5358     1.2882
    -1.3562     0.5793    -0.2056     1.7213
    -1.4807     1.0828     0.1335     2.0697
    -1.6409     1.6874     0.4906     2.1357
    -1.6142     2.1183     0.7941     2.1451
    -1.4718     2.2009     1.0888     2.1922
    -1.2672     2.2192     1.3031     2.0603
    -1.0448     2.2100     1.4818     1.6083
    -0.7780     2.2284     1.6336     1.0529
    -0.4757     1.9991     1.7408     0.4508
    -0.0756     1.5408     1.7140     0.0181
     0.3778     1.1011     1.5979    -0.4521
     0.7955     0.5427     1.4460    -0.8562
     1.2399     0.0304     1.1960    -1.2227
     1.6308    -0.4906     0.8299    -1.3543
     2.0217    -0.8652     0.3924    -1.5422
     2.2171    -1.1848    -0.0271    -1.6549
     2.1993    -1.4769    -0.4019    -1.7676
     2.1815    -1.5864    -0.6785    -1.7300
     1.8706    -1.6594    -0.9551    -1.6173
     1.4975    -1.6503    -1.1870    -1.3355
     0.9555    -1.5225    -1.3297    -0.9596
     0.5467    -1.3217    -1.4546    -0.6119
     0.0400    -1.1574    -1.4189    -0.2170
    -0.3334    -0.9291    -1.3832     0.1592
    -0.7247    -0.6642    -1.3119     0.6389
    -1.0715    -0.2347    -1.1781     1.0435
    -1.2850     0.1676    -0.9194     1.4671
    -1.4095     0.6342    -0.5179     1.8626
    -1.5697     1.0187    -0.0985     2.0226
    -1.6764     1.5042     0.4281     2.0697
    -1.7209     1.8433     0.8299     2.1074
    -1.6586     1.9899     1.2228     2.0038
    -1.5430     1.9899     1.4728     1.7307
    -1.3473     1.9899     1.7498     1.3636
    -1.0004     1.8249     1.8302     0.8647
    -0.7247     1.6416     1.8480     0.4131
    -0.3156     1.3942     1.7766     0.0181
     0.1200     1.0919     1.5443    -0.3110
     0.6089     0.7715     1.3031    -0.6777
     1.0977     0.3780     0.9995    -0.7435
     1.5064     0.0030     0.5977    -0.9596
     1.9328    -0.3444     0.1782    -1.1476
     2.1815    -0.6003    -0.1431    -1.3449
     2.2881    -0.9291    -0.5179    -1.4294
     2.2881    -1.0844    -0.8034    -1.4388
     2.0128    -1.2852    -0.9640    -1.4013
     1.6841    -1.3491    -1.1156    -1.3167
     1.2132    -1.5225    -1.2227    -1.2227
     0.7156    -1.5773    -1.3297    -0.9784
     0.3156    -1.5864    -1.3832    -0.6871
    -0.1556    -1.4951    -1.2405    -0.3298
    -0.5290    -1.3309    -1.1424    -0.0101
    -0.8314    -1.0387    -0.9818     0.3191
    -1.0626    -0.6642    -0.7231     0.6389
    -1.2050    -0.2347    -0.3216     1.0059
    -1.3562     0.2133     0.0175     1.3165
    -1.4985     0.6891     0.4102     1.5518
    -1.5786     1.0828     0.7941     1.8437
    -1.5697     1.4858     1.0799     2.0038
    -1.4718     1.8983     1.3925     2.0226
    -1.2761     2.1000     1.6158     1.9002
    -1.0715     2.1458     1.8302     1.5707
    -0.7247     2.1825     1.8302     1.2412
    -0.3868     2.0266     1.8302     0.8741
    -0.0489     1.6966     1.6336     0.4131
     0.3867     1.3209     1.3925     0.0275
     0.6978     0.9088     1.0799    -0.3392
     1.1954     0.4695     0.7584    -0.6965
     1.5153     0.1036     0.4192    -0.9502
     1.8440    -0.3718     0.0978    -1.1852
     2.0128    -0.7465    -0.2592    -1.3261
     2.0838    -0.9200    -0.5268    -1.4670
     1.9328    -1.0935    -0.7677    -1.5140
     1.7374    -1.2487    -1.0354    -1.4670
     1.3465    -1.3582    -1.1959    -1.3919
     0.9555    -1.4586    -1.3029    -1.2321
     0.5556    -1.4586    -1.3163    -1.0160
     0.1467    -1.4495    -1.3297    -0.7153
    -0.2712    -1.3126    -1.2494    -0.3580
    -0.5913    -1.0935    -1.1692    -0.0007
    -0.8225    -0.8013    -0.9818     0.3191
    -1.0626    -0.4724    -0.7053     0.6860
    -1.2672    -0.1250    -0.4733     0.9118
    -1.3651     0.1676    -0.1074     1.2224
    -1.4629     0.5244     0.3121     1.4012
    -1.5697     0.8173     0.6959     1.5707
    -1.5608     1.1194     1.0620     1.6460
    -1.4540     1.3667     1.3835     1.6742
    -1.2405     1.5958     1.5979     1.6177
    -1.0448     1.5912     1.8391     1.4483
    -0.7247     1.5866     1.9910     1.2224
    -0.3957     1.5500     1.9374     0.9588
    -0.0133     1.3667     1.8212     0.7048
     0.2889     1.1469     1.6068     0.3473
     0.6445     0.8539     1.2853     0.0369
     1.0533     0.6068     0.8834    -0.2922
     1.4709     0.2774     0.4727    -0.6119
     1.7196     0.0304     0.0086    -0.9126
     1.8529    -0.2164    -0.4108    -1.1382
     1.9151    -0.4815    -0.7767    -1.3543
     1.7818    -0.7921    -0.9908    -1.4482
     1.5064    -0.9839    -1.2138    -1.5140
     1.1777    -1.0661    -1.3565    -1.4670
     0.8044    -1.2487    -1.4902    -1.4013
     0.3334    -1.3765    -1.4724    -1.1852
    -0.0489    -1.3947    -1.3565    -0.9032
    -0.4846    -1.3309    -1.1959    -0.5837
    -0.8136    -1.1848    -0.9908    -0.2170
    -0.9737    -0.9748    -0.8034     0.1215
    -1.1783    -0.7556    -0.5358     0.5354
    -1.3651    -0.4724    -0.2681     0.8930
    -1.4540    -0.0519     0.0800     1.2506
    -1.5697     0.3048     0.4460     1.5142
    -1.5697     0.7898     0.7763     1.7684
    -1.4718     1.2293     1.1067     1.9567
    -1.3473     1.6416     1.3657     1.9756
    -1.1427     1.9624     1.5800     1.8814
    -0.8492     2.0633     1.6872     1.6648
    -0.4846     2.0633     1.7498     1.3730
    -0.1734     1.8708     1.7230     1.0059
     0.2089     1.5500     1.5532     0.6577
     0.6178     1.1652     1.4103     0.3002
     0.9911     0.6800     1.1156    -0.0666
     1.3643     0.2774     0.7763    -0.4050
     1.7107    -0.1250     0.3478    -0.7529
     1.9950    -0.5363    -0.0628    -1.0160
     2.1549    -0.7830    -0.4198    -1.2227
     2.1371    -0.9748    -0.7410    -1.2791
     1.9861    -1.1300    -0.9997    -1.3543
     1.6486    -1.2578    -1.1335    -1.3167
     1.2310    -1.2487    -1.2673    -1.2039
     0.7600    -1.2670    -1.2940    -1.0348
     0.3334    -1.2213    -1.2940    -0.8374
    -0.1022    -1.0844    -1.1692    -0.5743
    -0.5735    -0.8835    -1.1156    -0.2546
    -0.8848    -0.4724    -0.9462     0.0557
    -1.0893    -0.1159    -0.6964     0.4884
    -1.2494     0.2865    -0.4555     0.8836
    -1.4451     0.7715    -0.1788     1.3165
    -1.6142     1.1652     0.0889     1.6648
    -1.6275     1.6233     0.4102     1.9473
    -1.6409     2.0633     0.6334     2.0792
    -1.5608     2.1917     0.9459     2.1357
    -1.3651     2.1550     1.1245     2.0886
    -1.1605     2.0725     1.3389     1.9191
    -0.7869     1.6691     1.4907     1.5142
    -0.4312     1.1469     1.5354     0.9965
    -0.0756     0.6891     1.5622     0.5166
     0.2978     0.2316     1.5532     0.0651
     0.7244    -0.2256     1.4014    -0.3956
     1.1599    -0.6460     1.1870    -0.8374
     1.5775    -0.9657     0.9013    -1.1664
     1.8884    -1.1665     0.4995    -1.3731
     2.0749    -1.3674     0.1068    -1.6079
     2.0616    -1.4951    -0.2770    -1.6831
     2.0483    -1.5499    -0.5982    -1.7206
     1.7107    -1.5681    -0.8926    -1.5985
     1.3198    -1.4769    -1.1156    -1.4482
     0.9288    -1.3674    -1.2405    -1.2321
     0.5022    -1.2031    -1.3565    -0.9220
    -0.0044    -1.0204    -1.3743    -0.5461
    -0.4490    -0.8013    -1.2762    -0.1230
    -0.7869    -0.3078    -1.1870     0.3755
    -1.0715     0.2225    -1.0175     0.9118
    -1.2583     0.7990    -0.7231     1.5707
    -1.4807     1.3759    -0.4108     2.0792
    -1.5964     1.9624    -0.0896     2.1545
    -1.6320     2.2009     0.2406     2.2769
    -1.6586     2.2192     0.5888     2.2911
    -1.6675     2.2559     0.9281     2.3052
    -1.5252     2.1550     1.1960     2.0509
    -1.2761     1.7883     1.3567     1.3541
    -0.9915     1.3667     1.5086     0.7800
    -0.6624     0.8905     1.5086     0.1968
    -0.3067     0.4878     1.5086    -0.2546
     0.1111     0.0304     1.4550    -0.6683
     0.5111    -0.4175     1.3567    -1.0630
     0.8844    -0.7739     1.1513    -1.3261
     1.2932    -1.0661     0.8299    -1.5234
     1.7285    -1.2578     0.5620    -1.5797
     2.0039    -1.3947     0.2049    -1.7019
     2.2171    -1.4678    -0.1342    -1.7300
     2.2171    -1.4495    -0.4287    -1.7394
     2.0927    -1.4313    -0.6161    -1.5516
     1.8262    -1.3400    -0.7856    -1.3167
     1.4176    -1.2122    -0.9462    -0.9878
     0.9733    -1.1118    -1.1067    -0.6871
     0.5200    -1.0204    -1.1602    -0.3204
     0.0933    -0.7190    -1.2227     0.1309
    -0.4134    -0.3444    -1.2673     0.6201
    -0.7247     0.0579    -1.1870     1.0718
    -0.9559     0.4420    -1.0354     1.4859
    -1.1338     0.8081    -0.8659     1.9567
    -1.3295     1.3118    -0.6607     2.2393
    -1.5074     1.6599    -0.3305     2.3240
    -1.5786     1.8616     0.0086     2.2864
    -1.6320     2.0633     0.3210     2.1639
    -1.5252     2.0725     0.7049     1.8531
    -1.4184     1.8891     1.0799     1.4483
    -1.1249     1.6050     1.3299     0.9118
    -0.8492     1.4217     1.4639     0.4225
    -0.4846     1.1103     1.6515     0.0369
    -0.0845     0.7532     1.5979    -0.3674
     0.3600     0.4420     1.5354    -0.7341
     0.7244     0.1036     1.3835    -0.8656
     1.1155    -0.1982     1.1781    -0.9502
     1.5331    -0.5180     0.9013    -1.1758
     1.8351    -0.7465     0.6602    -1.3449
     1.9861    -0.9017     0.3478    -1.4576
     1.9639    -1.0022     0.0354    -1.4952
     1.9417    -1.1300    -0.3038    -1.4200
     1.7818    -1.2852    -0.5715    -1.2603
     1.4264    -1.3217    -0.8213    -1.1194
     1.1155    -1.3765    -1.0354    -0.9690
     0.6533    -1.3674    -1.2048    -0.6777
     0.2622    -1.2578    -1.2851    -0.3204
    -0.1556    -1.1209    -1.3029    -0.0007
    -0.6002    -0.8835    -1.2138     0.2720
    -0.7869    -0.6186    -1.0800     0.6577
    -0.9915    -0.2530    -0.8569     1.0247
    -1.2227     0.1676    -0.6964     1.3259
    -1.4451     0.6159    -0.3305     1.5142
    -1.5786     1.0736     0.0443     1.7401
    -1.6142     1.3576     0.4727     1.8155
    -1.5964     1.5958     0.8656     1.8061
    -1.4896     1.7699     1.3121     1.6366
    -1.3117     1.7608     1.6872     1.4106
    -1.1516     1.6508     2.0267     1.1659
    -0.8136     1.4950     2.0803     0.8365
    -0.4579     1.2293     1.9820     0.4978
     0.0222     0.9729     1.8659     0.2438
     0.3867     0.7257     1.5890    -0.0289
     0.8311     0.4054     1.2049    -0.2734
     1.2043     0.0487     0.7138    -0.5085
     1.5597    -0.2530     0.2496    -0.7529
     1.7729    -0.5089    -0.1431    -0.9784
     1.9417    -0.7099    -0.5715    -1.0630
     2.0039    -0.8378    -0.9729    -1.2133
     1.8351    -0.9565    -1.2494    -1.1945
     1.6041    -1.0387    -1.4189    -1.2509
     1.3198    -1.1026    -1.5437    -1.2415
     0.9999    -1.1163    -1.6329    -1.1570
     0.6711    -1.1300    -1.6507    -1.0254
     0.2089    -1.0296    -1.5081    -0.7717
    -0.2178    -0.9017    -1.2940    -0.5179
    -0.5557    -0.7373    -0.9729    -0.1888
    -0.7869    -0.5455    -0.6874     0.1215
    -0.9737    -0.2164    -0.3127     0.4978
    -1.1694     0.0396     0.1514     0.8741
    -1.3562     0.3506     0.6513     1.2318
    -1.5074     0.7532     1.1781     1.4953
    -1.5519     1.0187     1.6783     1.6742
    -1.5430     1.3392     2.0982     1.8720
    -1.4362     1.4767     2.3216     1.8908
    -1.2405     1.6324     2.4199     1.7496
    -0.9203     1.6141     2.4288     1.5424
    -0.6002     1.5225     2.3484     1.2035
    -0.2623     1.3301     2.0714     0.9212
     0.1734     1.0553     1.5711     0.5825
     0.6267     0.7715     0.9817     0.2344
     1.0266     0.4512     0.5174    -0.0666
     1.4176     0.1310    -0.0003    -0.4333
     1.7640    -0.2439    -0.4912    -0.7247
     1.9506    -0.5455    -0.9194    -0.9596
     1.9772    -0.7739    -1.1870    -1.0912
     2.0039    -0.8926    -1.3654    -1.2133
     1.9062    -1.0113    -1.4902    -1.2791
     1.6041    -1.1026    -1.6062    -1.2509
     1.2310    -1.1483    -1.6775    -1.2697
     0.8666    -1.1848    -1.6418    -1.1382
     0.4578    -1.0935    -1.5794    -0.9032
     0.0489    -0.9657    -1.4278    -0.6683
    -0.3957    -0.7556    -1.2316    -0.3298
    -0.7336    -0.5180    -0.9551    -0.0854
    -0.8670    -0.1890    -0.5982     0.2438
    -1.1427     0.1585    -0.2324     0.6107
    -1.2850     0.6251     0.1871     0.9212
    -1.4362     1.0462     0.6156     1.2412
    -1.5875     1.4125     1.1067     1.5236
    -1.5964     1.9624     1.5622     1.8061
    -1.4985     2.1642     1.9106     2.0226
    -1.4095     2.2284     2.1429     2.0697
    -1.1427     2.2375     2.2501     1.8531
    -0.8848     2.0633     2.1965     1.5612
    -0.4757     1.5225     1.9999     1.2129
    -0.0845     1.0736     1.7498     0.8553
     0.3245     0.5335     1.4639     0.4225
     0.7955    -0.0244     1.0710     0.0557
     1.1777    -0.5455     0.6513    -0.3110
     1.6308    -0.9109     0.3031    -0.6589
     1.9772    -1.2122    -0.0717    -0.9220
     2.1815    -1.4586    -0.3573    -1.1476
     2.1993    -1.5955    -0.6161    -1.4013
     2.1638    -1.5864    -0.8034    -1.4764
     1.8973    -1.5681    -0.9462    -1.4858
     1.5686    -1.4495    -1.1335    -1.4482
     1.1155    -1.2761    -1.2583    -1.2227
     0.6445    -1.0022    -1.2227    -1.0536
     0.1645    -0.6551    -1.1959    -0.7999
    -0.2623    -0.3078    -1.1156    -0.4991
    -0.6624     0.1950    -1.1067    -0.1418
    -0.9470     0.6617    -1.0264     0.2814
    -1.1783     1.1561    -0.9283     0.7424
    -1.3206     1.5866    -0.7321     1.2788
    -1.5252     2.0633    -0.4198     1.8061
    -1.6053     2.1733    -0.0807     2.2487
    -1.6097     2.1733     0.2406     2.3617
    -1.6142     2.2100     0.5977     2.3994
    -1.4985     1.9808     0.9727     2.3711
    -1.3651     1.5683     1.2049     2.1357
    -1.1338     1.1561     1.3567     1.5518
    -0.7425     0.7166     1.4103     0.8647
    -0.2890     0.2957     1.4639     0.2908
     0.1200    -0.2804     1.4371    -0.2922
     0.6267    -0.6734     1.3121    -0.7247
     0.9911    -0.9017     1.2049    -1.1288
     1.5153    -1.1574     1.0531    -1.5046
     1.9062    -1.3765     0.9013    -1.6455
     2.1194    -1.5316     0.7406    -1.8427
     2.2437    -1.5590     0.5352    -1.9742
     2.1815    -1.5955     0.3924    -2.0118
     1.9595    -1.4586     0.1514    -1.8615
     1.6397    -1.2852    -0.0985    -1.5891
     1.2932    -1.1118    -0.3038    -1.2227
     0.9022    -0.9931    -0.5001    -0.8187
     0.4845    -0.6734    -0.5804    -0.4050
     0.0578    -0.3718    -0.6428     0.1027
    -0.3067     0.1127    -0.7321     0.5731
    -0.6713     0.4329    -0.7945     1.0624
    -0.8848     0.7807    -0.8837     1.5801
    -1.1783     1.1377    -0.9016     2.2016
    -1.3384     1.4675    -0.7856     2.3146
    -1.5163     1.7974    -0.6785     2.3711
    -1.6409     1.9808    -0.5001     2.4842
    -1.7387     2.0450    -0.3216     2.4654
    -1.7209     2.0450    -0.0093     2.3617
    -1.6142     1.7516     0.2228     1.8343
    -1.4095     1.5042     0.4281     1.1565
    -1.1160     1.0919     0.6067     0.5448
    -0.7425     0.7257     0.7406     0.0181
    -0.3423     0.2042     0.7584    -0.4803
     0.0845    -0.1707     0.7584    -0.9596
     0.5556    -0.5455     0.7227    -1.3637
     1.0621    -0.8104     0.7138    -1.5140
     1.5064    -1.0570     0.6870    -1.6831
     1.8351    -1.2213     0.6067    -1.7019
     2.1371    -1.3309     0.5084    -1.7394
     2.1194    -1.3765     0.4281    -1.6831
     2.1016    -1.3674     0.3121    -1.5891
     1.8618    -1.2670     0.1068    -1.2885
     1.5775    -1.2213    -0.0360    -0.9972
     1.1777    -1.0204    -0.1431    -0.6213
     0.7778    -0.8469    -0.3305    -0.2358
     0.3334    -0.7008    -0.5090     0.1592
    -0.1378    -0.4084    -0.5715     0.6860
    -0.5112    -0.0610    -0.6250     1.0906
    -0.7780     0.2316    -0.6250     1.5048
    -1.0182     0.5793    -0.5179     1.7778
    -1.2494     0.9088    -0.3752     2.1262
    -1.3918     1.2660    -0.2235     2.3052
    -1.5163     1.4950    -0.0807     2.3429
    -1.6675     1.6691     0.1425     2.3052
    -1.6142     1.7699     0.3388     2.0321
    -1.5786     1.7699     0.5977     1.6460
    -1.4007     1.6691     0.9459     1.1941
    -1.1783     1.4858     1.3210     0.7142
    -0.7958     1.1377     1.5443     0.2250
    -0.4401     0.8081     1.5309    -0.1700
    -0.0934     0.4054     1.5175    -0.5931
     0.3778    -0.0062     1.3746    -0.8187
     0.7778    -0.3078     1.0084    -0.9314
     1.2221    -0.6277     0.5442    -1.1664
     1.6930    -0.8469     0.0800    -1.3449
     2.0128    -0.9200    -0.4019    -1.4013
     2.2082    -1.0752    -0.6428    -1.3919
     2.1815    -1.0935    -0.8659    -1.3449
     2.0572    -1.1848    -1.0800    -1.2697
     1.7285    -1.2122    -1.2048    -1.1476
     1.2843    -1.2076    -1.3386    -0.9596
     0.9111    -1.2031    -1.3475    -0.7059
     0.5289    -1.0570    -1.3475    -0.4521
     0.0933    -0.8561    -1.2138    -0.1700
    -0.3512    -0.6825    -1.0264     0.0557
    -0.6980    -0.4175    -0.7588     0.3285
    -0.9025    -0.0884    -0.4108     0.5919
    -1.0626     0.2408     0.0978     0.9400
    -1.3117     0.5793     0.6067     1.2129
    -1.3740     0.9180     1.1870     1.4953
    -1.4896     1.1652     1.8391     1.7684
    -1.5608     1.3942     2.8399     1.9096
    -1.5252     1.5683     2.9740     1.9661
    -1.4807     1.5775     2.9114     1.8061
    -1.2583     1.5866     2.3752     1.6272
    -1.0004     1.5316     1.7855     1.3447
    -0.6802     1.3301     1.1335     0.9871
    -0.3690     1.0736     0.6245     0.6671
     0.0489     0.7532     0.1960     0.2720
     0.4311     0.3231    -0.2145    -0.0477
     0.8755     0.0579    -0.5804    -0.3768
     1.3198    -0.2256    -0.8659    -0.6777
     1.8085    -0.4541    -1.1424    -0.9972
     2.1549    -0.6460    -1.2494    -1.2321
     2.2615    -0.7647    -1.3743    -1.4106
     2.2348    -0.8378    -1.4278    -1.4388
     2.0483    -0.9291    -1.5081    -1.4294
     1.7196    -1.0478    -1.4902    -1.3731
     1.1777    -1.0113    -1.4100    -1.2697
     0.7511    -0.8835    -1.1959    -1.0724
     0.2711    -0.7739    -0.9908    -0.7811
    -0.1111    -0.6642    -0.7767    -0.4333
    -0.5024    -0.5272    -0.4555    -0.1230
    -0.8047    -0.2713    -0.0985     0.2814
    -1.0004    -0.0153     0.3656     0.6013
    -1.1516     0.2042     0.7584     0.9212
    -1.2939     0.4695     1.1870     1.1565
    -1.4362     0.7715     1.5264     1.3636
    -1.4718     0.9821     1.8659     1.5707
    -1.4985     1.1835     2.0446     1.7307
    -1.3918     1.3026     2.0356     1.8720
    -1.3206     1.3072     2.0267     1.9002
    -1.0626     1.3118     1.8480     1.7119
    -0.7691     1.2385     1.5979     1.4859
    -0.5112     1.0187     1.3835     1.1188
    -0.1556     0.7532     1.1156     0.7989
     0.2800     0.4237     0.7495     0.3379
     0.6178     0.1036     0.3656     0.0087
     1.0266    -0.1982     0.0711    -0.3486
     1.4620    -0.4998    -0.2770    -0.6683
     1.8173    -0.7739    -0.5358    -0.9126
     2.1549    -0.9383    -0.7410    -1.1758
     2.1993    -1.0113    -0.9640    -1.2885
     2.0838    -1.0113    -1.1959    -1.3919
     1.7818    -1.0204    -1.3119    -1.4388
     1.4886    -0.9931    -1.3743    -1.3543
     0.9644    -0.8561    -1.3698    -1.2133
     0.5022    -0.6277    -1.3654    -0.9502
     0.0845    -0.4175    -1.1246    -0.6965
    -0.2534    -0.1250    -1.0354    -0.3204
    -0.6002     0.0853    -0.9016     0.0087
    -0.8848     0.3048    -0.6785     0.3755
    -1.0537     0.6251    -0.3752     0.7048
    -1.1961     0.9546    -0.0271     1.0153
    -1.3384     1.2568     0.3745     1.3259
    -1.4362     1.5042     0.6602     1.6177
    -1.4451     1.8249     0.9013     1.8437
    -1.4184     1.9349     1.1513     2.0226
    -1.3206     1.8983     1.3746     2.0886
    -1.1961     1.5775     1.4907     1.9379
    -0.9648     1.2660     1.6515     1.6272
    -0.7069     0.7532     1.7319     1.2318
    -0.3779     0.2499     1.7408     0.7330
    -0.0222    -0.1799     1.6604     0.2720
     0.2711    -0.6186     1.5354    -0.1418
     0.6889    -0.9474     1.3746    -0.5179
     1.1421    -1.2213     1.0888    -0.8656
     1.5686    -1.4221     0.7763    -1.1382
     1.9417    -1.6594     0.4727    -1.3449
     2.1638    -1.6594     0.1335    -1.5422
     2.2259    -1.6503    -0.1253    -1.6643
     2.0572    -1.4313    -0.3662    -1.6737
     1.7907    -1.2122    -0.6607    -1.5797
     1.3376    -0.9565    -0.9194    -1.3825
     0.8400    -0.7465    -1.0710    -1.1382
     0.3245    -0.3992    -1.1870    -0.7999
    -0.0489    -0.0062    -1.2583    -0.4615
    -0.4312     0.4146    -1.3119    -0.0571
    -0.8225     0.8264    -1.2227     0.4131
    -1.0182     1.1927    -1.0264     0.9777
    -1.2138     1.5591    -0.8480     1.3918
    -1.3206     1.8616    -0.5893     1.8626
    -1.4985     2.0174    -0.3484     2.2958
    -1.5163     2.0174    -0.0985     2.4182
    -1.5875     1.8708     0.1246     2.4277
    -1.4629     1.6233     0.3745     2.3994
    -1.3651     1.3301     0.5620     2.1922
    -1.1427     0.9454     0.6781     1.4294
    -0.7691     0.5610     0.8566     0.7142
    -0.4846     0.1950     0.9817     0.0181
    -0.1022    -0.2621     1.1424    -0.5085
     0.1734    -0.6734     1.2406    -0.9032
     0.6267    -0.9383     1.3478    -1.3449
     0.9911    -1.0387     1.3031    -1.6267
     1.3820    -1.1757     1.2942    -1.6737
     1.7196    -1.3217     1.2138    -1.7019
     2.0661    -1.4130     1.0799    -1.7488
     2.2259    -1.4495     0.8566    -1.7206
     2.1815    -1.3582     0.6781    -1.5422
     1.9684    -1.2304     0.4460    -1.3073
     1.5864    -1.1300     0.2674    -1.0536
     1.1155    -0.8926     0.0086    -0.6495
     0.5467    -0.6277    -0.1967    -0.1606
     0.1022    -0.2804    -0.4019     0.2532
    -0.2978     0.0487    -0.6161     0.7236
    -0.6535     0.3597    -0.6964     1.1941
    -0.9114     0.7166    -0.7588     1.5707
    -1.1427     1.0370    -0.7677     1.9850
    -1.2761     1.2843    -0.7499     2.2675
    -1.4362     1.4583    -0.6964     2.3429
    -1.5341     1.5775    -0.5625     2.4088
    -1.5341     1.5683    -0.4644     2.3711
    -1.5519     1.5591    -0.3573     2.2675
    -1.4451     1.4309    -0.2681     1.9191
    -1.3117     1.2660    -0.1521     1.3636
    -1.0004     1.0553    -0.0717     0.7989
    -0.6980     0.8447     0.0086     0.1968
    -0.3334     0.5518     0.0889    -0.3016
     0.0222     0.1859     0.1603    -0.8093
     0.3689    -0.0793     0.2406    -1.2227
     0.7333    -0.3901     0.3031    -1.4200
     1.1777    -0.6460     0.3745    -1.5610
     1.5419    -0.8469     0.3656    -1.6455
     1.8706    -0.9748     0.4281    -1.6549
     2.1016    -1.0296     0.5263    -1.5610
     2.1726    -1.1757     0.5977    -1.4013
     2.0039    -1.2396     0.5620    -1.1382
     1.7552    -1.2487     0.4995    -0.8844
     1.3287    -1.1391     0.4638    -0.5555
     0.8222    -1.0113     0.3567    -0.1794
     0.3778    -0.8561     0.1960     0.1498
     0.0222    -0.5637     0.0978     0.5166
    -0.3512    -0.3078     0.0443     0.8647
    -0.6713     0.0853    -0.0717     1.1282
    -0.8581     0.4237    -0.0717     1.3447
    -1.1160     0.8081    -0.0450     1.4106
    -1.1872     1.0919     0.0800     1.4765
    -1.3384     1.3301     0.1782     1.5142
    -1.3918     1.5133     0.4013     1.4483
    -1.4184     1.5225     0.6334     1.3447
    -1.3651     1.5591     0.9638     1.2129
    -1.2583     1.3851     1.2942     1.0812
    -1.0537     1.2385     1.2585     0.8930
    -0.8136     1.0553     1.1603     0.6671
    -0.4846     0.7898     0.9906     0.3849
    -0.1378     0.5061     0.6513     0.1592
     0.1111     0.2133     0.1157    -0.1418
     0.4934    -0.0610    -0.3573    -0.4333
     0.8578    -0.3078    -0.7053    -0.6589
     1.2132    -0.4998    -0.9729    -0.7811
     1.5064    -0.6825    -1.1513    -0.9220
     1.8085    -0.8104    -1.2405    -1.0442
     2.0128    -0.9017    -1.3297    -1.0442
     2.0394    -0.9565    -1.3654    -1.0724
     1.9506    -1.0296    -1.3565    -1.0066
     1.6841    -1.0570    -1.3119    -0.9314
     1.2932    -1.0387    -1.1959    -0.7623
     0.8844    -0.9291    -1.0532    -0.6495
     0.4845    -0.7921    -0.7053    -0.4991
     0.0133    -0.5180    -0.2681    -0.3486
    -0.2978    -0.2256     0.4102    -0.1512
    -0.6357     0.1402     0.9459     0.1592
    -0.8492     0.5518     1.4103     0.4413
    -1.0360     0.8356     2.2501     0.7518
    -1.1605     1.2568     2.7863     1.0341
    -1.3117     1.5133     2.9829     1.2882
    -1.4184     1.6599     2.9382     1.5142
    -1.4095     1.7424     2.5718     1.5612
    -1.3651     1.7058     1.9552     1.4953
    -1.2316     1.5316     1.4282     1.4200
    -1.0448     1.3026     0.9370     1.2224
    -0.7514     1.0553     0.4013     1.0435
    -0.4045     0.7349     0.0443     0.8271
    -0.1289     0.3688    -0.3127     0.6201
     0.1378    -0.0153    -0.6964     0.3755
     0.4045    -0.3078    -0.9640     0.0463
     0.7689    -0.5637    -1.1246    -0.1512
     1.0710    -0.7921    -1.2940    -0.4709
     1.3731    -1.0022    -1.5081    -0.7341
     1.6486    -1.1665    -1.6507    -1.0066
     1.8351    -1.1848    -1.7132    -1.2039
     1.8396    -1.2304    -1.6775    -1.2885
     1.8440    -1.1665    -1.5437    -1.3919
     1.6663    -1.1483    -1.3208    -1.3825
     1.2754    -1.0113    -1.1246    -1.2885
     0.8755    -0.8652    -0.7856    -1.1194
     0.5111    -0.6460    -0.4822    -0.8374
     0.1022    -0.3627    -0.1253    -0.5555
    -0.3067    -0.0062     0.1960    -0.2170
    -0.6002     0.3414     0.6781     0.1686
    -0.7958     0.7532     1.0888     0.6483
    -0.9559     1.1927     1.4639     1.0624
    -1.1427     1.5775     1.8570     1.4953
    -1.3117     1.8799     2.0803     1.8249
    -1.3562     1.9074     2.0982     1.9661
    -1.3918     1.7699     1.9284     1.9944
    -1.2494     1.4858     1.6515     1.9567
    -1.1338     1.2202     1.4014     1.8531
    -0.9292     0.8264     1.1603     1.6177
    -0.6446     0.5061     0.9370     1.2412
    -0.3868     0.1676     0.6424     0.7989
    -0.1378    -0.1616     0.3745     0.3567
     0.1822    -0.4541     0.2049    -0.0289
     0.4578    -0.6003    -0.0003    -0.4615
     0.8044    -0.7556    -0.1699    -0.8374
     1.1865    -0.8378    -0.3305    -1.1194
     1.5331    -0.9565    -0.5179    -1.3731
     1.7729    -1.0296    -0.6785    -1.5703
     1.9328    -1.0250    -0.7499    -1.7112
     1.9684    -1.0204    -0.8480    -1.7019
     1.7640    -1.0068    -0.9016    -1.5703
     1.5331    -0.9931    -0.9462    -1.3167
     1.1155    -0.8835    -0.9997    -1.0724
     0.6711    -0.7282    -1.0086    -0.7623
     0.2622    -0.3718    -0.9105    -0.3674
    -0.1022    -0.1524    -0.7499     0.0557
    -0.4757     0.0396    -0.4822     0.4978
    -0.7425     0.3597    -0.2413     1.0341
    -0.9826     0.6342    -0.0539     1.5142
    -1.1783     1.0187     0.1692     1.9661
    -1.3295     1.3026     0.3656     2.3052
    -1.4540     1.4309     0.5531     2.3994
    -1.4629     1.5500     0.6870     2.4465
    -1.3740     1.5042     0.8209     2.3052
    -1.2939     1.4125     0.9459     2.0226
    -1.0537     1.2202     1.0174     1.4200
    -0.8492     0.9363     1.0174     0.8930
    -0.5646     0.6068     1.0084     0.2626
    -0.2445     0.2774     0.9995    -0.2546
    -0.0578    -0.0336     0.9459    -0.6871
     0.2800    -0.2896     0.9281    -1.1664
     0.6356    -0.5272     0.7406    -1.4013
     0.9288    -0.7008     0.5799    -1.5234
     1.1954    -0.8469     0.4370    -1.6737
     1.4620    -0.8926     0.2406    -1.7864
     1.6663    -0.9657     0.0889    -1.8615
     1.8262    -1.0752    -0.0182    -1.7019
     1.8262    -1.1757    -0.1431    -1.4670
     1.6041    -1.1665    -0.2056    -1.1570
     1.3643    -1.0661    -0.3841    -0.7905
     0.9911    -0.8652    -0.5447    -0.3862
     0.6711    -0.6551    -0.5402     0.0933
     0.2356    -0.4084    -0.5358     0.4790
    -0.1111    -0.1616    -0.4644     0.9024
    -0.4401     0.1219    -0.4019     1.3447
    -0.6891     0.4237    -0.2502     1.6648
    -0.8670     0.7532    -0.1431     1.9661
    -1.1160     1.0645    -0.0896     2.1074
    -1.2138     1.3209    -0.0896     2.0980
    -1.3384     1.5683    -0.0628     2.0886
    -1.3473     1.7516    -0.0093     1.8531
    -1.2850     1.7883     0.0086     1.5048
    -1.0804     1.6599     0.1335     1.1659
    -0.8759     1.4400     0.2853     0.7142
    -0.7069     1.1377     0.4370     0.2250
    -0.4223     0.6434     0.5888    -0.1700
    -0.1645     0.1950     0.7674    -0.6025
     0.2000    -0.2164     0.8656    -0.8750
     0.4400    -0.5911     0.8745    -1.0442
     0.7333    -0.8469     0.9191    -1.2039
     1.0799    -1.0296     0.8566    -1.3449
     1.3554    -1.1939     0.7138    -1.4294
     1.6752    -1.2578     0.5888    -1.3919
     1.8795    -1.2213     0.4013    -1.3449
     1.8884    -1.1483     0.2049    -1.2509
     1.7374    -1.0478     0.0621    -0.9972
     1.5242    -0.8835    -0.0985    -0.7435
     1.1865    -0.7099    -0.3395    -0.3956
     0.7422    -0.4998    -0.4287    -0.1230
     0.3156    -0.2439    -0.5090     0.1592
     0.0044    -0.0062    -0.5893     0.4037
    -0.3334     0.3048    -0.6428     0.6671
    -0.6002     0.5884    -0.6518     0.9212
    -0.8403     0.8905    -0.6161     1.0247
    -0.9737     1.1011    -0.4644     1.1471
    -1.1071     1.3667    -0.3216     1.2412
    -1.2316     1.5316    -0.1521     1.2788
    -1.2583     1.6141     0.0175     1.2694
    -1.3117     1.6599     0.1692     1.1376
    -1.1427     1.6508     0.3388     1.0624
    -1.0182     1.4950     0.4281     0.9212
    -0.8670     1.1744     0.5174     0.7612
    -0.6535     0.7807     0.6513     0.5542
    -0.3690     0.3597     0.6959     0.3191
    -0.1378    -0.0610     0.7584     0.0839
     0.0667    -0.4906     0.7674    -0.1418
     0.3334    -0.8013     0.7763    -0.3016
     0.7067    -1.0844     0.6781    -0.5555
     1.0088    -1.2487     0.5977    -0.7341
     1.3109    -1.3582     0.3656    -0.8844
     1.5775    -1.3537     0.1425    -1.0818
     1.7818    -1.3491    -0.1967    -1.2603
     1.7774    -1.3126    -0.4912    -1.4106
     1.7729    -1.2031    -0.7410    -1.3731
     1.5686    -1.0478    -0.9372    -1.2509
     1.2310    -0.8287    -1.0710    -1.0912
     0.7867    -0.5363    -1.0800    -0.8468
     0.3689    -0.1250    -0.9551    -0.6025
     0.0222     0.2865    -0.7321    -0.2358
    -0.3601     0.7166    -0.4555     0.1592
    -0.6891     1.0462     0.0354     0.5825
    -0.8403     1.3942     0.6156     0.9777
    -1.0448     1.6416     1.8391     1.3541
    -1.1783     1.7883     2.5718     1.5895
    -1.2316     1.8524     2.5986     1.7966
    -1.2672     1.8341     2.6254     1.7872
    -1.2316     1.7424     2.1071     1.6742
    -1.1249     1.4675     1.6247     1.5330
    -0.9737     1.2018     1.1156     1.3730
    -0.7691     0.8997     0.7227     1.1659
    -0.5557     0.4786     0.2139     0.8271
    -0.3156     0.0761    -0.3216     0.5166
     0.0044    -0.3444    -0.7410     0.1309
     0.3067    -0.7099    -1.0800    -0.2452
     0.5467    -0.9565    -1.3743    -0.5273
     0.9200    -1.1118    -1.5437    -0.8093
     1.1243    -1.2578    -1.5571    -1.1194
     1.4353    -1.3674    -1.5705    -1.3355
     1.6308    -1.3674    -1.5348    -1.5234
     1.7019    -1.3217    -1.4991    -1.5422
     1.7019    -1.2031    -1.4367    -1.5422
     1.5153    -1.1574    -1.1781    -1.4858
     1.2221    -0.9383    -0.8926    -1.2885
     0.9111    -0.7282    -0.5625    -1.0630
     0.5911    -0.3718    -0.1342    -0.6965
     0.2534     0.0030     0.3924    -0.2640
    -0.1289     0.3140     0.9370     0.1592
    -0.3423     0.6891     1.4550     0.6107
    -0.5468     1.0370     1.9552     1.0435
    -0.7602     1.2843     2.3126     1.4483
    -1.0360     1.5042     2.5182     1.8061
    -1.1961     1.6050     2.5628     2.1074
    -1.2850     1.6141     2.3126     2.2769
    -1.3206     1.5683     2.0892     2.2487
    -1.3206     1.4217     1.8391     2.1639
    -1.2316     1.1927     1.4282     1.8814
    -1.1338     0.9638     0.9817     1.4577
    -0.9470     0.6068     0.6602     1.0435
    -0.6980     0.2774     0.2674     0.4037
    -0.4579     0.0213    -0.0807     0.0275
    -0.1556    -0.2073    -0.3662    -0.4333
     0.1911    -0.4084    -0.6964    -0.8187
     0.4578    -0.6460    -0.8926    -1.0818
     0.9022    -0.7921    -1.0443    -1.2603
     1.2399    -0.9383    -1.2138    -1.4013
     1.6130    -0.9931    -1.3565    -1.5703
     1.8085    -1.0844    -1.4456    -1.6173
     1.8085    -1.1209    -1.4546    -1.5234
     1.8085    -1.1300    -1.3921    -1.4482
     1.5597    -1.1118    -1.2583    -1.1664
     1.2132    -1.0113    -1.2138    -0.9032
     0.8222    -0.8378    -1.1424    -0.4991
     0.4223    -0.6186    -0.9640    -0.1418
     0.0311    -0.2530    -0.6785     0.2062
    -0.3779     0.1310    -0.3930     0.7330
    -0.6802     0.4969     0.0175     1.1000
    -0.8314     0.8356     0.4370     1.5048
    -1.0271     1.1561     0.8299     1.8814
    -1.2494     1.4034     1.2317     2.1357
    -1.3206     1.6050     1.5800     2.1404
    -1.3918     1.6141     1.8659     2.1451
    -1.4184     1.5683     2.0356     1.9850
    -1.3384     1.4950     2.0490     1.6648
    -1.2850     1.2934     2.0624     1.2224
    -1.0982     1.0004     1.8838     0.7895
    -0.8314     0.6434     1.7498     0.2626
    -0.5290     0.2865     1.3925    -0.1230
    -0.2178    -0.0153     1.0531    -0.5555
     0.1467    -0.2439     0.6781    -0.9032
     0.5289    -0.5546     0.3210    -1.0630
     0.9022    -0.7099    -0.0271    -1.2603
     1.1954    -0.9109    -0.4376    -1.3825
     1.4798    -1.0387    -0.7142    -1.4294
     1.7196    -1.0387    -0.8926    -1.4013
     1.7374    -1.1026    -0.9551    -1.3449
     1.7019    -1.1483    -1.0621    -1.2321
     1.4620    -1.1483    -1.2048    -1.0818
     1.2043    -1.1300    -1.2494    -0.9220
     0.8844    -0.9839    -1.3119    -0.7247
     0.5378    -0.7647    -1.2673    -0.4144
          3          3          3          3
