    4   2048 0.020000  2016   1  20  11   1
         16         10         11         42
     2.5988     0.2001     0.0930     0.3417
     2.0570     0.2642     0.1287     0.3793
     1.5240     0.2459     0.2001     0.3511
     0.9376     0.3099     0.2091     0.3417
     0.4132     0.3191     0.2448     0.3323
    -0.1380     0.3282     0.2715     0.2852
    -0.5648     0.3374     0.3340     0.2476
    -1.0717     0.3374     0.2983     0.1724
    -1.4453     0.2825     0.3430     0.0971
    -1.7122     0.2733     0.3162     0.0313
    -1.9435     0.1819     0.2983    -0.0628
    -1.9969     0.1819     0.3519    -0.1098
    -2.0236     0.1453     0.2983    -0.1286
    -2.0236     0.0538     0.2805    -0.1850
    -1.9880     0.0264     0.2894    -0.2320
    -1.9257    -0.0102     0.2269    -0.2696
    -1.7211    -0.1199     0.2091    -0.2226
    -1.4631    -0.1016     0.2091    -0.2414
    -1.0895    -0.1748     0.1198    -0.1944
    -0.5292    -0.2022     0.0930    -0.1568
     0.0398    -0.2205     0.1020    -0.1192
     0.7954    -0.3119     0.0395    -0.0533
     1.4707    -0.3119     0.0127     0.0595
     2.1014    -0.2936    -0.0408     0.1536
     2.6698    -0.2022    -0.0765     0.2758
     2.9806    -0.2388    -0.1033     0.4075
     3.0338    -0.1016    -0.0855     0.5016
     2.7053    -0.0834    -0.0944     0.6333
     2.1813     0.0264    -0.0944     0.6333
     1.6040     0.0904    -0.1122     0.6521
     1.0797     0.1087    -0.1122     0.6145
     0.5910     0.2184    -0.0855     0.4169
     0.0576     0.2642    -0.0855     0.0501
    -0.3958     0.2825    -0.0408    -0.3448
    -0.7871     0.3191    -0.0319    -0.6175
    -1.1429     0.2459     0.0038    -0.8900
    -1.4453     0.2642     0.0395    -1.0498
    -1.6944     0.2093     0.0573    -1.1626
    -1.8901     0.1178     0.0930    -1.2565
    -2.1037    -0.0102     0.1020    -1.2753
    -2.1126    -0.3119     0.1020    -1.2096
    -2.1215    -0.5769     0.1555    -1.1438
    -2.0414    -0.8601     0.1912    -0.9558
    -1.8634    -1.0063     0.2180    -0.7961
    -1.6054    -1.1706     0.2358    -0.5047
    -1.4008    -1.2528     0.2805    -0.1286
    -0.9739    -1.2254     0.2894     0.3511
    -0.4492    -1.1341     0.2805     0.6051
     0.0843    -0.9606     0.2626     0.8874
     0.7154    -0.7414     0.2358     1.5368
     1.2752    -0.3850     0.1912     2.3750
     1.8438    -0.0468     0.1734     2.3938
     2.2968     0.4929     0.1466     2.4126
     2.5721     0.8499     0.1377     1.8946
     2.6432     1.2803     0.0930     1.3297
     2.4389     1.9034     0.0663     0.8497
     2.0037     2.4812     0.0216     0.3605
     1.5329     2.5088    -0.0408    -0.1286
     1.1064     2.4812    -0.1212    -0.4765
     0.6621     1.8026    -0.1569    -0.9088
     0.1643     1.1154    -0.2193    -1.2659
    -0.2713     0.5661    -0.2818    -1.6229
    -0.6982    -0.0011    -0.3443    -1.7356
    -0.9383    -0.5952    -0.3800    -1.8202
    -1.2318    -0.9971    -0.4692    -1.8202
    -1.5076    -1.3349    -0.5049    -1.8483
    -1.6855    -1.6543    -0.5317    -1.7356
    -1.9079    -1.8368    -0.5495    -1.6229
    -1.9702    -1.9827    -0.5584    -1.4538
    -1.9702    -2.0283    -0.5673    -1.1720
    -1.9168    -2.1469    -0.5317    -0.8713
    -1.7300    -2.1104    -0.4960    -0.5235
    -1.5609    -2.0557    -0.4424    -0.1004
    -1.3474    -1.8277    -0.4424     0.3323
    -1.0717    -1.5996    -0.3710     0.7838
    -0.5381    -1.2528    -0.3175     1.1509
     0.0843    -0.7779    -0.2907     1.5368
     0.7954    -0.3667    -0.2193     1.7910
     1.5151     0.1270    -0.2015     2.0547
     2.2258     0.7675    -0.1569     2.0547
     2.9894     1.2345    -0.0765     2.0547
     3.3268     1.6284    -0.0765     1.8758
     3.3534     2.0226    -0.0408     1.5839
     3.2913     2.4629     0.0395     1.2826
     2.7586     2.5179     0.0216     0.8968
     2.0570     2.5088     0.0395     0.5486
     1.2041     2.2886     0.0841     0.1724
     0.5554     1.9401     0.0484    -0.1756
    -0.1202     1.5093     0.0484    -0.4953
    -0.6270     1.0971     0.0484    -0.7397
    -1.1429     0.5844     0.0573    -0.9746
    -1.3652     0.0630    -0.0051    -1.0592
    -1.5609    -0.4124     0.0038    -1.2377
    -1.7923    -0.6866    -0.0408    -1.3693
    -1.8723    -0.8693    -0.0855    -1.3881
    -1.9613    -1.1706    -0.0676    -1.3505
    -1.9524    -1.3441    -0.1390    -1.2471
    -1.7745    -1.5905    -0.1301    -1.0592
    -1.5254    -1.5722    -0.1926    -0.8713
    -1.3741    -1.5585    -0.2104    -0.6927
    -1.1251    -1.5448    -0.2550    -0.3542
    -0.7426    -1.4627    -0.2729    -0.0722
    -0.2091    -1.2436    -0.2907     0.3511
     0.3154    -1.1067    -0.2461     0.8497
     0.9287    -0.8875    -0.3086     1.1979
     1.6128    -0.5587    -0.2640     1.6121
     2.1991    -0.1565    -0.2461     2.0265
     2.7675     0.3099    -0.2640     2.3655
     3.1404     0.6759    -0.2104     2.4221
     3.1404     0.9323    -0.1658     2.2808
     3.1404     1.2711    -0.1479     2.0359
     2.7586     1.4818    -0.0765     1.5745
     2.3501     1.6376    -0.0051     1.0850
     1.8172     1.8301    -0.0051     0.5580
     1.2219     1.9859     0.0930     0.0971
     0.6354     1.9034     0.1466    -0.3072
     0.0843     1.7384     0.2001    -0.6833
    -0.4314     1.4818     0.2626    -1.0780
    -0.9650     1.2070     0.2715    -1.2471
    -1.3119     0.8407     0.3519    -1.3129
    -1.5254     0.4472     0.4233    -1.4444
    -1.7745     0.0904     0.4322    -1.4726
    -1.8456    -0.2571     0.4858    -1.3599
    -1.8634    -0.4947     0.5036    -1.2753
    -1.7923    -0.8236     0.5215    -0.9840
    -1.6677    -1.0428     0.5394    -0.6551
    -1.6232    -1.2345     0.5661    -0.2696
    -1.3652    -1.3714     0.5304     0.1253
    -1.1340    -1.4536     0.5215     0.6239
    -0.6715    -1.4262     0.5483     1.0473
    -0.2624    -1.3349     0.4858     1.4709
     0.1465    -1.1980     0.4769     1.8381
     0.7776    -1.0154     0.3876     2.2525
     1.3463    -0.7048     0.3697     2.4786
     1.9682    -0.3393     0.2715     2.5257
     2.5366     0.1087     0.2358     2.5822
     2.9717     0.4929     0.1734     2.4880
     2.9362     0.8956     0.0573     1.7439
     2.8207     1.3627     0.0038     0.9721
     2.4389     1.8393    -0.0319     0.2946
     1.9060     2.3345    -0.0765    -0.2320
     1.4085     2.4904    -0.1122    -0.7491
     0.8220     2.5271    -0.1658    -1.1062
     0.1376     2.4537    -0.2015    -1.4632
    -0.4581     1.7568    -0.2729    -1.5853
    -0.8938     1.0055    -0.2907    -1.5196
    -1.3030     0.4472    -0.3264    -1.5478
    -1.5787    -0.1931    -0.2997    -1.6699
    -1.7923    -0.7048    -0.2997    -1.6981
    -2.0770    -0.9971    -0.2818    -1.6229
    -2.0903    -1.2984    -0.2461    -1.4632
    -2.1037    -1.4080    -0.2104    -1.2096
    -1.9257    -1.4810    -0.1569    -0.8243
    -1.7300    -1.5813    -0.0676    -0.4201
    -1.5165    -1.6178    -0.0498     0.0783
    -1.2140    -1.6087    -0.0319     0.5957
    -0.8405    -1.4901     0.0663     1.1038
    -0.4314    -1.2254     0.1109     1.6121
    -0.0846    -0.9971     0.1734     2.0547
     0.5732    -0.6683     0.2537     2.4032
     0.9820    -0.2479     0.3162     2.4597
     1.4973     0.0904     0.3162     2.4126
     1.9238     0.5204     0.3162     2.2148
     2.3323     0.9780     0.3965     1.8758
     2.5277     1.4452     0.3787     1.4521
     2.5011     1.6926     0.3340     1.0097
     2.3323     1.9676     0.3340     0.5110
     2.0215     2.0593     0.2983     0.0595
     1.6395     1.8668     0.2358    -0.4107
     1.0886     1.6376     0.2448    -0.8713
     0.5643     1.4177     0.1823    -1.2659
    -0.0135     1.1520     0.0752    -1.5478
    -0.4759     0.7675     0.0306    -1.6417
    -0.8227     0.3648    -0.0587    -1.6887
    -1.1606    -0.0285    -0.0944    -1.7262
    -1.5165    -0.3302    -0.1569    -1.7920
    -1.8279    -0.6135    -0.2550    -1.7779
    -2.0503    -0.8236    -0.3175    -1.7638
    -2.1037    -1.0245    -0.3889    -1.5384
    -2.1037    -1.2345    -0.4870    -1.2753
    -1.9791    -1.4536    -0.5317    -0.9652
    -1.8456    -1.5905    -0.5763    -0.7397
    -1.6677    -1.7456    -0.6209    -0.4107
    -1.4008    -1.7273    -0.5852    -0.0910
    -1.0806    -1.6178    -0.6030     0.2570
    -0.6982    -1.4901    -0.5584     0.7180
    -0.1646    -1.3167    -0.5673     1.1132
     0.4310    -1.1341    -0.4960     1.4521
     1.0175    -0.8693    -0.4335     1.7910
     1.6484    -0.4764    -0.3889     2.0547
     2.1014     0.1178    -0.2640     2.1018
     2.6787     0.6759    -0.1747     1.9699
     2.9362     1.2345    -0.1033     1.7439
     2.7941     2.1052    -0.0230     1.4897
     2.5277     2.5179     0.0752     1.1226
     2.0037     2.7474     0.1377     0.6521
     1.4440     2.7657     0.2537     0.2570
     0.8309     2.4629     0.3073    -0.0816
     0.3421     1.7843     0.3876    -0.3918
    -0.2180     1.2162     0.4769    -0.7397
    -0.6715     0.6942     0.5215    -1.0028
    -1.0984     0.2093     0.5126    -1.2096
    -1.3652    -0.3028     0.5751    -1.3505
    -1.5698    -0.7597     0.5394    -1.4256
    -1.8101    -1.0519     0.5572    -1.4632
    -1.9524    -1.2802     0.5751    -1.3881
    -2.0503    -1.4445     0.5661    -1.2659
    -1.9969    -1.5175     0.5215    -1.0592
    -1.9079    -1.5448     0.4233    -0.7961
    -1.7567    -1.4353     0.3608    -0.5047
    -1.6944    -1.3441     0.3162    -0.1380
    -1.4453    -1.2163     0.2001     0.2288
    -1.1873    -1.0245     0.1109     0.7838
    -0.7604    -0.7779     0.0752     1.2168
    -0.2536    -0.5130    -0.0498     1.6686
     0.4221    -0.2479    -0.1479     2.1489
     1.0353     0.0447    -0.2193     2.4786
     1.7283     0.4014    -0.3086     2.5634
     2.2968     0.9048    -0.3710     2.5445
     2.7408     1.2711    -0.4513     2.4786
     2.9806     1.6651    -0.4603     2.1301
     2.8474     2.0318    -0.4870     1.7910
     2.4744     2.2152    -0.4915     1.2356
     2.0570     2.2106    -0.4960     0.5486
     1.6128     2.2060    -0.4603    -0.0345
     1.0709     2.0135    -0.4157    -0.5705
     0.4399     1.6559    -0.3621    -0.9182
    -0.1646     1.3352    -0.3264    -1.2565
    -0.7337     1.0238    -0.2104    -1.4256
    -1.1873     0.5661    -0.1569    -1.4444
    -1.4809     0.2642    -0.0319    -1.5760
    -1.7389    -0.1108     0.0127    -1.5196
    -1.9079    -0.4124     0.1109    -1.4726
    -1.9880    -0.7505     0.1466    -1.3223
    -1.9435    -0.9789     0.2805    -1.1062
    -1.9168    -1.1250     0.3340    -0.8149
    -1.8279    -1.2619     0.4144    -0.4389
    -1.6499    -1.3806     0.4679     0.0783
    -1.5165    -1.4262     0.4679     0.5110
    -1.2318    -1.4810     0.5126     0.9815
    -0.9294    -1.3349     0.5304     1.4521
    -0.6003    -1.1341     0.5036     2.0359
    -0.1024    -0.8419     0.5215     2.5257
     0.4310    -0.4307     0.5215     2.6953
     1.0175    -0.0193     0.4590     2.7989
     1.5595     0.4289     0.4233     2.8178
     2.0836     0.9323     0.3251     2.6576
     2.5277     1.3169     0.2448     2.0830
     2.7675     1.6926     0.2358     1.5745
     2.7586     1.9126     0.1109     1.0285
     2.7497     2.0135     0.0930     0.3981
     2.2879     1.9584    -0.0141    -0.1568
     1.7728     1.7201    -0.0587    -0.7303
     1.1953     1.5460    -0.1390    -1.1814
     0.5554     1.2253    -0.2372    -1.5102
     0.0309     0.9780    -0.2550    -1.7169
    -0.5737     0.6210    -0.3175    -1.8296
    -0.9917     0.2184    -0.4157    -1.9516
    -1.2941    -0.1108    -0.4067    -2.0080
    -1.5876    -0.3942    -0.4424    -1.9892
    -1.8367    -0.6409    -0.4960    -1.9704
    -1.9346    -0.8693    -0.4692    -1.7450
    -1.9435    -1.1524    -0.4424    -1.3787
    -1.8723    -1.3441    -0.4692    -1.0404
    -1.6944    -1.4718    -0.4157    -0.6833
    -1.6499    -1.5722    -0.3264    -0.2696
    -1.4987    -1.5722    -0.2907     0.2288
    -1.1962    -1.6452    -0.1926     0.7838
    -0.8316    -1.6087    -0.1479     1.2544
    -0.4225    -1.4992    -0.1212     1.7910
    -0.0757    -1.2163    -0.0141     2.1771
     0.6176    -0.9423     0.0395     2.3750
     1.1775    -0.6135     0.0752     2.3655
     1.7905    -0.1565     0.1644     2.2242
     2.3945     0.2916     0.2091     1.9417
     2.7586     0.6851     0.2448     1.6215
     2.9628     1.0147     0.2805     1.1885
     2.9095     1.3444     0.3787     0.6992
     2.6609     1.5826     0.4144     0.1818
     2.3767     1.6743     0.4322    -0.1850
     1.9859     1.7751     0.4144    -0.6645
     1.5151     1.7293     0.4590    -1.0216
     0.9376     1.5643     0.4144    -1.3693
     0.2799     1.3810     0.3965    -1.4632
    -0.2802     1.0879     0.4233    -1.6417
    -0.7604     0.7126     0.3608    -1.7920
    -1.1518     0.2733     0.3608    -1.8014
    -1.4809    -0.2113     0.3340    -1.7450
    -1.7033    -0.5038     0.2448    -1.5760
    -1.8279    -0.7505     0.2537    -1.3693
    -1.8323    -0.9789     0.2091    -1.1626
    -1.8367    -1.1797     0.1287    -0.8337
    -1.8012    -1.4080     0.1287    -0.4671
    -1.7567    -1.4718     0.0484    -0.0628
    -1.5876    -1.4353     0.0038     0.4263
    -1.2318    -1.3714     0.0038     0.9532
    -0.7248    -1.3441    -0.0676     1.4992
    -0.2002    -1.1706    -0.0498     2.0076
     0.2176    -1.0245    -0.1122     2.5163
     0.7332    -0.8510    -0.1033     2.6859
     1.1508    -0.5587    -0.1658     2.7518
     1.5951    -0.1016    -0.1390     2.5540
     1.9948     0.2642    -0.1212     2.1112
     2.3057     0.7400    -0.1390     1.5839
     2.4655     1.1612    -0.1212     1.0097
     2.4611     1.4818    -0.1122     0.3135
     2.4567     1.8301    -0.0676    -0.1944
     2.2346     1.9859    -0.0855    -0.6833
     1.8261     1.9034    -0.0319    -1.1156
     1.3818     1.7293     0.0038    -1.4350
     0.8398     1.5276    -0.0230    -1.5760
     0.3154     1.2253     0.0573    -1.6323
    -0.2358     0.9231     0.0841    -1.6981
    -0.7071     0.5844     0.0930    -1.7356
    -1.0984     0.2550     0.1734    -1.6511
    -1.4097    -0.1108     0.2091    -1.4632
    -1.7834    -0.4216     0.2001    -1.3411
    -1.9435    -0.6683     0.1823    -1.1156
    -2.0770    -0.8053     0.2358    -0.8619
    -2.1215    -0.9971     0.2448    -0.4483
    -2.0859    -1.2254     0.2805     0.0689
    -1.9969    -1.3258     0.2537     0.7086
    -1.6944    -1.3441     0.2269     1.2638
    -1.2852    -1.3623     0.2715     1.9794
    -0.6982    -1.2436     0.2091     2.6764
    -0.0046    -1.0519     0.1912     2.8932
     0.6709    -0.7414     0.1734     3.2042
     1.4440    -0.3210     0.1912     3.1900
     2.0126     0.2459     0.1287     3.1759
     2.4922     0.8682     0.1020     2.6576
     2.7675     1.3902     0.1020     1.9417
     2.7808     1.9493     0.0752     1.2826
     2.7941     2.3345     0.0216     0.6992
     2.5544     2.3620     0.0306     0.0971
     2.1813     2.2244     0.0127    -0.3166
     1.8261     1.9309    -0.0765    -0.7679
     1.2575     1.6651    -0.1122    -1.1344
     0.6887     1.3261    -0.0944    -1.4538
     0.1198     0.8407    -0.1479    -1.5947
    -0.4047     0.3923    -0.1390    -1.7638
    -0.8493    -0.0559    -0.1747    -1.9610
    -1.1784    -0.4673    -0.2372    -2.0268
    -1.4186    -0.7597    -0.2640    -2.0268
    -1.5787    -0.9971    -0.2550    -1.8577
    -1.7122    -1.1524    -0.2729    -1.6981
    -1.7834    -1.3075    -0.2907    -1.5196
    -1.7656    -1.3623    -0.3443    -1.1626
    -1.6321    -1.4080    -0.3800    -0.7585
    -1.4542    -1.4353    -0.3800    -0.2038
    -1.1962    -1.3441    -0.3889     0.3605
    -0.8316    -1.2254    -0.3800     0.9721
    -0.3869    -1.0702    -0.3443     1.4897
     0.0487    -1.0063    -0.3353     2.0924
     0.5376    -0.7597    -0.2640     2.6199
     1.0175    -0.4490    -0.2818     3.0722
     1.4529    -0.0102    -0.2729     3.1194
     1.9060     0.3831    -0.2283     2.9686
     2.2080     0.7675    -0.1926     2.6011
     2.5544     1.0696    -0.1122     2.1112
     2.6876     1.4360    -0.1122     1.4709
     2.6787     1.7751    -0.0498     0.8874
     2.6076     2.0593    -0.0498     0.2382
     2.3590     2.1418     0.0038    -0.2508
     1.8971     2.1969     0.0930    -0.6551
     1.2486     1.8668     0.0930    -1.1156
     0.5554     1.5276     0.1109    -1.3787
     0.0487     1.0147     0.1287    -1.6041
    -0.4314     0.4106     0.1287    -1.8202
    -0.8138    -0.0742     0.2269    -1.9798
    -1.1073    -0.6226     0.2269    -1.9986
    -1.3385    -1.0793     0.2001    -1.9610
    -1.5343    -1.2802     0.1912    -1.7356
    -1.6855    -1.4810     0.2269    -1.5853
    -1.7211    -1.5905     0.1644    -1.3505
    -1.6143    -1.6133     0.1644    -0.9840
    -1.4987    -1.6361     0.0841    -0.5329
    -1.3563    -1.5083     0.0306     0.0031
    -1.1162    -1.3988     0.0395     0.7274
    -0.8760    -1.2163    -0.0498     1.4050
    -0.5381    -0.8875    -0.1301     2.1301
    -0.1380    -0.5404    -0.1836     3.1099
     0.3599    -0.0285    -0.2550     3.6473
     0.9287     0.3465    -0.2907     3.6755
     1.3730     0.7583    -0.4157     3.2513
     1.7550     1.1154    -0.4335     2.3750
     2.1902     1.4543    -0.4960     1.6686
     2.4300     1.6926    -0.5495     0.9815
     2.6432     1.8026    -0.5584     0.3323
     2.6254     1.9493    -0.5763    -0.2038
     2.4389     1.8759    -0.5584    -0.5705
     2.1281     1.7659    -0.5138    -1.0310
     1.7194     1.5002    -0.4335    -1.4914
     1.1864     1.1520    -0.4067    -1.7826
     0.6087     0.7858    -0.2729    -1.9892
     0.0576     0.4563    -0.1569    -2.0643
    -0.4225     0.0630    -0.1033    -2.1113
    -0.8671    -0.2205    -0.0230    -2.0174
    -1.2140    -0.4581     0.1020    -1.8765
    -1.4542    -0.7140     0.2091    -1.6323
    -1.7033    -0.8875     0.3430    -1.3787
    -1.7745    -1.0610     0.4322    -1.0216
    -1.8723    -1.1889     0.5483    -0.5423
    -1.9435    -1.3075     0.6018    -0.0439
    -2.0414    -1.3988     0.5929     0.4828
    -1.9880    -1.5722     0.5929     1.0850
    -1.7745    -1.5631     0.6286     1.6592
    -1.3919    -1.4536     0.6643     2.2996
    -0.9828    -1.1980     0.6554     3.0628
    -0.5559    -1.0063     0.6554     3.4116
     0.0487    -0.6500     0.6554     3.3927
     0.6354    -0.2571     0.6643     3.3739
     1.1153     0.3557     0.6465     2.9497
     1.4973     1.0055     0.5929     2.3467
     1.8882     1.5643     0.4858     1.7439
     2.0836     2.2886     0.3876     1.1226
     2.1902     2.8024     0.1912     0.4263
     2.1991     3.1513     0.0306    -0.1568
     2.0392     3.1605    -0.0765    -0.7303
     1.8438     2.6464    -0.2729    -1.2659
     1.4796     1.8668    -0.4513    -1.7075
     0.8665     1.2803    -0.5852    -1.9235
     0.2443     0.5753    -0.6833    -2.0456
    -0.2980    -0.0011    -0.7725    -2.1113
    -0.8938    -0.5038    -0.8439    -2.1301
    -1.3919    -0.9880    -0.8350    -2.1113
    -1.6944    -1.3897    -0.8707    -1.9610
    -1.9791    -1.6270    -0.8082    -1.6699
    -2.2016    -1.8550    -0.7547    -1.3129
    -2.1927    -1.9280    -0.6566    -0.9088
    -2.1838    -2.0101    -0.5227    -0.5235
    -2.1126    -1.9736    -0.4157     0.0219
    -1.9702    -1.8368    -0.1836     0.6051
    -1.6766    -1.6635    -0.0408     1.1132
    -1.2407    -1.3806     0.1466     1.7345
    -0.7871    -1.1432     0.4144     2.2713
    -0.3691    -0.8601     0.6108     2.9120
     0.0932    -0.4673     0.6554     3.2325
     0.5643     0.0355     0.7090     3.2702
     1.0442     0.7675     0.8518     3.3079
     1.4618     1.2528     0.9858     2.8932
     1.7994     1.6926     1.0929     2.4126
     2.1725     2.0410     1.0840     1.7628
     2.3323     2.2978     1.1019     1.0850
     2.3590     2.3620     1.1287     0.3699
     2.2790     2.1327     1.1019    -0.1192
     2.0126     1.8851     0.9679    -0.6457
     1.7372     1.5826     0.6911    -1.1250
     1.3108     1.3169     0.3965    -1.5572
     0.8309     0.9414     0.0930    -1.8390
     0.3065     0.4289    -0.1122    -1.9516
    -0.1913     0.0538    -0.4157    -2.1207
    -0.6715    -0.4033    -0.7190    -2.1488
    -1.1251    -0.6774    -0.9064    -2.1113
    -1.4008    -0.8784    -1.1740    -1.9704
    -1.6588    -1.1158    -1.3078    -1.7356
    -1.7834    -1.3623    -1.3969    -1.3787
    -1.9257    -1.4810    -1.4415    -0.9746
    -1.8990    -1.5266    -1.4192    -0.5235
    -1.8456    -1.4718    -1.3969     0.0031
    -1.7300    -1.4080    -1.3167     0.6898
    -1.4987    -1.1158    -1.1294     1.4144
    -1.1340    -0.9971    -0.9510     2.1677
    -0.6893    -0.8145    -0.7012     2.8555
    -0.1646    -0.4764    -0.3889     3.3361
     0.4576    -0.0559    -0.0141     3.5247
     1.1153     0.3831     0.2983     3.4398
     1.7372     0.7949     0.7179     3.1476
     2.2524     1.2070     1.0483     2.6764
     2.7408     1.4818     1.1108     2.0924
     2.9362     1.8851     1.2716     1.5368
     2.9273     2.3253     1.4948     0.9815
     2.7408     2.3482     1.5216     0.4075
     2.4123     2.3711     1.5216    -0.2038
     1.8793     2.0501     1.4770    -0.7679
     1.5062     1.7109     1.4055    -1.3129
     1.0087     1.3994     1.0394    -1.6229
     0.4932     0.9231     0.5929    -1.8296
    -0.0402     0.3191     0.2091    -1.9986
    -0.3336    -0.2936    -0.1479    -2.2146
    -0.6270    -0.8693    -0.4692    -2.2615
    -0.8405    -1.3714    -0.6833    -2.2521
    -1.1162    -1.5996    -0.8796    -2.0737
    -1.2852    -1.7729    -1.0669    -1.8108
    -1.4097    -1.8459    -1.1740    -1.4163
    -1.5432    -1.8550    -1.2007    -0.8806
    -1.4898    -1.7091    -1.2007    -0.3542
    -1.4186    -1.3897    -1.1383     0.2946
    -1.3297    -1.0245    -0.9777     0.9909
    -1.1340    -0.7231    -0.7636     1.7251
    -0.8493    -0.3393    -0.5852     2.4315
    -0.4670     0.1087    -0.2283     3.1759
    -0.0313     0.5387     0.1198     3.7698
     0.4843     1.0421     0.3965     3.7604
     0.9998     1.5002     0.7090     3.6473
     1.5595     1.8576     0.9590     3.0251
     2.1725     2.3620     1.1465     2.2902
     2.6964     2.6556     1.1421     1.6027
     2.9894     2.6785     1.1376     0.9250
     2.9095     2.7015     0.9411     0.2946
     2.5988     2.4262     0.7804    -0.1850
     2.1281     2.1877     0.5394    -0.5893
     1.6750     1.8668     0.2001    -1.0592
     1.1597     1.3994    -0.0408    -1.3975
     0.5465     0.9231    -0.2907    -1.5384
     0.0309     0.3557    -0.5495    -1.6699
    -0.3958    -0.2479    -0.7458    -1.7732
    -0.7871    -0.7779    -0.8350    -1.8390
    -1.0806    -1.1158    -0.9956    -1.7262
    -1.3208    -1.4353    -1.0045    -1.5760
    -1.5165    -1.6270    -1.0402    -1.3505
    -1.6321    -1.8185    -0.9777    -1.1532
    -1.5965    -1.7912    -0.8528    -0.8900
    -1.5609    -1.7729    -0.7279    -0.6081
    -1.5965    -1.6635    -0.5495    -0.2790
    -1.5609    -1.5266    -0.3086     0.1065
    -1.4097    -1.4262    -0.0765     0.5486
    -1.2140    -1.2163     0.1109     1.1509
    -0.7693    -0.9332     0.3340     1.6310
    -0.3780    -0.5404     0.6197     2.0924
     0.2176    -0.0193     0.8251     2.6293
     0.8309     0.4106     1.0215     2.6340
     1.4352     0.8132     1.2358     2.6388
     2.2702     1.2803     1.3251     2.3184
     2.7053     1.7384     1.3519     2.0076
     3.0338     2.2427     1.2448     1.6404
     3.1137     2.6281     1.0751     1.1509
     2.8918     2.7933     0.8518     0.6427
     2.3057     2.7107     0.6822     0.1912
     1.7550     2.3528     0.4412    -0.2978
     1.1153     2.1052     0.1377    -0.7115
     0.5376     1.7659    -0.2372    -1.0592
    -0.1202     1.3536    -0.7101    -1.2659
    -0.6537     0.9048    -1.0580    -1.4350
    -1.0717     0.3008    -1.3434    -1.5760
    -1.3563    -0.2571    -1.5664    -1.7262
    -1.5609    -0.6774    -1.7269    -1.9235
    -1.6588    -1.0428    -1.8250    -1.9610
    -1.6677    -1.4536    -1.8606    -1.9329
    -1.7033    -1.7364    -1.7537    -1.8671
    -1.6899    -1.9736    -1.5486    -1.6887
    -1.6766    -2.0648    -1.2632    -1.4820
    -1.5965    -2.1560    -0.8707    -1.1156
    -1.3830    -2.1742    -0.4603    -0.6833
    -1.1695    -2.0101     0.1020    -0.1380
    -0.8493    -1.8277     0.7626     0.4263
    -0.4403    -1.5083     1.4502     1.0944
    -0.0046    -1.1797     2.0040     1.8475
     0.5110    -0.7322     2.9424     2.7989
     0.9909    -0.2205     2.9245     3.7510
     1.5418     0.2642     2.7547     3.8641
     2.0126     0.7400     2.1381     3.4964
     2.3945     1.0696     1.5484     2.5540
     2.6343     1.4360     1.0215     1.7628
     2.5988     1.6926     0.5840     1.0944
     2.3679     1.9493     0.2001     0.5016
     2.0215     2.0685    -0.1390    -0.1098
     1.5151     2.1052    -0.4067    -0.5987
     0.9020     2.0226    -0.5941    -1.0310
     0.3421     1.8668    -0.7815    -1.4820
    -0.2802     1.6559    -0.8885    -1.8202
    -0.7960     1.2711    -0.8618    -1.9610
    -1.2140     0.8132    -0.8350    -2.1019
    -1.5609     0.3099    -0.7458    -2.1958
    -1.7745    -0.1565    -0.7547    -2.1770
    -1.8990    -0.6409    -0.5852    -2.0831
    -1.9702    -0.9697    -0.4513    -2.0174
    -1.9613    -1.3532    -0.2997    -1.7638
    -1.9969    -1.7091    -0.0944    -1.5008
    -1.9435    -1.9462     0.1198    -1.1250
    -1.9435    -2.0648     0.3073    -0.6739
    -1.7033    -2.1013     0.5840    -0.1004
    -1.4631    -2.0830     0.7715     0.4451
    -1.0183    -1.9827     0.8340     1.0097
    -0.5737    -1.7638     0.9501     1.6121
     0.0754    -1.4171     1.1465     2.1206
     0.7687    -1.0884     1.2983     2.6388
     1.5329    -0.5587     1.4591     2.9403
     2.3501    -0.0285     1.5752     3.2042
     2.7764     0.6119     1.6020     3.1194
     2.8030     1.1520     1.5395     2.7989
     2.6609     1.6468     1.3519     2.3938
     2.2435     2.1143     1.1822     1.8758
     1.7372     2.4445     0.9411     1.4144
     1.2130     2.7657     0.7179     0.8591
     0.5998     2.6831     0.3876     0.3605
     0.1643     2.4812     0.1377    -0.0439
    -0.2980     2.1235    -0.1926    -0.4483
    -0.7693     1.6376    -0.4870    -0.8149
    -1.1251     1.0696    -0.7190    -0.9934
    -1.4275     0.5204    -0.9242    -1.1438
    -1.6321     0.0447    -1.1383    -1.3035
    -1.7745    -0.4855    -1.1829    -1.4538
    -1.7567    -0.8601    -1.2542    -1.5478
    -1.7478    -1.1158    -1.2364    -1.5102
    -1.6588    -1.2893    -1.1472    -1.3881
    -1.5432    -1.4353    -1.0402    -1.3129
    -1.4453    -1.5448    -0.7993    -1.1626
    -1.2496    -1.6908    -0.5049    -0.8149
    -1.0183    -1.6178    -0.1122    -0.5047
    -0.7071    -1.5266     0.2448    -0.1004
    -0.2713    -1.4080     0.6643     0.3793
     0.0576    -1.1250     1.0572     0.9250
     0.4665    -0.9058     1.4323     1.5274
     1.0087    -0.6866     1.8968     2.7612
     1.4707    -0.2479     2.2006     3.5341
     2.0659     0.1727     2.1961     3.5058
     2.5188     0.6759     2.1917     3.4776
     2.7142     1.2162     1.9594     2.9686
     2.6964     1.6468     1.7360     2.4503
     2.3767     2.1143     1.5484     1.8664
     1.9593     2.3436     1.3609     1.2544
     1.4174     2.6923     0.9858     0.6333
     0.9376     2.6694     0.5483     0.1347
     0.4132     2.6464     0.1109    -0.3260
    -0.0402     2.2886    -0.2461    -0.7867
    -0.5025     1.8118    -0.5941    -1.1532
    -0.7960     1.3902    -0.8796    -1.4069
    -1.1073     0.8224    -1.1383    -1.5290
    -1.4186     0.2550    -1.3434    -1.7356
    -1.6054    -0.4399    -1.5664    -1.7356
    -1.6588    -1.0063    -1.6734    -1.7075
    -1.5343    -1.4262    -1.7537    -1.5947
    -1.4631    -1.7000    -1.7447    -1.4163
    -1.4008    -1.8277    -1.6377    -1.0310
    -1.3119    -2.0192    -1.4326    -0.7115
    -1.1162    -2.0192    -1.1294    -0.3260
    -0.7693    -2.0283    -0.8796     0.0501
    -0.2536    -1.7821    -0.5406     0.6615
     0.2887    -1.5175    -0.1301     1.2544
     0.9287    -1.2254     0.3073     1.6969
     1.5862    -0.8053     0.6733     2.0735
     2.3412    -0.3393     0.9590     2.4126
     2.5899     0.1910     1.2894     2.5351
     2.5943     0.8316     1.5038     2.5257
     2.5988     1.4727     1.9058     2.3467
     2.5188     2.0226     2.2006     2.1018
     2.3412     2.6372     2.1381     1.7439
     2.0215     3.1330     1.8611     1.2921
     1.6217     3.2064     1.5842     0.8874
     1.1064     3.1972     1.2090     0.4357
     0.4843     2.9677     0.8518     0.0595
    -0.0491     2.3711     0.4322    -0.3354
    -0.5025     1.7843     0.0306    -0.8055
    -0.8049     1.2162    -0.2640    -1.1720
    -1.0628     0.5753    -0.5763    -1.3129
    -1.3119    -0.0376    -0.7547    -1.5478
    -1.4898    -0.5952    -0.9510    -1.7544
    -1.6321    -1.1067    -1.1650    -1.9141
    -1.6588    -1.5448    -1.2810    -1.9235
    -1.6232    -1.8094    -1.3434    -1.7920
    -1.5076    -1.9462    -1.4237    -1.5666
    -1.3208    -1.9645    -1.3791    -1.2659
    -1.0361    -1.9189    -1.2632    -0.8713
    -0.6181    -1.7456    -1.1740    -0.3636
    -0.1024    -1.5631    -1.0045     0.1253
     0.5021    -1.2893    -0.7190     0.6333
     1.1331    -0.9149    -0.4781     1.0568
     1.7283    -0.5769    -0.1926     1.5368
     2.2080    -0.1839     0.1109     2.0359
     2.6076     0.1178     0.4054     2.4126
     2.9273     0.4929     0.6554     2.8837
     3.0161     1.0055     0.9769     3.2984
     3.0782     1.4543     1.1912     3.3267
     2.5632     1.8668     1.3073     3.3550
     1.8261     2.2336     1.2983     2.7424
     1.1508     2.5822     1.2358     2.0076
     0.5554     2.9493     1.0394     1.1697
     0.0221     3.0870     0.8965     0.3135
    -0.3336     3.0044     0.7179    -0.4107
    -0.7337     2.7382     0.4412    -1.0122
    -1.0361     2.3987     0.1734    -1.4820
    -1.2229     1.9401    -0.1569    -1.7450
    -1.2852     1.4727    -0.4513    -1.9329
    -1.3741     0.9140    -0.7369    -1.9235
    -1.4453     0.2093    -0.9777    -1.9141
    -1.4364    -0.4399    -1.2007    -1.8202
    -1.3830    -0.8875    -1.3434    -1.7262
    -1.3830    -1.2802    -1.2899    -1.5572
    -1.2852    -1.7547    -1.1918    -1.3505
    -1.1162    -2.1104    -1.1115    -1.1344
    -0.8493    -2.2927    -0.9510    -0.8337
    -0.5203    -2.4203    -0.7101    -0.3636
    -0.0935    -2.4386    -0.5138     0.0595
     0.4576    -2.2927    -0.2015     0.5674
     1.0620    -2.0557     0.1109     0.9344
     1.6661    -1.7638     0.3876     1.2544
     2.2169    -1.4262     0.6554     1.6027
     2.4655    -1.0610     0.9143     1.9134
     2.5011    -0.5678     1.1822     2.1018
     2.4034     0.1087     1.4859     2.1348
     2.1991     0.7949     1.8700     2.1677
     2.0836     1.3994     2.1917     1.9511
     1.7194     1.9034     2.0219     1.6592
     1.2486     2.3345     1.5663     1.3109
     0.7420     2.6648     1.1822     0.9438
     0.0576     2.8024     0.7358     0.5392
    -0.4936     2.8116     0.3251     0.0877
    -0.9739     2.4996    -0.0944    -0.1756
    -1.2496     2.1693    -0.4692    -0.5423
    -1.5432     1.7384    -0.8885    -0.9370
    -1.6143     1.2620    -1.1294    -1.3129
    -1.6944     0.6485    -1.3167    -1.5572
    -1.8190     0.0630    -1.4326    -1.8108
    -1.7478    -0.5952    -1.4772    -2.0080
    -1.7478    -1.1889    -1.5396    -2.1301
    -1.5876    -1.6635    -1.4950    -2.1019
    -1.4186    -1.9280    -1.3167    -1.9704
    -1.1162    -2.1560    -1.1829    -1.8108
    -0.7871    -2.3110    -0.8350    -1.5853
    -0.4670    -2.3383    -0.5406    -1.2189
     0.0309    -2.2107    -0.1926    -0.8149
     0.5465    -2.0739     0.2358    -0.4013
     1.0620    -1.8733     0.6643     0.1253
     1.5684    -1.5631     1.1108     0.6145
     2.1458    -1.1980     1.5752     1.1791
     2.7675    -0.8145     2.1559     1.6404
     2.8163    -0.4947     2.5849     2.2148
     2.8651    -0.0193     2.8172     2.6105
     2.3323     0.3923     2.7457     2.8743
     1.7017     0.9140     2.3972     2.8837
     1.0175     1.3536     1.8075     2.7141
     0.3421     1.8301     1.2805     2.4126
    -0.2180     2.1418     0.6733     1.9605
    -0.7248     2.4078     0.2537     1.3015
    -1.1162     2.4629    -0.1212     0.6239
    -1.3741     2.3620    -0.5317    -0.0063
    -1.5787     2.1785    -0.7904    -0.4671
    -1.6677     1.9218    -0.9777    -0.8713
    -1.7567     1.6193    -1.0402    -1.2096
    -1.7522     1.2070    -1.1294    -1.5760
    -1.7478     0.8132    -1.1740    -1.7356
    -1.6232     0.3282    -1.0580    -1.8390
    -1.4720    -0.2022    -0.9420    -1.9141
    -1.3119    -0.6592    -0.7190    -1.9986
    -1.1518    -0.9058    -0.5317    -2.0174
    -0.8227    -1.2436    -0.3443    -1.8671
    -0.5470    -1.5357    -0.0676    -1.6417
    -0.2180    -1.7912     0.2001    -1.2283
     0.2354    -1.9006     0.4412    -0.8055
     0.6265    -1.9006     0.7893    -0.2038
     1.0531    -1.8185     1.0751     0.3417
     1.5062    -1.6635     1.3251     1.0191
     1.9415    -1.5905     1.5484     1.4803
     2.3501    -1.3623     1.5574     2.0076
     2.6698    -1.0702     1.5663     2.3938
     2.6654    -0.6774     1.4234     2.6576
     2.6609    -0.1748     1.1912     2.9497
     2.3679     0.3923     0.9233     2.9309
     1.8971     0.9964     0.6554     2.6482
     1.4796     1.5643     0.3876     2.2996
     0.7865     2.1969     0.0752     1.8475
     0.1110     2.9769    -0.1301     1.3862
    -0.4670     3.2432    -0.3443     0.8591
    -0.9739     3.2707    -0.5049     0.3605
    -1.2852     3.2891    -0.6833    -0.0063
    -1.6054     2.6189    -0.7993    -0.3730
    -1.7478     1.8026    -0.8618    -0.6927
    -1.8634     1.1520    -0.9599    -0.9370
    -1.9791     0.4197    -0.9866    -1.1250
    -1.9346    -0.1382    -0.9153    -1.2847
    -1.7567    -0.6043    -0.8618    -1.4350
    -1.5343    -1.0519    -0.7458    -1.5572
    -1.1073    -1.3988    -0.5584    -1.5853
    -0.7159    -1.5357    -0.3532    -1.4726
    -0.3691    -1.6270    -0.0230    -1.2941
     0.1554    -1.6726     0.3073    -1.0686
     0.6265    -1.5631     0.6822    -0.7209
     1.1331    -1.5266     1.0394    -0.3730
     1.5507    -1.4353     1.5752     0.0031
     2.0481    -1.2893     1.8164     0.4451
     2.5100    -1.0428     1.8075     0.8497
     2.7764    -0.8784     1.6288     1.3109
     2.7808    -0.6135     1.4680     1.7157
     2.7852    -0.3119     1.2805     2.1771
     2.5810     0.2459     1.0304     2.4786
     2.2435     0.8773     0.7268     2.7612
     1.6661     1.2620     0.4233     2.7612
     1.1064     1.6834     0.0752     2.7612
     0.4399     2.1235    -0.3443     2.3467
    -0.1913     2.5179    -0.5852     1.7063
    -0.7782     2.8116    -0.7725     0.9532
    -1.2318     2.8483    -0.9331     0.2852
    -1.5343     2.8116    -1.0848    -0.2790
    -1.6499     2.4629    -1.2096    -0.7115
    -1.7745     2.0043    -1.3167    -1.0780
    -1.8279     1.4727    -1.2810    -1.3317
    -1.7122     0.8773    -1.2186    -1.5478
    -1.6944     0.2916    -1.1294    -1.6417
    -1.6054    -0.2753    -0.9510    -1.7544
    -1.3652    -0.7140    -0.7993    -1.8108
    -1.0272    -1.1067    -0.6030    -1.7732
    -0.6270    -1.3258    -0.2372    -1.6135
    -0.1291    -1.3988     0.1555    -1.3787
     0.3599    -1.6270     0.4769    -1.1062
     0.8309    -1.7182     0.7804    -0.6645
     1.2663    -1.7182     1.0394    -0.1850
     1.8793    -1.7182     1.3698     0.3323
     2.2435    -1.6270     1.5574     0.8685
     2.5366    -1.3349     1.5172     1.4238
     2.6165    -1.0793     1.4770     1.9605
     2.4478    -0.7414     1.1019     2.3655
     2.3057    -0.4124     0.6643     2.6482
     1.9238    -0.0102     0.2626     2.6152
     1.5773     0.6210     0.0663     2.5822
     1.0975     1.2620    -0.1301     2.4032
     0.6443     1.7293    -0.3086     2.0641
     0.1110     2.2794    -0.3532     1.7157
    -0.4403     3.1238    -0.4960     1.2544
    -0.8227     3.3258    -0.5673     0.6803
    -1.0984     3.2523    -0.6655     0.2006
    -1.3385     2.8116    -0.8261    -0.2038
    -1.6143     2.1510    -0.9242    -0.6269
    -1.8101     1.4635    -1.0669    -1.0122
    -1.9880     0.8316    -1.1918    -1.2847
    -2.0058     0.2093    -1.1650    -1.4914
    -1.9702    -0.2845    -1.1472    -1.6229
    -1.8367    -0.7688    -1.0580    -1.7356
    -1.6321    -1.1706    -0.8439    -1.7450
    -1.2763    -1.4627    -0.6209    -1.7920
    -0.7960    -1.6543    -0.2818    -1.7262
    -0.1380    -1.7182     0.2805    -1.6511
     0.6443    -1.8733     0.7715    -1.3881
     1.4174    -1.8277     1.2358    -1.1156
     2.1103    -1.7091     1.7450    -0.6645
     2.3945    -1.4718     1.7048    -0.2038
     2.5721    -1.0884     1.6646     0.2664
     2.5854    -0.8053     1.4234     0.8027
     2.5988    -0.4581     1.1197     1.3956
     2.4300    -0.1108     0.7626     1.8664
     2.0748     0.2733     0.4769     2.3279
     1.5951     0.5570     0.1912     2.5351
     1.0709     0.9506    -0.0408     2.6388
     0.4843     1.2620    -0.2818     2.4503
    -0.0313     1.6651    -0.5227     2.1583
    -0.4225     1.9859    -0.6833     1.6404
    -0.7871     2.2794    -0.8707     1.1603
    -1.0717     2.4262    -0.9956     0.5769
    -1.3030     2.4262    -1.1294     0.0783
    -1.4809     2.1969    -1.2096    -0.2884
    -1.7122     1.6101    -1.1918    -0.6645
    -1.8456     1.0421    -1.1294    -1.0028
    -1.8545     0.3740    -1.0045    -1.3317
    -1.7834    -0.1291    -0.8082    -1.5008
    -1.7656    -0.7231    -0.6476    -1.6417
    -1.7033    -1.1615    -0.3532    -1.6417
    -1.5432    -1.5540    -0.0230    -1.7450
    -1.1873    -1.7821     0.3965    -1.7169
    -0.7871    -1.9554     0.9143    -1.6417
    -0.2091    -2.0739     1.4591    -1.4726
     0.5021    -2.1377     2.1202    -1.2283
     1.0975    -2.1469     2.5402    -0.8900
     1.8261    -1.9554     2.5312    -0.5893
     2.4034    -1.7364     2.5223    -0.2602
     2.8030    -1.3349     2.1113     0.1818
     2.9451    -0.9880     1.5663     0.5863
     2.8918    -0.5769     1.0751     1.0756
     2.6076    -0.0925     0.5661     1.5274
     2.1014     0.5112     0.1555     1.8946
     1.6040     1.0147    -0.2104     2.2337
     0.8931     1.4635    -0.5584     2.3844
     0.4487     1.9401    -0.8439     2.3750
    -0.0402     2.3620    -0.9956     2.2808
    -0.5114     2.6189    -1.1383     1.9605
    -0.8760     2.5088    -1.2364     1.5180
    -1.1518     2.2702    -1.3167     0.9626
    -1.4987     2.0135    -1.3167     0.3511
    -1.7033     1.6559    -1.3167    -0.2226
    -1.9702     1.2894    -1.2186    -0.7115
    -2.0503     0.8407    -1.0045    -1.1250
    -2.2194     0.3191    -0.7725    -1.4820
    -2.2016    -0.0925    -0.5317    -1.6981
    -1.9702    -0.5678    -0.2372    -1.8202
    -1.6677    -0.8784     0.0395    -1.9516
    -1.2852    -1.1158     0.4590    -1.9892
    -0.7426    -1.3075     0.8697    -1.8671
     0.0398    -1.5996     1.2180    -1.6417
     0.8842    -1.8003     1.3519    -1.4163
     1.9238    -1.9645     1.4948    -1.1250
     2.6964    -2.0010     1.6110    -0.7773
     3.2558    -1.9554     1.7539    -0.2602
     3.3534    -1.8277     1.9058     0.2006
     3.3623    -1.5540     1.8879     0.7180
     3.1936    -1.3075     1.8700     1.1226
     2.7941    -0.9789     1.6199     1.5651
     2.3235    -0.6957     1.2894     2.0076
     1.7372    -0.3119     0.7268     2.3373
     1.2575     0.0904     0.2001     2.6764
     0.5643     0.6119    -0.2372     2.9497
    -0.0491     1.0055    -0.5673     2.9403
    -0.6270     1.5093    -0.9242     2.6576
    -1.0717     2.1785    -1.1383     2.2242
    -1.3919     2.7107    -1.3078     1.6780
    -1.6232     2.9493    -1.4237     1.0568
    -1.7745     2.8759    -1.4950     0.4263
    -1.8812     2.4262    -1.5040    -0.2320
    -1.9346     1.8668    -1.5040    -0.7209
    -1.9168     1.3536    -1.3167    -1.2283
    -1.7923     0.9048    -1.1204    -1.5760
    -1.4453     0.3831    -1.0402    -1.8014
    -1.0895    -0.1656    -0.7725    -1.9141
    -0.7515    -0.6774    -0.5317    -1.9000
    -0.2624    -0.9971    -0.1122    -1.8859
     0.2176    -1.1889     0.3697    -1.6981
     0.8931    -1.3623     0.9143    -1.3787
     1.4529    -1.4536     1.3251    -1.1532
     1.9948    -1.4445     1.6646    -0.7491
     2.5366    -1.4353     2.0398    -0.2602
     2.7764    -1.3167     2.2632     0.3040
     2.7897    -1.1067     2.3078     0.7368
     2.8030    -0.8784     2.3078     1.1038
     2.6254    -0.5221     2.1023     1.5556
     2.3412    -0.3302     1.7182     1.8381
     1.8705    -0.0834     1.1555     2.0924
     1.3730     0.1910     0.6554     2.2431
     0.9020     0.5753     0.1466     2.2713
     0.3154     0.9506    -0.2640     2.2713
    -0.2713     1.3719    -0.6387     2.1395
    -0.7604     1.7384    -0.8885     1.8946
    -1.1784     2.0593    -1.0402     1.5180
    -1.4631     2.2794    -1.1026     1.1415
    -1.8012     2.5730    -1.2007     0.7650
    -2.0592     2.6372    -1.2364     0.2946
    -2.3173     2.3987    -1.1383    -0.1380
    -2.3796     1.9309    -1.1026    -0.4953
    -2.3529     1.3810    -1.1294    -0.7397
    -2.2283     0.7492    -1.1650    -0.9558
    -2.0948     0.2367    -1.0669    -1.1062
    -1.7389    -0.3485    -0.8350    -1.2847
    -1.3830    -0.8693    -0.6298    -1.3881
    -0.8049    -1.2984    -0.3800    -1.5008
    -0.2002    -1.6817    -0.1212    -1.5008
     0.4843    -1.8277     0.1287    -1.4069
     1.2308    -1.9918     0.4322    -1.2659
     1.9060    -1.9006     0.7090    -1.0592
     2.5188    -1.7364     0.9590    -0.7115
     3.0161    -1.5175     1.2269    -0.2508
     3.3002    -1.2071     1.3698     0.2570
     3.2380    -0.8967     1.4502     0.7650
     3.0072    -0.4673     1.4591     1.3391
     2.4922    -0.0193     1.3430     1.9794
     2.0570     0.4472     1.1465     2.6764
     1.4174     0.9323     1.0126     3.0440
     0.8131     1.3994     0.8340     2.9403
     0.2087     1.9218     0.5661     2.6293
    -0.3691     2.3253     0.3876     2.1395
    -0.9828     2.7198     0.0930     1.5368
    -1.4275     2.9218    -0.1033     0.9815
    -1.7300     2.8116    -0.3443     0.3981
    -1.9435     2.5546    -0.6030    -0.0533
    -2.1393     2.1418    -0.8618    -0.4671
    -2.1660     1.5551    -1.0223    -0.8431
    -2.0770     1.0421    -1.2096    -1.2002
    -1.9613     0.4838    -1.2230    -1.4163
    -1.8012    -0.0925    -1.2364    -1.5666
    -1.5254    -0.5587    -1.1740    -1.6229
    -1.2140    -0.9606    -0.9688    -1.6135
    -0.9383    -1.2619    -0.7369    -1.6041
    -0.3958    -1.4810    -0.5317    -1.5196
     0.0487    -1.5996    -0.2104    -1.3411
     0.5199    -1.7273     0.0663    -1.1720
     1.1597    -1.7091     0.4412    -0.9088
     1.6928    -1.5813     0.7358    -0.6175
     2.2524    -1.4810     0.9947    -0.2602
     2.7142    -1.3349     1.2894     0.1253
     3.1226    -1.1250     1.6110     0.5298
     3.3091    -0.8419     1.7986     0.9438
     3.2647    -0.5130     1.7360     1.4050
     2.8918    -0.2205     1.4680     1.8475
     2.4123     0.0721     1.1733     2.2148
     1.8261     0.4838     0.8072     2.4786
     1.2486     0.7858     0.4947     2.5257
     0.6087     1.1795     0.1109     2.2902
    -0.0046     1.5002    -0.2104     1.9605
    -0.5826     1.8759    -0.4603     1.4992
    -1.0806     2.0593    -0.6655     0.9438
    -1.3830     2.2611    -0.8350     0.4546
    -1.5787     2.2702    -0.9777    -0.0345
    -1.7211     2.1052    -1.1026    -0.4483
    -1.8190     1.8118    -1.0669    -0.8806
    -1.8279     1.4085    -1.0848    -1.2565
    -1.7745     0.9323    -1.0312    -1.4914
    -1.7745     0.4014    -0.9510    -1.6417
    -1.7122     0.0081    -0.8172    -1.6699
    -1.5343    -0.4764    -0.6744    -1.6605
    -1.2051    -0.7688    -0.4692    -1.5947
    -0.7248    -1.1067    -0.2283    -1.5666
    -0.1558    -1.3897     0.0752    -1.3787
     0.5287    -1.7912     0.3876    -1.1250
     1.3641    -2.0283     0.7447    -0.7585
     2.3501    -2.0557     1.1733    -0.4013
     3.2824    -1.9006     1.5842     0.0125
     3.7706    -1.6817     2.0040     0.4828
     3.7351    -1.4901     2.6206     0.9250
     3.0338    -1.2071     2.5759     1.2826
     2.1281    -0.9149     2.5312     1.5462
     1.4707    -0.6043     1.9236     1.7063
     0.7776    -0.1199     1.3162     1.8099
     0.2443     0.4563     0.7358     1.8946
    -0.1558     0.9414     0.1912     1.8852
    -0.6359     1.3261    -0.3532     1.7251
    -0.9294     1.6743    -0.7547     1.5180
    -1.2585     1.9584    -1.1829     1.2262
    -1.5787     2.2244    -1.4148     0.8497
    -1.7745     2.2106    -1.5218     0.3981
    -1.9257     2.1969    -1.6466    -0.0251
    -1.9435     2.0226    -1.6556    -0.4013
    -1.9613     1.7843    -1.5664    -0.7491
    -1.9435     1.5185    -1.3345    -0.9934
    -1.8190     1.1062    -1.1294    -1.1720
    -1.4809     0.6393    -0.9420    -1.2471
    -1.1429     0.0538    -0.6923    -1.3881
    -0.7515    -0.3942    -0.3443    -1.4726
    -0.2180    -0.8053     0.0395    -1.4632
     0.2532    -1.1158     0.3876    -1.4444
     1.0442    -1.3988     0.7983    -1.2847
     1.7283    -1.7091     1.2537    -0.9840
     2.8119    -1.8824     1.6646    -0.6269
     3.6730    -1.8459     2.1202    -0.1662
     3.6730    -1.7729     2.4508     0.2758
     3.6730    -1.5813     2.6474     0.7650
     2.9273    -1.3806     2.7010     1.2638
     2.3412    -1.1524     2.5580     1.8193
     1.6306    -0.7231     2.2542     2.2996
     1.0797    -0.1839     1.8968     2.6859
     0.4310     0.4563     1.3519     2.9591
    -0.2002     1.1978     0.7268     2.8837
    -0.7337     1.9584     0.1734     2.6105
    -1.1695     2.7107    -0.2729     2.1677
    -1.4453     3.0687    -0.7369     1.6404
    -1.6143     3.1330    -1.1115     0.9815
    -1.8101     3.0870    -1.3613     0.3699
    -1.9969     2.6923    -1.5129    -0.1944
    -2.0058     2.1143    -1.6377    -0.7303
    -1.9168     1.5276    -1.6556    -1.1156
    -1.7656     0.8956    -1.6377    -1.4444
    -1.5876     0.3282    -1.5396    -1.6135
    -1.4275    -0.2205    -1.3969    -1.6605
    -1.1251    -0.6409    -1.1650    -1.7262
    -0.7071    -1.0610    -0.9242    -1.7450
    -0.2536    -1.2802    -0.5763    -1.7075
     0.2265    -1.4262    -0.1926    -1.6229
     0.8487    -1.6270     0.3340    -1.3505
     1.3641    -1.6270     0.9411    -0.8806
     2.0570    -1.5722     1.4234    -0.3918
     2.6698    -1.5631     1.9862     0.0877
     3.0605    -1.3806     2.3346     0.4451
     3.0960    -1.1250     2.3480     0.8215
     3.1315    -0.8327     2.3614     1.2073
     2.7053    -0.3942     2.0934     1.5180
     2.2346    -0.0011     1.7271     1.8664
     1.4973     0.3008     1.3787     2.0924
     0.8220     0.5478     0.9590     2.2619
     0.1999     0.7766     0.5751     2.2431
    -0.3780     1.1429     0.2805     2.2242
    -0.9383     1.4177    -0.0498     1.9982
    -1.2763     1.7109    -0.3621     1.5839
    -1.5076     1.9676    -0.7101     1.1226
    -1.7300     2.0501    -0.9688     0.6333
    -1.8545     2.0410    -1.0937     0.1630
    -2.0058     1.8576    -1.2810    -0.1944
    -1.9969     1.5735    -1.4059    -0.5705
    -1.9880     1.3078    -1.4950    -0.8055
    -1.8634     0.9323    -1.5842    -0.9464
    -1.6410     0.5204    -1.5664    -1.1438
    -1.3474     0.1636    -1.6021    -1.3223
    -0.9294    -0.1931    -1.5040    -1.5008
    -0.5203    -0.6317    -1.2810    -1.5666
    -0.0224    -1.0702    -1.0402    -1.5572
     0.3865    -1.4536    -0.6566    -1.4820
     1.2219    -1.7729    -0.1212    -1.3317
     1.8083    -1.9736     0.3162    -1.1344
     2.4744    -2.2380     0.9501    -0.8806
     3.1137    -2.3018     1.5842    -0.5423
     3.5310    -2.3110     2.0934    -0.2320
     3.5487    -2.0830     2.5134     0.0595
     3.1759    -1.7638     2.7189     0.3417
     2.7053    -1.4627     2.7055     0.6709
     1.9771    -1.1158     2.6921     1.1979
     1.2486    -0.7414     2.1559     1.6215
     0.5376    -0.1474     1.5038     2.0830
    -0.1380     0.5112     0.9947     2.4880
    -0.7248     1.2436     0.4590     2.6953
    -1.2318     1.9034    -0.0498     2.7141
    -1.5876     2.5730    -0.4692     2.2619
    -1.8901     2.9493    -0.8528     1.5368
    -2.0948     3.0136    -1.1383     0.7933
    -2.3618     2.8300    -1.2899     0.0689
    -2.3751     2.3803    -1.4683    -0.5141
    -2.3885     1.9309    -1.5931    -0.9746
    -2.1571     1.4818    -1.6466    -1.3411
    -1.8634     1.0879    -1.5486    -1.6135
    -1.5698     0.5295    -1.4237    -1.8202
    -1.2051     0.0812    -1.4326    -1.8483
    -0.6626    -0.4764    -1.2810    -1.9516
    -0.1202    -0.8601    -1.1740    -1.9892
     0.5732    -1.2254    -0.9420    -1.8483
     1.2130    -1.4810    -0.6833    -1.5478
     1.8349    -1.7364    -0.4513    -1.1532
     2.4833    -1.8550    -0.2283    -0.6269
     3.0072    -1.8596     0.1644    -0.0063
     3.4600    -1.8642     0.5929     0.5769
     3.5665    -1.7456     0.9054     1.0662
     3.3623    -1.4445     1.2894     1.4992
     2.8563    -1.2345     1.7896     1.9417
     2.0481    -0.9789     2.2453     2.3279
     1.2041    -0.6774     2.5402     2.6670
     0.4665    -0.3393     2.6474     2.6670
    -0.2091     0.1270     2.5938     2.6670
    -0.8049     0.5936     2.2721     2.4503
    -1.3741     1.0421     1.8432     1.9982
    -1.7122     1.5643     1.3251     1.3956
    -1.9524     2.0043     0.8251     0.8403
    -2.1126     2.3895     0.4590     0.2100
    -2.2461     2.6923     0.0038    -0.3542
    -2.1838     2.7152    -0.5317    -0.7585
    -2.1660     2.7382    -1.0045    -1.1156
    -1.9168     2.4537    -1.2721    -1.3223
    -1.7211     1.9493    -1.5753    -1.3599
    -1.3830     1.3902    -1.7893    -1.3693
    -0.9650     0.7766    -1.9766    -1.3693
    -0.4492     0.2367    -1.9141    -1.3693
    -0.0668    -0.2936    -1.7358    -1.1908
     0.4754    -0.7597    -1.5040    -1.0874
     0.9020    -1.0519    -1.1472    -0.9934
     1.4885    -1.3349    -0.7636    -0.7961
     2.0392    -1.6178    -0.2997    -0.5423
     2.5899    -1.8003     0.1377    -0.2696
     2.9806    -1.9645     0.4858     0.0501
     3.1848    -2.0192     0.9054     0.2664
     3.1137    -1.8824     1.2983     0.5392
     2.8119    -1.6270     1.5574     0.8027
     2.2524    -1.3167     1.8522     1.1509
     1.5862    -0.9423     2.1202     1.5933
     0.8220    -0.5587     2.2274     2.0453
     0.1554    -0.0742     2.0398     2.6859
    -0.4225     0.4289     1.8879     2.7424
    -0.9917     1.1795     1.6288     2.7989
    -1.4186     1.8026     1.4323     2.3655
    -1.6855     2.3711     1.2269     1.7157
    -1.7923     2.9769     0.9233     1.0379
    -1.9880     3.2432     0.5572     0.2946
    -2.0948     3.2891     0.2537    -0.3448
    -2.1304     3.1238     0.0038    -0.8431
    -2.0236     2.6556    -0.2907    -1.2659
    -1.8190     1.9309    -0.5138    -1.5572
    -1.4898     1.4269    -0.7279    -1.7356
    -1.1251     0.7400    -0.8796    -1.8577
    -0.7426     0.1727    -1.0045    -1.9329
    -0.3780    -0.3667    -1.1383    -1.9798
     0.0132    -0.8693    -1.2721    -1.8483
     0.6354    -1.1706    -1.2186    -1.6793
     1.2486    -1.4080    -1.2007    -1.4350
     1.8083    -1.5722    -1.0669    -1.1250
     2.3501    -1.7364    -0.8796    -0.7303
     2.8119    -1.7912    -0.6655    -0.2320
     2.7941    -1.8459    -0.4960     0.3229
     2.7764    -1.8368    -0.2104     0.9062
     2.5277    -1.7364     0.0930     1.4521
     2.0215    -1.4992     0.3073     1.9982
     1.4618    -1.3441     0.5394     2.4597
     0.9109    -1.0884     0.7983     2.6105
     0.2976    -0.6592     0.9501     2.6011
    -0.2002    -0.1656     1.0929     2.3655
    -0.7248     0.3557     1.2269     2.1206
    -1.0183     0.8316     1.2358     1.7628
    -1.2496     1.2894     1.1912     1.4050
    -1.4453     1.8118     1.1019     0.9156
    -1.7389     2.3069     0.9590     0.4546
    -1.9880     2.6556     0.8429     0.0501
    -2.0948     2.8759     0.6018    -0.2790
    -2.0414     2.8392     0.2626    -0.6363
    -1.8901     2.4812    -0.0498    -0.9182
    -1.6944     2.0868    -0.4513    -1.0874
    -1.3830     1.6193    -0.7725    -1.2283
    -1.0094     1.0330    -1.0402    -1.2424
    -0.5648     0.3831    -1.3256    -1.2565
    -0.2002    -0.1748    -1.5396    -1.2002
     0.2443    -0.6226    -1.6734    -1.1438
     0.7776    -1.0976    -1.7001    -1.0874
     1.3374    -1.2802    -1.6021    -0.8713
     1.9060    -1.4901    -1.3613    -0.6457
     2.3057    -1.6543    -1.1204    -0.3542
     2.5544    -1.7000    -0.7101    -0.1004
     2.6787    -1.7547    -0.2818     0.1912
     2.6520    -1.7000     0.2269     0.4922
     2.4833    -1.6087     0.7179     0.8309
     2.2702    -1.3714     1.2358     1.1038
     1.9238    -1.1980     1.6288     1.2638
     1.5062    -0.8236     1.9862     1.4427
     0.8665    -0.4673     2.2721     1.5651
     0.1643     0.0172     2.5938     1.7439
    -0.4136     0.5844     2.6474     1.8569
    -0.9650     1.0696     2.4508     1.8664
    -1.4364     1.6468     1.8254     1.7534
    -1.7389     2.0685     1.1197     1.5180
    -1.9969     2.4170     0.4054     1.1415
    -2.1393     2.7107    -0.2015     0.6803
    -2.1526     2.6648    -0.7369     0.1347
    -2.1660     2.4537    -1.1472    -0.3072
    -2.0325     2.0593    -1.4861    -0.8243
    -1.8190     1.6376    -1.7626    -1.2283
    -1.6054     1.1337    -1.9231    -1.4820
    -1.3030     0.6119    -2.0211    -1.6605
    -0.8760     0.0538    -2.0657    -1.8108
    -0.2624    -0.4307    -2.0033    -1.8014
     0.2799    -0.7962    -1.7626    -1.7732
     1.0442    -1.1067    -1.5842    -1.5760
     1.7728    -1.3075    -1.1472    -1.2283
     2.6254    -1.5175    -0.6566    -0.7021
     3.4866    -1.6543    -0.1122    -0.2038
     3.7085    -1.7729     0.6197     0.3417
     3.7174    -1.7273     1.2358     0.8591
     3.4422    -1.5540     1.8432     1.3109
     2.7231    -1.4171     2.3704     1.5462
     2.0392    -1.1797     2.5938     1.7534
     1.3730    -0.9149     2.7189     1.8099
     0.6265    -0.5861     2.7547     1.8475
    -0.0046    -0.0742     2.6385     1.8852
    -0.5470     0.4563     2.3257     1.7534
    -1.0806     1.0055     1.9236     1.5839
    -1.4275     1.4543     1.5127     1.3579
    -1.7567     1.8393     0.9411     1.0379
    -1.9524     2.1510     0.5304     0.5957
    -2.0859     2.2519     0.0484     0.0783
    -2.2283     2.3345    -0.3621    -0.3918
    -2.1482     2.1785    -0.6923    -0.7961
    -2.0236     1.8851    -0.9866    -1.0780
    -1.8723     1.5735    -1.1204    -1.2753
    -1.6143     1.1337    -1.2632    -1.4069
    -1.3474     0.6302    -1.3345    -1.5666
    -0.9739     0.0630    -1.3345    -1.5853
    -0.5737    -0.4490    -1.3256    -1.6041
    -0.1024    -0.8236    -1.2364    -1.5290
     0.4576    -1.1250    -1.0669    -1.4350
     1.1597    -1.4992    -0.8439    -1.2096
     1.6573    -1.7091    -0.6923    -0.9934
     2.2258    -1.7912    -0.5495    -0.6363
     2.7852    -1.8733    -0.3621    -0.2978
     3.1493    -1.8824    -0.1569     0.0125
     3.1493    -1.7638     0.1555     0.4169
     2.8829    -1.5540     0.3876     0.8309
     2.5188    -1.3167     0.7268     1.2544
     2.1014    -1.0245     0.9858     1.8193
     1.5062    -0.7140     1.2269     2.4221
     0.9020    -0.1565     1.3877     2.9309
     0.4132     0.5112     1.5842     3.2042
    -0.2091     1.3810     1.6824     3.0628
    -0.7693     2.0501     1.7718     2.4503
    -1.2229     2.8024     1.7450     1.6686
    -1.4542     3.1054     1.5663     0.8497
    -1.6766     3.2707     1.4413     0.1159
    -1.8456     3.2432     1.1733    -0.4765
    -2.0681     2.6005     0.7626    -0.8994
    -2.0547     1.8301     0.3519    -1.2377
    -2.0414     1.2528    -0.1301    -1.5384
    -1.8990     0.6759    -0.4603    -1.6605
    -1.7389     0.1087    -0.8261    -1.7356
    -1.4720    -0.4399    -1.0937    -1.7826
    -1.1162    -0.7779    -1.2275    -1.7826
    -0.6092    -1.0976    -1.3702    -1.6981
    -0.0668    -1.2802    -1.3345    -1.5196
     0.4843    -1.4262    -1.3345    -1.3317
     1.1508    -1.4992    -1.2899    -1.0968
     1.8172    -1.5722    -1.1204    -0.7209
     2.2790    -1.5448    -0.9064    -0.3260
     2.6964    -1.5083    -0.6120     0.0501
     2.9362    -1.4810    -0.2818     0.4546
     2.9451    -1.3714     0.0127     0.8215
     2.6787    -1.2528     0.3251     1.2073
     2.3057    -1.0793     0.6376     1.5368
     1.7461    -0.8419     0.8786     1.7628
     1.1775    -0.4947     1.0304     1.9134
     0.6087    -0.0834     1.2448     1.9511
     0.1287     0.3008     1.3162     1.8946
    -0.3603     0.7217     1.2894     1.8287
    -0.7871     1.0605     1.2716     1.6027
    -1.1784     1.4177     1.0929     1.4427
    -1.4097     1.6834     0.9769     1.1979
    -1.6321     1.8668     0.7804     0.9909
    -1.8190     2.0318     0.6197     0.6898
    -1.9257     2.0410     0.3519     0.3323
    -1.9346     2.0501     0.0395    -0.0251
    -1.8367     1.8301    -0.2550    -0.3354
    -1.7389     1.6101    -0.6030    -0.6175
    -1.5343     1.4085    -0.8439    -0.8431
    -1.2852     1.1612    -1.0759    -1.0686
    -0.9116     0.7492    -1.2810    -1.2377
    -0.4670     0.1910    -1.3613    -1.2471
     0.0665    -0.3028    -1.4059    -1.2941
     0.7332    -0.7962    -1.3925    -1.2847
     1.5151    -1.1524    -1.3791    -1.2847
     2.2435    -1.4810    -1.2007    -1.2189
     3.0694    -1.8277    -1.0223    -1.1344
     3.5132    -1.9645    -0.7547    -0.9370
     3.5221    -2.0922    -0.3889    -0.7961
     3.1315    -2.0466     0.0306    -0.6175
     2.3323    -1.8733     0.5661    -0.3448
     1.5507    -1.7364     1.1019     0.0219
     0.8398    -1.4445     1.7003     0.4075
     0.1821    -1.0884     2.1559     0.8874
    -0.3514    -0.8053     2.4151     1.3768
    -0.8582    -0.3393     2.5759     1.9982
    -1.3297     0.2184     2.5312     2.2996
    -1.6677     0.6119     2.4240     2.2808
    -1.8545     1.0696     2.1559     2.2619
    -2.0325     1.4085     1.6914     1.9605
    -2.0859     1.7568     1.0840     1.5462
    -2.0414     2.1052     0.5215     1.0191
    -1.9969     2.1097    -0.1122     0.5298
    -1.8634     2.1143    -0.7101     0.1347
    -1.6766     1.8576    -1.2364    -0.2226
    -1.4809     1.6559    -1.5842    -0.5423
    -1.2585     1.3536    -1.8517    -0.8337
    -0.8582     0.9872    -2.0033    -1.0686
    -0.3691     0.5753    -2.0568    -1.1532
     0.1287     0.2733    -2.0301    -1.1908
     0.8665    -0.0376    -1.9409    -1.2377
     1.6040    -0.3119    -1.6556    -1.2189
     2.1991    -0.6226    -1.2988    -1.0592
     2.7764    -0.9423    -0.8796    -0.9182
     3.2469    -1.0702    -0.4157    -0.6833
     3.3801    -1.0976     0.1912    -0.3636
     3.1493    -0.9697     0.7715     0.0313
     2.8207    -0.8145     1.2805     0.3793
     2.2968    -0.6409     1.7986     0.7180
     1.6750    -0.6043     2.1649     1.0285
     1.0975    -0.4947     2.2632     1.2168
     0.4754    -0.4764     2.2721     1.3862
    -0.1202    -0.3850     2.0666     1.4709
    -0.6715    -0.3759     1.8611     1.4238
    -1.1073    -0.2753     1.6288     1.3768
    -1.3563    -0.1199     1.3073     1.2450
    -1.5876     0.1087     1.0483     1.0756
    -1.6677     0.3374     0.7268     0.8309
    -1.8634     0.5570     0.4233     0.4640
    -1.8545     0.8590     0.1555     0.0877
    -1.7478     1.0971    -0.1658    -0.1756
    -1.6232     1.3627    -0.3889    -0.4201
    -1.5165     1.4360    -0.5763    -0.7115
    -1.3119     1.3994    -0.7993    -1.0028
    -0.8849     1.2986    -1.0312    -1.2283
    -0.4936     1.1337    -1.1115    -1.3693
    -0.1024     0.9323    -1.1918    -1.4632
     0.3065     0.6027    -1.2453    -1.4632
     0.7509     0.2916    -1.2364    -1.4820
     1.1864    -0.1748    -1.1472    -1.3505
     1.7017    -0.6317    -1.0045    -1.2377
     2.1458    -1.0976    -0.9510    -1.0028
     2.5721    -1.3897    -0.8261    -0.7303
     2.8030    -1.5722    -0.6566    -0.4107
     2.8829    -1.7273    -0.4246     0.0219
     2.5366    -1.7912    -0.0765     0.5957
     2.0659    -1.7547     0.1287     1.2544
     1.3374    -1.7000     0.4501     1.9699
     0.6532    -1.4810     0.7358     2.7612
     0.0843    -1.0610     1.0036     3.4304
    -0.5025    -0.6135     1.2448     3.4964
    -0.9205     0.1361     1.5395     2.8555
    -1.2763     0.9780     1.7271     2.0735
    -1.4809     2.1418     1.8075     1.3391
    -1.5965     3.0962     1.7896     0.6992
    -1.6054     3.5096     1.7182     0.0971
    -1.6677     3.5050     1.5484    -0.3730
    -1.6766     3.5004     1.2537    -0.7491
    -1.6321     2.6189     0.9143    -1.1062
    -1.5520     1.8668     0.5572    -1.4163
    -1.3741     1.1337     0.1644    -1.5666
    -1.1251     0.4472    -0.2104    -1.6511
    -0.7337    -0.2022    -0.5673    -1.6229
    -0.3514    -0.7140    -0.7993    -1.6417
     0.0843    -1.2710    -1.0491    -1.5760
     0.5021    -1.5448    -1.2453    -1.4163
     1.1064    -1.8094    -1.3345    -1.1720
     1.6928    -1.9918    -1.3434    -0.9746
     2.2258    -2.1104    -1.3524    -0.6927
     2.5455    -2.0922    -1.2096    -0.3824
     2.5677    -2.0739    -1.0759    -0.0816
     2.5899    -1.9827    -0.8439     0.1724
     2.2790    -1.7456    -0.5495     0.5863
     1.9326    -1.4445    -0.2729     0.8309
     1.3818    -0.9423     0.1020     1.1226
     0.7776    -0.4947     0.4679     1.3674
     0.1821     0.1087     0.8340     1.5462
    -0.4225     0.8132     1.1733     1.6498
    -0.9828     1.3536     1.4859     1.6780
    -1.3741     1.8851     1.6378     1.6310
    -1.5965     2.4262     1.6288     1.4521
    -1.8190     2.9401     1.4413     1.2544
    -1.9613     3.3350     1.2805     1.0568
    -2.0147     3.3809     0.9679     0.7462
    -2.0236     2.9401     0.6018     0.4075
    -1.8812     2.5363     0.3073     0.1818
    -1.7300     1.9676     0.1198    -0.0063
    -1.4008     1.3078    -0.0676    -0.1662
    -1.0539     0.6576    -0.2283    -0.3166
    -0.7515     0.0264    -0.4335    -0.5235
    -0.2536    -0.5312    -0.5673    -0.7867
     0.1821    -0.9606    -0.7012    -0.9934
     0.7243    -1.3258    -0.7993    -1.1062
     1.2841    -1.5540    -0.9242    -1.2659
     1.7550    -1.7547    -1.0312    -1.2471
     2.1014    -1.8733    -1.0312    -1.2002
     2.3146    -1.9006    -0.9866    -1.1250
     2.3945    -1.8003    -0.9688    -0.9464
     2.4123    -1.5631    -0.7993    -0.6645
     2.2879    -1.3075    -0.6566    -0.2978
     2.0126    -1.0154    -0.4067     0.0031
     1.6306    -0.7779     0.0038     0.3040
     1.1153    -0.4673     0.4054     0.5580
     0.5910    -0.0376     0.9322     0.8968
     0.1021     0.4380     1.4770     1.0850
    -0.2802     0.8499     2.2185     1.4050
    -0.6893     1.2803     2.6206     1.7816
    -0.9561     1.6651     2.8709     1.8946
    -1.2140     2.0043     2.8396     1.8946
    -1.5254     2.3069     2.8083     1.6310
    -1.6855     2.4445     2.1827     1.1885
    -1.6988     2.4996     1.5127     0.6709
    -1.7122     2.2978     0.8251     0.1347
    -1.6855     1.9584     0.1555    -0.2602
    -1.6321     1.5918    -0.4870    -0.5705
    -1.4720     1.1246    -1.0134    -0.8337
    -1.2674     0.4838    -1.5129    -1.0310
    -0.9917    -0.0559    -1.8250    -1.2189
    -0.6003    -0.5495    -2.0301    -1.3129
    -0.2269    -1.0245    -2.0523    -1.3317
     0.2887    -1.4536    -2.0746    -1.2941
     0.8131    -1.7729    -1.9676    -1.2189
     1.3108    -1.9189    -1.7269    -1.0310
     1.8971    -2.1286    -1.4950    -0.9276
     2.3945    -2.1925    -1.1115    -0.7773
     2.8563    -2.0648    -0.7101    -0.6833
     2.9983    -1.9098    -0.2283    -0.4013
     2.7053    -1.6817     0.3876    -0.1098
     2.2790    -1.2893     1.0929     0.3323
     1.6839    -0.9606     1.7628     0.7650
     1.0175    -0.4764     2.3078     1.3391
     0.3687     0.0721     2.6474     1.8946
    -0.1024     0.7400     2.8262     2.3655
    -0.5470     1.2894     2.5580     2.6105
    -0.9116     1.8484     2.2900     2.5068
    -1.1695     2.3620     1.9236     2.1489
    -1.3741     3.0870     1.5306     1.7345
    -1.4987     3.4728     1.0304     1.2073
    -1.6143     3.5831     0.6465     0.6239
    -1.6855     3.5831     0.2091     0.0971
    -1.6766     3.2983    -0.1122    -0.4295
    -1.6143     2.5822    -0.4157    -0.7867
    -1.4987     1.9126    -0.7101    -1.0780
    -1.3741     1.0605    -0.9510    -1.2847
    -1.1073     0.2367    -1.0312    -1.3505
    -0.7337    -0.5495    -1.0491    -1.5196
    -0.3780    -1.1706    -1.1383    -1.5290
    -0.0046    -1.7547    -1.2096    -1.5290
     0.3954    -2.1013    -1.2096    -1.4632
     0.8931    -2.3748    -1.1115    -1.3129
     1.4263    -2.5935    -0.9866    -1.1156
     2.1103    -2.4841    -0.7190    -0.8431
     2.7142    -2.3657    -0.4335    -0.4765
     3.3179    -2.2289    -0.1122    -0.1662
     3.2380    -1.9462     0.3073     0.1253
     2.5366    -1.7091     0.5751     0.5769
     1.8349    -1.4171     0.8251     0.9062
     1.1864    -0.9149     1.0751     1.1226
     0.5821    -0.3942     1.3162     1.3485
    -0.0135     0.2367     1.4323     1.4709
    -0.3869     0.8865     1.4323     1.5274
    -0.9205     1.4085     1.4323     1.4897
    -1.2674     1.8393     1.3073     1.4144
    -1.5787     2.2519     1.1912     1.2921
    -1.7745     2.6281     1.0304     1.1226
    -1.9168     2.8024     0.8608     0.9815
    -1.9346     2.7749     0.5572     0.8215
    -1.7834     2.7474     0.3162     0.6239
    -1.5876     2.5271     0.0306     0.4263
    -1.4898     2.2702    -0.1926     0.2100
    -1.2318     1.8393    -0.5049     0.0125
    -0.9739     1.4910    -0.7904    -0.1944
    -0.5737     1.0147    -1.0223    -0.4577
    -0.2002     0.5753    -1.1829    -0.6739
     0.2710     0.0995    -1.3078    -0.9182
     0.8398    -0.3028    -1.2988    -1.0968
     1.2663    -0.6226    -1.2899    -1.2189
     1.7106    -0.8601    -1.2542    -1.2283
     2.1636    -1.0519    -1.0848    -1.2002
     2.5455    -1.2254    -0.7636    -1.0592
     2.7142    -1.3897    -0.5227    -0.7867
     2.6787    -1.3623    -0.1658    -0.4577
     2.4211    -1.4262     0.2180    -0.0910
     2.1636    -1.3167     0.5661     0.2664
     1.7550    -1.2436     0.9858     0.5769
     1.3285    -1.0976     1.5216     0.8497
     0.8043    -0.8236     2.0755     1.1885
     0.2443    -0.5952     2.5670     1.4144
    -0.3247    -0.1565     2.7904     1.6780
    -0.9027     0.2001     2.8441     1.6875
    -1.3030     0.5204     2.6295     1.6121
    -1.5876     0.8499     1.9594     1.4333
    -1.8279     1.0238     1.3698     1.3203
    -1.9079     1.2345     0.7626     1.0568
    -2.0058     1.3810     0.1109     0.8027
    -1.9613     1.5368    -0.4513     0.4451
    -1.8545     1.5735    -0.9510     0.1441
    -1.6143     1.5276    -1.3345    -0.1474
    -1.3741     1.4452    -1.6021    -0.3918
    -0.9472     1.3261    -1.7626    -0.6927
    -0.5292     1.0330    -1.8517    -0.9088
    -0.0757     0.7492    -1.9766    -1.1062
     0.4221     0.3740    -2.0122    -1.2753
     0.8309    -0.0559    -1.9052    -1.3599
     1.2575    -0.4033    -1.6110    -1.3599
     1.6484    -0.7048    -1.3167    -1.2753
     1.9326    -0.9149    -0.9242    -1.0780
     2.0925    -1.0610    -0.4870    -0.8713
     2.1281    -1.1706     0.0484    -0.6833
     1.8971    -1.2254     0.5661    -0.3260
     1.7106    -1.2619     1.1733    -0.0157
     1.3374    -1.1250     1.7718     0.3793
     0.8754    -0.9880     2.1827     0.8591
     0.5554    -0.7779     2.3525     1.3391
     0.1732    -0.4033     2.3614     1.9605
    -0.2180    -0.0011     2.2006     2.4786
    -0.4936     0.7400     2.0308     2.4597
    -0.6448     1.5276     1.8254     2.4409
    -0.8316     1.8576     1.6556     2.0735
    -1.0628     2.5822     1.3877     1.4521
    -1.2318     3.0136     1.0572     0.8779
    -1.4008     2.7933     0.7001     0.3323
    -1.4631     2.3161     0.3608    -0.1662
    -1.4853     1.7843    -0.0498    -0.5799
    -1.5076     1.2253    -0.4157    -0.9840
    -1.4186     0.7309    -0.6744    -1.3223
    -1.2763     0.1544    -0.8618    -1.4163
    -1.0450    -0.2845    -1.1115    -1.5290
    -0.7604    -0.8145    -1.2988    -1.6229
    -0.3247    -1.2071    -1.3613    -1.6417
     0.1198    -1.5996    -1.4415    -1.6323
     0.5821    -1.8642    -1.4415    -1.5008
     1.1953    -2.0192    -1.3345    -1.2941
     1.7372    -2.1833    -1.1383    -1.0216
     2.2435    -2.1195    -0.9956    -0.6645
     2.5721    -1.9371    -0.8618    -0.2602
     2.6165    -1.7182    -0.7012     0.1818
     2.4922    -1.4171    -0.4067     0.7462
     2.1991    -1.1250    -0.1033     1.4897
     1.7994    -0.6683     0.1823     2.2619
     1.3108    -0.1199     0.4858     3.0628
     0.7332     0.5478     0.7626     3.1194
     0.2176     1.2803     0.9411     2.7801
    -0.2624     2.0868     1.1822     2.2242
    -0.6359     3.0779     1.3787     1.5933
    -1.0005     3.4269     1.4859     0.9721
    -1.2941     3.4269     1.5038     0.4357
    -1.4720     3.1513     1.4502    -0.0345
    -1.6232     2.8483     1.3341    -0.3636
    -1.6588     2.3711     1.2001    -0.7209
    -1.7567     1.8851     1.0751    -1.0874
    -1.7745     1.3536     0.8697    -1.3317
    -1.7300     0.8499     0.6018    -1.4444
    -1.5609     0.2550     0.3519    -1.4726
    -1.2496    -0.3119     0.1555    -1.5008
    -0.7337    -0.8053    -0.1033    -1.5478
    -0.1913    -1.1706    -0.3353    -1.5760
     0.3332    -1.5357    -0.4960    -1.4444
     0.9731    -1.7638    -0.6566    -1.2471
     1.5240    -1.9918    -0.7547    -1.0216
     1.9771    -2.0283    -0.8707    -0.7115
     2.3679    -2.0101    -0.9420    -0.3824
     2.4922    -1.8185    -0.9688     0.0501
     2.4655    -1.6361    -0.9064     0.5580
     2.2879    -1.4810    -0.7190     1.0191
     1.9771    -1.2163    -0.5138     1.4803
     1.5595    -0.8145    -0.2640     1.8758
     1.1419    -0.3759    -0.0319     2.2242
     0.6798     0.0264     0.1466     2.4032
     0.2976     0.4380     0.3965     2.3561
    -0.1024     0.9231     0.5483     2.1112
    -0.4936     1.2620     0.7447     1.7722
    -0.8227     1.6468     0.9054     1.2921
    -1.0539     1.9859     0.9590     0.8027
    -1.3652     2.2611     0.9322     0.3981
    -1.4275     2.3528     0.9322     0.0125
    -1.5432     2.3711     0.8697    -0.3730
    -1.5698     2.2611     0.7983    -0.6551
    -1.6410     2.0776     0.5751    -0.8525
    -1.6410     1.8209     0.3251    -0.9370
    -1.4987     1.5093     0.0306    -1.0968
    -1.3297     1.0605    -0.2907    -1.1720
    -1.0272     0.5112    -0.6209    -1.2659
    -0.6982    -0.0193    -0.8528    -1.2377
    -0.3069    -0.5130    -1.0669    -1.1720
     0.0754    -0.8784    -1.2453    -1.1720
     0.5376    -1.1980    -1.2632    -1.1156
     0.9198    -1.4080    -1.2632    -1.0686
     1.3996    -1.5175    -1.1294    -0.9464
     1.9238    -1.6726    -0.9420    -0.6551
     2.2790    -1.8003    -0.7012    -0.2790
     2.3279    -1.8094    -0.2907     0.0877
     2.3767    -1.5722     0.3697     0.5298
     2.1192    -1.3532     1.5752     1.0473
     1.6928    -1.0976     3.0318     1.4427
     1.2041    -0.8510     3.2731     1.8852
     0.8043    -0.5404     3.2821     2.0924
     0.4310    -0.0834     2.6921     1.9982
     0.0576     0.3740     2.1202     1.8193
    -0.2713     0.9414     1.5484     1.5933
    -0.5025     1.3994     1.0036     1.3674
    -0.7071     1.8118     0.3876     1.0662
    -0.9917     2.2152    -0.0587     0.7933
    -1.0806     2.6097    -0.4603     0.4640
    -1.3119     2.8024    -0.8974     0.2852
    -1.4186     2.7107    -1.3345     0.0501
    -1.4275     2.4537    -1.5753    -0.1662
    -1.4364     1.9951    -1.7982    -0.4389
    -1.3563     1.4085    -1.8963    -0.6081
    -1.2674     0.7583    -2.0479    -0.7961
    -0.9739     0.1727    -2.0568    -0.9934
    -0.7515    -0.4033    -1.9498    -1.1908
    -0.3336    -0.9058    -1.7893    -1.2565
     0.1821    -1.1889    -1.6110    -1.3035
     0.6443    -1.5631    -1.3613    -1.3129
     1.1419    -1.7729    -1.0312    -1.2377
     1.6306    -1.7364    -0.6744    -1.1626
     1.9504    -1.8185    -0.2997    -0.9182
     2.2879    -1.7729     0.2805    -0.6175
     2.5721    -1.6178     0.7893    -0.1944
     2.6876    -1.4353     1.2983     0.1818
     2.4744    -1.2984     1.6735     0.6333
     1.9948    -1.0519     2.0755     1.0379
     1.3374    -0.7322     2.4687     1.4521
     0.6532    -0.2571     2.6832     1.9040
     0.1287     0.2642     2.6921     2.3090
    -0.3603     0.8773     2.4508     2.4032
    -0.7871     1.5185     2.1738     2.1866
    -1.1073     2.1877     1.9236     1.7816
    -1.2051     2.9218     1.6020     1.2826
    -1.2585     3.3809     1.2090     0.7462
    -1.3741     3.4820     0.7983     0.1912
    -1.4453     3.1972     0.4233    -0.1756
    -1.4542     2.5730    -0.0587    -0.5047
    -1.4631     1.9584    -0.4335    -0.7867
    -1.3652     1.3810    -0.7725    -0.7867
    -1.0628     0.6851    -1.0312    -0.8337
    -0.8582     0.1361    -1.2364    -0.9746
    -0.5915    -0.5404    -1.4148    -1.1156
    -0.2802    -0.9880    -1.4683    -1.1156
    -0.0580    -1.4536    -1.5842    -1.1344
     0.1821    -1.6726    -1.6199    -1.0404
     0.4754    -1.8277    -1.5307    -0.8900
     0.9287    -1.9645    -1.4237    -0.7679
     1.2219    -2.0283    -1.3345    -0.5799
     1.5151    -1.9918    -1.1561    -0.3448
     1.7283    -1.7821    -0.8796     0.0313
     1.7994    -1.4992    -0.5584     0.3040
     1.9060    -1.2254    -0.1658     0.6615
     1.9060    -1.0063     0.1020     1.0097
     1.7994    -0.6500     0.3608     1.3768
     1.5240    -0.2296     0.4858     1.6686
     1.1864     0.2001     0.7804     1.9229
     0.7954     0.6851     0.9501     2.1018
     0.3954     1.2162     1.2001     2.0265
     0.0132     1.5918     1.3966     1.8381
    -0.3691     1.8759     1.5038     1.4803
    -0.6893     2.1418     1.5038     0.9626
    -1.0272     2.2519     1.5038     0.4075
    -1.2407     2.3161     1.3430    -0.0722
    -1.4631     2.1602     1.2537    -0.5611
    -1.7033     1.9034     1.0304    -0.9558
    -1.7923     1.5551     0.8876    -1.1814
    -1.7389     1.2528     0.8161    -1.3787
    -1.6143     0.9323     0.7179    -1.4538
    -1.4008     0.4655     0.5929    -1.5666
    -1.0895     0.0355     0.4322    -1.6041
    -0.8316    -0.3485     0.3430    -1.5760
    -0.5025    -0.6592     0.1823    -1.4256
    -0.0491    -0.9606     0.0395    -1.2096
     0.4665    -1.1797    -0.1033    -0.9652
     1.0531    -1.3441    -0.4067    -0.6739
     1.6217    -1.4627    -0.6566    -0.3636
     2.3323    -1.5266    -0.8350    -0.0251
     2.7231    -1.5403    -0.9510     0.3605
     2.6876    -1.5540    -1.0491     0.8874
     2.2702    -1.4080    -1.0669     1.3674
     1.7994    -1.1615    -0.9688     1.9323
     1.3197    -0.8601    -0.8528     2.4786
     0.7954    -0.5312    -0.7636     2.7141
     0.4043    -0.1748    -0.5763     2.7141
    -0.0224     0.1910    -0.3532     2.5163
    -0.4047     0.6668    -0.1033     2.0170
    -0.7426     0.9872     0.0930     1.3768
    -0.9294     1.4177     0.2894     0.7180
    -1.1518     1.7659     0.4233     0.0689
    -1.2496     2.2886     0.5215    -0.3824
    -1.3741     2.8392     0.6643    -0.7773
    -1.4542     2.9860     0.7001    -1.2002
    -1.5609     2.4812     0.7447    -1.3787
    -1.5165     1.8393     0.7447    -1.5384
    -1.4720     1.2070     0.6465    -1.6041
    -1.3030     0.5021     0.6108    -1.6417
    -1.1073    -0.0102     0.4947    -1.6887
    -0.8405    -0.5952     0.3787    -1.5853
    -0.4936    -0.9971     0.2715    -1.4350
    -0.2002    -1.3167     0.1823    -1.1908
     0.1732    -1.5448     0.1287    -0.8994
     0.5910    -1.7821     0.0573    -0.5705
     0.9731    -1.7821     0.0395    -0.1850
     1.3730    -1.8277     0.0038     0.3511
     1.7639    -1.7364    -0.0319     0.8309
     2.1369    -1.5357    -0.1033     1.3956
     2.2968    -1.2436    -0.1301     1.8475
     2.4211    -0.8784    -0.1926     2.2148
     2.0925    -0.4033    -0.2550     2.4409
     1.6928     0.2001    -0.2818     2.6199
     1.2486     0.8224    -0.2461     2.6105
     0.7776     1.3627    -0.2104     2.4221
     0.2976     1.7751    -0.0765     2.0641
    -0.0935     2.2427     0.0395     1.5839
    -0.5381     2.7015     0.2537     1.0568
    -1.0005     2.9769     0.4144     0.5674
    -1.3208     3.1054     0.4947     0.1441
    -1.5698     3.1421     0.6108    -0.2978
    -1.7834     2.6464     0.5483    -0.7115
    -1.9435     1.9126     0.4501    -1.0592
    -2.0770     1.2345     0.3697    -1.1720
    -2.0859     0.5570     0.2269    -1.3411
    -1.8990    -0.1016     0.0663    -1.5102
    -1.5609    -0.7140    -0.0051    -1.6511
    -1.1340    -1.1889    -0.1122    -1.6981
    -0.5292    -1.7091    -0.2104    -1.6699
     0.0398    -1.9371    -0.2640    -1.6417
     0.7420    -2.1286    -0.4513    -1.5478
     1.3108    -2.1925    -0.5227    -1.3317
     1.8261    -2.2289    -0.6387    -1.0686
     2.2435    -2.0283    -0.7458    -0.6927
     2.6343    -1.8550    -0.7725    -0.2602
     2.8918    -1.5448    -0.7815     0.1441
     2.7941    -1.1615    -0.7279     0.6051
     2.6076    -0.8327    -0.5941     1.0003
     2.3235    -0.3210    -0.3710     1.5086
     1.9149     0.2093    -0.0855     1.8664
     1.3907     0.6759     0.1644     2.0170
     0.7954     1.1520     0.4501     2.0924
     0.1021     1.6559     0.6643     2.1301
    -0.3603     2.1235     1.0126     2.0547
    -0.8227     2.4078     1.2894     1.9040
    -1.2140     2.7382     1.7718     1.6310
    -1.5076     2.7841     1.8120     1.1885
    -1.7834     2.6464     1.8522     0.8309
    -1.9435     2.4078     1.3609     0.4169
    -2.0147     2.1418     0.8965     0.0595
    -2.0147     1.8209     0.4054    -0.2790
    -2.0236     1.4360    -0.0944    -0.5329
    -1.8723     0.8590    -0.5317    -0.7209
    -1.6855     0.3099    -0.7993    -0.9370
    -1.3652    -0.1565    -1.0402    -1.0404
    -1.0183    -0.5861    -1.1650    -1.0874
    -0.4492    -0.8419    -1.2453    -1.0874
     0.2087    -1.2163    -1.2542    -1.0498
     0.7776    -1.5083    -1.2096    -0.9934
     1.3374    -1.6635    -1.0669    -0.9088
     1.9504    -1.7000    -0.7547    -0.7491
     2.6520    -1.6908    -0.4157    -0.6175
     3.0960    -1.5631     0.1109    -0.4671
     3.0694    -1.3441     0.6376    -0.2790
     3.0427    -1.0702     1.1733    -0.1850
     2.6432    -0.7871     1.6556    -0.0157
     2.1813    -0.3942     2.1827     0.1536
     1.6217    -0.0468     2.4866     0.3605
     1.0087     0.2916     2.4866     0.6145
     0.5199     0.5753     2.4866     0.8027
    -0.0668     0.9231     1.9058     0.9815
    -0.5292     1.1062     1.2716     1.1415
    -0.9650     1.2711     0.6733     1.2450
    -1.3385     1.4910     0.1198     1.3674
    -1.5254     1.5551    -0.3175     1.3768
    -1.6855     1.5826    -0.7636     1.4050
    -1.7656     1.4360    -1.0759     1.2450
    -1.7300     1.2528    -1.3880     1.0662
    -1.5876     1.0055    -1.6199     0.7838
    -1.5076     0.7949    -1.6823     0.5204
    -1.4186     0.5387    -1.7447     0.1818
    -1.3208     0.2916    -1.8161    -0.1662
    -1.1429     0.0355    -1.6823    -0.4953
    -0.8316    -0.1108    -1.5486    -0.7585
    -0.5114    -0.3028    -1.2988    -0.9370
     0.1198    -0.3576    -1.1026    -0.9323
     0.6621    -0.4855    -0.8082    -0.9276
     1.3641    -0.5678    -0.4157    -0.7867
     1.9593    -0.6774     0.0752    -0.5987
     2.5100    -0.7140     0.6911    -0.3918
     2.8563    -0.6226     1.2716    -0.2508
     2.9007    -0.5221     1.8968    -0.1004
     2.7941    -0.4490     2.5134     0.0877
     2.5810    -0.4399     2.9156     0.3229
     2.2258    -0.4581     3.0943     0.5580
     1.5418    -0.3302     3.1927     0.8121
     0.9376    -0.1291     3.0049     1.0850
     0.3243     0.0538     2.7189     1.3768
    -0.2447     0.3465     2.2363     1.5839
    -0.8316     0.6942     1.7271     1.7063
    -1.3563     1.0605     1.0840     1.6875
    -1.6143     1.5460     0.4322     1.4521
    -1.8901     2.0501    -0.0765     1.0568
    -2.0236     2.4812    -0.5852     0.6051
    -2.0236     2.3620    -0.9866     0.0031
    -1.9613     1.8118    -1.3791    -0.4765
    -1.7656     1.2162    -1.5753    -0.8900
    -1.5254     0.6576    -1.6288    -1.1438
    -1.1784     0.0995    -1.7804    -1.3317
    -0.9294    -0.4216    -1.7982    -1.4820
    -0.5737    -0.7871    -1.8517    -1.6135
    -0.1646    -1.2984    -1.8696    -1.5478
     0.2976    -1.6635    -1.7358    -1.3975
     0.9464    -1.9371    -1.4594    -1.2283
     1.4263    -2.1560    -1.2810    -1.0498
     1.9682    -2.2107    -0.9599    -0.8431
     2.3146    -2.0922    -0.6744    -0.6645
     2.4211    -2.0010    -0.2550    -0.3542
     2.4655    -1.7729     0.2358    -0.0910
     2.2435    -1.4445     0.7447     0.2288
     1.9326    -1.1067     1.2269     0.5204
     1.5151    -0.5952     1.6110     0.9250
     1.0087     0.0081     1.9504     1.2638
     0.4932     0.7492     2.2363     1.6498
    -0.0135     1.5460     2.2363     2.1771
    -0.4492     2.3436     2.2363     2.6482
    -0.8582     3.0687     2.0130     2.7989
    -1.2140     3.3442     1.8522     2.4126
    -1.5520     3.2340     1.5931     1.8287
    -1.7656     2.8116     1.3609     1.3391
    -1.8901     2.3436     1.0929     0.7933
    -1.9346     1.8026     0.7804     0.2758
    -1.8990     1.2436     0.5304    -0.0910
    -1.7923     0.8041     0.3519    -0.4859
    -1.5965     0.2825     0.1466    -0.8713
    -1.3652    -0.2296    -0.0141    -1.1720
    -1.2051    -0.6774    -0.3353    -1.3693
    -0.8938    -1.0063    -0.5941    -1.5478
    -0.4492    -1.2345    -0.7279    -1.7075
     0.0665    -1.4992    -0.8974    -1.7732
     0.4932    -1.6452    -0.9956    -1.8390
     0.9909    -1.6817    -1.0848    -1.6887
     1.5151    -1.8094    -1.1383    -1.5384
     1.9149    -1.7821    -1.0848    -1.2753
     2.1547    -1.6726    -1.0937    -1.0216
     2.1503    -1.4810    -1.0134    -0.7021
     2.1458    -1.2619    -0.8885    -0.3730
     1.9415    -0.9332    -0.7725    -0.0063
     1.6928    -0.6409    -0.5673     0.3887
     1.3907    -0.3028    -0.3532     0.7650
     1.0797     0.0447    -0.1390     1.2544
     0.7243     0.2733    -0.0051     1.5462
     0.3332     0.6119     0.1287     1.8287
    -0.0491     0.9597     0.2001     1.9794
    -0.3958     1.3078     0.3073     2.0547
    -0.8138     1.6193     0.4054     1.8664
    -1.1784     1.8026     0.5572     1.7063
    -1.5343     2.0318     0.7090     1.3674
    -1.8101     1.9676     0.9411     1.1038
    -1.9079     1.8668     1.0751     0.7744
    -1.8545     1.6468     1.1912     0.3887
    -1.7300     1.3627     1.1867     0.1536
    -1.5787     0.9323     1.1822     0.0031
    -1.3919     0.4563     1.0572    -0.1756
    -1.0806    -0.0011     0.8786    -0.4107
    -0.7604    -0.4673     0.6108    -0.6081
    -0.3691    -0.7597     0.3876    -0.7491
     0.0665    -1.0976     0.1823    -0.8994
     0.5554    -1.2071     0.0484    -0.8994
     1.1686    -1.2893     0.0127    -0.8900
     1.7017    -1.3258    -0.0587    -0.8525
     2.1902    -1.1797    -0.1122    -0.8243
     2.5011    -1.0702    -0.2283    -0.6645
     2.5899    -0.8693    -0.3086    -0.5329
     2.3412    -0.5861    -0.3710    -0.3824
     1.9859    -0.2753    -0.4960    -0.2132
     1.4174     0.0721    -0.4246     0.0031
     0.9464     0.3008    -0.4067     0.2100
     0.4043     0.6119    -0.2997     0.4263
    -0.0935     0.9048    -0.2372     0.6239
    -0.4670     1.1154    -0.1212     0.7462
    -0.7960     1.3444     0.0573     0.7933
    -1.2051     1.5368     0.0752     0.9156
    -1.4097     1.6468     0.1020     0.9344
    -1.6232     1.5918     0.0395     0.9721
    -1.7033     1.4543    -0.0587     0.8779
    -1.7122     1.2162    -0.1747     0.7933
    -1.7211     0.9872    -0.3086     0.7086
    -1.6588     0.5570    -0.3621     0.5580
    -1.6588     0.1636    -0.3755     0.3511
    -1.4186    -0.1474    -0.3889     0.0877
    -1.0539    -0.5769    -0.3175    -0.0816
    -0.6715    -0.8967    -0.2372    -0.3448
    -0.2269    -1.1889    -0.1569    -0.4483
     0.3510    -1.4536    -0.1122    -0.6175
     1.0709    -1.6817    -0.0319    -0.7021
     1.6750    -1.7000    -0.0408    -0.7773
     2.2702    -1.7182    -0.0408    -0.7773
     2.5988    -1.5448     0.0038    -0.6927
     2.6076    -1.2710     0.0663    -0.5235
     2.6165    -0.9697     0.1377    -0.3918
     2.4211    -0.6500     0.3073    -0.1850
     2.0481    -0.3210     0.4501     0.0501
     1.4796     0.0447     0.6643     0.2758
     0.8487     0.5936     0.9233     0.6145
     0.3154     1.1429     1.7450     0.9250
    -0.2358     1.5735     2.4240     1.2921
    -0.7248     2.1418     2.5849     1.5368
    -1.0450     2.4262     2.5491     1.7345
    -1.3119     2.5546     2.0576     1.7251
    -1.4097     2.5363     1.4591     1.4521
    -1.6232     2.1969     0.9679     1.1603
    -1.6677     1.7659     0.3608     0.6239
    -1.5876     1.3627    -0.1033     0.1724
    -1.4809     0.9872    -0.5406    -0.2226
    -1.3652     0.5753    -0.8707    -0.6363
    -1.2318     0.2733    -1.1740    -0.8900
    -1.1429    -0.0559    -1.3524    -1.0028
    -0.9561    -0.4216    -1.6377    -1.0686
    -0.7337    -0.7140    -1.7715    -1.0968
    -0.4136    -1.0702    -1.9141    -1.1062
     0.0132    -1.3623    -1.9320    -1.1156
     0.5021    -1.6361    -1.7982    -1.0498
     1.0531    -1.8185    -1.6377    -1.0498
     1.5151    -1.8277    -1.4683    -0.9182
     1.9948    -1.7182    -1.1829    -0.8149
     2.3057    -1.4901    -0.8618    -0.5799
     2.3856    -1.2619    -0.3532    -0.2414
     2.3412    -0.9423     0.1912     0.2100
     2.2169    -0.7414     0.7626     0.6992
     1.9149    -0.4399     1.5663     1.1038
     1.5773    -0.0834     2.0755     1.4333
     1.1419     0.1636     2.4687     1.6404
     0.6887     0.6302     2.6295     1.6780
     0.1376     1.0147     2.6742     1.5933
    -0.2980     1.4635     2.4240     1.4050
    -0.7782     1.7018     1.9862     1.1885
    -1.0717     1.9676     1.4502     0.9250
    -1.3830     2.1143     0.8965     0.6521
    -1.6054     2.2244     0.4054     0.3417
    -1.7211     2.1602     0.1287     0.0595
    -1.7122     1.9218    -0.2015    -0.1850
    -1.7033     1.4910    -0.4513    -0.3824
    -1.5520     0.9506    -0.5673    -0.5047
    -1.4364     0.4838    -0.6566    -0.6175
    -1.1695    -0.0742    -0.7190    -0.6927
    -0.8049    -0.5769    -0.8528    -0.8619
    -0.4581    -0.9241    -0.9242    -0.9464
    -0.1024    -1.1889    -0.9420    -1.0498
     0.3332    -1.3897    -0.9376    -1.0216
     0.8220    -1.4627    -0.9331    -0.9088
     1.2575    -1.4627    -0.8350    -0.8619
     1.7816    -1.2893    -0.6476    -0.7115
     2.1991    -1.2710    -0.3532    -0.4765
     2.4833    -1.1889    -0.1658    -0.2790
     2.3590    -0.9332     0.0752    -0.0628
     2.0570    -0.6409     0.3608     0.1536
     1.7728    -0.2388     0.5929     0.3229
     1.3641     0.2825     0.8518     0.6333
     0.8665     0.6942     1.1287     0.8121
     0.4310     1.0971     1.3609     1.1132
    -0.0313     1.4177     1.5038     1.3109
    -0.3780     1.5460     1.4993     1.4427
    -0.7604     1.6743     1.4948     1.4615
    -1.0005     1.8118     1.3877     1.3485
    -1.1695     1.8301     1.2180     1.1979
    -1.4186     1.8301     1.0751     0.9721
    -1.4987     1.7751     0.8251     0.6709
    -1.5876     1.5735     0.5483     0.4357
    -1.5876     1.2894     0.2626     0.1912
    -1.5343     0.9048    -0.0051    -0.0251
    -1.4631     0.3740    -0.2907    -0.2414
    -1.3474    -0.1382    -0.5495    -0.5423
    -1.1340    -0.6774    -0.8796    -0.8055
    -0.9116    -1.0793    -1.1026    -1.0404
    -0.5648    -1.3988    -1.3345    -1.2377
    -0.1202    -1.6635    -1.5040    -1.2753
     0.4843    -1.8550    -1.5664    -1.2753
     1.0442    -1.8778    -1.6021    -1.1532
     1.6484    -1.9006    -1.4237    -1.0122
     1.9593    -1.7821    -1.2186    -0.8619
     2.2346    -1.6635    -1.0312    -0.6645
     2.2302    -1.4718    -0.7101    -0.4295
     2.2258    -1.1797    -0.3264    -0.1568
     2.0037    -0.8510     0.1734     0.0877
     1.6750    -0.3942     0.7715     0.4357
     1.3019     0.0721     1.6020     0.8027
     0.8131     0.5936     2.3614     1.0756
     0.3865     1.0788     2.9692     1.3109
     0.0132     1.5918     3.3983     1.3956
    -0.4136     2.1785     3.4609     1.4709
    -0.7515     2.6739     3.2374     1.4427
    -1.0094     2.8942     2.4061     1.3391
    -1.3119     2.8208     1.7092     1.2073
    -1.5965     2.4996     1.0840     1.0379
    -1.7033     2.0226     0.4501     0.7556
    -1.7033     1.5735    -0.0765     0.4922
    -1.5876     1.1337    -0.5673     0.1159
    -1.4453     0.6393    -1.0223    -0.2038
    -1.3030     0.1544    -1.4237    -0.5235
    -1.0717    -0.3576    -1.7804    -0.8337
    -0.7960    -0.7140    -1.8785    -1.1062
    -0.4225    -1.0337    -1.9766    -1.3223
    -0.0046    -1.2071    -1.9766    -1.4163
     0.7243    -1.4718    -1.9766    -1.4444
     1.3019    -1.6726    -1.8161    -1.3881
     1.8793    -1.7091    -1.4772    -1.2283
     2.3146    -1.6635    -1.1740    -0.9934
     2.5188    -1.6087    -0.9331    -0.6269
     2.5100    -1.4445    -0.7279    -0.1098
     2.2879    -1.3623    -0.3800     0.3605
     1.9415    -1.2802     0.0038     0.8215
     1.5862    -1.0063     0.4054     1.3203
     1.2219    -0.6135     0.8161     1.8852
     0.7687    -0.0559     1.2001     2.1395
     0.3421     0.4563     1.5127     2.2902
    -0.1202     0.9689     1.7360     2.2713
    -0.3869     1.4727     1.9504     2.0453
    -0.7248     1.8943     1.9326     1.6780
    -0.9561     2.2886     1.8790     1.3109
    -1.1695     2.4445     1.6556     0.8497
    -1.3919     2.3711     1.5216     0.3323
    -1.5432     2.1510     1.2358    -0.0910
    -1.6855     1.7934     0.9322    -0.6081
    -1.6766     1.4543     0.6911    -1.0122
    -1.6143     1.0513     0.4054    -1.3129
    -1.5609     0.5478     0.1377    -1.5196
    -1.3208     0.0721    -0.1033    -1.6699
    -1.0895    -0.3393    -0.3621    -1.8014
    -0.7871    -0.6592    -0.5138    -1.8390
    -0.3603    -0.8967    -0.7369    -1.7356
     0.2887    -1.1067    -0.9242    -1.4538
     0.9376    -1.2071    -0.9153    -1.1626
     1.5951    -1.3258    -0.9064    -0.7491
     2.2080    -1.3532    -0.8439    -0.4201
     2.6165    -1.3349    -0.7547    -0.1004
     2.6254    -1.3258    -0.6923     0.3040
     2.3323    -1.3167    -0.4603     0.7086
     1.9504    -1.3075    -0.1836     1.1226
     1.5240    -1.1341     0.0395     1.4992
     1.0264    -0.8327     0.3162     1.8758
     0.6443    -0.4399     0.4947     2.1960
     0.2799     0.0447     0.7090     2.4503
    -0.1469     0.4655     0.8340     2.4597
    -0.5381     0.9048     0.9501     2.2431
    -0.8049     1.3444     0.9635     1.9229
    -1.0984     1.7659     0.9769     1.5086
    -1.3208     2.1877     0.9054     1.0756
          3          3          3          3
