    4   2048 0.020000  2016   1  20  11  54
         16         10         11         42
    -1.5416    -0.0862    -0.0118     0.0233
    -1.6928     0.0327    -0.0832     0.0139
    -1.8263     0.0419    -0.1189     0.0610
    -1.8352     0.0419    -0.1279     0.1456
    -1.7640     0.1333    -0.1636     0.1644
    -1.6839     0.1699    -0.2528     0.1550
    -1.4437     0.1974    -0.2885     0.1644
    -1.1324     0.1516    -0.3242     0.2114
    -0.6966     0.1608    -0.3331     0.1926
    -0.3143     0.1516    -0.4134     0.2020
     0.2636     0.1791    -0.3777     0.1174
     0.7880     0.1882    -0.4224     0.1456
     1.3034     0.1150    -0.4580     0.1268
     1.7476     0.1333    -0.4580     0.0515
     1.9786     0.0510    -0.4313     0.0515
     1.9741     0.0602    -0.3956    -0.0237
     1.9697    -0.0039    -0.3688    -0.0613
     1.8009    -0.0953    -0.3331    -0.0707
     1.6677    -0.1228    -0.2528    -0.0895
     1.4011    -0.1319    -0.2350    -0.1648
     1.0457    -0.2325    -0.1903    -0.1836
     0.6725    -0.2691    -0.1457    -0.1930
     0.2281    -0.2965    -0.0922    -0.2306
    -0.1720    -0.3788    -0.0743    -0.2306
    -0.5810    -0.3970    -0.0297    -0.2964
    -0.9456    -0.4793    -0.0386    -0.3152
    -1.1769    -0.4976     0.0149    -0.3058
    -1.3726    -0.4702     0.0774    -0.3246
    -1.5416    -0.4565     0.0863    -0.2870
    -1.6394    -0.4427     0.0506    -0.2400
    -1.7106    -0.4519     0.1220    -0.2306
    -1.7373    -0.4702     0.1220    -0.1930
    -1.6572    -0.3148     0.1042    -0.1177
    -1.4081    -0.2782     0.1220    -0.0895
    -1.0790    -0.2051     0.0685    -0.0801
    -0.7322    -0.1685     0.0596    -0.0049
    -0.3143    -0.0587     0.0328     0.0515
     0.0858     0.0053     0.0506     0.1456
     0.6636     0.0602     0.0328     0.2114
     1.1523     0.1242    -0.0297     0.2397
     1.5877     0.1699    -0.0654     0.3808
     1.8986     0.2431    -0.0832     0.4090
     2.1029     0.3346    -0.0922     0.4278
     2.2361     0.3804    -0.1636     0.4842
     2.1562     0.4170    -0.1725     0.4560
     1.9519     0.4993    -0.1725     0.4466
     1.7654     0.5176    -0.2260     0.4654
     1.4367     0.4993    -0.2528     0.4937
     1.0990     0.4536    -0.2707     0.4560
     0.5925     0.4444    -0.2796     0.4842
     0.1125     0.3895    -0.2439     0.4184
    -0.3054     0.3895    -0.2260     0.3808
    -0.6344     0.2797    -0.2439     0.2961
    -0.9545     0.1974    -0.2171     0.1926
    -1.2302     0.1791    -0.1636     0.1174
    -1.4081     0.0327    -0.1368     0.0139
    -1.4704    -0.0587    -0.1279    -0.1271
    -1.6305    -0.0953    -0.0386    -0.1742
    -1.6394    -0.2051    -0.0475    -0.2494
    -1.6661    -0.2508     0.0417    -0.3340
    -1.4793    -0.3605     0.0596    -0.4092
    -1.3014    -0.4976     0.1310    -0.4844
    -0.9189    -0.5433     0.1756    -0.5126
    -0.5721    -0.5524     0.2202    -0.5126
    -0.2165    -0.5616     0.2559    -0.5408
     0.3169    -0.5707     0.3006    -0.5126
     0.9035    -0.5981     0.3095    -0.4186
     1.4100    -0.5250     0.3184    -0.3340
     1.8276    -0.4702     0.2916    -0.2494
     2.1562    -0.3696     0.2916    -0.1459
     2.3427    -0.2233     0.3363     0.0421
     2.3249    -0.1502     0.3095     0.2303
     2.1473     0.0053     0.2916     0.4278
     1.9253     0.1150     0.2916     0.4937
     1.6410     0.2980     0.3363     0.5783
     1.3123     0.5359     0.2827     0.7665
     0.8236     0.6824     0.3184     1.0018
     0.3525     0.7831     0.2827     1.3406
    -0.1187     0.7923     0.3184     1.5948
    -0.5277     0.8655     0.3006     1.8867
    -0.8923     1.1403     0.2292     1.9056
    -1.1769     1.2960     0.2292     1.7737
    -1.3370     1.3052     0.1756     1.4348
    -1.5327     1.3143     0.1220     0.8888
    -1.6661     1.2777     0.0328     0.3055
    -1.7195     0.9937     0.0149    -0.2118
    -1.7551     0.3804    -0.0475    -0.7007
    -1.6483    -0.0953    -0.0654    -1.0578
    -1.4971    -0.5616    -0.1011    -1.3491
    -1.2125    -0.8996    -0.1189    -1.4994
    -0.8923    -1.0640    -0.1903    -1.6779
    -0.4921    -1.3106    -0.2171    -1.7155
     0.0236    -1.4384    -0.1814    -1.7812
     0.5303    -1.4749    -0.2171    -1.6591
     1.0102    -1.5205    -0.1993    -1.4618
     1.4456    -1.5479    -0.1546    -1.2645
     1.6943    -1.4658    -0.1546    -0.8886
     1.9608    -1.2923    -0.0743    -0.4374
     2.0319    -1.0640    -0.0565     0.0892
     2.0230    -0.7991     0.0060     0.5313
     1.8453    -0.4702     0.0149     1.0300
     1.7032    -0.0039     0.0774     1.4724
     1.4811     0.4719     0.1310     1.7643
     1.0990     1.0578     0.1310     1.8302
     0.6902     1.3327     0.1934     1.9150
     0.2547     1.3418     0.2292     1.9338
    -0.1809     1.5434     0.2470     1.8773
    -0.6077     1.5526     0.2470     1.7549
    -0.9100     1.5618     0.2916     1.4818
    -1.1947     1.6076     0.2916     0.9830
    -1.3993     1.4609     0.2916     0.4842
    -1.6217     1.1128     0.2470     0.1268
    -1.7195     0.6732     0.2916    -0.2682
    -1.8530     0.2248     0.2649    -0.5784
    -1.8441    -0.0862     0.2024    -0.7947
    -1.7017    -0.3696     0.1667    -1.0014
    -1.5772    -0.6255     0.1756    -1.0766
    -1.3014    -0.7169     0.0863    -1.2082
    -0.9100    -0.8631     0.0685    -1.2645
    -0.4210    -0.9910    -0.0297    -1.3209
     0.1125    -1.1097    -0.0743    -1.3115
     0.6458    -1.2467    -0.1368    -1.2551
     1.0635    -1.2193    -0.1457    -1.1236
     1.5166    -1.1828    -0.1993    -0.8698
     1.8453    -1.1188    -0.2796    -0.6913
     2.0319    -1.0823    -0.3153    -0.4656
     1.9874    -0.8905    -0.3331    -0.2588
     1.9253    -0.7626    -0.4045    -0.0049
     1.7476    -0.5341    -0.3956     0.2208
     1.6677    -0.2325    -0.4134     0.5313
     1.3478     0.0693    -0.3956     0.8324
     1.0102     0.4078    -0.4134     1.1147
     0.5392     0.6824    -0.3867     1.2841
    -0.0297     1.0029    -0.3064     1.4630
    -0.4476     1.2960    -0.2796     1.4818
    -0.8567     1.4426    -0.2260     1.4348
    -1.1502     1.5526    -0.1903     1.3406
    -1.4259     1.5159    -0.0743     1.1806
    -1.5683     1.5526    -0.0386     0.9547
    -1.6483     1.4609    -0.0208     0.6630
    -1.8174     1.3327     0.0774     0.3149
    -1.8530     1.0395     0.1042     0.0421
    -1.7818     0.6732     0.1756    -0.2400
    -1.6483     0.2523     0.2292    -0.5973
    -1.3726    -0.1502     0.2470    -0.8322
    -0.9901    -0.4519     0.2649    -1.0578
    -0.6344    -0.7443     0.2827    -1.2270
    -0.2076    -0.9727     0.2916    -1.3209
     0.2814    -1.1462     0.3006    -1.3115
     0.7258    -1.2923     0.3095    -1.2551
     1.1701    -1.3928     0.2738    -1.1142
     1.4544    -1.3973     0.2916    -0.9826
     1.7298    -1.4019     0.2916    -0.7477
     1.9075    -1.3106     0.2738    -0.3622
     1.8986    -1.1645     0.2738    -0.0143
     1.8453    -1.0001     0.2113     0.3337
     1.7565    -0.7535     0.1399     0.7006
     1.4989    -0.3239     0.1399     1.1053
     1.2145     0.2248     0.0506     1.4818
     0.7969     0.7190    -0.0029     1.8302
     0.3169     1.2502    -0.0565     1.9527
    -0.1364     1.5892    -0.0654     1.9903
    -0.5721     1.6351    -0.0922     2.0374
    -0.8567     1.7267    -0.1636     2.0374
    -1.1324     1.9009    -0.1993     1.9997
    -1.3281     1.8826    -0.1903     1.8208
    -1.5505     1.8551    -0.1903     1.2747
    -1.7017     1.8001    -0.2350     0.6818
    -1.8352     1.5526    -0.1903     0.1832
    -1.7907     1.0120    -0.2082    -0.2964
    -1.7640     0.4536    -0.1993    -0.7759
    -1.6305    -0.0130    -0.1546    -1.0578
    -1.3548    -0.4062    -0.1457    -1.2551
    -1.0079    -0.6529    -0.0743    -1.4243
    -0.7055    -0.9088    -0.0386    -1.5464
    -0.1987    -1.1554    -0.0029    -1.5370
     0.3792    -1.3928     0.0685    -1.5276
     0.9391    -1.4293     0.1220    -1.3303
     1.3922    -1.4658     0.1756    -1.1142
     1.7298    -1.4293     0.1845    -0.8041
     2.0407    -1.3380     0.2292    -0.4280
     2.0940    -1.2467     0.2738    -0.0049
     1.9874    -1.0732     0.2559     0.4560
     1.8720    -0.8722     0.2916     1.0112
     1.6321    -0.5067     0.2827     1.5195
     1.4100    -0.0953     0.2738     1.9150
     1.0724     0.3438     0.3095     2.0657
     0.6458     0.6916     0.2738     2.2070
     0.2369     1.1952     0.3095     2.3106
    -0.2520     1.6259     0.2649     2.3294
    -0.6788     1.8734     0.2113     2.3012
    -0.9901     1.8551     0.1934     2.1222
    -1.2658     1.9009     0.1488     1.5948
    -1.3993     1.8459     0.1310     0.8888
    -1.5683     1.8918     0.0774     0.3431
    -1.7017     1.6809     0.0417    -0.0519
    -1.7907     1.2319    -0.0208    -0.4750
    -1.7462     0.7099    -0.0475    -0.7947
    -1.6661     0.1791    -0.1279    -1.0484
    -1.4348    -0.2325    -0.1457    -1.1330
    -1.1324    -0.5981    -0.1546    -1.2364
    -0.7589    -0.8357    -0.1903    -1.4243
    -0.3320    -1.0001    -0.2082    -1.5370
     0.1747    -1.2102    -0.2796    -1.5840
     0.7347    -1.3471    -0.2439    -1.4337
     1.1790    -1.4019    -0.2707    -1.2739
     1.6144    -1.4019    -0.2439    -1.0672
     1.8986    -1.3562    -0.2528    -0.7759
     2.0407    -1.2284    -0.1903    -0.4938
     2.0230    -0.9818    -0.1903    -0.1648
     2.0052    -0.7900    -0.1457     0.1456
     1.9075    -0.5341    -0.0922     0.5031
     1.6410    -0.2325    -0.0475     0.9924
     1.3656     0.0327    -0.0297     1.2936
     0.9746     0.2889     0.0506     1.5948
     0.5658     0.6000     0.1042     1.8396
     0.1036     0.9754     0.1488     1.9056
    -0.3054     1.1586     0.1934     1.9056
    -0.6255     1.3510     0.1934     1.7643
    -0.9367     1.4518     0.2381     1.4536
    -1.1858     1.4060     0.2559     1.1994
    -1.3192     1.2502     0.2381     0.8700
    -1.4526     1.0212     0.2381     0.4372
    -1.6394     0.7190     0.2738     0.0515
    -1.6572     0.4536     0.2559    -0.2306
    -1.5950     0.0602     0.2113    -0.5784
    -1.5060    -0.1959     0.2024    -0.8416
    -1.3548    -0.5341     0.1934    -1.0578
    -1.0346    -0.7535     0.1845    -1.2270
    -0.6699    -1.0092     0.1667    -1.3961
    -0.2787    -1.2102     0.0953    -1.4806
     0.2103    -1.3380     0.0685    -1.4994
     0.7258    -1.3380     0.0506    -1.4055
     1.1879    -1.3562     0.0149    -1.2833
     1.6410    -1.2375    -0.0386    -1.0954
     1.9519    -1.1097    -0.0297    -0.9074
     2.1118    -0.9727    -0.0922    -0.6067
     2.0851    -0.7900    -0.0832    -0.2494
     2.0585    -0.4793    -0.1457     0.0986
     1.8364    -0.1410    -0.1546     0.5877
     1.5699     0.2706    -0.1546     1.0206
     1.2856     0.6916    -0.1189     1.4724
     0.8147     1.1952    -0.0832     2.0939
     0.3169     1.7726    -0.1100     2.2635
    -0.1275     1.8276    -0.0654     2.3294
    -0.4565     2.2403    -0.0029     2.3012
    -0.8389     2.3229     0.0060     2.2729
    -1.0701     2.2953     0.0506     1.8208
    -1.2747     1.7267     0.1042     1.1618
    -1.5238     1.0029     0.1042     0.5031
    -1.6217     0.3804     0.1845    -0.1365
    -1.7195    -0.2691     0.1934    -0.6161
    -1.7106    -0.7809     0.2024    -0.9732
    -1.7017    -1.2010     0.2470    -1.3209
    -1.5238    -1.4384     0.2827    -1.5276
    -1.2836    -1.6757     0.2649    -1.6967
    -0.9189    -1.8490     0.2649    -1.7343
    -0.4832    -1.9494     0.3095    -1.7624
    -0.0031    -1.9038     0.3184    -1.7437
     0.5658    -1.8217     0.2738    -1.5840
     1.0635    -1.6848     0.2916    -1.3679
     1.4278    -1.4019     0.2916    -1.0954
     1.7743    -1.1371     0.2202    -0.6725
     1.9430    -0.7352     0.2381    -0.1836
     2.0407    -0.2599     0.1667     0.5125
     1.9874     0.2157     0.1310     1.0582
     1.8631     0.8289     0.1310     1.6890
     1.6499     1.2777     0.0506     2.2164
     1.3656     1.7818     0.0060     2.3294
     0.9569     2.1577    -0.0029     2.4519
     0.5569     2.2586    -0.0565     2.5461
     0.0858     2.2678    -0.1279     2.4990
    -0.3320     2.2586    -0.1636     2.4142
    -0.7233     2.2495    -0.1725     1.9903
    -1.0168     2.0752    -0.2082     1.3500
    -1.3014     1.6901    -0.2082     0.7006
    -1.4259     1.2685    -0.2260     0.2491
    -1.5416     0.7648    -0.2439    -0.2118
    -1.7017     0.1699    -0.1814    -0.6349
    -1.7106    -0.2508    -0.1636    -0.9732
    -1.6661    -0.6438    -0.1457    -1.2364
    -1.5060    -0.7809    -0.1546    -1.4243
    -1.3281    -1.0184    -0.0565    -1.5182
    -0.9278    -1.3380    -0.0386    -1.6216
    -0.5899    -1.5297    -0.0029    -1.6967
    -0.1364    -1.6209    -0.0029    -1.6826
     0.3792    -1.7487     0.0328    -1.6685
     0.8413    -1.7031     0.0417    -1.4525
     1.3123    -1.5479     0.1399    -1.2364
     1.6943    -1.4932     0.1667    -0.9074
     1.9874    -1.2558     0.1310    -0.5314
     2.1651    -1.0823     0.1131    -0.2024
     2.1518    -0.7717     0.1399     0.1738
     2.1384    -0.3788     0.1934     0.6630
     1.9075     0.0053     0.1488     1.1524
     1.6410     0.4078     0.1220     1.6984
     1.3034     0.7465     0.1220     2.1128
     0.8680     1.1403     0.0596     2.3388
     0.4058     1.5343     0.0506     2.3954
    -0.1542     1.8918     0.0149     2.4142
    -0.5721     2.1119    -0.0386     2.2917
    -0.8834     2.2403    -0.0743     1.9338
    -1.1235     2.1944    -0.1279     1.5195
    -1.3548     2.0110    -0.1725     1.0206
    -1.4437     1.7267    -0.2082     0.5501
    -1.4793     1.3510    -0.2171     0.1268
    -1.5238     0.9113    -0.2260    -0.2212
    -1.5683     0.3621    -0.3064    -0.5973
    -1.4437    -0.1502    -0.3153    -0.8980
    -1.2125    -0.5524    -0.3510    -1.0860
    -0.9278    -0.8631    -0.3242    -1.3397
    -0.5543    -1.0823    -0.3242    -1.5746
    -0.1987    -1.3836    -0.3331    -1.6403
     0.2814    -1.6118    -0.2528    -1.6779
     0.7169    -1.6757    -0.2528    -1.5934
     1.1523    -1.6939    -0.2439    -1.5182
     1.4811    -1.7122    -0.1903    -1.3961
     1.8276    -1.5297    -0.1636    -1.2176
     2.0141    -1.4475    -0.0922    -0.8792
     2.1828    -1.3380    -0.0743    -0.5784
     2.1740    -1.1097    -0.0118    -0.2118
     1.9430    -0.8448     0.0417     0.1362
     1.7565    -0.3422     0.0596     0.5689
     1.5166     0.1333     0.1310     0.9641
     1.1790     0.5359     0.1399     1.3877
     0.6636     0.9571     0.1845     1.7361
     0.2458     1.2685     0.1845     1.9809
    -0.1720     1.6351     0.1934     1.9997
    -0.5543     1.8368     0.2202     2.0186
    -0.9278     2.0752     0.2470     1.8961
    -1.1413     2.0844     0.2113     1.6137
    -1.3726     1.9835     0.2292     1.3030
    -1.4704     1.7542     0.1934     0.9547
    -1.6572     1.4518     0.1934     0.6066
    -1.7195     1.1403     0.1310     0.2867
    -1.6928     0.7373     0.1310    -0.0707
    -1.6305     0.2340     0.0863    -0.3998
    -1.3459    -0.1410     0.0239    -0.6725
    -1.0701    -0.4519    -0.0118    -0.9356
    -0.7233    -0.7535    -0.0386    -1.1612
    -0.3320    -1.0732    -0.0654    -1.2457
     0.1303    -1.2284    -0.0832    -1.3303
     0.5747    -1.3836    -0.0832    -1.3303
     1.0457    -1.4293    -0.1368    -1.3303
     1.4100    -1.4749    -0.1368    -1.2364
     1.7831    -1.3745    -0.1636    -1.1142
     2.0141    -1.2375    -0.1636    -0.9074
     1.9963    -1.2010    -0.1100    -0.6161
     1.8986    -1.0275    -0.1189    -0.3246
     1.7476    -0.8174    -0.0743    -0.0613
     1.4633    -0.5341    -0.0208     0.2867
     1.1346    -0.1685    -0.0386     0.6818
     0.7791     0.1882     0.0506     1.0959
     0.2725     0.5085     0.0685     1.4254
    -0.1720     0.9021     0.1310     1.7078
    -0.6433     1.2044     0.1399     1.8679
    -0.9278     1.3876     0.2202     1.8867
    -1.2658     1.5618     0.2292     1.9056
    -1.4615     1.6626     0.2738     1.6984
    -1.5683     1.6717     0.3184     1.4818
    -1.7640     1.5343     0.2916     1.1430
    -1.8263     1.3785     0.3363     0.7477
    -1.8085     1.1769     0.3095     0.3902
    -1.7907     0.9388     0.3363     0.0139
    -1.6572     0.5451     0.3006    -0.3434
    -1.4526     0.1699     0.3006    -0.6255
    -1.0701    -0.0679     0.3095    -0.8980
    -0.6699    -0.4610     0.3006    -1.1518
    -0.2787    -0.7169     0.3184    -1.3491
     0.1925    -1.0092     0.2738    -1.4712
     0.6458    -1.1736     0.2559    -1.4712
     1.0901    -1.2832     0.2113    -1.4618
     1.4544    -1.3471     0.1310    -1.3961
     1.6765    -1.3562     0.1042    -1.2927
     1.8009    -1.2741     0.0506    -1.0578
     1.7743    -1.1828    -0.0208    -0.7101
     1.6677    -1.0549    -0.0297    -0.3434
     1.5522    -0.8631    -0.1100     0.0045
     1.3034    -0.6347    -0.1725     0.4560
     1.0013    -0.3696    -0.1903     0.9830
     0.6014     0.0602    -0.2350     1.5383
     0.1569     0.3895    -0.2171     2.2258
    -0.2698     0.7831    -0.2885     2.4519
    -0.6788     1.1677    -0.3064     2.5178
    -1.0257     1.4701    -0.2617     2.5178
    -1.2925     1.7726    -0.2260     2.3765
    -1.4882     1.9009    -0.2171     1.9715
    -1.5505     1.9193    -0.1903     1.3406
    -1.6750     1.7451    -0.1279     0.7195
    -1.8174     1.4243    -0.0743     0.1926
    -1.8085     1.0212    -0.0208    -0.2400
    -1.7195     0.6000     0.0149    -0.6725
    -1.4615     0.0784     0.0863    -1.0860
    -1.1858    -0.4336     0.1042    -1.3867
    -0.8211    -0.8996     0.1756    -1.5276
    -0.3676    -1.2102     0.2202    -1.5746
     0.0325    -1.4475     0.2649    -1.6967
     0.6547    -1.5936     0.2649    -1.7155
     1.1523    -1.7304     0.3006    -1.6122
     1.6499    -1.7122     0.3273    -1.4712
     2.0496    -1.6574     0.2916    -1.1612
     2.2184    -1.4658     0.3184    -0.8604
     2.2006    -1.2923     0.3006    -0.5126
     2.0851    -0.9544     0.2559    -0.0613
     1.8986    -0.5890     0.2559     0.4184
     1.6854    -0.1228     0.2113     0.9359
     1.4189     0.3529     0.1845     1.5572
     1.0546     0.9479     0.1131     2.0751
     0.5747     1.5343     0.1042     2.3765
     0.1036     2.0202     0.0328     2.5178
    -0.3143     2.3229    -0.0297     2.4896
    -0.6433     2.3596    -0.0743     2.3671
    -0.9901     2.3779    -0.1903     2.1033
    -1.1502     2.3596    -0.2350     1.5854
    -1.3370     1.9651    -0.2885     1.0300
    -1.3904     1.4518    -0.3153     0.5689
    -1.5772     0.9662    -0.3688     0.0798
    -1.5950     0.3529    -0.4134    -0.3152
    -1.4793    -0.2142    -0.3777    -0.6819
    -1.3459    -0.6621    -0.3777    -1.0484
    -1.0968    -1.1006    -0.3510    -1.2270
    -0.7500    -1.3654    -0.3242    -1.2927
    -0.3231    -1.5297    -0.2528    -1.3585
     0.1392    -1.7031    -0.1546    -1.4994
     0.6191    -1.6985    -0.1368    -1.5088
     1.1523    -1.6939    -0.0118    -1.4712
     1.5344    -1.6301     0.0149    -1.3491
     1.8720    -1.5023     0.1310    -1.0296
     2.1207    -1.2649     0.1934    -0.7477
     2.1651    -0.9727     0.2202    -0.4186
     2.1384    -0.5890     0.2916    -0.0613
     2.0230    -0.1502     0.2916     0.3996
     1.9075     0.2797     0.3452     0.8418
     1.6588     0.7923     0.3006     1.3595
     1.3389     1.2502     0.3273     1.8585
     0.9213     1.6717     0.3095     2.2917
     0.4681     2.1302     0.3541     2.4425
    -0.0120     2.3137     0.3452     2.4896
    -0.4743     2.3596     0.3006     2.4519
    -0.8389     2.3687     0.2916     2.3200
    -1.1057     2.3596     0.2559     1.8867
    -1.2747     2.3229     0.2202     1.3218
    -1.4526     1.9743     0.1577     0.7571
    -1.5594     1.3968     0.0417     0.1926
    -1.5861     0.8472    -0.0565    -0.2306
    -1.6394     0.2797    -0.1189    -0.7101
    -1.5505    -0.2965    -0.2260    -1.0766
    -1.3014    -0.6804    -0.3242    -1.3115
    -1.0079    -0.9453    -0.4134    -1.3773
    -0.6166    -1.2558    -0.4580    -1.4900
    -0.1453    -1.4840    -0.5294    -1.6779
     0.3081    -1.6574    -0.5205    -1.6873
     0.7969    -1.6666    -0.5384    -1.5840
     1.3034    -1.7031    -0.5740    -1.4337
     1.6765    -1.5844    -0.5294    -1.1612
     1.9075    -1.4932    -0.4491    -0.9074
     2.0407    -1.2102    -0.3777    -0.6631
     2.0674    -0.9910    -0.3153    -0.2118
     1.9786    -0.7169    -0.2082     0.2303
     1.8542    -0.2691    -0.1457     0.7101
     1.5877     0.0784    -0.0029     1.1712
     1.3123     0.4810     0.0596     1.6513
     0.9302     0.8472     0.1488     2.1410
     0.4503     1.2594     0.2202     2.3954
    -0.0297     1.5984     0.3006     2.5084
    -0.4387     1.9835     0.3452     2.4613
    -0.8122     2.1944     0.3006     2.4425
    -1.1413     2.3412     0.3184     2.1881
    -1.3726     2.2953     0.3184     1.7078
    -1.5060     2.2678     0.3184     1.1900
    -1.6039     2.0568     0.3452     0.6536
    -1.7106     1.7176     0.2738     0.1268
    -1.6928     1.3052     0.2381    -0.3246
    -1.6394     0.8106     0.1756    -0.7007
    -1.5060     0.3346     0.0685    -1.0484
    -1.1858    -0.0587     0.0149    -1.2739
    -0.8478    -0.4427    -0.0922    -1.5276
    -0.3854    -0.8448    -0.1546    -1.7437
     0.0503    -1.1645    -0.2439    -1.8658
     0.5036    -1.4293    -0.3331    -1.8282
     1.0279    -1.6574    -0.4045    -1.7812
     1.4011    -1.7852    -0.4848    -1.6685
     1.7298    -1.7669    -0.4580    -1.4712
     1.8631    -1.7487    -0.4402    -1.2833
     1.8897    -1.7304    -0.4313    -0.9450
     1.9253    -1.5936    -0.3331    -0.5126
     1.7743    -1.4019    -0.2528    -0.1459
     1.6854    -1.1280    -0.1279     0.2679
     1.3922    -0.7717    -0.0743     0.7759
     1.0813    -0.3239     0.0774     1.1994
     0.6547     0.1974     0.1488     1.6137
     0.2369     0.6824     0.2827     2.0751
    -0.2342     1.0945     0.3363     2.3294
    -0.6433     1.6167     0.3006     2.3483
    -0.9901     1.9560     0.3006     2.3106
    -1.2925     2.2586     0.3720     2.1222
    -1.5149     2.3687     0.3541     1.7172
    -1.5861     2.3412     0.3452     1.3124
    -1.7106     2.0844     0.3273     0.8512
    -1.8085     1.6626     0.3095     0.3243
    -1.8085     1.2960     0.3095    -0.1083
    -1.7373     0.7465     0.3452    -0.4562
    -1.5238     0.2431     0.2649    -0.8322
    -1.3103    -0.2782     0.2113    -1.1236
    -0.9189    -0.6804     0.0685    -1.4055
    -0.5365    -0.9179    -0.0208    -1.6216
     0.0236    -1.2741    -0.1100    -1.7812
     0.5836    -1.4293    -0.2171    -1.8376
     0.9924    -1.5936    -0.2707    -1.7812
     1.4722    -1.7031    -0.3867    -1.6591
     1.7298    -1.7031    -0.3331    -1.5370
     1.8364    -1.5844    -0.2707    -1.2927
     1.8276    -1.4201    -0.1725    -0.9638
     1.8009    -1.3288    -0.1279    -0.6443
     1.7387    -1.1554     0.0060    -0.2588
     1.5077    -0.9362     0.1756     0.2114
     1.2767    -0.5707     0.3006     0.6348
     0.8769    -0.1959     0.3363     1.0582
     0.3881     0.2431     0.3363     1.5289
    -0.0742     0.5817     0.4970     1.8961
    -0.4654     0.9388     0.6666     2.1316
    -0.8656     1.2319     0.7737     2.2635
    -1.1146     1.5159     0.8720     2.3106
    -1.3904     1.7359     0.8720     2.1316
    -1.5950     1.8368     0.8541     1.8302
    -1.6839     1.8184     0.8809     1.4724
    -1.8441     1.6167     0.8541     1.0959
    -1.8263     1.3876     0.7827     0.6630
    -1.8530     1.0945     0.4880     0.3149
    -1.7017     0.8014     0.2113    -0.1083
    -1.5238     0.3895    -0.0386    -0.4280
    -1.2125     0.0236    -0.2796    -0.7853
    -0.8478    -0.2691    -0.5384    -1.0296
    -0.3765    -0.6255    -0.7346    -1.2551
     0.1925    -0.8540    -0.8595    -1.3397
     0.7436    -1.0640    -0.9755    -1.3961
     1.2412    -1.2467    -1.0558    -1.3679
     1.6055    -1.3288    -1.0826    -1.3397
     1.7920    -1.3380    -0.9934    -1.3021
     1.8187    -1.3288    -0.8774    -1.0766
     1.7831    -1.1828    -0.7436    -0.7853
     1.7476    -1.1280    -0.5562    -0.4374
     1.6677    -0.9179    -0.3420    -0.0707
     1.4811    -0.6438    -0.0208     0.3431
     1.2145    -0.3788     0.3006     0.7665
     0.8324     0.1059     0.6755     1.2747
     0.4058     0.4444     0.8898     1.8114
    -0.0742     0.8380     0.9523     2.2258
    -0.4921     1.2319     1.1666     2.4707
    -0.8389     1.4976     1.2917     2.4896
    -1.1947     1.8826     1.3363     2.4613
    -1.3726     2.1027     1.3095     2.2635
    -1.5327     2.1073     1.2917     1.7455
    -1.6483     2.1119     1.2292     1.2088
    -1.7373     1.8093     0.8809     0.6912
    -1.6928     1.4793     0.5773     0.2114
    -1.5505     1.0853     0.3006    -0.2494
    -1.4081     0.6275     0.0953    -0.7007
    -1.1680     0.1608    -0.0922    -0.9920
    -0.7233    -0.3970    -0.3510    -1.1424
    -0.2520    -0.7626    -0.5384    -1.2739
     0.2369    -1.0732    -0.6811    -1.4149
     0.8058    -1.3562    -0.7793    -1.5088
     1.2856    -1.4658    -0.8239    -1.5370
     1.6410    -1.6209    -0.8417    -1.4337
     1.8809    -1.6209    -0.8149    -1.3209
     2.0052    -1.4658    -0.7436    -1.1048
     2.1118    -1.3745    -0.7079    -0.8416
     2.1473    -1.1097    -0.6365    -0.4374
     2.0496    -0.8905    -0.5205    -0.0049
     1.8542    -0.5616    -0.3688     0.4372
     1.6410    -0.2233    -0.2617     0.9547
     1.3034     0.2797    -0.1279     1.4818
     0.7702     0.7465     0.0239     2.0374
     0.3081     1.2410     0.0953     2.3483
    -0.2342     1.6259     0.2470     2.4707
    -0.6610     2.0935     0.3898     2.5178
    -1.0079     2.3320     0.4613     2.4048
    -1.2836     2.3137     0.5595     2.0939
    -1.4615     2.3596     0.6755     1.5289
    -1.5238     2.2036     0.7291     0.9547
    -1.5861     1.6992     0.7916     0.3996
    -1.5772     1.2960     0.7827    -0.0519
    -1.4882     0.8289     0.6934    -0.4656
    -1.3815     0.2523     0.5862    -0.9262
    -1.0524    -0.3422     0.5059    -1.2364
    -0.7055    -0.7809     0.3631    -1.4243
    -0.2253    -1.0823     0.2202    -1.5370
     0.2281    -1.2741     0.0774    -1.5652
     0.7436    -1.4840    -0.0565    -1.6122
     1.2412    -1.5844    -0.2082    -1.6309
     1.5699    -1.7213    -0.4045    -1.4149
     1.8897    -1.6392    -0.4848    -1.2082
     2.0496    -1.4932    -0.5562    -0.9732
     2.1740    -1.3380    -0.6008    -0.6631
     2.1518    -1.0366    -0.5562    -0.3152
     2.1296    -0.8357    -0.5562     0.0986
     2.0230    -0.4793    -0.4759     0.5501
     1.8009    -0.0587    -0.4045     1.0677
     1.4367     0.3895    -0.3153     1.5948
     0.9746     0.8930    -0.1100     2.1033
     0.4325     1.3968     0.0685     2.3200
    -0.0831     1.9651     0.2202     2.4707
    -0.5721     2.3137     0.3184     2.4707
    -0.9901     2.3412     0.3631     2.4330
    -1.2480     2.3687     0.4523     2.3012
    -1.5060     2.3779     0.4345     1.7455
    -1.6305     2.3687     0.3898     1.2183
    -1.6394     2.2220     0.3452     0.6442
    -1.6661     1.6901     0.1756     0.1550
    -1.5861     1.1403     0.0685    -0.2964
    -1.5060     0.5634    -0.1457    -0.7195
    -1.2569    -0.1045    -0.3867    -1.0484
    -0.8656    -0.5890    -0.5205    -1.2833
    -0.4387    -0.9544    -0.6900    -1.3961
    -0.0209    -1.3106    -0.7971    -1.5652
     0.4769    -1.5114    -0.8149    -1.6497
     0.9480    -1.7213    -0.8685    -1.7155
     1.3745    -1.8217    -0.8506    -1.5370
     1.6854    -1.8217    -0.7436    -1.4149
     1.8897    -1.7487    -0.5562    -1.2364
     2.1029    -1.5479    -0.3331    -1.0202
     2.1296    -1.2923    -0.1011    -0.7007
     2.1562    -1.0549     0.1577    -0.3810
     2.0141    -0.7809     0.3898     0.0515
     1.7565    -0.4519     0.8273     0.5595
     1.5077    -0.0496     1.1309     1.0206
     1.0102     0.3987     1.2470     1.4254
     0.4947     0.8655     1.3274     1.9527
    -0.0386     1.3693     1.2827     2.2635
    -0.5454     1.7359     1.2560     2.3765
    -0.9100     2.1027     1.0773     2.4142
    -1.3014     2.3137     0.8095     2.2541
    -1.4971     2.3779     0.4077     1.8491
    -1.6483     2.3596     0.0685     1.3689
    -1.7195     2.1669    -0.2082     0.8794
    -1.8085     1.8276    -0.4759     0.3714
    -1.8085     1.4976    -0.7168    -0.0707
    -1.6750     0.9662    -1.0023    -0.4186
    -1.5060     0.4810    -1.1450    -0.7853
    -1.2480    -0.0862    -1.2610    -1.1518
    -0.7855    -0.5616    -1.3145    -1.4243
    -0.3231    -0.8540    -1.3412    -1.6685
     0.1125    -1.2102    -1.2520    -1.8000
     0.5569    -1.4840    -1.0826    -1.8188
     1.0102    -1.7396    -0.9666    -1.7906
     1.3922    -1.9403    -0.6990    -1.6591
     1.6943    -1.9403    -0.4580    -1.6122
     1.8098    -1.9129    -0.1814    -1.3961
     1.9519    -1.7761     0.1577    -1.1518
     1.9697    -1.5571     0.5148    -0.8416
     1.8720    -1.3836     0.8809    -0.4938
     1.7476    -1.2284     1.2202    -0.1083
     1.5877    -0.8905     1.3274     0.4278
     1.2767    -0.5159     1.3274     0.9077
     0.7791     0.0602     1.3095     1.3595
     0.2547     0.5085     1.3095     1.8491
    -0.3231     0.9388     1.3363     2.2635
    -0.8656     1.3235     1.2202     2.4801
    -1.2480     1.6076     0.9612     2.5273
    -1.5238     1.9835     0.8095     2.4425
    -1.7462     2.1761     0.5773     2.2823
    -1.8352     2.1761     0.4077     1.7549
    -1.9241     2.1761     0.1756     1.2465
    -1.8886     1.9468     0.0328     0.7195
    -1.8619     1.5801    -0.1814     0.1738
    -1.6839     1.2502    -0.3599    -0.2870
    -1.4882     0.7373    -0.5562    -0.7101
    -1.1324     0.3072    -0.6900    -1.0484
    -0.7500    -0.1410    -0.8149    -1.3961
    -0.2342    -0.5616    -0.8685    -1.6685
     0.2458    -0.9088    -0.8863    -1.8282
     0.6902    -1.1736    -0.8908    -1.8752
     1.1168    -1.4110    -0.8952    -1.7906
     1.4367    -1.5662    -0.8417    -1.7249
     1.7387    -1.6118    -0.7079    -1.5370
     1.8897    -1.5662    -0.6008    -1.3209
     1.9874    -1.5571    -0.3956    -1.0766
     1.9874    -1.5479    -0.2171    -0.6819
     1.9164    -1.3745     0.0060    -0.2588
     1.7654    -1.2010     0.2470     0.1362
     1.4278    -0.8083     0.4434     0.7383
     1.0457    -0.4793     0.6487     1.1994
     0.5836     0.0510     0.8809     1.6984
     0.0414     0.5085     1.0684     2.2352
    -0.4921     0.9388     1.2202     2.3294
    -0.9545     1.3510     1.2649     2.4990
    -1.2125     1.7084     1.2738     2.5461
    -1.4437     2.1210     1.3095     2.5178
    -1.6928     2.3137     1.3274     2.4425
    -1.7551     2.3687     1.2738     1.9997
    -1.7907     2.3596     1.1756     1.4536
    -1.7907     2.2220     0.9791     0.9359
    -1.6928     1.9009     0.7023     0.3808
    -1.5327     1.3876     0.4434    -0.0425
    -1.2480     0.9205     0.1845    -0.5408
    -0.8122     0.3621    -0.1100    -0.8792
    -0.3854    -0.1959    -0.3331    -1.1988
     0.0947    -0.5707    -0.5473    -1.4525
     0.6280    -0.9088    -0.7525    -1.6591
     1.0901    -1.1736    -0.9666    -1.7624
     1.5610    -1.4019    -1.1093    -1.7437
     1.8720    -1.5844    -1.1628    -1.5934
     2.1296    -1.6574    -1.2164    -1.5088
     2.2894    -1.6848    -1.2610    -1.2833
     2.3338    -1.5205    -1.2788    -0.9920
     2.2095    -1.3836    -1.0826    -0.5973
     1.9697    -1.1919    -0.8952    -0.0989
     1.6321    -0.8814    -0.6365     0.3525
     1.1790    -0.5341    -0.3331     0.9265
     0.7169     0.0144    -0.0118     1.4442
     0.1569     0.4719     0.3273     1.9903
    -0.3409     1.0670     0.6041     2.3954
    -0.8300     1.4976     0.9523     2.5084
    -1.1769     1.8276     1.1934     2.5084
    -1.4081     2.1944     1.3006     2.5273
    -1.5861     2.3504     1.3006     2.5367
    -1.7195     2.4054     1.2917     2.3012
    -1.7462     2.2862     1.3185     1.7172
    -1.6750     2.1486     1.2738     1.1900
    -1.5149     1.7818     1.0863     0.5595
    -1.3459     1.4151     0.8541     0.0421
    -1.0968     0.8472     0.5773    -0.4750
    -0.8033     0.3712     0.3363    -0.8980
    -0.3054    -0.0953     0.2113    -1.1988
     0.0503    -0.4976     0.0060    -1.3491
     0.5214    -0.8266    -0.1368    -1.6028
     0.9657    -1.1462    -0.3064    -1.7343
     1.4456    -1.3015    -0.4134    -1.7343
     1.8364    -1.4658    -0.5384    -1.6779
     2.1118    -1.4749    -0.6633    -1.6216
     2.4049    -1.4932    -0.6811    -1.4243
     2.4093    -1.4293    -0.7614    -1.1612
     2.4138    -1.3288    -0.8149    -0.7383
     2.2361    -1.2467    -0.7793    -0.3058
     1.6943    -1.0275    -0.8060     0.1926
     1.1168    -0.7626    -0.7079     0.7289
     0.5036    -0.3788    -0.7079     1.2936
    -0.0475     0.1150    -0.6187     1.8020
    -0.5277     0.6000    -0.5294     2.3388
    -0.9367     1.0304    -0.3510     2.5178
    -1.2480     1.5618    -0.1993     2.4707
    -1.4615     2.0110     0.0060     2.5178
    -1.7017     2.3320     0.1667     2.4801
    -1.7151     2.3229     0.3988     2.1410
    -1.7284     2.3183     0.5952     1.6137
    -1.6661     2.3137     0.7469     1.0959
    -1.5861     2.0477     0.8809     0.5595
    -1.5238     1.5709     0.9612     0.0986
    -1.2480     1.0853     0.9702    -0.3716
    -0.8834     0.5634     0.9077    -0.8322
    -0.4654    -0.0222     0.7916    -1.1706
    -0.0386    -0.5707     0.6577    -1.2927
     0.3881    -0.9088     0.4791    -1.4431
     0.7880    -1.1736     0.2649    -1.6591
     1.2679    -1.3654     0.0149    -1.7624
     1.7210    -1.5205    -0.2528    -1.8188
     2.1384    -1.6757    -0.5473    -1.8000
     2.3072    -1.6666    -0.6900    -1.6309
     2.5292    -1.5297    -0.8685    -1.4431
     2.4937    -1.3836    -0.9488    -1.1424
     2.3694    -1.1919    -0.9666    -0.6631
     1.8809    -0.9910    -0.8952    -0.1930
     1.2945    -0.7078    -0.7971     0.3431
     0.6814    -0.4245    -0.6900     0.9830
     0.1569     0.0510    -0.4134     1.5195
    -0.3320     0.4444    -0.2082     2.2164
    -0.8389     0.8747     0.0417     2.4801
    -1.1769     1.2777     0.2649     2.4896
    -1.4437     1.5984     0.4434     2.5178
    -1.6661     2.0110     0.5505     2.3954
    -1.8174     2.1944     0.6577     2.0186
    -1.8708     2.2220     0.6934     1.4818
    -1.7551     2.2311     0.6755     1.0300
    -1.6661     1.9743     0.5862     0.5407
    -1.6128     1.6259     0.5059     0.0515
    -1.4526     1.2410     0.4077    -0.3810
    -1.2125     0.6916     0.2827    -0.7665
    -0.8567     0.1882     0.1220    -1.0954
    -0.4654    -0.3331    -0.0565    -1.2176
    -0.0297    -0.7991    -0.1814    -1.4149
     0.3436    -1.1006    -0.4134    -1.5370
     0.8058    -1.3654    -0.5116    -1.7061
     1.2767    -1.5936    -0.6365    -1.7155
     1.7654    -1.8308    -0.6722    -1.6122
     2.1029    -1.8855    -0.7882    -1.5558
     2.4049    -1.8308    -0.7882    -1.4525
     2.5470    -1.7487    -0.7882    -1.2645
     2.5026    -1.5479    -0.6900    -0.9450
     2.1917    -1.3380    -0.4848    -0.6161
     1.6410    -1.0458    -0.3153    -0.1930
     0.9835    -0.5981    -0.0297     0.2020
     0.3614    -0.1045     0.2024     0.7289
    -0.1542     0.2889     0.5148     1.1994
    -0.5277     0.7556     1.0327     1.6796
    -1.0168     1.1952     1.2738     2.0751
    -1.3192     1.5801     1.5150     2.3106
    -1.5505     1.9743     1.9170     2.3106
    -1.7462     2.2311     1.9259     2.1881
    -1.8085     2.3504     1.5507     1.8114
    -1.8352     2.3229     0.9970     1.4442
    -1.8352     2.2862     0.5862     1.0771
    -1.8085     1.9560     0.1220     0.5313
    -1.6128     1.4701    -0.3153     0.1362
    -1.3815     0.9937    -0.5294    -0.2588
    -1.1502     0.3529    -0.7257    -0.6443
    -0.7589    -0.2599    -0.8595    -0.9356
    -0.3143    -0.7900    -1.0023    -1.2364
     0.1392    -1.1006    -1.1004    -1.4806
     0.5303    -1.4658    -1.0915    -1.6779
     1.0901    -1.6848    -1.1182    -1.7624
     1.5699    -1.8582    -0.9755    -1.7531
     2.0141    -1.9950    -0.8239    -1.6779
     2.4049    -2.0132    -0.6900    -1.6028
     2.6624    -1.9129    -0.5116    -1.4994
     2.6890    -1.6848    -0.2350    -1.2645
     2.4138    -1.4658     0.0685    -0.9638
     1.8809    -1.2923     0.2649    -0.5314
     1.2856    -0.9179     0.5237    -0.1648
     0.6991    -0.5433     0.8898     0.3996
     0.2103    -0.0953     1.1666     0.8983
    -0.3143     0.3346     1.4614     1.4254
    -0.7233     0.8014     1.5686     2.0186
    -1.0790     1.2960     1.5686     2.3859
    -1.3726     1.7084     1.4078     2.4425
    -1.4971     2.1119     1.1934     2.4896
    -1.6661     2.3045     1.0238     2.4330
    -1.6661     2.3504     0.8184     2.2446
    -1.6928     2.3687     0.6309     1.7643
    -1.6394     2.2678     0.3541     1.2088
    -1.5149     2.0385     0.1845     0.6912
    -1.3726     1.5618    -0.0118     0.2114
    -1.0879     1.0212    -0.2350    -0.1742
    -0.7411     0.3346    -0.4134    -0.6349
    -0.2965    -0.2599    -0.5919    -0.9450
     0.0947    -0.7078    -0.6811    -1.3209
     0.5214    -1.0640    -0.8060    -1.6216
     1.1079    -1.3288    -0.8595    -1.7437
     1.6677    -1.5936    -0.9488    -1.7531
     2.1384    -1.6939    -0.9755    -1.7624
     2.6358    -1.6894    -0.9042    -1.6967
     2.8755    -1.6848    -0.8506    -1.5746
     2.8489    -1.6118    -0.8060    -1.3679
     2.6979    -1.4384    -0.6097    -1.0672
     2.1562    -1.3380    -0.4134    -0.6255
     1.5610    -1.1280    -0.2617    -0.1459
     0.9746    -0.8448    -0.0922     0.3431
     0.4058    -0.3788     0.1042     0.9359
    -0.1453     0.0602     0.3006     1.5477
    -0.6077     0.4810     0.5327     2.2258
    -0.9456     0.9388     0.7737     2.4519
    -1.2747     1.3143     0.9702     2.4990
    -1.4615     1.6626     1.2202     2.5649
    -1.6483     1.9835     1.3810     2.5178
    -1.7551     2.1486     1.6400     2.5178
    -1.7907     2.2586     1.5686     2.3388
    -1.7373     2.2495     1.3721     1.8679
    -1.7729     2.1853     1.1666     1.2371
    -1.6217     1.9376     0.8809     0.6818
    -1.4971     1.5984     0.6041     0.2208
    -1.1502     1.1036     0.2470    -0.3246
    -0.7411     0.6275    -0.0654    -0.7853
    -0.2876     0.0876    -0.3510    -1.0202
     0.1925    -0.2416    -0.6187    -1.2551
     0.6369    -0.6438    -0.8328    -1.5840
     1.2501    -0.9453    -1.0647    -1.7343
     1.8009    -1.1645    -1.1896    -1.8282
     2.3782    -1.4019    -1.2788    -1.8000
     2.7690    -1.5844    -1.3323    -1.6967
     2.8311    -1.6574    -1.3323    -1.5746
     2.6269    -1.6848    -1.2877    -1.3397
     2.1740    -1.5844    -1.1450    -1.0108
     1.6055    -1.4019    -0.9309    -0.5314
     0.9924    -1.2102    -0.6633    -0.0331
     0.4503    -0.9727    -0.3153     0.4937
    -0.0475    -0.5981     0.0060     1.1430
    -0.6166    -0.0862     0.3631     1.7078
    -1.0790     0.4993     0.7023     2.3012
    -1.3370     0.9571     0.9523     2.4801
    -1.5950     1.3876     1.1934     2.5367
    -1.7640     1.7818     1.3989     2.5178
    -1.9330     2.0202     1.4167     2.5084
    -2.0220     2.2220     1.2560     2.4519
    -1.9775     2.3045     1.1041     2.1033
    -1.9241     2.1669     0.9345     1.5477
    -1.8441     1.9835     0.7202     1.0018
    -1.6483     1.6534     0.4880     0.4372
    -1.3637     1.2960     0.3184    -0.0895
    -0.9278     0.7648     0.1845    -0.5596
    -0.4832     0.2157    -0.0475    -0.9638
    -0.0386    -0.1959    -0.1725    -1.2270
     0.4503    -0.6804    -0.3867    -1.5370
     1.0724    -0.9270    -0.5205    -1.8094
     1.6854    -1.1736    -0.6722    -1.9879
     2.2983    -1.3654    -0.7346    -2.0254
     2.6979    -1.4749    -0.8328    -2.0160
     2.8045    -1.5205    -0.8239    -1.8470
     2.7690    -1.4567    -0.8149    -1.6122
     2.4937    -1.4019    -0.7436    -1.3303
     1.9963    -1.2467    -0.7257    -0.8228
     1.3834    -1.1188    -0.6722    -0.2588
     0.9302    -0.9179    -0.5027     0.2961
     0.3081    -0.6529    -0.4134     0.8512
    -0.2253    -0.2965    -0.1993     1.4913
    -0.6966     0.0967     0.0060     2.1222
    -1.1680     0.5451     0.1310     2.4519
    -1.3726     0.9021     0.3273     2.5273
    -1.6394     1.2502     0.4702     2.5649
    -1.7284     1.5251     0.6666     2.5084
    -1.8886     1.7909     0.7202     2.4707
    -1.9419     1.9560     0.8005     2.1787
    -1.8441     1.9193     0.8005     1.6137
    -1.8174     1.6626     0.8005     1.0018
    -1.6750     1.4334     0.7380     0.4184
    -1.3726     1.0120     0.6755    -0.0801
    -1.0435     0.6641     0.6220    -0.6349
    -0.6077     0.1425     0.5148    -1.0672
    -0.1187    -0.3056     0.3541    -1.3491
     0.4147    -0.6712     0.2113    -1.5088
     0.8946    -0.9544     0.0596    -1.6685
     1.5344    -1.1280    -0.1189    -1.8470
     2.1029    -1.2832    -0.3420    -1.9785
     2.6446    -1.4749    -0.5116    -1.9033
     2.8489    -1.5571    -0.6008    -1.7812
     2.8755    -1.5297    -0.7257    -1.6028
     2.7956    -1.4293    -0.7257    -1.3679
     2.4848    -1.3654    -0.7391    -0.8980
     1.9430    -1.2558    -0.7525    -0.4280
     1.4456    -1.0640    -0.7168     0.0233
     0.8680    -0.8814    -0.5740     0.5877
     0.2547    -0.4884    -0.3956     1.1430
    -0.3765    -0.1502    -0.1903     1.5760
    -0.9012     0.2980    -0.0208     2.0468
    -1.3281     0.7007     0.2381     2.3388
    -1.5416     1.0578     0.4077     2.4613
    -1.6839     1.4609     0.6041     2.4236
    -1.8441     1.7267     0.8809     2.2635
    -1.9508     1.9285     1.0148     1.8961
    -1.9686     1.8368     1.0684     1.4254
    -1.9508     1.6167     1.0773     1.0112
    -1.7551     1.3693     0.9166     0.5031
    -1.6305     0.8838     0.8184     0.0139
    -1.3014     0.4719     0.6220    -0.3716
    -0.9812     0.1059     0.5237    -0.7759
    -0.4654    -0.2233     0.2559    -1.0766
    -0.0297    -0.5890     0.1042    -1.1518
     0.4503    -0.8722    -0.1100    -1.3209
     0.9746    -1.0732    -0.3242    -1.4994
     1.5699    -1.3015    -0.5651    -1.6122
     2.1029    -1.4201    -0.6811    -1.6403
     2.5914    -1.5479    -0.8239    -1.5840
     2.7423    -1.5753    -0.8952    -1.5182
     2.7956    -1.4201    -0.8774    -1.3679
     2.7068    -1.2923    -0.8506    -1.1518
     2.3694    -1.2193    -0.7257    -0.7383
     1.8098    -1.0549    -0.6276    -0.3152
     1.2145    -0.8722    -0.4134     0.1926
     0.7258    -0.5341    -0.1279     0.7195
     0.1214    -0.1045     0.2024     1.2277
    -0.4921     0.2706     0.5684     1.7361
    -0.9901     0.7373     0.9166     2.2164
    -1.3637     1.2044     1.4346     2.4707
    -1.5149     1.6259     1.7651     2.4707
    -1.7640     2.0110     1.8812     2.4425
    -1.9153     2.1302     1.8634     2.2352
    -2.0220     2.1027     1.7204     1.8302
    -2.0309     2.0110     1.4167     1.2747
    -1.9775     1.6717     1.0952     0.8230
    -1.7996     1.3418     0.7291     0.3243
    -1.5416     0.8289     0.3631    -0.0707
    -1.2302     0.3895    -0.0565    -0.4562
    -0.8033    -0.0222    -0.3242    -0.7947
    -0.3320    -0.4062    -0.6008    -1.0578
     0.2103    -0.7809    -0.8149    -1.3397
     0.6991    -0.9453    -1.0647    -1.5276
     1.1612    -1.0914    -1.2253    -1.6309
     1.7743    -1.2375    -1.3056    -1.6873
     2.2539    -1.3562    -1.2699    -1.5182
     2.5292    -1.4110    -1.2342    -1.3867
     2.6979    -1.4293    -1.0023    -1.2364
     2.7601    -1.3288    -0.8417    -0.9732
     2.6358    -1.2558    -0.6454    -0.6255
     2.2805    -1.0366    -0.3510    -0.2588
     1.6588    -0.8814    -0.0475     0.2020
     1.1346    -0.5981     0.2738     0.6442
     0.5214    -0.2325     0.5595     1.1241
    -0.0564     0.1608     0.8630     1.5854
    -0.5632     0.5726     1.1756     2.0186
    -1.0257     0.9754     1.5060     2.2635
    -1.3192     1.3418     1.6400     2.3954
    -1.5505     1.5801     1.6668     2.3954
    -1.7462     1.8551     1.4792     2.2541
    -1.8886     1.9835     1.2827     1.9338
    -1.8886     2.0110     0.9880     1.5383
    -1.9153     1.9009     0.6755     1.0959
    -1.8619     1.5434     0.4345     0.5219
    -1.6750     1.1586     0.1667     0.0610
    -1.3815     0.7282    -0.0386    -0.3528
    -1.1324     0.3255    -0.1814    -0.7947
    -0.6255    -0.1228    -0.3599    -1.0672
    -0.2165    -0.5067    -0.4670    -1.1988
     0.2992    -0.8722    -0.6008    -1.3961
     0.8591    -1.0092    -0.7793    -1.6216
     1.4811    -1.2102    -0.9398    -1.6028
     2.0585    -1.3928    -1.0558    -1.5840
     2.4670    -1.4384    -1.1004    -1.4806
     2.8400    -1.4932    -1.0647    -1.3397
     2.8267    -1.4658    -1.0201    -1.1988
     2.8134    -1.3745    -0.9131    -1.0108
     2.5114    -1.3745    -0.7971    -0.7759
     1.9253    -1.2467    -0.6811    -0.4092
     1.3034    -1.1188    -0.5740    -0.0237
     0.7347    -0.8174    -0.4402     0.4090
     0.1836    -0.4336    -0.2171     0.8042
    -0.4387    -0.0679     0.1220     1.1053
    -0.9189     0.3072     0.4702     1.5007
    -1.3370     0.7373     0.8541     1.7831
    -1.5683     1.1677     1.2113     2.0468
    -1.7640     1.4976     1.3810     2.0845
    -1.9064     1.7818     1.5150     1.9715
    -2.0754     1.9835     1.5507     1.7455
    -2.0665     1.9835     1.4614     1.4254
    -1.9419     1.8551     1.3185     0.9924
    -1.7907     1.4884     1.1220     0.5595
    -1.5683     1.1494     0.8898     0.1456
    -1.2302     0.7190     0.5862    -0.1930
    -0.8122     0.2248     0.3006    -0.5596
    -0.3854    -0.2233     0.0417    -0.8416
     0.2369    -0.6438    -0.2171    -1.1142
     0.7169    -0.8996    -0.4357    -1.3021
     1.2590    -1.1280    -0.6543    -1.4994
     1.8720    -1.3106    -0.8417    -1.5464
     2.3161    -1.4293    -0.9755    -1.6028
     2.7246    -1.4658    -1.1272    -1.5558
     2.9110    -1.4567    -1.1093    -1.4618
     2.8222    -1.3562    -1.0915    -1.3491
     2.4670    -1.3380    -0.9844    -1.0484
     2.0141    -1.2832    -0.9398    -0.7195
     1.4722    -1.1554    -0.8506    -0.3246
     0.9035    -0.8174    -0.7436     0.1362
     0.3169    -0.5616    -0.5830     0.5689
    -0.2431    -0.1502    -0.3420     0.9641
    -0.7500     0.1974    -0.0922     1.3500
    -1.2125     0.4902     0.1934     1.6890
    -1.4882     0.8838     0.4702     1.9527
    -1.6839     1.2594     0.7023     2.1316
    -1.8797     1.5343     0.9970     2.1316
    -2.0220     1.7909     1.2470     1.9621
    -2.0131     1.9285     1.3989     1.7266
    -1.9419     1.9193     1.4435     1.3500
    -1.8352     1.7451     1.3542     0.9077
    -1.6128     1.4884     1.2649     0.4184
    -1.3815     1.1494     1.0863     0.0515
    -1.0701     0.7190     0.8273    -0.3340
    -0.6077     0.2889     0.5862    -0.7101
    -0.1098    -0.1319     0.2738    -0.9732
     0.4769    -0.5798     0.0506    -1.1048
     0.9035    -0.7626    -0.2528    -1.2551
     1.4811    -1.0275    -0.5027    -1.4149
     1.9963    -1.2558    -0.7436    -1.4525
     2.5114    -1.4201    -0.8506    -1.4712
     2.8311    -1.4064    -0.9755    -1.4337
     2.8577    -1.3928    -1.0112    -1.3585
     2.6802    -1.3015    -0.9666    -1.1706
     2.2983    -1.2102    -0.9309    -0.9262
     1.8276    -1.0823    -0.8060    -0.5314
     1.2501    -0.8996    -0.6454    -0.0895
     0.7347    -0.5981    -0.4848     0.4654
     0.2014    -0.2325    -0.2082     0.9265
    -0.3231     0.1516     0.0596     1.4065
    -0.9012     0.4902     0.2827     1.8773
    -1.2836     0.9662     0.5237     2.2635
    -1.4971     1.3327     0.8095     2.4801
    -1.6039     1.6259     1.0327     2.4519
    -1.8085     1.8918     1.2292     2.2823
    -1.9241     2.0385     1.4078     2.0657
    -1.9330     2.1210     1.5239     1.5289
    -1.8441     1.9376     1.5239     0.9924
    -1.6039     1.6901     1.3989     0.4842
    -1.3904     1.3968     1.2560    -0.0331
    -1.1769     0.9296     1.1041    -0.4656
    -0.8122     0.5542     0.8184    -0.9074
    -0.3854     0.0876     0.5595    -1.2457
     0.1303    -0.3422     0.1845    -1.4055
     0.6369    -0.7443    -0.1279    -1.4618
     1.1790    -0.9453    -0.4491    -1.6028
     1.6943    -1.1462    -0.6454    -1.6497
     2.2095    -1.2832    -0.8774    -1.6403
     2.5647    -1.4110    -0.9844    -1.5464
     2.8134    -1.4019    -1.0915    -1.3867
     2.7690    -1.3928    -1.0915    -1.1706
     2.6180    -1.2102    -1.0826    -0.8416
     2.2628    -1.1554    -0.9755    -0.4562
     1.8009    -1.0001    -0.8952     0.0045
     1.1523    -0.8174    -0.6811     0.4560
     0.5925    -0.5159    -0.4937     0.9077
     0.0947    -0.1228    -0.2439     1.3595
    -0.4387     0.1974     0.1131     1.7737
    -0.8923     0.6092     0.3720     2.0657
    -1.2569     0.9021     0.7023     2.2541
    -1.4526     1.2868     0.9880     2.2917
    -1.7017     1.5526     1.1934     2.1410
    -1.9064     1.7634     1.3453     1.9432
    -1.9419     1.8001     1.3542     1.5572
    -1.9775     1.7726     1.3095     1.1147
    -1.9153     1.5984     1.1666     0.6724
    -1.7729     1.3510     0.9702     0.1550
    -1.5683     0.8564     0.7737    -0.2776
    -1.2747     0.4536     0.4702    -0.6255
    -0.8745     0.0784     0.1845    -0.9638
    -0.4032    -0.3788     0.0149    -1.2082
     0.1214    -0.7443    -0.2439    -1.3397
     0.6725    -1.0184    -0.4313    -1.4618
     1.2323    -1.2102    -0.6543    -1.5652
     1.7743    -1.3654    -0.7971    -1.5464
     2.2983    -1.5297    -0.9220    -1.4712
     2.6002    -1.5525    -1.1272    -1.3491
     2.7867    -1.5753    -1.1539    -1.2082
     2.6802    -1.3380    -1.2431    -1.0108
     2.4226    -1.2102    -1.1985    -0.7289
     2.0851    -1.0184    -1.0469    -0.3434
     1.5610    -0.7900    -0.8774     0.0327
     1.0279    -0.5707    -0.7168     0.4842
     0.4947    -0.1502    -0.5740     0.9359
    -0.0742     0.2157    -0.3599     1.3030
    -0.6344     0.6183    -0.1189     1.6701
    -1.0346     0.9846     0.2738     2.0092
    -1.3370     1.3143     0.5952     2.1693
    -1.5149     1.6076     0.9702     2.1504
    -1.7640     1.8734     1.2024     2.1316
    -1.9330     2.0202     1.3721     1.9903
    -1.9775     2.0110     1.4435     1.6419
    -1.9153     1.8093     1.4614     1.2183
    -1.8530     1.4243     1.2649     0.7477
    -1.6394     1.0120     1.1666     0.3431
    -1.4526     0.5726     0.8898    -0.0331
    -1.1235     0.1425     0.5952    -0.4186
    -0.7233    -0.2965     0.3452    -0.8698
    -0.2076    -0.6438     0.0328    -1.1424
     0.2992    -0.9270    -0.1814    -1.3491
     0.8502    -1.1188    -0.4670    -1.5182
     1.3656    -1.3288    -0.6276    -1.5088
     1.9608    -1.5114    -0.8863    -1.4900
     2.3249    -1.6118    -1.0469    -1.4525
     2.6091    -1.6027    -1.1539    -1.3585
     2.6180    -1.5844    -1.1539    -1.1800
     2.4759    -1.4110    -1.1539    -0.9074
     2.2628    -1.2467    -1.0201    -0.6067
     1.8809    -1.0092    -0.8774    -0.2400
     1.3834    -0.7443    -0.7614     0.1080
     0.8680    -0.3970    -0.4937     0.5407
     0.3792     0.0419    -0.1814     0.9830
    -0.1187     0.4078     0.1934     1.4442
    -0.5543     0.8564     0.6220     1.7643
    -0.9100     1.2594     0.9702     2.0374
    -1.1502     1.6442     1.2649     2.2352
    -1.3993     1.9285     1.5686     2.2446
    -1.6305     2.1394     1.5998     2.1128
    -1.6839     2.1302     1.6311     1.9150
    -1.7551     1.9926     1.4257     1.4913
    -1.7551     1.7084     1.2292     1.0018
    -1.6661     1.2960     0.9255     0.5125
    -1.5416     0.8655     0.6666     0.0139
    -1.3815     0.4444     0.3898    -0.4186
    -1.1146    -0.0313     0.1131    -0.7571
    -0.6966    -0.5159    -0.0297    -1.1518
    -0.3231    -0.9088    -0.2171    -1.4337
     0.2281    -1.1371    -0.4313    -1.5840
     0.7080    -1.2741    -0.5651    -1.7531
     1.2234    -1.4840    -0.6990    -1.7906
     1.7654    -1.6848    -0.7882    -1.7061
     2.1740    -1.6666    -0.7971    -1.5934
     2.4226    -1.6483    -0.7971    -1.4994
     2.4404    -1.5662    -0.7346    -1.2739
     2.2628    -1.4475    -0.6276    -0.9638
     1.9075    -1.3288    -0.5651    -0.6161
     1.6144    -1.1006    -0.4134    -0.1459
     1.0457    -0.6986    -0.3242     0.3149
     0.5303    -0.2782    -0.1457     0.7853
     0.0947     0.0876     0.0239     1.3124
    -0.2965     0.4261     0.2559     1.7361
    -0.7766     0.8564     0.3898     2.0186
    -1.1947     1.2594     0.6041     2.3012
    -1.3637     1.5984     0.8273     2.3059
    -1.6128     1.8734     1.0148     2.3106
    -1.6839     2.0110     1.1399     2.1504
    -1.6928     2.0202     1.2113     1.7455
    -1.7284     1.8734     1.2024     1.2371
    -1.6839     1.6626     1.0505     0.7853
    -1.5772     1.4334     0.9345     0.2397
    -1.3548     1.0304     0.7737    -0.2118
    -1.1146     0.6732     0.6041    -0.5596
    -0.7589     0.2706     0.3898    -0.9074
    -0.4032    -0.1593     0.2292    -1.1894
     0.0236    -0.5616    -0.0386    -1.3867
     0.5747    -0.7352    -0.2350    -1.5464
     1.1079    -0.9818    -0.4045    -1.6309
     1.5433    -1.2375    -0.6365    -1.6028
     2.0407    -1.4201    -0.8239    -1.5652
     2.3694    -1.3745    -1.0647    -1.3867
     2.5026    -1.3380    -1.1450    -1.3021
     2.4315    -1.2741    -1.1807    -1.0390
     2.2539    -1.3106    -1.1093    -0.7853
     1.9075    -1.2010    -0.9488    -0.4374
     1.4100    -0.9727    -0.7971    -0.0707
     0.8413    -0.7078    -0.6097     0.3243
     0.3525    -0.4427    -0.3956     0.6724
    -0.1453    -0.0587    -0.1368     1.0771
    -0.6255     0.1699     0.2202     1.4159
    -1.0346     0.5176     0.5862     1.7078
    -1.3904     0.8380     0.8987     1.9903
    -1.5060     1.2319     1.2292     2.1033
    -1.6483     1.4976     1.3810     2.1410
    -1.6572     1.6717     1.4435     1.9997
    -1.6661     1.7542     1.4524     1.6607
    -1.6394     1.7359     1.3185     1.3124
    -1.5950     1.5343     1.1041     0.8700
    -1.4526     1.2777     0.8541     0.4278
    -1.2569     0.9754     0.5952     0.0139
    -0.9367     0.6183     0.2916    -0.3622
    -0.6344     0.2523     0.0953    -0.7289
    -0.1364    -0.1593    -0.1636    -1.0108
     0.4236    -0.5707    -0.3599    -1.2364
     0.9213    -0.7626    -0.5116    -1.4243
     1.4900    -0.9910    -0.6722    -1.4900
     1.9963    -1.2193    -0.8328    -1.5088
     2.4226    -1.4110    -0.9577    -1.4431
     2.6802    -1.4932    -1.0558    -1.3491
     2.6446    -1.4658    -1.1093    -1.2270
     2.4315    -1.4019    -1.0826    -1.0108
     2.0585    -1.3471    -1.0201    -0.7007
     1.6499    -1.1645    -0.9844    -0.3434
     1.0546    -0.9362    -0.8417    -0.0143
     0.5658    -0.7078    -0.7168     0.4278
     0.0947    -0.3605    -0.4491     0.8230
    -0.3765    -0.0679    -0.2260     1.1524
    -0.8834     0.2431     0.1042     1.5477
    -1.2836     0.7007     0.3809     1.8867
    -1.4704     1.1952     0.7916     2.1033
    -1.6305     1.5343     1.0952     2.2352
    -1.6928     1.8276     1.4257     2.1693
    -1.7551     1.9009     1.6043     1.8679
    -1.7195     1.8826     1.5820     1.4818
    -1.6750     1.7818     1.5596     1.0300
    -1.6128     1.5068     1.3631     0.5125
    -1.5772     1.1952     1.0863     0.0798
    -1.2747     0.7282     0.7648    -0.3340
    -0.9189     0.3346     0.4880    -0.6913
    -0.5365    -0.1776     0.2381    -0.9544
    -0.1275    -0.5981    -0.0029    -1.2082
     0.4058    -0.8540    -0.1368    -1.3209
     0.9657    -1.1097    -0.2885    -1.5276
     1.4367    -1.3654    -0.4045    -1.5182
     1.8720    -1.5753    -0.6008    -1.5088
     2.2805    -1.5753    -0.7168    -1.4337
     2.5203    -1.5753    -0.8595    -1.2551
     2.4937    -1.4567    -1.0023    -1.0202
     2.2894    -1.3380    -1.0558    -0.7383
     2.0851    -1.1919    -1.0692    -0.3058
     1.6765    -0.9179    -1.0826     0.0610
     1.2501    -0.5524    -0.9666     0.4842
     0.7347    -0.1502    -0.7168     0.9830
     0.3169     0.2248    -0.4937     1.3971
    -0.1898     0.6824    -0.0654     1.8208
    -0.6433     1.1952     0.3631     2.1787
    -0.9812     1.7084     0.7648     2.3577
    -1.0524     2.1027     1.0416     2.3483
    -1.2747     2.3045     1.2113     2.3388
    -1.4793     2.3779     1.3274     2.1033
    -1.5861     2.3412     1.2917     1.4913
    -1.7284     2.1302     1.2381     0.9171
    -1.7640     1.5709     1.0595     0.3525
    -1.7017     1.0212     0.9434    -0.1553
    -1.5861     0.3987     0.7648    -0.6725
    -1.3014    -0.1410     0.6220    -1.0014
    -1.0346    -0.6895     0.3898    -1.3397
    -0.5810    -1.1280     0.2202    -1.4712
    -0.0475    -1.4110     0.0774    -1.6403
     0.3969    -1.6027    -0.1100    -1.7249
     0.8946    -1.7396    -0.2885    -1.8094
     1.4100    -1.8582    -0.4313    -1.7624
     1.8631    -1.8855    -0.5473    -1.6216
     2.2539    -1.7213    -0.6543    -1.3961
     2.3605    -1.5388    -0.7168    -1.1518
     2.3782    -1.2558    -0.7703    -0.8416
     2.2539    -1.0732    -0.7971    -0.3998
     1.9963    -0.7169    -0.7257     0.0892
     1.5788    -0.4336    -0.6097     0.5877
     1.1346     0.0053    -0.5473     1.0865
     0.7169     0.4170    -0.4491     1.6701
     0.3169     0.9021    -0.2707     2.1033
    -0.1364     1.3510     0.0149     2.4048
    -0.4476     1.7267     0.2381     2.4707
    -0.6966     2.0935     0.5684     2.4896
    -0.9278     2.2403     0.8362     2.4519
    -1.1680     2.3229     1.0684     2.1975
    -1.4348     2.3045     1.2024     1.6419
    -1.6661     2.1210     1.1890     1.0771
    -1.7729     1.7267     1.1756     0.5125
    -1.8263     1.2410     1.0505     0.0139
    -1.8085     0.8106     0.8452    -0.4280
    -1.6661     0.2889     0.6130    -0.8416
    -1.4437    -0.2873     0.3720    -1.1706
    -1.1235    -0.7169     0.1667    -1.4243
    -0.6255    -1.0732    -0.0297    -1.5276
    -0.0653    -1.2832    -0.1636    -1.6779
     0.5392    -1.5023    -0.3688    -1.7155
     1.1168    -1.6301    -0.4491    -1.6779
     1.6410    -1.6164    -0.5740    -1.4806
     2.0674    -1.6027    -0.7168    -1.3209
     2.2894    -1.4932    -0.7882    -1.1612
     2.3338    -1.4110    -0.8952    -0.9168
     2.2539    -1.2284    -0.8908    -0.6067
     2.0230    -1.0184    -0.8863    -0.2964
     1.7476    -0.6804    -0.8328     0.1456
     1.3478    -0.3331    -0.6633     0.5407
     0.9391     0.1242    -0.5384     0.9265
     0.5125     0.4353    -0.2885     1.3595
     0.0680     0.7923     0.0506     1.7266
    -0.3587     1.2594     0.3631     2.0939
    -0.7500     1.6167     0.7648     2.3012
    -0.9278     1.9009     1.1220     2.2776
    -1.1324     2.1761     1.4346     2.2541
    -1.3548     2.2586     1.6758     1.9903
    -1.6394     2.2128     1.6758     1.6419
    -1.7373     2.0477     1.5418     1.2371
    -1.8352     1.7451     1.2738     0.7571
    -1.8174     1.3876     0.9523     0.2867
    -1.6572     0.9113     0.6309    -0.0049
    -1.4526     0.4170     0.3273    -0.4374
    -1.2125    -0.1410     0.0506    -0.8228
    -0.8745    -0.5707    -0.2439    -1.0954
    -0.2787    -0.9270    -0.4759    -1.3303
     0.1480    -1.1736    -0.6722    -1.4806
     0.6902    -1.3471    -0.8774    -1.5182
     1.2145    -1.5297    -1.0112    -1.5276
     1.7121    -1.6118    -1.1718    -1.4618
     1.9341    -1.5844    -1.2253    -1.3961
     2.1384    -1.5114    -1.2877    -1.3115
     2.0940    -1.4201    -1.2431    -1.1048
     1.9608    -1.2558    -1.0290    -0.7853
     1.7920    -1.0458    -0.8328    -0.5126
     1.5433    -0.7900    -0.5830    -0.1930
     1.1790    -0.5067    -0.2974     0.1362
     0.7436    -0.0770     0.0685     0.5501
     0.4147     0.2523     0.4434     0.9735
    -0.0120     0.6183     0.8898     1.3689
    -0.3765     1.0212     1.2649     1.7078
    -0.6521     1.3052     1.5775     1.9997
    -0.7944     1.5984     1.7294     2.1975
    -0.9456     1.8368     1.7160     2.2729
    -1.1769     2.0110     1.7026     2.1410
    -1.3904     2.0247     1.4614     1.8679
    -1.5327     2.0385     1.1488     1.4630
    -1.6217     1.8093     0.7916     1.0394
    -1.5772     1.4060     0.4613     0.5407
    -1.4348     0.9662     0.2292     0.1644
    -1.2569     0.4627     0.0149    -0.1836
    -0.9990    -0.0313    -0.1636    -0.5596
    -0.6344    -0.4976    -0.3064    -0.9450
    -0.1542    -0.9179    -0.4580    -1.2270
     0.2725    -1.1006    -0.5562    -1.3585
     0.7258    -1.3288    -0.6097    -1.4618
     1.2501    -1.4201    -0.6900    -1.4900
     1.5966    -1.4658    -0.6990    -1.4712
     1.9164    -1.4658    -0.7614    -1.3867
     2.0230    -1.4110    -0.7346    -1.2833
     2.0585    -1.4110    -0.7793    -1.0672
     1.9341    -1.2558    -0.7971    -0.8322
     1.7298    -1.0275    -0.7525    -0.5032
     1.3922    -0.7260    -0.6365    -0.1836
     1.0013    -0.4062    -0.5116     0.1926
     0.6458    -0.0953    -0.3420     0.5877
     0.2725     0.2614    -0.1189     0.9830
    -0.0920     0.5909     0.1131     1.3312
    -0.3854     0.9205     0.4970     1.6796
    -0.6344     1.2135     0.7648     1.9432
    -0.7855     1.5343     1.0505     2.0563
    -0.9901     1.7542     1.3095     2.0845
    -1.2925     1.8459     1.4257     1.9056
    -1.4526     1.8643     1.4614     1.6137
    -1.4793     1.8826     1.4078     1.2841
    -1.5327     1.6717     1.1934     0.9171
    -1.4437     1.2868     1.0327     0.4278
    -1.3281     0.8380     0.7380     0.0798
    -1.1591     0.4261     0.5148    -0.2870
    -0.9278    -0.1136     0.2827    -0.6067
    -0.6521    -0.5067     0.0596    -0.9638
    -0.2076    -0.9636    -0.2260    -1.1518
     0.2281    -1.1188    -0.4134    -1.2927
     0.6725    -1.3471    -0.6633    -1.4243
     1.0901    -1.5479    -0.8149    -1.4525
     1.4989    -1.5662    -0.9577    -1.4618
     1.6943    -1.5023    -1.0112    -1.3961
     1.8364    -1.4384    -1.0469    -1.2551
     1.8142    -1.3471    -1.0290    -0.9826
     1.7920    -1.1645    -0.9398    -0.7007
     1.5433    -0.9270    -0.7525    -0.3246
     1.2412    -0.6712    -0.5830     0.0421
     0.8946    -0.3239    -0.3331     0.4748
     0.5036     0.0602    -0.0297     0.9453
     0.1214     0.4078     0.2381     1.3500
    -0.2165     0.8197     0.4523     1.7643
    -0.4743     1.1219     0.7202     2.1222
    -0.7678     1.5159     0.8898     2.3577
    -0.9278     1.7818     1.0684     2.3765
    -1.2658     2.0293     1.1131     2.3200
    -1.4170     2.0844     1.1488     2.0468
    -1.5327     2.0935     1.0952     1.5383
    -1.5505     1.9009     0.9702     0.9547
    -1.5060     1.5984     0.8987     0.3337
    -1.4259     1.1494     0.7559    -0.1553
    -1.2569     0.6366     0.5237    -0.6067
    -1.1146     0.1059     0.4434    -0.9356
    -0.7322    -0.4610     0.2470    -1.2645
    -0.3231    -0.8996     0.1399    -1.5088
     0.1036    -1.2010     0.0060    -1.6122
     0.6103    -1.4932    -0.1546    -1.6403
     1.0724    -1.6757    -0.3688    -1.6591
     1.4544    -1.7213    -0.5205    -1.5464
     1.8453    -1.6118    -0.6811    -1.4055
     2.1118    -1.4749    -0.8060    -1.1706
     2.1029    -1.3928    -0.9488    -0.8322
     2.0940    -1.1828    -0.9398    -0.4750
     1.8720    -0.8996    -0.9131     0.0045
     1.5966    -0.5159    -0.9042     0.5219
     1.2234    -0.0953    -0.7614     1.0582
     0.7436     0.3804    -0.5294     1.6513
     0.3703     0.9296    -0.3064     2.1316
    -0.0031     1.4243    -0.0565     2.4896
    -0.3409     1.9193     0.2202     2.5273
    -0.6077     2.3320     0.5595     2.5414
    -0.8478     2.3596     0.8005     2.5555
    -1.0257     2.4330     1.1488     2.4048
    -1.2747     2.4238     1.3274     1.7455
    -1.5238     2.4146     1.3721     1.1618
    -1.4882     2.0110     1.3274     0.5595
    -1.5060     1.3052     1.1488    -0.0519
    -1.4170     0.7099     0.9523    -0.4750
    -1.2747     0.0053     0.7291    -0.9074
    -1.1057    -0.6804     0.4791    -1.3115
    -0.9367    -1.1736     0.2738    -1.5276
    -0.5721    -1.5205     0.0328    -1.6122
    -0.1187    -1.7669    -0.1636    -1.6779
     0.2369    -1.9403    -0.3420    -1.6967
     0.7258    -1.9220    -0.5205    -1.6967
     1.1079    -1.9038    -0.6276    -1.6309
     1.5699    -1.7943    -0.7525    -1.3867
     1.8809    -1.5479    -0.8417    -1.1236
     2.0940    -1.2649    -0.8774    -0.8416
     2.0851    -1.0001    -0.9398    -0.4938
     2.0319    -0.6895    -0.9220    -0.0425
     1.7743    -0.2599    -0.8239     0.3902
     1.4278     0.1059    -0.7168     0.8606
     0.9124     0.6549    -0.5205     1.3783
     0.5569     1.0945    -0.3064     1.8396
     0.1303     1.6076    -0.0654     2.3671
    -0.2165     2.0844     0.2024     2.5367
    -0.5632     2.3687     0.5595     2.5461
    -0.8478     2.4330     0.8273     2.5084
    -1.0524     2.4421     1.1399     2.3859
    -1.3726     2.4330     1.3363     2.0751
    -1.5505     2.4697     1.4792     1.5477
    -1.7106     2.0935     1.4346     1.0206
    -1.6394     1.5434     1.3185     0.4842
    -1.6394     1.0029     1.0684    -0.0519
    -1.5327     0.4078     0.8184    -0.4656
    -1.3370    -0.3056     0.5595    -0.8135
    -1.1858    -0.8722     0.3273    -1.1424
    -0.8211    -1.2284     0.0685    -1.3867
    -0.3587    -1.5753    -0.1189    -1.5558
     0.0503    -1.8126    -0.3064    -1.7061
     0.4858    -1.9676    -0.4580    -1.7249
     1.0457    -1.9585    -0.6097    -1.6685
     1.4456    -1.8217    -0.7079    -1.6216
     1.8098    -1.6209    -0.7882    -1.4712
     2.1029    -1.4110    -0.8328    -1.3021
     2.3072    -1.2923    -0.8685    -1.0484
     2.2894    -1.0275    -0.8863    -0.7195
     2.1473    -0.7809    -0.7971    -0.3622
     1.8453    -0.3696    -0.6900     0.0233
     1.4722     0.0236    -0.6633     0.4560
     0.9924     0.4810    -0.5384     0.8512
     0.5480     0.8655    -0.3867     1.2841
     0.1747     1.2135    -0.1368     1.6607
    -0.2431     1.6167     0.0863     2.0751
    -0.5010     1.9835     0.3898     2.2541
    -0.7411     2.2770     0.7469     2.2776
    -0.9901     2.3779     1.1041     2.3012
    -1.2925     2.3596     1.3185     2.1316
    -1.4704     2.3229     1.4703     1.8020
    -1.5327     2.0935     1.4167     1.3971
    -1.5327     1.7634     1.2738     1.0112
    -1.4882     1.3327     1.0238     0.5971
    -1.3726     0.8197     0.7023     0.2020
    -1.2036     0.3712     0.4166    -0.2024
    -1.0524    -0.1685     0.2202    -0.6255
    -0.6966    -0.6986    -0.0475    -1.0484
    -0.2698    -1.0732    -0.1814    -1.2551
     0.1214    -1.3015    -0.4045    -1.4055
     0.6191    -1.4567    -0.5473    -1.4900
     1.1257    -1.5662    -0.6900    -1.4900
     1.6410    -1.5297    -0.7436    -1.4525
     2.0585    -1.5205    -0.8328    -1.4337
     2.3072    -1.4749    -0.8774    -1.3773
     2.4049    -1.3562    -0.9309    -1.1800
     2.3782    -1.1736    -0.7971    -0.9826
     2.1296    -0.8996    -0.7079    -0.7477
     1.8276    -0.6712    -0.4937    -0.3810
     1.3656    -0.4062    -0.3242    -0.0989
     0.9569    -0.0953    -0.1279     0.2773
     0.4592     0.1791     0.0774     0.6912
     0.0147     0.5634     0.4166     1.0959
    -0.3676     0.9388     0.6844     1.4254
    -0.6521     1.3052     1.0059     1.7172
    -0.9545     1.5984     1.2470     1.9527
    -1.2125     1.7634     1.3453     2.1033
    -1.4882     1.8093     1.3810     2.0563
    -1.6217     1.8459     1.3095     1.9338
    -1.6572     1.7909     1.1399     1.6137
    -1.6839     1.5984     0.9166     1.3030
    -1.5861     1.3693     0.6398     0.9830
    -1.5060     1.0120     0.3988     0.5313
    -1.3103     0.6000     0.1310     0.1362
    -0.9901     0.2248    -0.0832    -0.2024
    -0.5899    -0.2325    -0.3331    -0.5784
    -0.1098    -0.5890    -0.5205    -0.9168
     0.3169    -0.8996    -0.6543    -1.1142
     0.7613    -1.0732    -0.8060    -1.2645
     1.1612    -1.2010    -0.8506    -1.3115
     1.5699    -1.3015    -0.9398    -1.3303
     1.9253    -1.2832    -0.9398    -1.3585
     2.1384    -1.2102    -0.9666    -1.3115
     2.1562    -1.1645    -0.8595    -1.1894
     2.0763    -1.0914    -0.8060    -1.0202
     1.8009    -0.9270    -0.6276    -0.7195
     1.5610    -0.6895    -0.4937    -0.3528
     1.0990    -0.3788    -0.2439    -0.0143
     0.7347    -0.1228    -0.0386     0.3902
     0.3792     0.2157     0.2381     0.7477
    -0.0564     0.6092     0.5952     1.1618
    -0.3587     0.9662     0.9523     1.4724
    -0.5810     1.3143     1.2113     1.7926
    -0.8834     1.6167     1.5239     2.0186
    -1.1947     1.8551     1.6222     2.1693
    -1.3637     1.8689     1.6222     2.1222
    -1.5238     1.8826     1.4435     1.9997
    -1.6039     1.7267     1.2113     1.7078
    -1.5772     1.4334     0.9523     1.2653
    -1.4971     1.1128     0.6844     0.8230
    -1.3459     0.7190     0.3631     0.3055
    -1.0524     0.2157     0.1577    -0.0895
    -0.7233    -0.3148    -0.1189    -0.4656
    -0.3320    -0.7443    -0.3064    -0.8886
     0.0680    -1.0732    -0.5205    -1.1612
     0.4592    -1.2741    -0.6900    -1.3773
     0.9213    -1.4567    -0.8952    -1.4900
     1.3389    -1.6118    -1.0023    -1.5652
     1.6943    -1.5388    -1.0736    -1.5558
     2.0319    -1.4384    -1.0826    -1.4806
     2.1651    -1.3745    -1.0469    -1.3491
     2.1740    -1.1736    -0.9934    -1.1048
     2.0230    -0.9544    -0.8863    -0.7665
     1.7210    -0.6347    -0.7257    -0.3810
     1.3834    -0.1959    -0.5740     0.1268
     0.9569     0.1974    -0.4670     0.5971
     0.6014     0.7007    -0.2260     1.1241
     0.1303     1.1861     0.0060     1.7078
    -0.2253     1.8001     0.3006     2.2352
    -0.4832     2.3963     0.6398     2.5178
    -0.7589     2.6716     0.9880     2.5932
    -0.9990     2.8276     1.2560     2.6026
    -1.2391     2.8368     1.5060     2.5367
    -1.3548     2.2495     1.6043     2.3859
    -1.4259     1.6259     1.5954     1.5948
    -1.4259     1.0761     1.4614     0.8230
    -1.4259     0.4444     1.2917     0.1926
    -1.2391    -0.1685     0.9970    -0.3340
    -1.0612    -0.7260     0.6934    -0.8228
    -0.8033    -1.1462     0.3809    -1.2927
    -0.5632    -1.5936     0.1577    -1.6216
    -0.1542    -1.8034    -0.1368    -1.7624
     0.1747    -1.9950    -0.3510    -1.7155
     0.5925    -2.0862    -0.5830    -1.7624
     1.0457    -2.0680    -0.6811    -1.7624
     1.4722    -1.8764    -0.8685    -1.7624
     1.7831    -1.7031    -0.9398    -1.5464
     2.0763    -1.3380    -1.0290    -1.2927
     2.0718    -0.9636    -1.0736    -0.9262
     2.0674    -0.5798    -1.0469    -0.4374
     1.8720    -0.1228    -0.9398     0.0986
     1.5166     0.3712    -0.8239     0.7289
     1.0013     0.9479    -0.7346     1.3500
     0.5658     1.4518    -0.5651     2.0374
     0.1836     1.8551    -0.3420     2.4707
    -0.1453     2.4605    -0.0475     2.5367
    -0.4387     2.6624     0.2292     2.5744
    -0.7678     2.6395     0.4523     2.5744
    -1.0346     2.6165     0.7291     2.5555
    -1.2747     2.2862     0.8809     2.4425
    -1.4081     1.9835     1.0416     1.8773
    -1.5505     1.5801     1.1666     1.3500
    -1.5772     1.1677     1.0952     0.7101
    -1.5505     0.7282     0.9791     0.1268
    -1.4971     0.1608     0.8452    -0.3528
    -1.3192    -0.3696     0.7380    -0.8322
    -1.1502    -0.7991     0.5327    -1.2551
    -0.8478    -1.2010     0.4791    -1.4243
    -0.4387    -1.5114     0.3095    -1.4900
     0.0058    -1.7213     0.2113    -1.6309
     0.4058    -1.8855     0.0596    -1.6967
     0.9924    -1.8719     0.0149    -1.7155
     1.4189    -1.8582    -0.1279    -1.6873
     1.8453    -1.6118    -0.2171    -1.5840
     2.2628    -1.4110    -0.3064    -1.3867
     2.4848    -1.2102    -0.3510    -1.1706
     2.4493    -1.0092    -0.4134    -0.8041
     2.1562    -0.6895    -0.4759    -0.4374
     1.7743    -0.3331    -0.5027    -0.0331
     1.3389     0.0602    -0.4580     0.5031
     0.8324     0.5634    -0.4670     1.0488
     0.3792     1.0578    -0.3867     1.4818
    -0.0386     1.4060    -0.3064     1.9997
    -0.4654     1.6992    -0.1546     2.3954
    -0.6610     1.9468    -0.0386     2.5555
    -0.9100     2.0477     0.1845     2.5273
    -1.1858     2.0844     0.3541     2.4990
    -1.4793     1.9468     0.4702     2.2917
    -1.5772     1.7451     0.6130     1.8302
    -1.6128     1.4701     0.6844     1.3689
    -1.6217     1.1403     0.6577     0.8700
    -1.5149     0.7465     0.5952     0.2961
    -1.4526     0.3072     0.4880    -0.1553
    -1.2125    -0.1136     0.3809    -0.5408
    -1.0435    -0.4976     0.2649    -0.8698
    -0.7411    -0.8357     0.1577    -1.1800
    -0.3054    -1.0184     0.0506    -1.3397
     0.0947    -1.2558    -0.0475    -1.4900
     0.5036    -1.4658    -0.1100    -1.5652
     1.1168    -1.4795    -0.2439    -1.5934
     1.6144    -1.4932    -0.3420    -1.6403
     2.0851    -1.6209    -0.3956    -1.5840
     2.4138    -1.6118    -0.5205    -1.4900
     2.4182    -1.4567    -0.5205    -1.3303
     2.4226    -1.1736    -0.5027    -1.0390
     2.2184    -0.9362    -0.4848    -0.6443
     1.7654    -0.5341    -0.4491    -0.2588
     1.2679    -0.1228    -0.3420     0.2773
     0.8769     0.2797    -0.1903     0.8042
     0.4592     0.7465    -0.0118     1.2747
    -0.0475     1.1677     0.1488     1.7831
    -0.3676     1.5618     0.3898     2.3200
    -0.7322     1.9926     0.6130     2.5273
    -1.0435     2.2678     0.9612     2.5367
    -1.3637     2.2770     1.2738     2.5649
    -1.5505     2.1394     1.4792     2.5084
    -1.6839     1.9560     1.5507     2.1787
    -1.7996     1.5892     1.5239     1.6607
    -1.7907     1.2502     1.3631     1.1241
    -1.7551     0.8472     0.9880     0.5031
    -1.6039     0.3163     0.5684     0.0515
    -1.3370    -0.0953     0.1310    -0.4374
    -1.0346    -0.5798    -0.2528    -0.8322
    -0.6077    -0.9362    -0.6276    -1.1706
    -0.1898    -1.2467    -0.9220    -1.4431
     0.3347    -1.4110    -1.1539    -1.6122
     0.8858    -1.5936    -1.3323    -1.6685
     1.5610    -1.7487    -1.4393    -1.6685
     2.1029    -1.7761    -1.4349    -1.6216
     2.5381    -1.6757    -1.4304    -1.5464
     2.7778    -1.6666    -1.3412    -1.5276
     2.8489    -1.5114    -1.0736    -1.3491
     2.6446    -1.2467    -0.8149    -1.0766
     2.1828    -0.8174    -0.4937    -0.6725
     1.6943    -0.4793    -0.1011    -0.2588
     1.2057     0.0144     0.3541     0.1832
     0.6547     0.4170     0.9077     0.7477
     0.1925     0.8655     1.2917     1.2371
    -0.3320     1.2777     1.5507     1.6231
    -0.6433     1.7359     1.7830     2.0657
    -0.9278     2.0935     1.8276     2.3671
    -1.2480     2.3779     1.8098     2.4801
    -1.4882     2.3871     1.5507     2.5178
    -1.7017     2.2036     1.3274     2.3954
    -1.7996     1.8826     1.0148     2.0939
    -1.7818     1.5159     0.7023     1.6796
    -1.7551     1.0578     0.3273     1.1524
    -1.5861     0.5909     0.1310     0.5877
    -1.4526     0.1242    -0.0743     0.1550
    -1.1947    -0.3605    -0.2617    -0.2306
    -0.8567    -0.7078    -0.5384    -0.6255
    -0.4743    -0.9453    -0.7346    -0.9450
    -0.0120    -1.1462    -0.9042    -1.1518
     0.4592    -1.3288    -0.9844    -1.2927
     0.9480    -1.4201    -1.0558    -1.3679
     1.5966    -1.4658    -1.1182    -1.3867
     2.1384    -1.4840    -1.0736    -1.4149
     2.5203    -1.3471    -1.0201    -1.4149
     2.7157    -1.2649    -0.8863    -1.3303
     2.6091    -1.1828    -0.7703    -1.1988
     2.4759    -1.0092    -0.6008    -0.9638
     2.1029    -0.7260    -0.3867    -0.6161
     1.7032    -0.3422    -0.1546    -0.2306
     1.2945     0.0510     0.1131     0.1832
     0.7702     0.4536     0.3452     0.6066
     0.2281     0.8197     0.5773     1.0582
    -0.1275     1.2960     0.8898     1.3783
    -0.4654     1.6717     1.0416     1.7172
    -0.8300     1.8918     1.2024     1.9432
    -1.1858     2.0752     1.3453     2.1787
    -1.4793     2.0110     1.3810     2.2258
    -1.6839     1.7726     1.3631     2.0939
    -1.7729     1.5251     1.2738     1.8491
    -1.8708     1.1494     1.2113     1.5101
    -1.8174     0.7465     1.0059     1.0488
    -1.7106     0.3255     0.7559     0.5971
    -1.5238    -0.0587     0.5059     0.0798
    -1.2480    -0.4976     0.2559    -0.2964
    -0.8745    -0.7626    -0.0743    -0.6819
    -0.4121    -0.9727    -0.3688    -0.9638
     0.1747    -1.1645    -0.6187    -1.1988
     0.6814    -1.2375    -0.8417    -1.3773
     1.2234    -1.2558    -0.9844    -1.4243
     1.8009    -1.2284    -1.0647    -1.4994
     2.2184    -1.2741    -1.1539    -1.5088
     2.4404    -1.2741    -1.1628    -1.4806
     2.4315    -1.2649    -1.0915    -1.2833
     2.2983    -0.9910    -1.0290    -1.0766
     2.0851    -0.6438    -0.9131    -0.6631
     1.7565    -0.2599    -0.8149    -0.2776
     1.4367     0.1150    -0.6633     0.3055
     1.0191     0.4536    -0.4491     0.7759
     0.4681     0.8380    -0.1279     1.2559
     0.0947     1.3235     0.1756     1.6984
    -0.2965     1.6809     0.5237     2.1504
    -0.5988     1.9926     0.8273     2.5084
    -0.9456     2.2862     1.1220     2.5649
    -1.2302     2.2495     1.3363     2.5178
    -1.4526     1.9560     1.5060     2.4990
    -1.6128     1.6809     1.5686     2.3294
    -1.7017     1.1494     1.5239     1.5195
    -1.6839     0.6549     1.3631     0.8042
    -1.6750     0.1791     1.1845     0.1080
    -1.5505    -0.3148     1.0684    -0.5032
    -1.3014    -0.8083     0.8184    -0.9732
    -0.9990    -1.1828     0.6130    -1.3867
    -0.5543    -1.5114     0.2738    -1.7155
    -0.1275    -1.6848     0.0953    -1.7906
     0.2992    -1.7578    -0.1725    -1.7812
     0.8147    -1.8582    -0.3420    -1.8564
     1.2767    -1.8308    -0.5473    -1.8611
     1.6765    -1.8490    -0.7793    -1.8658
     2.1207    -1.7396    -0.8595    -1.6967
     2.2983    -1.4475    -0.9577    -1.4525
     2.3161    -1.0823    -1.0023    -1.0860
     2.2184    -0.5798    -0.8863    -0.5879
     1.9164    -0.1319    -0.8417    -0.0331
     1.5966     0.3987    -0.8060     0.4937
     1.1968     0.9479    -0.6633     1.0582
     0.7347     1.4426    -0.4670     1.6890
     0.1569     1.8368    -0.2082     2.2446
    -0.2431     2.1853    -0.0118     2.5273
    -0.6788     2.4972     0.1845     2.5461
    -0.9812     2.5614     0.3095     2.5649
    -1.3103     2.3963     0.4613     2.5649
    -1.5683     2.0477     0.5684     2.3765
    -1.7017     1.6259     0.6309     1.7926
    -1.8174     1.1128     0.6755     1.1430
    -1.8085     0.5817     0.7291     0.5313
    -1.7195     0.0602     0.7648    -0.0519
    -1.6394    -0.4884     0.7469    -0.5032
    -1.4170    -0.9088     0.7469    -0.9544
    -1.1324    -1.2649     0.7469    -1.3491
    -0.7233    -1.4567     0.7291    -1.4900
    -0.2431    -1.5479     0.6934    -1.5088
     0.2903    -1.7213     0.6041    -1.5276
     0.7969    -1.7122     0.5059    -1.5934
     1.2501    -1.7487     0.3452    -1.7061
     1.7121    -1.7031     0.1042    -1.7061
     2.0052    -1.7031    -0.0565    -1.5934
     2.1651    -1.5844    -0.2617    -1.4618
     2.2184    -1.2010    -0.4491    -1.1988
     2.0319    -0.7900    -0.6097    -0.8322
     1.8453    -0.4245    -0.6543    -0.4750
     1.5255    -0.0130    -0.7257    -0.0613
     1.0990     0.3163    -0.7257     0.4184
     0.6725     0.6824    -0.6633     0.8136
     0.2725     1.0395    -0.5116     1.1524
    -0.2342     1.3510    -0.3867     1.5477
    -0.6344     1.6167    -0.1903     1.8773
    -0.9278     1.8551    -0.0475     2.0939
    -1.1324     1.9926     0.1220     2.2635
    -1.3904     1.9468     0.3006     2.2446
    -1.5861     1.8001     0.4434     2.0186
    -1.7017     1.5068     0.5148     1.7266
    -1.7284     1.2594     0.5773     1.3312
    -1.7195     0.8747     0.5595     0.8983
    -1.6483     0.4078     0.4880     0.4937
    -1.5149     0.0876     0.3898     0.0986
    -1.2925    -0.2599     0.2738    -0.2494
    -0.9990    -0.5798     0.1577    -0.5596
    -0.5632    -0.8083     0.0328    -0.7289
    -0.1364    -1.0823    -0.0832    -0.8886
     0.3525    -1.2010    -0.1725    -1.0860
     0.8680    -1.2375    -0.3420    -1.2364
     1.2945    -1.4201    -0.4045    -1.3867
     1.7210    -1.5297    -0.4848    -1.5088
     1.9519    -1.5479    -0.4580    -1.4994
     2.1296    -1.4384    -0.4937    -1.4900
     2.0496    -1.3471    -0.4580    -1.3115
     1.8986    -1.0549    -0.3420    -1.0954
     1.5699    -0.7991    -0.2617    -0.8416
     1.2501    -0.5433    -0.1368    -0.5126
     0.7613    -0.2051    -0.0029    -0.0895
     0.4414     0.1516     0.1756     0.2961
    -0.0120     0.6092     0.3006     0.6630
    -0.3143     0.9021     0.5416     1.0771
    -0.6699     1.2594     0.8005     1.3971
    -0.8745     1.4060     1.2202     1.6137
    -1.1146     1.5984     1.5150     1.8773
    -1.2836     1.6809     1.6311     1.9903
    -1.4170     1.6809     1.4346     1.9338
    -1.5594     1.5434     1.0952     1.7361
    -1.5149     1.3510     0.5862     1.5195
    -1.5416     1.0853     0.1488     1.1618
    -1.3993     0.7465    -0.2350     0.8136
    -1.2836     0.3804    -0.6454     0.4748
    -1.0257     0.0236    -0.8506     0.0704
    -0.7144    -0.2782    -1.0201    -0.2588
    -0.3498    -0.5707    -1.1896    -0.5784
     0.0947    -0.8174    -1.3323    -0.8135
     0.4947    -0.9544    -1.3947    -1.0578
     0.9391    -1.1188    -1.5018    -1.1988
     1.3301    -1.3380    -1.5464    -1.2927
     1.6144    -1.5479    -1.5018    -1.3397
     1.7476    -1.5936    -1.3323    -1.3679
     1.7743    -1.5023    -0.9755    -1.3303
     1.6943    -1.3197    -0.5294    -1.2082
     1.5610    -1.1188    -0.0386    -0.9920
     1.3301    -0.7991     0.4434    -0.6819
     1.0901    -0.3879     0.8720    -0.3528
     0.8502     0.1059     1.2827     0.0327
     0.4947     0.6000     1.5328     0.3996
     0.1303     1.0304     1.7651     0.8418
    -0.2431     1.5251     1.8544     1.2465
    -0.4121     2.0752     1.9259     1.5948
    -0.6255     2.4513     1.8902     2.0374
    -0.8745     2.4559     1.7830     2.3954
    -1.1591     2.4605     1.5328     2.3718
    -1.3370     2.1486     1.2917     2.3483
    -1.4259     1.7542     0.9077     2.0468
    -1.5060     1.2135     0.4880     1.5477
    -1.4971     0.7739     0.1488     1.0865
    -1.4971     0.2340    -0.0832     0.5219
    -1.3637    -0.3422    -0.4045     0.0139
    -1.1680    -0.8357    -0.5919    -0.3340
    -0.8834    -1.0823    -0.8506    -0.7571
    -0.5010    -1.2832    -0.9488    -1.0296
    -0.0120    -1.4749    -1.1004    -1.2551
     0.4058    -1.5936    -1.1985    -1.4712
     0.8591    -1.8126    -1.2610    -1.5746
     1.2590    -1.8582    -1.3323    -1.6873
     1.6499    -1.9038    -1.3234    -1.6497
     1.9697    -1.7852    -1.2164    -1.5746
     2.0141    -1.6027    -1.1272    -1.4337
     1.9164    -1.2284    -0.9398    -1.2457
     1.7210    -0.7991    -0.7257    -0.8980
     1.3656    -0.1136    -0.4670    -0.5314
     0.9213     0.4078    -0.1814    -0.0237
     0.5747     1.0395     0.1042     0.5031
     0.2992     1.6259     0.3988     1.0582
    -0.0386     2.1210     0.6755     1.6419
    -0.3054     2.5247     0.8898     2.3200
    -0.5010     2.6716     1.1309     2.5178
    -0.7144     2.6073     1.3363     2.6121
    -0.9812     2.4238     1.4703     2.5838
    -1.1769     2.0935     1.4882     2.5744
    -1.3726     1.7634     1.4971     2.0280
    -1.4526     1.3235     1.4078     1.4065
    -1.4793     0.9021     1.2917     0.8794
    -1.4704     0.3712     1.1131     0.3055
    -1.3548    -0.1319     0.9166    -0.1836
    -1.1769    -0.5616     0.7380    -0.5973
    -0.8656    -0.8266     0.4345    -1.0296
    -0.5454    -1.1188     0.1934    -1.3209
    -0.0475    -1.3380    -0.0565    -1.4618
     0.3081    -1.5936    -0.2082    -1.5464
     0.6814    -1.6939    -0.4670    -1.6591
     1.0724    -1.8126    -0.6276    -1.7061
     1.4278    -1.7578    -0.8060    -1.7249
     1.7210    -1.6483    -0.8863    -1.6309
     1.8631    -1.5114    -0.9577    -1.4337
     1.8809    -1.3106    -1.0201    -1.1518
     1.8276    -0.9910    -1.0469    -0.8792
     1.6410    -0.5890    -1.0380    -0.4750
     1.3212    -0.1593    -0.9666    -0.0331
     0.9569     0.2706    -0.8417     0.4748
     0.5658     0.7831    -0.6633     1.0018
     0.1303     1.2044    -0.4402     1.5383
    -0.2076     1.5159    -0.1636     1.9809
    -0.5099     1.8643     0.0506     2.3483
    -0.7233     2.0293     0.3006     2.5084
    -0.9723     2.0110     0.5327     2.4990
    -1.2836     1.9926     0.6844     2.2446
    -1.4615     1.7359     0.8362     1.9056
    -1.6128     1.5434     0.9255     1.5289
    -1.6128     1.2594     0.9612     1.0865
    -1.5950     0.9388     0.9612     0.6254
    -1.5416     0.4993     0.8898     0.1362
    -1.3459     0.1516     0.8095    -0.2588
    -1.0790    -0.3056     0.7648    -0.5879
    -0.7766    -0.5981     0.6666    -0.8510
    -0.2520    -0.7717     0.5684    -1.0202
     0.1036    -1.0092     0.4613    -1.1800
     0.4592    -1.1645     0.3452    -1.3961
     0.8147    -1.2832     0.2381    -1.5088
     1.2234    -1.3654     0.0774    -1.5370
     1.5433    -1.3745    -0.0475    -1.5276
     1.8098    -1.3928    -0.1457    -1.5182
     1.9341    -1.4201    -0.2350    -1.3773
     1.9519    -1.3106    -0.3688    -1.1706
     1.8453    -1.1188    -0.3956    -0.8604
     1.5522    -0.8814    -0.4313    -0.4938
     1.2234    -0.4610    -0.4670    -0.1083
     0.8147    -0.0953    -0.4670     0.3243
     0.3169     0.3529    -0.4670     0.7195
    -0.0920     0.7923    -0.3420     1.1618
    -0.4565     1.1036    -0.2082     1.5101
    -0.6877     1.3785    -0.1189     1.8961
    -0.8834     1.6992     0.0239     2.3106
    -1.0612     1.8368     0.0506     2.3012
    -1.2658     1.8368     0.1577     2.2917
    -1.3459     1.7084     0.2024     2.0092
    -1.3815     1.4976     0.2470     1.6137
    -1.2925     1.3143     0.2559     1.1430
    -1.2036     0.9296     0.2827     0.6630
    -1.0968     0.6458     0.2916     0.2303
    -0.9456     0.2157     0.2827    -0.1836
    -0.6877    -0.1319     0.2738    -0.4938
    -0.3498    -0.4336     0.2470    -0.8135
     0.0236    -0.7260     0.2292    -1.0484
     0.3258    -0.9362     0.1756    -1.2457
     0.5925    -1.1828     0.1131    -1.4243
     0.9657    -1.2467    -0.0208    -1.6216
     1.2145    -1.3745    -0.1100    -1.7531
     1.5077    -1.4293    -0.2260    -1.7718
     1.7387    -1.4749    -0.3242    -1.6685
     1.8187    -1.5114    -0.4134    -1.4337
     1.7965    -1.3745    -0.4313    -1.1612
     1.7743    -1.2102    -0.4357    -0.7853
     1.5522    -0.8996    -0.4402    -0.3716
     1.1701    -0.5798    -0.3688     0.0327
     0.6902    -0.0587    -0.2528     0.5407
     0.3347     0.3987    -0.0743     0.9641
    -0.1453     0.9388     0.0863     1.4348
    -0.5365     1.4151     0.2738     1.8773
    -0.7500     1.8276     0.4970     2.2917
    -0.9367     2.1669     0.7023     2.4990
    -1.1769     2.4697     0.9612     2.5649
    -1.2925     2.4330     1.0952     2.4330
    -1.4081     2.1761     1.1399     2.1033
    -1.4348     1.7818     1.1041     1.5948
    -1.4526     1.4060     0.9702     1.1147
    -1.3815     0.9388     0.7291     0.5595
    -1.2302     0.4170     0.4880     0.0798
    -0.9634    -0.1502     0.2113    -0.3904
    -0.7233    -0.6073    -0.1011    -0.7477
    -0.2787    -0.9362    -0.4045    -1.0672
     0.0236    -1.2102    -0.6454    -1.3115
     0.4058    -1.4110    -0.8595    -1.5558
     0.7525    -1.5662    -0.9844    -1.6967
     1.0368    -1.6301    -1.1361    -1.7624
     1.3389    -1.7304    -1.2253    -1.7437
     1.5966    -1.7669    -1.2520    -1.6122
     1.6499    -1.7761    -1.1718    -1.4900
     1.6765    -1.6666    -1.0826    -1.3021
     1.5788    -1.3380    -0.9488    -0.9638
     1.4456    -0.9544    -0.6900    -0.6067
     1.2057    -0.5250    -0.3956    -0.2400
     0.9569     0.1150     0.1042     0.2773
     0.5214     0.6916     0.5862     0.8136
     0.1214     1.2135     1.0416     1.2465
    -0.2342     1.7084     1.4971     1.7361
    -0.4298     2.1027     1.8902     2.2446
    -0.5454     2.3779     1.9170     2.5178
    -0.7855     2.4054     1.9170     2.5932
    -1.0790     2.2678     1.8008     2.5555
    -1.3014     2.0935     1.3453     2.3671
    -1.3993     1.8184     0.9166     1.9150
    -1.4348     1.4609     0.5862     1.4630
    -1.4170     1.0120     0.2381     0.8606
    -1.3103     0.4719    -0.0475     0.3055
    -1.1591    -0.0130    -0.3064    -0.1083
    -0.9812    -0.4245    -0.4491    -0.6067
    -0.7322    -0.8266    -0.6187    -0.9638
    -0.3143    -1.0914    -0.7703    -1.2082
     0.0592    -1.3562    -0.8595    -1.3585
     0.4325    -1.5662    -0.9755    -1.5088
     0.8324    -1.7487    -1.0469    -1.5840
     1.1257    -1.8034    -1.0736    -1.5840
     1.4811    -1.6666    -1.0469    -1.5276
     1.7032    -1.6027    -1.0201    -1.3773
     1.8364    -1.5114    -0.8595    -1.2551
     1.7920    -1.3288    -0.6900    -1.1048
     1.7032    -1.0914    -0.5027    -0.8041
     1.5610    -0.6986    -0.1993    -0.4844
     1.2767    -0.1776     0.1220    -0.0989
     0.9124     0.3255     0.3898     0.3431
     0.4058     0.8930     0.6398     0.8888
     0.0325     1.2960     0.8809     1.3406
    -0.2876     1.7084     1.1309     1.8302
    -0.4121     1.9743     1.2917     2.1410
    -0.6788     2.1761     1.3810     2.4048
    -1.0257     2.1853     1.4346     2.4425
    -1.3103     2.1302     1.2917     2.2917
    -1.3993     1.9468     1.1399     1.9809
    -1.5238     1.6626     0.9880     1.5948
    -1.5238     1.3968     0.8452     1.1053
    -1.5149     1.0395     0.6398     0.6160
    -1.4348     0.6000     0.4791     0.1456
    -1.2836     0.0967     0.3006    -0.2964
    -0.9634    -0.3148     0.0863    -0.6725
    -0.6344    -0.7078    -0.1368    -0.9732
    -0.2165    -1.0366    -0.3331    -1.1424
     0.1480    -1.3106    -0.4937    -1.2927
     0.6280    -1.4840    -0.6722    -1.4525
     0.9569    -1.6301    -0.8239    -1.5182
     1.4011    -1.6939    -0.9042    -1.4806
     1.7210    -1.7304    -0.9666    -1.4243
     1.8631    -1.6483    -1.0558    -1.3021
     1.8586    -1.5936    -1.0558    -1.1988
     1.8542    -1.3471    -1.0023    -0.9544
     1.6055    -0.9727    -0.8863    -0.6255
     1.1879    -0.5981    -0.6722    -0.2588
     0.7880    -0.0587    -0.4580     0.1456
     0.3881     0.4444    -0.1725     0.7006
     0.0414     0.9754     0.0328     1.2183
    -0.3143     1.4426     0.3809     1.7266
    -0.4832     1.8368     0.6309     2.3294
    -0.7233     2.0752     0.9345     2.5744
    -0.9189     2.3871     1.3095     2.6026
    -1.0968     2.3779     1.6132     2.5838
    -1.3192     2.2770     1.7294     2.3765
    -1.3637     2.0385     1.8098     1.8585
    -1.3993     1.7818     1.6311     1.3218
    -1.3370     1.4243     1.4703     0.7477
    -1.2569     0.9846     1.2202     0.1926
    -1.2125     0.3895     0.9791    -0.2212
          3          3          3          3
