    4   2048 0.020000  2016   1  20  12  21
         16         10         11         42
    -2.5969    -2.3376    -0.6401    -2.8023
    -2.6592    -2.5655    -0.7204    -2.9618
    -2.6859    -2.6840    -0.8453    -3.1683
    -2.7126    -2.8480    -0.9167    -3.2809
    -2.7215    -2.9391    -1.0059    -3.3559
    -2.7126    -3.0575    -1.1308    -3.4967
    -2.6592    -3.0575    -1.1932    -3.5248
    -2.5880    -3.0939    -1.2556    -3.5154
    -2.4990    -3.0848    -1.3002    -3.5530
    -2.3744    -3.0120    -1.2913    -3.4591
    -2.2053    -2.9118    -1.3359    -3.3090
    -2.0274    -2.8298    -1.3627    -3.0932
    -1.7515    -2.7113    -1.3092    -2.9055
    -1.5647    -2.5017    -1.3359    -2.6990
    -1.2711    -2.3285    -1.2378    -2.4925
    -0.9865    -2.0185    -1.1932    -2.2578
    -0.6752    -1.7357    -1.1486    -1.9761
    -0.3640    -1.4163    -1.0326    -1.5346
    -0.0617    -1.0967    -0.9434    -1.1306
     0.2583    -0.8135    -0.8542    -0.7171
     0.5339    -0.4206    -0.7293    -0.3599
     0.8360    -0.0915    -0.6312     0.0445
     1.1026     0.3019    -0.4795     0.4396
     1.3781     0.6771    -0.3546     0.8912
     1.6357     1.0250    -0.1582     1.3241
     1.8845     1.4465     0.0113     1.7761
     2.1332     1.7764     0.1898     2.1905
     2.3286     2.1799     0.3505     2.6144
     2.5239     2.4460     0.5201     3.0196
     2.6571     2.8223     0.6987     3.3966
     2.7726     2.9233     0.8683     3.5192
     2.7903     2.9417     0.9755     3.6041
     2.8703     3.0519     0.9934     3.7361
     2.8791     3.1896     0.9844     3.8492
     2.8525     3.2356     1.1095     3.8870
     2.7992     3.2356     1.2702     3.8775
     2.7193     3.2356     1.3417     3.9058
     2.5328     3.2447     1.4667     3.8775
     2.3819     3.2264     1.5203     3.7738
     2.1776     3.1804     1.5650     3.5852
     1.9466     2.9049     1.6007     3.3024
     1.6624     2.5286     1.5828     2.9442
     1.4492     2.1891     1.5828     2.5107
     1.1915     1.8131     1.5650     2.0209
     0.8538     1.4923     1.5828     1.5877
     0.5428     1.0983     1.5560     1.0982
     0.2850     0.7595     1.5560     0.6183
    -0.0795     0.4025     1.5382     0.2702
    -0.3018     0.1098     1.4131    -0.0590
    -0.6308    -0.3200     1.2791    -0.3599
    -0.9243    -0.7313     1.1362    -0.7735
    -1.2711    -1.0054     0.9041    -1.1494
    -1.5202    -1.2884     0.7433    -1.4689
    -1.7515    -1.5805     0.5826    -1.8352
    -1.9206    -1.8999     0.3505    -2.0982
    -2.1430    -2.0732     0.1541    -2.3329
    -2.2765    -2.2920    -0.0244    -2.5019
    -2.4189    -2.4653    -0.2118    -2.7460
    -2.5168    -2.6293    -0.4260    -2.8586
    -2.6592    -2.6931    -0.5598    -3.0088
    -2.7393    -2.8389    -0.8007    -3.1495
    -2.7126    -2.8571    -0.9256    -3.2527
    -2.7215    -2.8753    -1.1129    -3.3372
    -2.7126    -2.8662    -1.2200    -3.3559
    -2.6592    -2.8571    -1.3092    -3.3372
    -2.5969    -2.7933    -1.4875    -3.1964
    -2.4278    -2.7022    -1.5589    -3.0463
    -2.2587    -2.6020    -1.6391    -2.8586
    -2.1163    -2.4470    -1.7105    -2.7178
    -1.8850    -2.2829    -1.7461    -2.5489
    -1.6893    -2.0276    -1.8086    -2.3329
    -1.3957    -1.7995    -1.7729    -2.0794
    -1.1466    -1.5440    -1.7907    -1.7507
    -0.8353    -1.2154    -1.7729    -1.4689
    -0.5507    -0.9871    -1.6570    -1.1776
    -0.2040    -0.6856    -1.6035    -0.8581
     0.0894    -0.4663    -1.5410    -0.5009
     0.4272    -0.0732    -1.4340    -0.1530
     0.7649     0.2561    -1.3002     0.2514
     1.0671     0.6039    -1.1308     0.5713
     1.3248     0.9609    -0.9791     0.9759
     1.6535     1.2540    -0.7739     1.3336
     1.9022     1.5381    -0.5777     1.7102
     2.0621     1.8314    -0.3903     2.0586
     2.3197     2.1157    -0.1939     2.3883
     2.4351     2.3084     0.0292     2.6427
     2.5328     2.5469     0.2523     2.9159
     2.6483     2.7764     0.4844     3.1044
     2.7459     2.9141     0.7433     3.3589
     2.8259     3.0151     0.9130     3.4815
     2.7815     3.0427     1.1988     3.5852
     2.8170     3.0335     1.4310     3.6323
     2.7104     3.0151     1.5471     3.6041
     2.7104     2.9692     1.6186     3.5569
     2.5772     2.8407     1.6275     3.4344
     2.4973     2.6387     1.7883     3.3212
     2.3197     2.5286     1.8955     3.1516
     2.0621     2.2900     2.0295     2.9536
     1.8134     2.1157     2.0742     2.7369
     1.6002     1.8681     2.1546     2.3883
     1.3425     1.6023     2.1367     2.0209
     1.0760     1.3915     2.1278     1.6819
     0.7738     1.1075     2.1278     1.2771
     0.4272     0.8053     2.1546     0.9382
     0.1339     0.5032     2.1457     0.6559
    -0.1951     0.1646     2.1189     0.4019
    -0.5063    -0.1189     1.9402     0.0821
    -0.8620    -0.4114     1.7883    -0.3223
    -1.1733    -0.6491     1.5650    -0.6137
    -1.4579    -0.8501     1.3774    -0.8863
    -1.7248    -1.0876     1.0916    -1.1212
    -1.9829    -1.3250     0.8505    -1.3749
    -2.1252    -1.4710     0.5648    -1.5910
    -2.2943    -1.6627     0.2880    -1.9010
    -2.5257    -1.8634     0.0292    -2.0888
    -2.6414    -1.9455    -0.1939    -2.3048
    -2.7482    -2.0914    -0.4706    -2.4362
    -2.8194    -2.2282    -0.7204    -2.5958
    -2.8372    -2.3012    -0.9524    -2.7929
    -2.8461    -2.3285    -1.1843    -2.8774
    -2.8283    -2.4197    -1.4519    -2.8868
    -2.7393    -2.4106    -1.6481    -2.8774
    -2.6859    -2.3923    -1.7551    -2.8117
    -2.5702    -2.2829    -1.9691    -2.7741
    -2.3833    -2.2465    -2.1028    -2.6990
    -2.2409    -2.1462    -2.2187    -2.6333
    -2.0007    -2.0002    -2.3435    -2.4925
    -1.7515    -1.8908    -2.3524    -2.3799
    -1.5291    -1.6627    -2.4683    -2.2203
    -1.1733    -1.5623    -2.4683    -2.0418
    -0.9243    -1.3615    -2.4237    -1.8352
    -0.5685    -1.1789    -2.4416    -1.5816
    -0.2751    -0.9597    -2.3702    -1.2340
     0.0450    -0.7679    -2.2544    -0.9145
     0.2939    -0.4572    -2.1385    -0.6043
     0.6405    -0.1097    -2.0761    -0.3411
     0.8982     0.1098    -1.8977    -0.0401
     1.2270     0.4208    -1.6837     0.2890
     1.4669     0.6313    -1.4786     0.6183
     1.6713     0.9335    -1.2735     0.9947
     1.9022     1.1716    -1.0326     1.3336
     2.0799     1.4648    -0.7650     1.6631
     2.2220     1.6481    -0.4617     2.0115
     2.3996     1.8956    -0.1672     2.3223
     2.4707     2.1157     0.1274     2.6238
     2.5506     2.3267     0.4041     2.8500
     2.7015     2.4552     0.6719     3.0667
     2.7548     2.6754     0.9934     3.3024
     2.7193     2.7489     1.2791     3.5098
     2.7815     2.8131     1.6096     3.6795
     2.6571     2.9141     1.8955     3.7644
     2.5861     2.8682     2.1189     3.7266
     2.5417     2.8498     2.1278     3.6606
     2.3463     2.7121     2.2172     3.5946
     2.1865     2.6662     2.3959     3.4532
     2.0443     2.4919     2.5567     3.2364
     1.7601     2.2900     2.6819     2.9913
     1.5114     2.1616     2.7176     2.7180
     1.2981     1.8773     2.6819     2.3977
     1.0049     1.6481     2.7087     2.0963
     0.6672     1.4190     2.7087     1.7196
     0.3294     1.1716     2.6997     1.3618
    -0.0173     0.8968     2.5746     1.0229
    -0.3640     0.5947     2.3869     0.5901
    -0.7375     0.2470     2.0384     0.2890
    -1.0132    -0.0457     1.7972    -0.0307
    -1.3156    -0.3749     1.4667    -0.3599
    -1.6092    -0.6217     1.1184    -0.7641
    -1.8850    -0.9506     0.8773    -1.1494
    -2.0185    -1.1241     0.5737    -1.4595
    -2.2587    -1.4436     0.2255    -1.7413
    -2.3566    -1.5988    -0.0868    -2.0137
    -2.5435    -1.8360    -0.4973    -2.2860
    -2.6859    -2.0641    -0.7829    -2.4550
    -2.7037    -2.1735    -1.1486    -2.6990
    -2.7393    -2.3468    -1.3983    -2.8492
    -2.7571    -2.4653    -1.6748    -3.0557
    -2.7749    -2.5473    -1.9601    -3.1214
    -2.7126    -2.6111    -2.2098    -3.2527
    -2.6236    -2.6749    -2.3792    -3.2527
    -2.5702    -2.6658    -2.6020    -3.2527
    -2.3655    -2.6840    -2.7268    -3.1964
    -2.2231    -2.6202    -2.8605    -3.1120
    -2.0541    -2.5199    -2.9228    -3.0088
    -1.8405    -2.4014    -3.0298    -2.8586
    -1.5825    -2.2920    -3.0922    -2.7554
    -1.2978    -2.1644    -3.0743    -2.5582
    -0.9954    -1.9364    -3.0387    -2.3611
    -0.6752    -1.7539    -2.9674    -2.0231
    -0.4174    -1.4436    -2.8783    -1.6943
    -0.1595    -1.1971    -2.7357    -1.3655
     0.1161    -0.8775    -2.5842    -1.0461
     0.4716    -0.6308    -2.4416    -0.7359
     0.7027    -0.2103    -2.2722    -0.4069
     0.9960     0.0640    -2.0493    -0.0590
     1.2981     0.4117    -1.7372     0.3737
     1.5291     0.7412    -1.4429     0.7500
     1.7246     1.0525    -1.1129     1.1735
     1.9911     1.3915    -0.7650     1.5877
     2.1509     1.7123    -0.4527     2.0021
     2.2930     2.0423    -0.0779     2.4165
     2.4884     2.2625     0.2255     2.7652
     2.5950     2.5010     0.6005     3.0384
     2.7726     2.7580     0.9398     3.3307
     2.8259     2.9968     1.3238     3.5758
     2.8791     3.1437     1.6990     3.7361
     2.9679     3.2080     2.0831     3.8021
     2.9146     3.2264     2.4137     3.8492
     2.8170     3.1896     2.6461     3.8304
     2.7104     3.1529     2.7265     3.8115
     2.5595     3.0519     2.7891     3.7266
     2.3907     2.9508     2.9053     3.5003
     2.1953     2.7121     2.9947     3.2552
     1.8845     2.5010     3.1109     2.9631
     1.6713     2.1983     3.1199     2.7086
     1.3514     1.8865     3.0841     2.3129
     1.0937     1.5381     3.0930     1.8891
     0.8094     1.2357     3.0394     1.4559
     0.4450     0.9884     2.9500     1.0041
     0.1516     0.6863     2.6193     0.6371
    -0.1684     0.3110     2.3065     0.2514
    -0.4974    -0.0183     1.8866    -0.1060
    -0.8175    -0.3932     1.5560    -0.3787
    -1.1377    -0.7039     1.1898    -0.6701
    -1.3690    -0.9688     0.8416    -1.0648
    -1.6092    -1.2428     0.4844    -1.4689
    -1.8672    -1.4801     0.1095    -1.8258
    -1.9918    -1.7722    -0.2118    -2.1076
    -2.2053    -1.9637    -0.5866    -2.3517
    -2.3477    -2.1644    -0.9880    -2.5770
    -2.4990    -2.3376    -1.3627    -2.7272
    -2.5791    -2.4470    -1.6302    -2.8774
    -2.6325    -2.5837    -1.8977    -3.0557
    -2.7393    -2.7204    -2.1206    -3.1589
    -2.6948    -2.7204    -2.3702    -3.1871
    -2.7393    -2.8480    -2.5931    -3.2903
    -2.6325    -2.7751    -2.7000    -3.3184
    -2.6147    -2.7933    -2.8337    -3.3278
    -2.4456    -2.6749    -3.0030    -3.3090
    -2.3566    -2.6931    -3.0565    -3.1964
    -2.1964    -2.5655    -3.1545    -2.9994
    -1.9473    -2.3832    -3.1456    -2.8305
    -1.7871    -2.3103    -3.1100    -2.6615
    -1.5380    -2.0550    -3.0654    -2.4456
    -1.2356    -1.9090    -2.9407    -2.2484
    -0.9598    -1.6170    -2.9050    -1.9761
    -0.6130    -1.3158    -2.7179    -1.7037
    -0.3551    -1.0693    -2.5396    -1.4031
    -0.0084    -0.7770    -2.3881    -1.0930
     0.2494    -0.5211    -2.1741    -0.8111
     0.5694    -0.2378    -1.9066    -0.4445
     0.8894     0.0366    -1.5856    -0.1248
     1.1648     0.3202    -1.2378     0.2514
     1.5025     0.6039    -0.9345     0.5713
     1.7334     0.9426    -0.5687     0.9947
     1.9466     1.2357    -0.2832     1.3241
     2.1776     1.4648     0.0917     1.7102
     2.3286     1.6481     0.4398     2.0398
     2.5239     1.8681     0.7612     2.3506
     2.6216     2.0882     1.1630     2.6144
     2.7548     2.2625     1.5918     2.8594
     2.8436     2.4735     1.9759     3.0573
     2.8436     2.5286     2.2797     3.1987
     2.9324     2.6938     2.5835     3.3589
     2.8969     2.6754     2.8427     3.4061
     2.8259     2.7121     3.0036     3.4532
     2.6749     2.6479     3.0483     3.4344
     2.5950     2.5561     3.1020     3.3024
     2.4707     2.4643     3.0841     3.1516
     2.2842     2.3175     3.0841     3.0479
     2.0532     2.2258     3.0841     2.8311
     1.7867     1.9782     3.0841     2.6144
     1.5469     1.7764     3.0305     2.4165
     1.3425     1.5931     3.0573     2.0774
     1.0582     1.3090     2.9321     1.6631
     0.7561     1.0708     2.6729     1.2677
     0.4005     0.8602     2.3333     0.8818
     0.0716     0.5123     1.9938     0.4396
    -0.2040     0.2195     1.6990     0.0821
    -0.5241    -0.0823     1.2791    -0.1906
    -0.8798    -0.3566     0.9755    -0.4633
    -1.1733    -0.6856     0.7166    -0.8111
    -1.4935    -0.8683     0.3952    -1.1964
    -1.7337    -1.1606     0.0381    -1.5346
    -1.9295    -1.4163    -0.3189    -1.7883
    -2.1074    -1.6079    -0.6580    -2.0982
    -2.3032    -1.8087    -0.9434    -2.3235
    -2.4545    -2.0367    -1.1754    -2.5958
    -2.6147    -2.2100    -1.4608    -2.7648
    -2.6681    -2.3741    -1.6748    -2.9337
    -2.7660    -2.4470    -1.8353    -3.0369
    -2.8016    -2.5655    -2.0226    -3.1401
    -2.7482    -2.7296    -2.1652    -3.2246
    -2.6948    -2.7569    -2.2989    -3.2903
    -2.6770    -2.7660    -2.3970    -3.3372
    -2.4990    -2.8116    -2.5129    -3.3466
    -2.4189    -2.8116    -2.5396    -3.2903
    -2.1786    -2.7022    -2.5485    -3.1683
    -2.0096    -2.6567    -2.5574    -3.0275
    -1.8316    -2.5291    -2.5663    -2.8774
    -1.5380    -2.3285    -2.5129    -2.6897
    -1.3334    -2.2100    -2.4148    -2.5113
    -1.0043    -1.9546    -2.2811    -2.3235
    -0.7642    -1.7813    -2.2187    -2.0418
    -0.4529    -1.5167    -2.0226    -1.6662
    -0.1595    -1.2611    -1.8175    -1.3186
     0.0894    -1.0328    -1.5410    -0.9615
     0.3828    -0.7679    -1.2913    -0.6043
     0.6316    -0.5120    -1.0594    -0.2282
     0.9782    -0.1097    -0.8096     0.2044
     1.2004     0.2561    -0.6133     0.5995
     1.4403     0.5947    -0.3010     0.9947
     1.7512     0.8419    -0.0333     1.3900
     1.9378     1.1808     0.2434     1.8137
     2.1865     1.4648     0.5469     2.1810
     2.3374     1.7581     0.8237     2.5296
     2.4795     2.0240     1.2434     2.8123
     2.6927     2.2258     1.4935     3.0856
     2.7726     2.4460     1.8062     3.3778
     2.8880     2.7213     2.0742     3.6041
     2.9146     2.8682     2.2886     3.7549
     2.9058     3.0519     2.4495     3.8304
     2.9235     3.0610     2.5567     3.8492
     2.8259     3.1437     2.7355     3.8021
     2.7104     3.0978     2.9143     3.7549
     2.5506     2.9325     3.0215     3.5286
     2.3463     2.7856     3.0036     3.3684
     2.0799     2.6846     2.9992     3.1610
     1.8312     2.4001     2.9947     2.8594
     1.5647     2.1249     2.9053     2.5579
     1.3425     1.8039     2.8338     2.2281
     1.0582     1.4831     2.6729     1.7855
     0.7383     1.1624     2.4852     1.3618
     0.4361     0.9060     2.3333     0.9288
     0.1428     0.6130     2.1278     0.5148
    -0.1595     0.2470     1.9491     0.0915
    -0.5063    -0.1189     1.6990    -0.2188
    -0.8442    -0.4480     1.4846    -0.5197
    -1.0755    -0.8135     1.1541    -0.8111
    -1.4135    -1.0145     0.9041    -1.1776
    -1.6537    -1.3250     0.6094    -1.4689
    -1.8049    -1.6079     0.3773    -1.7789
    -2.0541    -1.7904     0.1363    -2.0325
    -2.2142    -2.0185    -0.1047    -2.3423
    -2.4011    -2.2373    -0.3724    -2.5207
    -2.5346    -2.3923    -0.6044    -2.7178
    -2.6147    -2.5199    -0.8096    -2.8868
    -2.6948    -2.5837    -0.9970    -2.9712
    -2.7749    -2.6202    -1.2110    -3.0463
    -2.8194    -2.6658    -1.3983    -3.1589
    -2.8372    -2.7569    -1.5500    -3.1871
    -2.7660    -2.7204    -1.6926    -3.2058
    -2.7393    -2.6931    -1.8175    -3.1871
    -2.6147    -2.6840    -1.8977    -3.1120
    -2.4545    -2.5564    -1.9869    -2.9994
    -2.2765    -2.4106    -2.0850    -2.9337
    -2.1430    -2.3103    -2.1652    -2.7554
    -1.9028    -2.0732    -2.1919    -2.5958
    -1.6804    -1.8999    -2.1295    -2.3987
    -1.3779    -1.6353    -2.1206    -2.1639
    -1.0844    -1.4071    -2.0404    -1.8728
    -0.7731    -1.1241    -1.9869    -1.5816
    -0.4707    -0.9140    -1.8710    -1.2528
    -0.1328    -0.6217    -1.7996    -0.9615
     0.1339    -0.3475    -1.6391    -0.6701
     0.4361    -0.0640    -1.5321    -0.3128
     0.7916     0.2012    -1.3538     0.0351
     1.0760     0.5123    -1.1932     0.4490
     1.3514     0.8419    -0.9524     0.8347
     1.5824     1.1258    -0.7293     1.1735
     1.7867     1.3640    -0.4973     1.5877
     2.0088     1.6481    -0.2296     1.9644
     2.1776     1.9323     0.0203     2.2941
     2.3019     2.1708     0.3148     2.5955
     2.4973     2.3267     0.5380     2.8877
     2.5861     2.4919     0.8416     3.1516
     2.6749     2.6387     1.0737     3.4061
     2.7815     2.7397     1.3863     3.6041
     2.7459     2.8866     1.5560     3.7455
     2.7637     2.8590     1.8598     3.8115
     2.7193     2.8682     2.1278     3.8209
     2.6571     2.8315     2.3065     3.8021
     2.5239     2.8223     2.4852     3.8115
     2.3819     2.6938     2.6014     3.6512
     2.2042     2.5561     2.7534     3.5569
     1.9200     2.4001     2.8338     3.2929
     1.6535     2.2717     2.8785     3.0573
     1.3603     2.0607     2.8427     2.6615
     1.0849     1.8223     2.7623     2.3412
     0.7649     1.5289     2.7087     1.8702
     0.4539     1.2724     2.6282     1.4936
     0.1605     1.0250     2.4763     1.0700
    -0.1328     0.7137     2.3154     0.6465
    -0.5063     0.4300     2.0653     0.2702
    -0.7731     0.0732     1.8508     0.0163
    -1.0755    -0.1829     1.5650    -0.2752
    -1.3957    -0.5029     1.2702    -0.6419
    -1.6270    -0.7496     0.9576    -1.0179
    -1.8850    -1.0236     0.7433    -1.3561
    -2.0718    -1.2245     0.4398    -1.6943
    -2.2053    -1.4710     0.1452    -2.0043
    -2.4100    -1.6809    -0.2118    -2.3048
    -2.5435    -1.8269    -0.5063    -2.4831
    -2.6325    -1.9455    -0.7918    -2.7366
    -2.7215    -2.0823    -1.0683    -2.8586
    -2.8461    -2.2556    -1.3627    -2.9806
    -2.8105    -2.2920    -1.5946    -3.0463
    -2.8194    -2.3832    -1.8531    -3.1120
    -2.8105    -2.4470    -2.0226    -3.0838
    -2.7749    -2.4561    -2.2276    -3.1401
    -2.7393    -2.4744    -2.3702    -3.1026
    -2.5791    -2.4926    -2.5218    -3.0088
    -2.4990    -2.3741    -2.6109    -2.9149
    -2.2943    -2.3376    -2.6644    -2.7554
    -2.1341    -2.1735    -2.7713    -2.6052
    -1.8939    -2.0367    -2.7357    -2.3987
    -1.6270    -1.9090    -2.7535    -2.1264
    -1.3779    -1.6627    -2.7089    -1.9104
    -1.1021    -1.4254    -2.5931    -1.6568
    -0.8175    -1.0693    -2.5307    -1.3843
    -0.4885    -0.8044    -2.4059    -0.9709
    -0.1151    -0.5851    -2.2633    -0.5479
     0.2139    -0.2195    -2.0850    -0.2470
     0.4983     0.0823    -1.8531     0.0633
     0.8982     0.4483    -1.5946     0.4584
     1.2181     0.7595    -1.3627     0.9100
     1.5114     1.0800    -1.0683     1.3147
     1.7601     1.3732    -0.8007     1.7855
     1.9200     1.7398    -0.4617     2.1905
     2.1509     1.9598    -0.1225     2.5861
     2.3108     2.2900     0.2166     2.8782
     2.4263     2.5378     0.5291     3.2552
     2.4351     2.6754     0.8951     3.5381
     2.5861     2.8774     1.2256     3.7832
     2.6305     3.0427     1.5650     3.8209
     2.5861     3.1253     1.8955     3.8209
     2.5950     3.2172     2.2261     3.8398
     2.6039     3.2264     2.4674     3.8587
     2.6039     3.2172     2.6819     3.8870
     2.5328     3.1437     2.9232     3.8775
     2.3907     3.0427     3.0752     3.8398
     2.2930     2.8590     3.1199     3.7455
     2.0443     2.7305     3.1377     3.4626
     1.8312     2.4919     3.1199     3.1516
     1.5558     2.2350     3.1109     2.8500
     1.3070     1.9598     3.0662     2.4636
     0.9960     1.7398     3.0841     2.0774
     0.6316     1.5014     2.9679     1.6819
     0.3028     1.1991     2.7534     1.3618
     0.0094     0.9426     2.4852     0.9477
    -0.3107     0.6405     2.1635     0.6371
    -0.6219     0.3202     1.8419     0.2890
    -0.9776     0.0549     1.4846    -0.0401
    -1.2445    -0.3383     1.1898    -0.4163
    -1.5825    -0.5851     0.9130    -0.7829
    -1.7871    -0.9140     0.5826    -1.1400
    -2.0185    -1.1424     0.3059    -1.4877
    -2.2409    -1.2793    -0.0779    -1.7413
    -2.3566    -1.5167    -0.4081    -1.9949
    -2.5346    -1.6900    -0.6936    -2.1921
    -2.6147    -1.8999    -1.0326    -2.4456
    -2.6948    -2.1188    -1.2467    -2.6146
    -2.7749    -2.2373    -1.4875    -2.7835
    -2.8016    -2.3832    -1.6837    -2.8774
    -2.7927    -2.4561    -1.9334    -2.9431
    -2.8105    -2.4653    -2.0850    -3.0088
    -2.7215    -2.4835    -2.2009    -3.0463
    -2.6770    -2.4379    -2.3613    -3.0745
    -2.5613    -2.4014    -2.4683    -3.0838
    -2.4456    -2.3741    -2.5039    -2.9994
    -2.2409    -2.3194    -2.5307    -2.9337
    -2.0985    -2.2920    -2.5842    -2.8117
    -1.8138    -2.1826    -2.5574    -2.7272
    -1.6003    -2.0550    -2.5307    -2.5019
    -1.3334    -1.8087    -2.4326    -2.3611
    -1.0221    -1.5897    -2.3168    -2.0982
    -0.7464    -1.3706    -2.1830    -1.8728
    -0.4440    -1.1697    -2.0582    -1.5440
    -0.1328    -0.9049    -1.9245    -1.1494
     0.1872    -0.6673    -1.6837    -0.7359
     0.5250    -0.3840    -1.4340    -0.4069
     0.8272    -0.1189    -1.1575    -0.0496
     1.1382     0.2287    -0.9345     0.2326
     1.4492     0.5032    -0.7026     0.7218
     1.6801     0.8327    -0.3992     1.1453
     1.9466     1.1533    -0.1315     1.5689
     2.1154     1.4190     0.1898     1.9550
     2.2842     1.7031     0.5201     2.3223
     2.4529     2.0423     0.8148     2.6238
     2.5595     2.2350     1.1452     2.9913
     2.6305     2.4552     1.4846     3.2175
     2.6749     2.6571     1.7526     3.4626
     2.7815     2.8223     2.0027     3.6418
     2.7548     2.8866     2.2172     3.7078
     2.7637     2.9508     2.4674     3.7738
     2.7193     2.9876     2.6550     3.7266
     2.6660     2.8774     2.8070     3.6701
     2.6216     2.8590     2.9232     3.5569
     2.4884     2.7121     3.0215     3.3589
     2.3286     2.5745     3.0126     3.1798
     2.1509     2.3726     3.0305     2.9159
     1.8312     2.1616     3.0573     2.6332
     1.5647     1.8773     2.9590     2.3506
     1.3159     1.6206     2.8874     1.9927
     1.0138     1.2907     2.7444     1.5313
     0.6050     1.0525     2.5657     1.1077
     0.2672     0.7778     2.3691     0.7500
    -0.0350     0.4208     2.1457     0.3737
    -0.3907     0.1098     1.8776     0.0069
    -0.6930    -0.1372     1.6364    -0.2188
    -0.9954    -0.4663     1.3685    -0.5761
    -1.2622    -0.7861     1.1005    -0.8769
    -1.5202    -1.0328     0.8505    -1.2434
    -1.7693    -1.2428     0.5737    -1.5534
    -1.9740    -1.5349     0.2523    -1.8728
    -2.1163    -1.7448    -0.0154    -2.0982
    -2.2765    -1.9181    -0.3189    -2.4080
    -2.3744    -2.0276    -0.5866    -2.6240
    -2.5346    -2.2465    -0.8810    -2.8023
    -2.5880    -2.3650    -1.0862    -2.8868
    -2.6236    -2.4288    -1.3359    -2.9994
    -2.6503    -2.5291    -1.4875    -3.1308
    -2.6503    -2.5837    -1.6837    -3.1871
    -2.5880    -2.6384    -1.8086    -3.2434
    -2.5702    -2.6293    -2.0047    -3.2715
    -2.4278    -2.6384    -2.1741    -3.2621
    -2.3121    -2.5655    -2.3168    -3.1964
    -2.1964    -2.4835    -2.4237    -3.1120
    -2.0718    -2.3468    -2.4772    -3.0088
    -1.8049    -2.3012    -2.5039    -2.8492
    -1.6359    -2.1188    -2.4683    -2.6521
    -1.3868    -1.9181    -2.4237    -2.4268
    -1.0755    -1.7904    -2.4059    -2.1733
    -0.8353    -1.5075    -2.3435    -1.9010
    -0.5241    -1.2793    -2.2098    -1.5722
    -0.1595    -1.0145    -2.1652    -1.1964
     0.1161    -0.7861    -1.9691    -0.8299
     0.4450    -0.4663    -1.7996    -0.5197
     0.7561    -0.1738    -1.6124    -0.1342
     1.0849     0.1189    -1.3448     0.1856
     1.4758     0.3476    -1.1308     0.5807
     1.7690     0.6863    -0.8988     1.0324
     1.9733     0.9152    -0.6490     1.4559
     2.2398     1.2907    -0.3189     1.8326
     2.4263     1.5564     0.0024     2.1434
     2.5506     1.8406     0.2970     2.5484
     2.6927     2.0607     0.6451     2.8500
     2.8614     2.2717     0.9219     3.1610
     2.9146     2.4827     1.1988     3.3684
     2.9768     2.7213     1.4756     3.6418
     3.0034     2.8315     1.7615     3.8115
     2.9235     3.0335     2.0116     3.8681
     2.9324     3.0886     2.2350     3.8775
     2.8703     3.0886     2.4406     3.8304
     2.7637     3.0519     2.6461     3.8115
     2.6660     3.0335     2.8159     3.7738
     2.5861     2.8774     2.9679     3.5663
     2.3730     2.7121     3.0483     3.3778
     2.2131     2.5745     3.0573     3.0856
     1.9200     2.3175     3.0573     2.7086
     1.6713     2.0699     3.0126     2.3600
     1.3603     1.7856     2.9143     1.8985
     1.0227     1.4373     2.7712     1.4936
     0.7294     1.1991     2.5567     1.0512
     0.3739     0.8968     2.3601     0.6277
    -0.0173     0.5764     2.0742     0.2984
    -0.2929     0.2561     1.7704    -0.0401
    -0.6041    -0.1372     1.4310    -0.3034
    -0.9865    -0.4023     1.1273    -0.6325
    -1.2267    -0.7861     0.7880    -0.9897
    -1.4846    -1.0510     0.4309    -1.3843
    -1.6804    -1.2976     0.1363    -1.6568
    -1.8494    -1.5075    -0.2207    -1.9949
    -2.0718    -1.6718    -0.5063    -2.2015
    -2.2142    -1.8269    -0.8542    -2.3987
    -2.2943    -2.0550    -1.1040    -2.5770
    -2.3922    -2.1644    -1.3716    -2.7272
    -2.4990    -2.2465    -1.6213    -2.8492
    -2.4723    -2.4288    -1.8888    -2.9431
    -2.4990    -2.4926    -2.0582    -3.0463
    -2.5435    -2.4744    -2.2900    -3.1026
    -2.4545    -2.5291    -2.4148    -3.1401
    -2.4100    -2.4744    -2.5485    -3.1120
    -2.3032    -2.4288    -2.6555    -3.1120
    -2.1163    -2.3194    -2.7268    -2.9900
    -1.9740    -2.2738    -2.7713    -2.8305
    -1.7871    -2.1370    -2.8337    -2.6897
    -1.6003    -2.0367    -2.8159    -2.5489
    -1.3512    -1.8725    -2.7268    -2.3423
    -1.1644    -1.7083    -2.6911    -2.1170
    -0.8620    -1.4436    -2.5396    -1.9198
    -0.5863    -1.2245    -2.4505    -1.6380
    -0.3284    -1.0054    -2.2811    -1.3373
    -0.0528    -0.7404    -2.1474    -0.9239
     0.2939    -0.4297    -1.9245    -0.6043
     0.5872    -0.2012    -1.6837    -0.2188
     0.9338     0.1006    -1.4340     0.0633
     1.2892     0.3110    -1.1754     0.4678
     1.5202     0.6313    -0.8453     0.8724
     1.7867     0.8877    -0.5687     1.3147
     2.0976     1.1624    -0.2475     1.7102
     2.3019     1.4648     0.0917     2.0774
     2.4884     1.7123     0.3594     2.4731
     2.6483     2.0057     0.7255     2.7934
     2.7548     2.1891     1.0469     3.0950
     2.8791     2.4460     1.4131     3.3307
     2.8880     2.7121     1.6543     3.6041
     2.9768     2.8407     1.9134     3.7738
     2.9235     2.9784     2.1635     3.8398
     2.9058     3.0610     2.3959     3.8587
     2.7815     3.1253     2.6014     3.8492
     2.7193     3.1437     2.8159     3.8492
     2.5417     3.1070     2.9590     3.8304
     2.4618     3.0794     2.9947     3.7549
     2.2842     2.9600     3.0930     3.5946
     2.0710     2.8223     3.0483     3.3495
     1.8667     2.6020     3.0573     2.9913
     1.6890     2.3451     2.9768     2.6238
     1.3781     2.0515     2.9411     2.2187
     1.1471     1.6939     2.7534     1.7949
     0.8094     1.4373     2.6104     1.3241
     0.4716     1.1624     2.4495     0.9382
     0.1161     0.7595     2.1993     0.5619
    -0.2218     0.4483     1.9938     0.2326
    -0.5952     0.0640     1.7079    -0.0872
    -0.8709    -0.2469     1.4756    -0.4069
    -1.2445    -0.6491     1.1898    -0.8205
    -1.4668    -0.8958     0.8594    -1.1682
    -1.7070    -1.1789     0.5737    -1.4971
    -1.9562    -1.4619     0.2613    -1.7977
    -2.1252    -1.6353     0.0381    -2.0512
    -2.3299    -1.8452    -0.2296    -2.3235
    -2.5435    -2.0094    -0.5241    -2.4925
    -2.6058    -2.1006    -0.7918    -2.5770
    -2.7126    -2.3012    -1.0594    -2.7178
    -2.7749    -2.3923    -1.2467    -2.8868
    -2.7749    -2.4744    -1.4340    -3.0369
    -2.7927    -2.4926    -1.6124    -3.1308
    -2.7927    -2.5382    -1.7640    -3.1871
    -2.6770    -2.5199    -1.9066    -3.1589
    -2.6147    -2.4835    -2.0939    -3.1120
    -2.4634    -2.4653    -2.2098    -3.0463
    -2.2765    -2.3923    -2.3078    -2.9712
    -2.1608    -2.2556    -2.3346    -2.8962
    -1.9295    -2.1279    -2.3881    -2.7741
    -1.7159    -1.9729    -2.4237    -2.6240
    -1.4579    -1.8087    -2.3613    -2.4268
    -1.1911    -1.5897    -2.3613    -2.2015
    -0.8887    -1.4528    -2.3257    -1.9479
    -0.6841    -1.1789    -2.2544    -1.6286
    -0.3196    -0.9688    -2.1206    -1.2528
    -0.0706    -0.7222    -2.0315    -0.9239
     0.1872    -0.4480    -1.8175    -0.6137
     0.4983    -0.1920    -1.6391    -0.3128
     0.7916     0.1098    -1.4429     0.0257
     1.1026     0.3659    -1.2021     0.4207
     1.4492     0.6130    -1.0059     0.8347
     1.7068     0.8694    -0.7383     1.2394
     1.9466     1.1716    -0.4795     1.6631
     2.2042     1.4831    -0.1493     2.0209
     2.3463     1.7031     0.1184     2.4636
     2.4973     1.9598     0.4130     2.7746
     2.6483     2.1065     0.7255     3.1610
     2.6927     2.3451     1.0737     3.4249
     2.7060     2.5378     1.3149     3.6606
     2.7193     2.6295     1.6275     3.8021
     2.7726     2.7489     1.9223     3.8587
     2.6660     2.8590     2.1814     3.8870
     2.6305     2.8498     2.3959     3.8870
     2.4973     2.8958     2.6193     3.8587
     2.4174     2.8590     2.8159     3.7927
     2.2842     2.7580     2.9232     3.5475
     2.0888     2.6479     2.9947     3.2741
     1.9289     2.4919     3.0305     3.0290
     1.7157     2.2992     2.9768     2.6332
     1.4314     2.0607     2.9679     2.2564
     1.1559     1.7581     2.8606     1.8137
     0.8360     1.3823     2.7355     1.3618
     0.5072     1.0892     2.5478     0.8912
     0.1783     0.7412     2.2797     0.4772
    -0.1417     0.4208     1.9938     0.1479
    -0.4618     0.1281     1.7258    -0.1248
    -0.7820    -0.2286     1.4399    -0.4539
    -1.1555    -0.6308     1.0559    -0.7923
    -1.3779    -0.8592     0.7166    -1.1776
    -1.6181    -1.1697     0.4041    -1.5534
    -1.8583    -1.4436     0.0917    -1.8728
    -2.0363    -1.6718    -0.2564    -2.0888
    -2.1608    -1.7995    -0.5687    -2.3142
    -2.3655    -2.0458    -0.8542    -2.4644
    -2.4723    -2.1553    -1.1664    -2.6240
    -2.5791    -2.3194    -1.4073    -2.7835
    -2.6147    -2.4470    -1.6035    -2.8962
    -2.6503    -2.5017    -1.7907    -3.0088
    -2.6859    -2.5655    -1.9958    -3.1214
    -2.6681    -2.6111    -2.1563    -3.1871
    -2.5880    -2.6475    -2.3168    -3.1871
    -2.5346    -2.6020    -2.4326    -3.1871
    -2.3833    -2.4835    -2.5218    -3.0369
    -2.2231    -2.3923    -2.6109    -2.9149
    -2.1252    -2.2647    -2.6198    -2.7460
    -1.8850    -2.0914    -2.6109    -2.6240
    -1.6715    -1.9090    -2.5663    -2.4831
    -1.4757    -1.7539    -2.4950    -2.2954
    -1.2356    -1.5532    -2.3970    -2.0700
    -0.8531    -1.2793    -2.3168    -1.7977
    -0.6130    -1.0967    -2.1919    -1.5816
    -0.3373    -0.9232    -2.0493    -1.2904
    -0.0617    -0.6948    -1.8264    -0.9145
     0.2405    -0.4297    -1.6035    -0.6419
     0.5516    -0.1555    -1.4340    -0.2094
     0.8982     0.1189    -1.1575     0.1291
     1.1115     0.4208    -0.8899     0.5242
     1.4492     0.6588    -0.5420     0.9382
     1.6446     0.9884    -0.3189     1.3712
     1.8933     1.2724    -0.0601     1.7761
     2.1243     1.4373     0.2166     2.1810
     2.2842     1.6481     0.4398     2.6050
     2.4973     1.8956     0.8237     3.0196
     2.6838     2.1249     1.1452     3.3872
     2.7548     2.3451     1.4399     3.6889
     2.8791     2.5010     1.7079     3.8681
     2.8703     2.6938     1.9312     3.9341
     2.8436     2.7856     2.1546     3.9907
     2.7815     2.9417     2.3691     4.0756
     2.7548     3.0151     2.5746     4.0379
     2.6305     3.1253     2.7355     4.0756
     2.5506     3.1070     2.9143     4.0661
     2.4440     3.1161     3.0483     4.0001
     2.2753     2.9600     3.0930     3.8209
     2.1065     2.8590     3.0886     3.4721
     1.9022     2.6846     3.0841     3.1233
     1.6713     2.5010     3.0215     2.7369
     1.4136     2.2258     2.9858     2.3129
     1.1293     1.9140     2.8338     1.8137
     0.7561     1.5748     2.6640     1.4183
     0.4094     1.2540     2.5389     1.0041
     0.0983     0.8327     2.3333     0.6371
    -0.2484     0.5032     2.1099     0.3173
    -0.5863     0.1281     1.8151     0.0069
    -0.8798    -0.1555     1.5918    -0.3787
    -1.2000    -0.5577     1.2791    -0.7547
    -1.5202    -0.8866     1.0112    -1.1588
    -1.7070    -1.1150     0.6541    -1.4783
    -1.8939    -1.3432     0.3862    -1.7789
    -2.0541    -1.5714     0.0560    -2.0043
    -2.2676    -1.8269    -0.2207    -2.2203
    -2.3833    -1.9546    -0.5598    -2.3893
    -2.4990    -2.1188    -0.8096    -2.5582
    -2.5969    -2.2556    -1.0237    -2.6333
    -2.6325    -2.4106    -1.2735    -2.8305
    -2.6948    -2.4926    -1.4965    -2.9525
    -2.7304    -2.5199    -1.6837    -3.0932
    -2.7037    -2.5199    -1.8977    -3.2340
    -2.6147    -2.5108    -2.0493    -3.2152
    -2.5346    -2.4561    -2.2187    -3.1026
    -2.4545    -2.3468    -2.3524    -3.0275
    -2.2943    -2.2373    -2.4950    -2.8868
    -2.1430    -2.1006    -2.5396    -2.8680
    -1.9206    -1.9181    -2.5753    -2.7835
    -1.7159    -1.7539    -2.6198    -2.6615
    -1.4757    -1.5897    -2.6109    -2.5019
    -1.2534    -1.4254    -2.5396    -2.2860
    -0.9420    -1.1880    -2.4237    -1.9667
    -0.6664    -0.9871    -2.3257    -1.6192
    -0.4351    -0.8683    -2.2098    -1.2904
    -0.0617    -0.5668    -2.0671    -0.9427
     0.2405    -0.3109    -1.8531    -0.6795
     0.5072    -0.0457    -1.6926    -0.3223
     0.8538     0.1738    -1.4251    -0.0307
     1.1204     0.4666    -1.1575     0.3455
     1.3959     0.6954    -0.8899     0.8159
     1.7157     0.8877    -0.5687     1.1924
     1.9022     1.1808    -0.3278     1.6913
     2.1154     1.3823     0.0381     2.0868
     2.3374     1.5839     0.3416     2.5107
     2.4707     1.7948     0.7076     2.8971
     2.5861     2.0423     0.9934     3.2081
     2.6838     2.2533     1.3595     3.5003
     2.7015     2.4552     1.6096     3.7172
     2.7548     2.6112     1.9759     3.8870
     2.7193     2.7213     2.2618     3.9813
     2.6571     2.8315     2.5389     3.9624
     2.5950     2.8958     2.7176     3.9435
     2.5417     2.9417     2.9590     3.8681
     2.3463     2.9876     3.0215     3.6889
     2.2664     2.9049     3.0573     3.4626
     2.0532     2.7764     3.1109     3.1987
     1.8400     2.6204     3.0930     2.8688
     1.6890     2.4001     3.0752     2.5484
     1.4669     2.1157     3.0662     2.1528
     1.2004     1.7948     2.9590     1.7007
     0.8627     1.4373     2.8427     1.3147
     0.5605     1.1075     2.6104     0.9006
     0.2494     0.7687     2.4406     0.5619
    -0.1151     0.4574     2.1546     0.2044
    -0.4174     0.1189     1.8598    -0.0307
    -0.7997    -0.2012     1.5828    -0.3128
    -1.0844    -0.6034     1.3238    -0.6701
    -1.3779    -0.9049     1.0112    -1.0648
    -1.6092    -1.1606     0.7344    -1.4407
    -1.8672    -1.3615     0.3862    -1.7131
    -2.0274    -1.6170     0.0827    -1.9761
    -2.2498    -1.7539    -0.2207    -2.2015
    -2.4456    -1.8634    -0.5241    -2.3893
    -2.5435    -2.0458    -0.7383    -2.5395
    -2.7037    -2.1279    -0.9880    -2.6333
    -2.7927    -2.2282    -1.2021    -2.7272
    -2.8372    -2.3468    -1.4340    -2.8398
    -2.8639    -2.3832    -1.6124    -3.0275
    -2.8906    -2.3559    -1.7818    -3.1120
    -2.8105    -2.2647    -1.9156    -3.1495
    -2.7838    -2.2647    -2.0404    -3.0745
    -2.6770    -2.1553    -2.1652    -2.9243
    -2.5257    -2.0732    -2.2722    -2.8680
    -2.3744    -1.9637    -2.3792    -2.6990
    -2.1519    -1.8634    -2.4059    -2.5958
    -2.0007    -1.7083    -2.4326    -2.4174
    -1.7960    -1.5075    -2.4059    -2.2390
    -1.4935    -1.3797    -2.3524    -2.0606
    -1.2178    -1.1880    -2.2900    -1.8540
    -0.9687    -0.9049    -2.2098    -1.5346
    -0.6930    -0.7404    -2.1295    -1.1870
    -0.3462    -0.5029    -1.9423    -0.7829
    -0.0528    -0.2835    -1.7729    -0.4727
     0.2139    -0.0274    -1.6391    -0.1624
     0.5516     0.2195    -1.3983     0.1762
     0.8538     0.4666    -1.1575     0.6183
     1.1648     0.7320    -0.9167     1.0041
     1.4136     0.9976    -0.6758     1.4371
     1.6713     1.2907    -0.4617     1.8137
     1.8578     1.5014    -0.1225     2.2187
     2.1332     1.7581     0.1720     2.5767
     2.2753     2.0148     0.4755     2.9065
     2.4884     2.1799     0.8058     3.2175
     2.5950     2.4185     1.0916     3.5758
     2.6838     2.6204     1.3238     3.8115
     2.7193     2.7489     1.6543     4.0001
     2.7060     2.9141     1.9312     3.9907
     2.6927     3.0335     2.2082     4.0190
     2.7015     3.1345     2.5210     4.0001
     2.5950     3.2264     2.7265     4.0284
     2.5239     3.2080     2.8517     3.9152
     2.3463     3.0886     2.9947     3.7266
     2.2486     2.9600     3.0305     3.5192
     2.1065     2.7580     3.0662     3.2835
     1.8667     2.5469     3.0573     2.9631
     1.7068     2.3359     3.0126     2.5955
     1.4492     1.9598     2.9679     2.1905
     1.1915     1.6664     2.8517     1.7102
     0.9249     1.3365     2.6729     1.2677
     0.6494     0.9152     2.5031     0.8253
     0.2672     0.5947     2.2708     0.4584
    -0.0350     0.1829     1.9848     0.1197
    -0.3196    -0.1280     1.6811    -0.2000
    -0.6930    -0.4846     1.2970    -0.5855
    -0.9332    -0.7861     0.9934    -0.9709
    -1.2267    -1.1058     0.7255    -1.3467
    -1.4491    -1.3615     0.4219    -1.6662
    -1.6181    -1.5532     0.1095    -1.9573
    -1.8494    -1.7630    -0.2029    -2.2203
    -1.9829    -1.9637    -0.5063    -2.3987
    -2.1697    -2.1097    -0.7829    -2.6240
    -2.2943    -2.2920    -1.0772    -2.7460
    -2.4545    -2.3559    -1.3002    -2.8680
    -2.5257    -2.4470    -1.5054    -3.0557
    -2.5435    -2.5291    -1.7105    -3.1495
    -2.5435    -2.5564    -1.8799    -3.3090
    -2.5257    -2.5837    -2.0315    -3.2997
    -2.4723    -2.5017    -2.1117    -3.2903
    -2.4278    -2.4926    -2.2544    -3.1308
    -2.3032    -2.4288    -2.3613    -3.0651
    -2.1697    -2.3376    -2.4326    -3.0088
    -2.0629    -2.2465    -2.4683    -2.8962
    -1.8227    -2.1370    -2.4416    -2.8586
    -1.6448    -1.9729    -2.4148    -2.6709
    -1.4402    -1.7813    -2.3792    -2.5395
    -1.1199    -1.6353    -2.3257    -2.2860
    -0.8264    -1.4254    -2.2365    -1.9855
    -0.6041    -1.1241    -2.1563    -1.6004
    -0.2484    -0.9506    -1.9958    -1.2434
     0.0094    -0.7039    -1.8710    -0.9333
     0.2761    -0.4480    -1.6837    -0.6137
     0.5783    -0.1920    -1.4519    -0.2752
     0.8894     0.0915    -1.2289     0.1197
     1.1204     0.3568    -0.9702     0.5054
     1.4580     0.6680    -0.7561     0.9477
     1.6979     0.9609    -0.5420     1.3053
     1.9555     1.2174    -0.2386     1.7290
     2.1953     1.4923     0.1006     2.1057
     2.3996     1.6848     0.4041     2.4731
     2.5772     1.9231     0.6987     2.8028
     2.7104     2.1616     0.9576     3.1327
     2.8614     2.3359     1.2702     3.3872
     2.8969     2.5653     1.5203     3.6418
     2.9590     2.7397     1.7972     3.9058
     2.9502     2.8039     2.0474     4.0001
     2.8436     2.8866     2.2886     4.0284
     2.8347     2.9325     2.4763     4.0190
     2.7282     2.9600     2.7176     3.9718
     2.5595     2.9141     2.8427     3.8775
     2.4440     2.8682     2.9590     3.6889
     2.2842     2.7764     3.0394     3.4626
     2.0976     2.5745     3.0394     3.1987
     1.8933     2.3634     3.0573     2.8500
     1.6002     2.1432     3.0215     2.4731
     1.4047     1.8956     2.9768     2.0680
     1.0937     1.5289     2.8874     1.6160
     0.7649     1.2999     2.7176     1.1171
     0.5072     0.9976     2.4942     0.7030
     0.1339     0.6313     2.1814     0.2796
    -0.1684     0.2836     1.9848     0.0727
    -0.4351    -0.0823     1.6364    -0.2846
    -0.7642    -0.3932     1.3238    -0.7171
    -1.0399    -0.7222     1.0380    -1.1212
    -1.3067    -0.9871     0.7433    -1.4689
    -1.5558    -1.2611     0.3862    -1.7601
    -1.7871    -1.4619     0.1095    -1.9855
    -2.0096    -1.6900    -0.2296    -2.2296
    -2.2142    -1.8816    -0.5509    -2.3799
    -2.3744    -2.0823    -0.8364    -2.6240
    -2.4812    -2.2738    -1.0951    -2.8211
    -2.6058    -2.4379    -1.3002    -2.9994
    -2.6592    -2.4926    -1.5143    -3.0838
    -2.6592    -2.5655    -1.7194    -3.1683
    -2.6414    -2.6749    -1.9512    -3.2434
    -2.6236    -2.6202    -2.1117    -3.2152
    -2.5524    -2.6202    -2.2454    -3.1401
    -2.4634    -2.5564    -2.3881    -3.0745
    -2.3388    -2.5473    -2.4594    -2.9900
    -2.1964    -2.4197    -2.5218    -2.9712
    -2.0185    -2.3194    -2.5307    -2.9055
    -1.7426    -2.1917    -2.5663    -2.8023
    -1.5380    -2.0276    -2.5574    -2.6615
    -1.2800    -1.7630    -2.5129    -2.4362
    -0.9865    -1.4801    -2.4416    -2.1733
    -0.7286    -1.3158    -2.2989    -1.8540
    -0.4529    -1.0784    -2.2187    -1.5722
    -0.1951    -0.8501    -2.0761    -1.2152
     0.1428    -0.6399    -1.8531    -0.9333
     0.4094    -0.4023    -1.6659    -0.5761
     0.7649    -0.1006    -1.5054    -0.2846
     1.0582     0.0915    -1.2735     0.1385
     1.3425     0.4208    -0.9702     0.5242
     1.6446     0.6863    -0.7293     0.9759
     1.9822     0.9060    -0.4706     1.3712
     2.2486     1.1808    -0.2118     1.7384
     2.4174     1.3548     0.1274     2.1339
     2.6039     1.5839     0.3773     2.5673
     2.7459     1.7764     0.6987     2.9536
     2.8081     1.9323     0.9666     3.2364
     2.8791     2.1341     1.2434     3.4815
     2.9768     2.2808     1.4667     3.7455
     2.9946     2.4460     1.7526     3.9624
     2.9502     2.6295     1.9312     3.9718
     2.9679     2.7489     2.1993     3.9813
     2.8703     2.7856     2.3869     4.0190
     2.7726     2.8131     2.5210     3.9058
     2.6394     2.8407     2.6282     3.8115
     2.5239     2.7856     2.7444     3.6041
     2.3019     2.7489     2.7712     3.3872
     2.0799     2.5378     2.7623     3.0761
     1.8845     2.3818     2.7355     2.7180
     1.5913     2.0974     2.6819     2.2847
     1.3070     1.8406     2.6014     1.8891
     1.0315     1.4831     2.4674     1.4371
     0.6850     1.2174     2.2618     1.0324
     0.3739     0.8327     2.1010     0.6559
     0.1072     0.4666     1.8240     0.2796
    -0.2129     0.1555     1.5203    -0.0401
    -0.4796    -0.2012     1.2881    -0.3693
    -0.7820    -0.5303     0.9844    -0.7547
    -1.1110    -0.8958     0.7433    -1.1024
    -1.2978    -1.0784     0.3952    -1.4689
    -1.5469    -1.3615     0.0917    -1.7037
    -1.7693    -1.5805    -0.2118    -2.0231
    -1.9295    -1.7448    -0.5063    -2.2484
    -2.0807    -1.9273    -0.8007    -2.4174
    -2.2320    -2.1006    -1.0505    -2.5770
    -2.3833    -2.2282    -1.3002    -2.7835
    -2.4456    -2.4014    -1.4965    -2.8868
    -2.5257    -2.4926    -1.7372    -2.9337
    -2.5168    -2.5382    -1.8799    -3.0651
    -2.5435    -2.4744    -2.0761    -3.1683
    -2.4901    -2.4926    -2.2365    -3.1636
    -2.3922    -2.3832    -2.3257    -3.1589
    -2.3121    -2.3194    -2.4505    -3.1401
    -2.1608    -2.2282    -2.5307    -3.0275
    -2.0274    -2.1462    -2.5842    -2.9712
    -1.8316    -2.0641    -2.6109    -2.8492
    -1.6626    -1.9364    -2.6287    -2.7648
    -1.3512    -1.8087    -2.5485    -2.5676
    -1.1199    -1.6262    -2.5039    -2.3423
    -0.7731    -1.3889    -2.4059    -1.9761
    -0.5419    -1.1606    -2.2722    -1.6286
    -0.2662    -0.9232    -2.1652    -1.3280
     0.0539    -0.7404    -2.0047    -0.9803
     0.3383    -0.5120    -1.7907    -0.7171
     0.5961    -0.2195    -1.5767    -0.3599
     0.9249     0.0091    -1.3092    -0.0401
     1.1293     0.2927    -1.1218     0.4019
     1.4047     0.5307    -0.8275     0.7877
     1.7246     0.8327    -0.5598     1.2300
     1.9111     1.0800    -0.2743     1.6819
     2.1154     1.2907    -0.0065     2.0303
     2.3197     1.5839     0.3059     2.3977
     2.5151     1.8223     0.6005     2.7840
     2.6127     2.0057     0.8862     3.1139
     2.6927     2.2350     1.1720     3.4344
     2.7193     2.4093     1.4935     3.6229
     2.7371     2.5561     1.7615     3.8775
     2.6571     2.7030     1.9402     3.9435
     2.6394     2.8498     2.1725     3.9624
     2.5772     2.9508     2.3333     4.0190
     2.4174     2.9876     2.5120     4.0096
     2.2753     3.0059     2.6014     3.9152
     2.1332     2.9233     2.6819     3.7738
     1.9466     2.8315     2.7802     3.6135
     1.6535     2.6387     2.7712     3.3495
     1.4225     2.4460     2.7802     3.0196
     1.1559     2.2441     2.7265     2.6898
     0.9782     1.9415     2.6014     2.2752
     0.6494     1.6481     2.4942     1.8514
     0.3828     1.3823     2.4137     1.3712
     0.0539     1.0525     2.2172     0.9665
    -0.1951     0.7595     1.9848     0.5713
    -0.5241     0.3659     1.7347     0.2232
    -0.8086     0.0823     1.5203    -0.0966
    -1.1733    -0.2378     1.1988    -0.4821
    -1.4135    -0.6125     0.9309    -0.8863
    -1.6359    -0.8958     0.6094    -1.2904
    -1.8672    -1.1424     0.3237    -1.5722
    -2.0452    -1.3706     0.0381    -1.8728
    -2.3121    -1.5714    -0.3189    -2.1076
    -2.4367    -1.8269    -0.5687    -2.3048
    -2.5791    -1.9546    -0.9078    -2.4456
    -2.7304    -2.1735    -1.1308    -2.6146
    -2.7571    -2.2829    -1.4073    -2.7741
    -2.8105    -2.4197    -1.5946    -2.9525
    -2.8372    -2.4926    -1.8264    -3.0745
    -2.8728    -2.5291    -1.9780    -3.2340
    -2.8105    -2.5382    -2.1830    -3.2715
    -2.7571    -2.5199    -2.3257    -3.2527
    -2.5791    -2.5291    -2.4148    -3.1683
    -2.5168    -2.4653    -2.5307    -3.0745
    -2.3388    -2.3468    -2.6020    -2.9806
    -2.1074    -2.2465    -2.6644    -2.8774
    -1.9384    -2.1553    -2.6822    -2.7741
    -1.6804    -1.9911    -2.6198    -2.6333
    -1.3690    -1.7630    -2.5307    -2.4738
    -1.1288    -1.5258    -2.4237    -2.2015
    -0.7909    -1.3067    -2.3613    -1.8258
    -0.4707    -1.1332    -2.1830    -1.5065
    -0.2395    -0.8501    -2.0493    -1.1964
     0.0894    -0.6308    -1.8353    -0.9333
     0.4005    -0.3566    -1.6748    -0.6325
     0.6850    -0.0457    -1.4519    -0.2846
     0.9693     0.1372    -1.1575     0.1009
     1.2892     0.4025    -0.8810     0.5336
     1.5558     0.6771    -0.5687     0.9194
     1.7779     0.9060    -0.2921     1.3241
     2.0710     1.2082    -0.0511     1.7290
     2.2753     1.4281     0.2345     2.1622
     2.4618     1.6114     0.5291     2.5296
     2.5595     1.8589     0.7969     2.8688
     2.7726     2.0332     1.1452     3.1421
     2.8969     2.2350     1.4488     3.4249
     2.9502     2.4552     1.7258     3.6323
     2.9502     2.6295     2.0206     3.8587
     2.8880     2.7489     2.2618     3.9058
     2.7726     2.8223     2.4048     3.9341
     2.7193     2.9233     2.5299     3.9152
     2.5239     2.9876     2.6997     3.9058
     2.3552     2.9784     2.7891     3.7738
     2.2486     2.9141     2.9053     3.5192
     2.0621     2.8039     2.9500     3.3118
     1.7779     2.6204     2.9411     3.0384
     1.6002     2.4001     2.9053     2.7275
     1.3603     2.1157     2.8606     2.3600
     1.0138     1.8589     2.7534     1.9832
     0.7649     1.4923     2.6372     1.5783
     0.4450     1.1716     2.4406     1.1359
     0.1161     0.8511     2.2708     0.6936
    -0.1684     0.5123     2.0563     0.3267
    -0.4885     0.1463     1.8240    -0.0025
    -0.8264    -0.2652     1.5739    -0.2752
    -1.1199    -0.5668     1.2256    -0.6701
    -1.3334    -0.9049     0.9576    -1.0648
    -1.5736    -1.1515     0.6451    -1.4595
    -1.7960    -1.3706     0.3684    -1.7695
    -2.0096    -1.6079     0.0470    -2.0231
    -2.1964    -1.7539    -0.3367    -2.2015
    -2.3477    -1.9181    -0.6401    -2.2954
    -2.4990    -2.0458    -0.9167    -2.4644
    -2.6147    -2.1370    -1.1932    -2.6052
    -2.6592    -2.2556    -1.4073    -2.6615
    -2.7304    -2.3376    -1.6926    -2.8211
    -2.7749    -2.3103    -1.8621    -2.9243
    -2.7126    -2.3741    -2.1117    -3.0275
    -2.6592    -2.3559    -2.2633    -3.0275
    -2.5969    -2.2465    -2.4059    -2.9994
    -2.4812    -2.2373    -2.5039    -2.8774
    -2.2943    -2.0914    -2.6109    -2.7460
    -2.1163    -1.9820    -2.6822    -2.6333
    -1.9384    -1.8452    -2.7000    -2.5395
    -1.6804    -1.7174    -2.7268    -2.4831
    -1.4757    -1.5440    -2.6822    -2.3142
    -1.2445    -1.3615    -2.6198    -2.0888
    -0.9420    -1.1880    -2.5039    -1.8071
    -0.5863    -1.0602    -2.3792    -1.4595
    -0.3373    -0.8135    -2.2009    -1.1306
    -0.0262    -0.6125    -2.0404    -0.8581
     0.2050    -0.3018    -1.8799    -0.5573
     0.5694    -0.0823    -1.6570    -0.2658
     0.8894     0.1738    -1.4519     0.0445
     1.1559     0.5123    -1.1218     0.4396
     1.4847     0.7778    -0.8275     0.8441
     1.7068     1.0892    -0.5777     1.2112
     2.0088     1.3732    -0.2386     1.6348
     2.2398     1.6023     0.0203     2.0209
     2.3907     1.8039     0.3416     2.3600
     2.6127     1.9873     0.6183     2.7369
     2.7104     2.2533     0.9666     3.0573
     2.8614     2.4093     1.2345     3.4061
     2.9857     2.4827     1.5114     3.5946
     2.9413     2.6204     1.8151     3.8021
     2.9058     2.7213     2.0295     3.8587
     2.9058     2.8131     2.2350     3.8964
     2.7548     2.7856     2.4048     3.8964
     2.6749     2.8407     2.5567     3.8492
     2.5683     2.7397     2.6729     3.7361
     2.3374     2.7489     2.7534     3.5381
     2.2309     2.6571     2.8517     3.2552
     2.0088     2.4735     2.9411     2.9819
     1.7867     2.3175     2.8964     2.6992
     1.5202     2.0148     2.8874     2.3412
     1.2359     1.7673     2.7891     1.9267
     0.9605     1.4556     2.7355     1.4936
     0.6227     1.1624     2.6372     1.0418
     0.3116     0.7687     2.4763     0.5807
    -0.0617     0.3842     2.3423     0.2044
    -0.3462     0.0274     2.1278    -0.1812
    -0.6308    -0.2560     1.8598    -0.4163
    -0.9865    -0.6765     1.5560    -0.7923
    -1.1911    -0.9140     1.2434    -1.2152
    -1.5024    -1.2611     0.9844    -1.5816
    -1.6715    -1.4984     0.6451    -1.9104
    -1.9028    -1.6900     0.3237    -2.2015
    -2.1252    -1.8725     0.0024    -2.4174
    -2.2409    -2.0823    -0.3724    -2.6052
    -2.4189    -2.2282    -0.6936    -2.7084
    -2.5346    -2.3923    -0.9791    -2.8774
    -2.6948    -2.4653    -1.2735    -2.9806
    -2.7393    -2.5199    -1.5410    -3.0932
    -2.7571    -2.5837    -1.7283    -3.1683
    -2.7749    -2.6384    -1.9691    -3.2903
    -2.7838    -2.5929    -2.1741    -3.2997
    -2.7037    -2.5291    -2.2989    -3.2246
    -2.6236    -2.4835    -2.4594    -3.0745
    -2.5257    -2.3650    -2.5396    -2.8868
    -2.3210    -2.2920    -2.6466    -2.7648
    -2.1430    -2.1097    -2.6644    -2.7084
    -1.9918    -1.9729    -2.6376    -2.5958
    -1.6981    -1.6900    -2.6466    -2.4925
    -1.5113    -1.5349    -2.5574    -2.2860
    -1.1555    -1.2702    -2.4148    -2.0137
    -0.8887    -1.0328    -2.2811    -1.6286
    -0.6130    -0.8409    -2.1385    -1.3092
    -0.3196    -0.6673    -1.9245    -0.9897
    -0.0439    -0.3840    -1.7461    -0.6889
     0.2316    -0.1920    -1.5410    -0.3787
     0.5605     0.0732    -1.2467    -0.0966
     0.8538     0.2836    -0.9880     0.2608
     1.0582     0.5398    -0.6490     0.6371
     1.3692     0.8144    -0.4260     1.0606
     1.6357     1.0983    -0.0868     1.4559
     1.7956     1.2999     0.1809     1.8420
     2.0621     1.4648     0.5023     2.2093
     2.2398     1.6939     0.8148     2.6332
     2.3907     1.9506     1.1630     2.9725
     2.5506     2.1891     1.4578     3.2929
     2.6127     2.3909     1.7168     3.5286
     2.6483     2.5194     1.8866     3.7549
     2.6660     2.7121     2.0831     3.8964
     2.6305     2.8223     2.2708     3.9813
     2.5239     2.9141     2.4584     4.0096
     2.4618     2.9141     2.6461     4.0096
     2.3374     2.9141     2.7712     3.9530
     2.2131     2.8131     2.8696     3.7738
     2.0532     2.6938     2.9053     3.5663
     1.9022     2.5286     2.9590     3.2835
     1.7334     2.3451     3.0305     3.0007
     1.5025     2.1249     3.0126     2.6992
     1.2270     1.8865     2.9768     2.2564
     0.9249     1.6389     2.9232     1.8137
     0.6139     1.4006     2.8159     1.3806
     0.3383     1.0525     2.6997     0.8912
     0.0539     0.6954     2.5925     0.5242
    -0.2218     0.3659     2.3691     0.0445
    -0.4440     0.0640     2.1367    -0.2376
    -0.7375    -0.2926     1.8508    -0.5197
    -1.0932    -0.6856     1.5292    -0.8863
    -1.3067    -0.9506     1.1809    -1.2622
    -1.5202    -1.1971     0.8594    -1.6286
    -1.7960    -1.5349     0.5023    -1.9198
    -1.9295    -1.7174     0.1720    -2.1639
    -2.1074    -1.9455    -0.1761    -2.3329
    -2.3121    -2.1006    -0.4973    -2.5113
    -2.4456    -2.3376    -0.7829    -2.6803
    -2.5168    -2.5017    -1.0772    -2.7929
    -2.6414    -2.5655    -1.4162    -2.8492
    -2.6770    -2.7113    -1.6659    -3.0369
    -2.6770    -2.7842    -1.8888    -3.0838
    -2.6859    -2.7751    -2.0315    -3.2246
    -2.6325    -2.7296    -2.2187    -3.2246
    -2.6236    -2.6840    -2.3346    -3.1683
    -2.4901    -2.6111    -2.4683    -3.0651
    -2.3210    -2.5017    -2.5396    -2.9243
    -2.1875    -2.3468    -2.5931    -2.8211
    -2.0363    -2.1644    -2.6287    -2.7554
    -1.7604    -1.9911    -2.6376    -2.6240
    -1.5291    -1.8178    -2.5931    -2.4550
    -1.2178    -1.5440    -2.4772    -2.1639
    -0.9865    -1.3067    -2.3970    -1.8071
    -0.7286    -1.0328    -2.2276    -1.4219
    -0.4085    -0.7770    -2.0761    -1.1306
    -0.1062    -0.5394    -1.9066    -0.7735
     0.2050    -0.3200    -1.6659    -0.4633
     0.4628    -0.0457    -1.4875    -0.1060
     0.7561     0.2378    -1.2200     0.2326
     1.0493     0.5307    -0.9345     0.6465
     1.3425     0.7961    -0.6847     1.1077
     1.6002     1.0434    -0.4527     1.5407
     1.8667     1.3090    -0.1493     1.9644
     2.1421     1.5381     0.1898     2.3694
     2.3463     1.7948     0.4934     2.7180
     2.4795     2.0057     0.7969     3.0573
     2.6660     2.2533     1.0916     3.3024
     2.8436     2.4368     1.3863     3.6323
     2.8969     2.6754     1.6275     3.8587
     2.9857     2.8223     1.8062     3.9907
     2.9413     2.9784     2.0295     3.9813
     2.8614     3.1345     2.2350     3.9907
     2.8170     3.1621     2.4316     3.9907
     2.7015     3.1713     2.5478     4.0284
     2.6039     3.1713     2.6193     3.9624
     2.4174     3.1621     2.7176     3.8209
     2.2753     3.0978     2.7444     3.6512
     2.1243     2.9417     2.8159     3.3307
     1.8756     2.7489     2.7981     3.0007
     1.7157     2.3818     2.7176     2.5861
     1.4225     2.0607     2.7265     2.1528
     1.1026     1.7489     2.6104     1.7007
     0.8360     1.4006     2.5210     1.2488
     0.5072     1.0159     2.3333     0.8724
     0.1694     0.6771     2.1457     0.4584
    -0.1062     0.2927     1.9491     0.1009
    -0.3373    -0.0000     1.6722    -0.2470
    -0.6930    -0.3932     1.3863    -0.6325
    -0.9065    -0.6491     1.0559    -0.9991
    -1.1911    -0.9506     0.7791    -1.3655
    -1.4224    -1.2063     0.4219    -1.6755
    -1.6003    -1.4345     0.0649    -1.9855
    -1.8138    -1.7174    -0.2564    -2.2296
    -1.9829    -1.8725    -0.6133    -2.4268
    -2.1608    -2.1279    -0.8721    -2.6240
    -2.3210    -2.2465    -1.2200    -2.8211
    -2.4100    -2.3832    -1.4965    -2.8962
    -2.4367    -2.5017    -1.7461    -3.0557
    -2.4990    -2.6384    -2.0047    -3.1871
    -2.4723    -2.6567    -2.1830    -3.3184
    -2.4367    -2.6567    -2.3524    -3.3653
    -2.3833    -2.6749    -2.5396    -3.2527
    -2.3210    -2.6384    -2.6555    -3.1871
    -2.2053    -2.6020    -2.7535    -3.0838
    -2.0985    -2.4744    -2.8515    -2.9337
    -1.8672    -2.4288    -2.8872    -2.8586
    -1.7337    -2.2556    -2.8783    -2.7554
    -1.4757    -2.0550    -2.8248    -2.6240
    -1.1822    -1.8360    -2.7535    -2.4174
    -0.9420    -1.6627    -2.6733    -2.1545
    -0.6397    -1.4071    -2.5307    -1.8164
    -0.3551    -1.0784    -2.4059    -1.4783
    -0.1328    -0.8683    -2.2098    -1.1494
     0.1428    -0.6125    -2.0315    -0.7923
     0.4539    -0.3109    -1.7907    -0.4069
     0.7116     0.0366    -1.5589    -0.0778
     1.0760     0.2653    -1.2735     0.3455
     1.3070     0.6130    -1.0594     0.7218
     1.5647     0.8144    -0.7650     1.0982
     1.8312     1.0983    -0.5152     1.5124
     2.0177     1.2999    -0.1672     1.9362
     2.2664     1.5656     0.1274     2.3412
     2.3907     1.7489     0.3862     2.6709
     2.5506     2.0515     0.7076     2.9725
     2.6305     2.2441     1.0112     3.3024
     2.7193     2.4919     1.2881     3.5381
     2.7326     2.6204     1.5650     3.8115
     2.7459     2.8315     1.7883     3.9152
     2.6927     2.9417     2.0384     4.0096
     2.6749     3.1253     2.2440     4.0001
     2.5328     3.0978     2.4227     3.9718
     2.4174     3.1345     2.5478     3.9718
     2.2753     3.1621     2.6908     3.8021
     2.0888     3.0794     2.8249     3.5663
     1.8756     2.9141     2.9143     3.3024
     1.6357     2.6571     2.9053     3.0007
     1.4492     2.4552     2.8874     2.6427
     1.1293     2.0790     2.8338     2.2752
     0.8272     1.7764     2.7534     1.8326
     0.5161     1.4465     2.6461     1.3053
     0.2939     1.0525     2.4584     0.8441
    -0.0528     0.7687     2.2708     0.4301
    -0.3018     0.4117     2.0563     0.0821
    -0.6041     0.0823     1.8508    -0.2752
    -0.8264    -0.3200     1.5739    -0.6043
    -1.1644    -0.6125     1.2970    -0.9803
    -1.4224    -0.9597     1.0023    -1.3280
    -1.5825    -1.2702     0.7255    -1.6568
    -1.8494    -1.4893     0.4219    -1.9761
    -1.9651    -1.7995     0.0560    -2.2484
    -2.1786    -1.9546    -0.2029    -2.4831
    -2.3477    -2.2100    -0.5509    -2.6427
    -2.5079    -2.3741    -0.8453    -2.8492
    -2.5791    -2.4470    -1.1843    -2.9712
    -2.6770    -2.5837    -1.4162    -3.1214
    -2.6948    -2.6658    -1.6391    -3.1871
    -2.7482    -2.7478    -1.8799    -3.2621
    -2.7482    -2.7569    -2.0136    -3.3184
    -2.6770    -2.7933    -2.2276    -3.2997
    -2.5880    -2.6931    -2.3346    -3.2434
    -2.4634    -2.6567    -2.4683    -3.1683
    -2.3655    -2.6475    -2.6020    -3.1308
    -2.1697    -2.5655    -2.6733    -3.0369
    -2.0096    -2.3741    -2.7357    -2.9243
    -1.7604    -2.2829    -2.6911    -2.8492
    -1.4935    -2.0914    -2.6287    -2.6146
    -1.2000    -1.8360    -2.6109    -2.4080
    -0.9509    -1.6718    -2.5218    -2.0512
    -0.6841    -1.4163    -2.3792    -1.7507
    -0.3907    -1.1058    -2.1741    -1.3561
    -0.0973    -0.7861    -2.0226    -1.0461
     0.1072    -0.5942    -1.7907    -0.7359
     0.4094    -0.2743    -1.6124    -0.3693
     0.7383     0.0457    -1.3448     0.0257
     0.9871     0.3019    -1.1040     0.4584
     1.2537     0.6405    -0.7472     0.9100
     1.5202     0.9243    -0.4706     1.2771
     1.7690     1.2266    -0.1582     1.6631
     1.9911     1.5014     0.1631     2.0398
     2.2042     1.6756     0.5380     2.4354
     2.3286     1.9140     0.8505     2.7275
     2.4884     2.1799     1.1452     3.0479
     2.6394     2.3084     1.4399     3.4249
     2.7104     2.5653     1.7079     3.7172
     2.7459     2.6846     1.9312     3.9435
     2.7104     2.8407     2.1903     3.9907
     2.6838     3.0243     2.3601     3.9718
     2.5683     3.1253     2.5925     3.9907
     2.4529     3.1161     2.7712     3.9907
     2.2664     3.1896     2.8785     3.9624
     2.1243     3.1621     2.9858     3.8870
     2.0088     3.0151     3.0126     3.6701
     1.7601     2.8315     2.9768     3.4061
     1.5291     2.6295     2.9858     3.0196
     1.3337     2.3542     2.9321     2.6238
     1.0049     2.0148     2.9143     2.1622
     0.7738     1.6114     2.7802     1.6631
     0.4805     1.2357     2.6819     1.2018
     0.1339     0.9243     2.5210     0.7594
    -0.1240     0.5581     2.3065     0.2984
    -0.3729     0.2012     2.1635     0.0069
    -0.6486    -0.1006     1.8955    -0.3223
    -0.9598    -0.4663     1.6096    -0.7265
    -1.2356    -0.7587     1.3238    -1.0742
    -1.5113    -0.9597     1.0737    -1.3749
    -1.6893    -1.2428     0.7344    -1.6755
    -1.9384    -1.4071     0.3594    -1.9667
    -2.0718    -1.6900     0.0470    -2.2203
    -2.2943    -1.8269    -0.3100    -2.4268
    -2.4545    -2.0094    -0.6669    -2.6615
    -2.5702    -2.2282    -1.0594    -2.8023
    -2.6058    -2.3194    -1.3092    -2.9431
    -2.6414    -2.4197    -1.5767    -3.0651
    -2.6325    -2.5655    -1.8086    -3.0932
    -2.6236    -2.6567    -2.0582    -3.1777
    -2.5969    -2.6840    -2.2544    -3.1777
    -2.5524    -2.6475    -2.4505    -3.1308
    -2.3744    -2.6749    -2.6109    -3.0745
    -2.2231    -2.6020    -2.7179    -2.9900
    -2.0541    -2.5199    -2.7713    -2.8774
    -1.9117    -2.4379    -2.8961    -2.7741
    -1.6270    -2.3012    -2.9139    -2.6990
    -1.3957    -2.1097    -2.8961    -2.5207
    -1.1911    -1.8269    -2.8426    -2.3142
    -0.9154    -1.5805    -2.7535    -2.0606
    -0.5863    -1.3067    -2.6198    -1.7601
    -0.3107    -1.0693    -2.4416    -1.3561
    -0.0439    -0.7496    -2.2098    -0.9991
     0.3028    -0.4206    -1.9869    -0.6231
     0.5516    -0.1463    -1.7729    -0.3223
     0.8894     0.1921    -1.5410    -0.0401
     1.1559     0.4940    -1.2200     0.3831
     1.4847     0.7412    -0.9434     0.7783
     1.6713     1.0434    -0.6580     1.1924
     1.9289     1.2724    -0.3189     1.5877
     2.1421     1.5106    -0.0511     2.0115
     2.2930     1.7581     0.2702     2.4165
     2.4529     1.9231     0.5380     2.7840
     2.6216     2.1157     0.8951     3.0667
     2.7371     2.2625     1.1720     3.3778
     2.8347     2.4460     1.4220     3.6984
     2.8791     2.5836     1.7258     3.8964
     2.8436     2.7213     1.9580     4.0096
     2.7815     2.8774     2.1367     4.0096
     2.6927     3.0151     2.3333     4.0567
     2.5950     3.1529     2.4852     4.0096
     2.4440     3.1988     2.6282     4.0001
     2.3286     3.1621     2.7534     3.9530
     2.0799     3.0610     2.7981     3.7361
     1.9200     3.0151     2.8606     3.4721
     1.6979     2.8039     2.8606     3.0856
     1.4047     2.5928     2.8964     2.7086
     1.1559     2.2625     2.8696     2.2752
     0.8538     1.9323     2.7623     1.7855
     0.5516     1.5106     2.6997     1.3241
     0.2672     1.1533     2.5925     0.8630
    -0.0262     0.8327     2.3869     0.4019
    -0.3284     0.4025     2.1993     0.0633
    -0.6308     0.0274     1.9938    -0.2470
    -0.9065    -0.3018     1.7615    -0.6419
    -1.2000    -0.6673     1.5024    -0.9897
    -1.4491    -0.8592     1.1273    -1.3186
    -1.6537    -1.1424     0.8148    -1.6286
    -1.9117    -1.4071     0.4398    -1.8728
    -2.0718    -1.6353     0.0738    -2.1545
    -2.2943    -1.8269    -0.2118    -2.3611
    -2.5079    -1.9637    -0.6044    -2.5489
    -2.6859    -2.1644    -0.9078    -2.7741
    -2.7215    -2.3103    -1.2378    -2.9243
    -2.8016    -2.4106    -1.5232    -2.9806
    -2.9084    -2.5564    -1.7818    -3.0745
    -2.8728    -2.6840    -1.9691    -3.1777
    -2.9084    -2.7387    -2.2098    -3.2434
    -2.8194    -2.7569    -2.3792    -3.2715
    -2.7927    -2.7660    -2.5574    -3.2340
    -2.6414    -2.7113    -2.6555    -3.2152
    -2.4812    -2.6567    -2.7802    -3.1683
    -2.3032    -2.5017    -2.7981    -3.0932
    -2.0718    -2.3559    -2.8961    -2.9243
    -1.7871    -2.2373    -2.8694    -2.7835
    -1.4846    -2.0458    -2.8248    -2.5864
    -1.2178    -1.8543    -2.7535    -2.3705
    -0.9065    -1.5897    -2.5931    -2.0794
    -0.6130    -1.3706    -2.4594    -1.7131
    -0.3818    -1.2154    -2.3257    -1.3655
    -0.0884    -0.9232    -2.1117    -0.9991
     0.2672    -0.6948    -1.9066    -0.6325
     0.5250    -0.3292    -1.6926    -0.2658
     0.8894    -0.0274    -1.4340     0.0633
     1.2093     0.2927    -1.1843     0.4490
     1.4936     0.6039    -0.8899     0.9194
     1.7512     0.9426    -0.6490     1.3053
     1.9644     1.1533    -0.3278     1.6725
     2.1953     1.4373     0.0292     2.0963
     2.4263     1.6848     0.3773     2.4071
     2.5595     1.8406     0.7255     2.7652
     2.7459     2.0057     0.9934     3.0102
     2.9502     2.2166     1.3417     3.3401
     3.0301     2.3451     1.5918     3.6323
     3.0922     2.5194     1.8687     3.7927
     3.1100     2.6204     2.1457     3.9624
     3.0034     2.8131     2.3601     4.0096
     2.9146     2.9049     2.5478     4.0379
     2.8259     2.9784     2.7176     3.9907
     2.5861     2.9600     2.8696     3.9058
     2.4529     2.9784     2.9590     3.7078
     2.2220     2.8315     3.0036     3.4626
     1.9733     2.7489     3.0483     3.2175
     1.7867     2.5194     2.9947     2.9159
     1.5380     2.3084     3.0394     2.5484
     1.2892     2.0240     3.0036     2.0774
     0.9516     1.6389     2.9411     1.6160
     0.6850     1.3640     2.8159     1.1829
     0.3650     1.0434     2.6372     0.7877
     0.0450     0.6588     2.4406     0.4396
    -0.2129     0.3568     2.2529     0.1479
    -0.5419    -0.0274     1.9580    -0.2094
    -0.8531    -0.3475     1.7258    -0.6043
    -1.1110    -0.6034     1.4131    -0.9427
    -1.3957    -0.8775     1.0737    -1.2716
    -1.6003    -1.0967     0.7880    -1.5910
    -1.8316    -1.3797     0.3952    -1.8634
    -2.0718    -1.5623     0.0649    -2.1264
    -2.2320    -1.7995    -0.2743    -2.3705
    -2.4278    -2.0002    -0.6133    -2.5676
    -2.5702    -2.1826    -0.8988    -2.7554
    -2.6681    -2.3650    -1.1843    -2.9055
    -2.7927    -2.4835    -1.4697    -2.9712
    -2.7749    -2.5108    -1.7372    -3.0932
    -2.7838    -2.6293    -1.9958    -3.1401
    -2.7927    -2.6111    -2.1652    -3.1871
    -2.7126    -2.6111    -2.3881    -3.2434
    -2.6147    -2.6384    -2.5842    -3.2152
    -2.4634    -2.5199    -2.7179    -3.1026
    -2.2409    -2.4288    -2.7802    -2.9900
    -2.0718    -2.3194    -2.8605    -2.8023
    -1.8494    -2.1644    -2.8783    -2.6990
    -1.5202    -2.0185    -2.8070    -2.5864
    -1.2445    -1.8360    -2.7535    -2.3705
    -1.0399    -1.6444    -2.6733    -2.0794
    -0.6841    -1.4436    -2.6198    -1.7225
    -0.4707    -1.2702    -2.4594    -1.3937
    -0.1417    -0.9780    -2.2633    -1.1118
     0.1516    -0.7496    -2.0493    -0.8017
     0.4094    -0.4846    -1.8621    -0.4821
     0.7294    -0.1097    -1.6213    -0.0966
     1.0227     0.1829    -1.3270     0.2984
     1.2981     0.5307    -1.0416     0.7406
     1.4758     0.7961    -0.7293     1.1547
     1.7779     1.1350    -0.4795     1.5877
     2.0088     1.4465    -0.0958     2.0209
     2.1776     1.6114     0.2077     2.3883
     2.4085     1.8589     0.6094     2.7086
     2.6039     2.0790     0.9130     3.0384
     2.6927     2.2625     1.2702     3.2929
     2.7992     2.4643     1.5828     3.6041
     2.9324     2.5561     1.9044     3.8492
     2.8880     2.7397     2.1278     3.9624
     2.8525     2.8131     2.3869     4.0379
     2.7903     2.9233     2.5746     4.0001
     2.7193     3.0610     2.7355     4.0473
     2.5239     3.0886     2.8606     4.0284
     2.3463     3.1437     2.9679     3.9624
     2.2220     3.0978     3.0036     3.7738
     1.9822     2.9968     3.0394     3.4909
     1.7334     2.9233     3.0305     3.2175
     1.6002     2.7030     3.0126     2.8028
     1.3337     2.4185     2.9858     2.3883
     1.0315     2.1065     2.9321     1.9644
     0.7827     1.7948     2.8070     1.4654
     0.4539     1.4190     2.6461     1.0982
     0.2050     1.0800     2.4763     0.6371
    -0.1151     0.6771     2.2976     0.3643
    -0.3729     0.2287     2.0563     0.0351
    -0.6575    -0.0915     1.7972    -0.3693
    -0.9776    -0.4297     1.4488    -0.7453
    -1.2622    -0.7313     1.1630    -1.0461
    -1.4668    -0.9962     0.7969    -1.3467
    -1.6715    -1.2702     0.5023    -1.6849
    -1.8939    -1.4984     0.1274    -1.9667
    -2.0541    -1.6718    -0.1761    -2.2109
    -2.2676    -1.9181    -0.4884    -2.4362
    -2.4456    -2.0276    -0.8453    -2.6052
    -2.5257    -2.1735    -1.1218    -2.7366
    -2.5969    -2.2373    -1.4429    -2.8774
    -2.6770    -2.3285    -1.6481    -3.0651
    -2.6592    -2.3650    -1.9156    -3.1308
    -2.6503    -2.4653    -2.1563    -3.1777
    -2.6414    -2.4653    -2.3346    -3.2058
    -2.5702    -2.4653    -2.5307    -3.2152
    -2.4990    -2.3923    -2.6287    -3.1401
    -2.3210    -2.3923    -2.7446    -3.0369
    -2.1608    -2.3103    -2.8872    -2.9243
    -1.9473    -2.2556    -2.8872    -2.8774
    -1.7070    -2.1279    -2.9139    -2.7554
    -1.4757    -2.0185    -2.8694    -2.5958
    -1.2000    -1.8543    -2.7981    -2.3611
    -0.8353    -1.7265    -2.7089    -2.0700
    -0.5952    -1.5258    -2.5753    -1.7131
    -0.3018    -1.2245    -2.3881    -1.4125
     0.0005    -0.9780    -2.2454    -1.0930
     0.2939    -0.7222    -2.0315    -0.8205
     0.5783    -0.4297    -1.7640    -0.4727
     0.8716    -0.0732    -1.4697    -0.1530
     1.0760     0.1738    -1.2021     0.2608
     1.3692     0.5856    -0.9524     0.6936
     1.5735     0.8419    -0.6044     1.0794
     1.8223     1.1899    -0.2743     1.5124
     2.0976     1.4648     0.0827     1.9832
     2.2398     1.6848     0.3416     2.3318
     2.4618     1.9231     0.6630     2.7086
     2.6394     2.0240     1.0023     2.9913
     2.7903     2.1799     1.3327     3.2552
     2.9235     2.3634     1.6543     3.4626
     3.0301     2.4368     1.9223     3.7361
     3.0123     2.5928     2.1814     3.9058
     2.8880     2.6938     2.4227     3.9624
     2.7992     2.7948     2.5925     3.9624
     2.6127     2.8590     2.7444     3.9341
     2.4529     2.9141     2.8785     3.8587
     2.2842     2.9141     3.0036     3.6984
     2.1421     2.9049     3.0305     3.4909
     1.8845     2.7764     3.0394     3.2175
     1.7157     2.6295     3.0305     2.8877
     1.5114     2.3634     3.0215     2.5013
     1.2004     2.1341     3.0394     2.0963
     0.9427     1.7306     3.0036     1.6537
     0.6583     1.4373     2.9053     1.2300
     0.3116     1.0250     2.7355     0.8724
     0.0450     0.7229     2.5299     0.5054
    -0.2662     0.3476     2.3244     0.1950
    -0.5330     0.1006     2.0563    -0.1718
    -0.8798    -0.2926     1.7258    -0.5479
    -1.1555    -0.5851     1.4578    -0.9615
    -1.4313    -0.8227     1.1541    -1.2528
    -1.6359    -1.0693     0.8058    -1.5910
    -1.8583    -1.2337     0.4576    -1.7883
    -2.0541    -1.4163     0.1452    -2.0888
    -2.2053    -1.6170    -0.1850    -2.2672
    -2.3922    -1.7357    -0.5598    -2.5207
    -2.5346    -1.8908    -0.9078    -2.6521
    -2.6503    -2.0914    -1.1843    -2.8023
    -2.7393    -2.2829    -1.4608    -2.8962
    -2.7304    -2.3923    -1.7283    -2.9900
    -2.7838    -2.5017    -2.0136    -3.0463
    -2.7838    -2.4835    -2.2009    -3.1214
    -2.6681    -2.4880    -2.4148    -3.0932
    -2.6236    -2.4926    -2.5307    -3.0932
    -2.4545    -2.4197    -2.6466    -2.9431
    -2.3210    -2.3832    -2.7802    -2.9055
    -2.1519    -2.2373    -2.8070    -2.8023
    -1.9384    -2.1188    -2.8248    -2.6521
    -1.6092    -2.0550    -2.7446    -2.5019
    -1.3334    -1.8634    -2.7089    -2.3235
    -1.0932    -1.6535    -2.5574    -2.0325
    -0.7642    -1.4345    -2.4505    -1.7319
    -0.5241    -1.2519    -2.3168    -1.4031
    -0.2129    -0.9780    -2.1385    -1.0648
     0.1161    -0.7130    -1.9156    -0.7359
     0.3650    -0.4297    -1.6837    -0.3975
     0.7205    -0.0915    -1.4073    -0.0496
     1.0138     0.1738    -1.1664     0.2890
     1.1915     0.4940    -0.8632     0.6842
     1.5380     0.7687    -0.6312     1.0512
     1.7334     0.9976    -0.3189     1.4748
     1.9466     1.3182     0.0024     1.8702
     2.1953     1.4923     0.3148     2.2187
     2.3463     1.7214     0.6898     2.5955
     2.5328     1.9415     0.9755     2.8594
     2.7193     2.1157     1.3059     3.1893
     2.8969     2.2900     1.5739     3.4532
     2.9946     2.4643     1.8955     3.7172
     2.9724     2.5928     2.1278     3.9247
     2.9502     2.7121     2.3512     3.9813
     2.8969     2.8131     2.5657     4.0284
     2.7548     2.8131     2.7087     3.9624
     2.5772     2.9417     2.8606     3.9152
     2.4351     2.8866     2.9947     3.7644
     2.2309     2.8590     3.0305     3.5663
     1.9911     2.7764     3.0752     3.2835
     1.8400     2.6938     3.0305     2.9348
     1.6002     2.4827     3.0752     2.5767
     1.3781     2.2166     3.0305     2.1905
     1.1471     1.8865     3.0394     1.7761
     0.8094     1.6114     2.9500     1.3147
     0.4983     1.2815     2.7891     0.8912
     0.2050     0.9060     2.5746     0.4490
    -0.1506     0.5581     2.2886     0.1668
    -0.3996     0.1921     2.0384    -0.1530
    -0.6397    -0.2469     1.7436    -0.5291
    -0.9954    -0.5120     1.4578    -0.8957
    -1.2089    -0.8501     1.1720    -1.2340
    -1.4491    -1.1058     0.8326    -1.5159
    -1.6448    -1.3341     0.4666    -1.7601
    -1.9028    -1.5532     0.1363    -2.0231
    -2.0363    -1.7265    -0.2029    -2.2296
    -2.1964    -1.8634    -0.5509    -2.4174
    -2.4367    -2.0641    -0.8185    -2.5958
    -2.4901    -2.2282    -1.1397    -2.6709
    -2.6414    -2.3194    -1.4608    -2.7835
    -2.7215    -2.4744    -1.7105    -2.9431
    -2.7215    -2.5199    -2.0136    -3.0745
    -2.7838    -2.6293    -2.2187    -3.1401
    -2.7571    -2.6384    -2.4683    -3.1308
    -2.6503    -2.6749    -2.6287    -3.0838
    -2.5435    -2.6567    -2.7802    -3.0369
    -2.3833    -2.5108    -2.8605    -2.9431
    -2.2320    -2.4470    -2.9407    -2.9149
    -2.0718    -2.3650    -3.0030    -2.8492
    -1.7960    -2.1735    -3.0298    -2.7272
    -1.5736    -2.0458    -2.9228    -2.5207
    -1.2445    -1.8634    -2.8605    -2.2860
    -0.9332    -1.7174    -2.7624    -1.8916
    -0.6575    -1.5075    -2.6555    -1.5910
    -0.3551    -1.2428    -2.4772    -1.2058
    -0.0795    -1.0054    -2.2633    -0.9051
     0.1428    -0.8318    -2.0939    -0.6043
     0.4983    -0.4754    -1.8799    -0.2752
     0.7827    -0.1280    -1.5856     0.0915
     1.0404     0.1555    -1.2913     0.4960
     1.2981     0.5123    -0.9791     0.9288
     1.5558     0.7503    -0.7115     1.2959
     1.7246     1.0342    -0.3457     1.6537
     1.9911     1.3823     0.0292     2.0115
     2.1687     1.5931     0.4130     2.3506
     2.3730     1.8406     0.7344     2.6615
     2.5239     2.0423     1.1005     2.9913
     2.7104     2.2258     1.4310     3.2081
     2.8081     2.3542     1.7347     3.5003
     2.8880     2.4552     2.0384     3.7172
     2.8614     2.6387     2.2082     3.8964
     2.7992     2.7489     2.4942     3.9435
     2.6660     2.7948     2.6282     3.9435
     2.5506     2.9049     2.7981     3.8964
     2.3374     2.9876     2.8696     3.8115
     2.1776     3.0335     2.9500     3.6606
     2.0177     2.9876     3.0305     3.4249
     1.7867     2.8590     2.9947     3.0950
     1.6535     2.7489     3.0036     2.7652
     1.4580     2.5286     3.0483     2.4071
     1.2181     2.2350     3.0483     2.0398
     0.9782     1.8131     3.0036     1.5877
     0.6316     1.4740     2.9053     1.1359
     0.2939     1.1716     2.7534     0.7689
     0.0361     0.7687     2.5210     0.3737
    -0.2751     0.4849     2.3244     0.1009
    -0.5685     0.1555     2.0742    -0.2188
    -0.7909    -0.2012     1.7794    -0.5761
    -1.1288    -0.4754     1.4667    -0.9615
    -1.3512    -0.7496     1.1452    -1.2904
    -1.5825    -1.0054     0.7433    -1.5534
    -1.7960    -1.2702     0.4487    -1.7789
    -1.9384    -1.4436     0.0827    -2.0137
    -2.1163    -1.6444    -0.2386    -2.2954
    -2.3121    -1.8269    -0.5955    -2.4644
    -2.4189    -1.9911    -0.9078    -2.5958
    -2.5168    -2.1826    -1.2556    -2.7272
    -2.6325    -2.2556    -1.5410    -2.8680
    -2.6503    -2.4014    -1.7818    -3.0182
    -2.6592    -2.4106    -2.0582    -3.0838
    -2.6503    -2.4835    -2.2811    -3.0557
    -2.6414    -2.5291    -2.4683    -3.0463
    -2.6147    -2.5108    -2.6198    -2.9994
    -2.4545    -2.5291    -2.7268    -2.9712
    -2.3210    -2.4653    -2.8337    -2.8774
    -2.1430    -2.3559    -2.8694    -2.8117
    -1.9295    -2.2556    -2.9228    -2.7460
    -1.6981    -2.1553    -2.9139    -2.5113
    -1.4224    -2.0094    -2.8248    -2.3423
    -1.1110    -1.8178    -2.8159    -2.0512
    -0.8353    -1.5805    -2.6644    -1.7225
    -0.6041    -1.3889    -2.4772    -1.4125
    -0.3018    -1.0876    -2.3078    -1.1306
    -0.0173    -0.8501    -2.1028    -0.7641
     0.2850    -0.5668    -1.8710    -0.4727
     0.5072    -0.3109    -1.6391    -0.1530
     0.8716     0.0640    -1.4162     0.2138
     1.0760     0.3568    -1.1218     0.6277
     1.3781     0.6313    -0.8185     1.0041
     1.6091     0.8877    -0.5241     1.4465
     1.7956     1.1441    -0.1225     1.7384
     2.0177     1.3732     0.2434     2.0963
     2.2486     1.6206     0.6005     2.3789
     2.4529     1.9415     0.9487     2.6521
     2.5417     2.0790     1.2434     2.9631
     2.6660     2.2625     1.5560     3.2741
     2.7371     2.4368     1.8062     3.4815
     2.7903     2.5561     2.0384     3.6984
     2.7459     2.7030     2.2708     3.8021
     2.6660     2.7397     2.5031     3.9058
     2.5595     2.8682     2.6372     3.8870
     2.4618     2.8958     2.7981     3.8209
     2.2842     2.9692     2.8964     3.7172
     2.0532     2.9508     2.9590     3.5381
     1.9200     2.9325     2.9590     3.2741
     1.7423     2.8407     2.9590     2.9631
     1.5824     2.6662     2.9858     2.6332
     1.4047     2.4460     2.9143     2.2281
     1.1293     2.1157     2.8874     1.7855
     0.8805     1.7856     2.7623     1.3241
     0.4894     1.4373     2.6104     0.8724
     0.2050     1.0434     2.4852     0.5054
    -0.1240     0.6954     2.2976     0.1385
    -0.3373     0.2836     2.0474    -0.0778
    -0.6575    -0.1006     1.7704    -0.3599
    -0.9243    -0.4297     1.4846    -0.7359
    -1.2534    -0.7039     1.1809    -1.0648
    -1.4224    -1.0145     0.8058    -1.3843
    -1.5914    -1.2063     0.4934    -1.6004
    -1.7604    -1.4163     0.1631    -1.9198
    -2.0007    -1.6627    -0.2207    -2.1827
    -2.1608    -1.7904    -0.5687    -2.3517
    -2.2409    -1.9729    -0.9078    -2.5301
    -2.3477    -2.1097    -1.1932    -2.7272
    -2.4456    -2.1826    -1.5321    -2.7835
    -2.5168    -2.3012    -1.7996    -2.9055
    -2.5613    -2.3832    -1.9869    -2.9431
    -2.6147    -2.4379    -2.2633    -2.9618
    -2.5257    -2.4926    -2.4416    -2.9525
    -2.5079    -2.4379    -2.5931    -2.8962
    -2.4367    -2.4561    -2.7357    -2.8962
    -2.2320    -2.4106    -2.8159    -2.8211
    -2.0896    -2.3285    -2.9228    -2.7178
    -1.9028    -2.2738    -2.9941    -2.6427
    -1.7515    -2.1279    -3.0030    -2.5019
    -1.4491    -2.0550    -2.9139    -2.2954
    -1.2000    -1.9181    -2.8248    -2.0606
    -0.9154    -1.7722    -2.7089    -1.8258
    -0.6486    -1.5988    -2.5931    -1.5440
    -0.3818    -1.3797    -2.4148    -1.2340
    -0.1328    -1.1424    -2.2009    -0.8957
     0.1250    -0.8409    -1.9334    -0.5761
     0.4094    -0.5303    -1.7105    -0.2564
     0.6583    -0.1372    -1.5054     0.1103
     0.9960     0.1463    -1.2378     0.4584
     1.2093     0.5215    -0.8899     0.9006
     1.4314     0.8694    -0.5955     1.2959
     1.6624     1.1624    -0.3010     1.6725
     1.8756     1.4281     0.0917     2.0774
     2.1154     1.6206     0.4666     2.3600
     2.2842     1.8865     0.7701     2.6992
     2.4174     2.1341     1.1095     3.0007
     2.5861     2.2992     1.4488     3.3212
     2.7015     2.4276     1.7168     3.5663
     2.7903     2.6295     2.0295     3.7549
     2.8259     2.7213     2.2797     3.8492
     2.7548     2.8039     2.5567     3.9624
     2.6571     2.8590     2.7712     3.9341
     2.4707     2.8866     2.9143     3.8775
     2.2930     2.8774     3.0573     3.8021
     2.1509     2.8407     3.0394     3.6041
     1.9822     2.7856     3.0841     3.2458
     1.7779     2.7397     3.0483     2.9159
     1.6002     2.5469     3.0930     2.6332
     1.4136     2.4093     3.0394     2.2470
     1.1559     2.1341     3.0305     1.8137
     0.9338     1.7581     2.9858     1.3430
     0.6583     1.4740     2.8696     0.8818
     0.3028     1.0892     2.7355     0.5148
     0.0627     0.7687     2.5657     0.1479
    -0.2484     0.4208     2.3512    -0.0213
    -0.5241    -0.0000     2.1010    -0.3411
    -0.7909    -0.2926     1.7883    -0.7265
    -1.1021    -0.6765     1.4578    -1.0836
    -1.2889    -0.9506     1.1362    -1.4407
    -1.5202    -1.0967     0.8058    -1.7319
    -1.6981    -1.3523     0.4666    -2.0137
    -1.9117    -1.4893     0.0560    -2.2390
    -2.0807    -1.7265    -0.2653    -2.4644
    -2.2053    -1.8725    -0.6936    -2.5864
    -2.3210    -2.0550    -1.0148    -2.7178
    -2.4100    -2.1917    -1.3092    -2.8774
    -2.5079    -2.3559    -1.6213    -2.9712
    -2.5702    -2.4197    -1.8531    -3.0557
    -2.5702    -2.4926    -2.0850    -3.1214
    -2.5435    -2.5746    -2.3435    -3.0745
    -2.4901    -2.6111    -2.5039    -2.9900
    -2.3566    -2.6293    -2.7089    -2.9525
    -2.2231    -2.5746    -2.7892    -2.8962
    -2.1519    -2.4379    -2.9228    -2.8680
    -1.9206    -2.3376    -2.9763    -2.7741
    -1.7515    -2.2009    -2.9674    -2.6427
    -1.5202    -2.0550    -2.9585    -2.4456
    -1.2622    -1.8725    -2.8783    -2.2109
    -0.8976    -1.7813    -2.8159    -1.9479
    -0.6575    -1.5714    -2.6466    -1.5722
    -0.4529    -1.4071    -2.5129    -1.2622
    -0.1951    -1.1697    -2.2989    -0.9803
     0.0627    -0.9506    -2.0315    -0.6419
     0.3116    -0.6673    -1.7996    -0.3881
     0.5783    -0.3383    -1.5321    -0.0778
     0.8805     0.0274    -1.2289     0.2890
     1.1115     0.3842    -0.8988     0.6277
     1.3337     0.6313    -0.6223     0.9947
     1.5824     0.9243    -0.3724     1.3900
     1.8400     1.2449    -0.0601     1.6819
     2.0266     1.4281     0.2880     2.0303
     2.2575     1.6756     0.6094     2.4260
     2.3641     1.9048     0.9398     2.7369
     2.5062     2.0699     1.3238     3.0856
     2.5950     2.1891     1.5918     3.3212
     2.7282     2.4001     1.9223     3.5286
     2.7459     2.5194     2.1814     3.7361
     2.6927     2.6204     2.4674     3.8681
     2.6483     2.6662     2.6640     3.9341
     2.5683     2.7580     2.8338     3.8870
     2.3730     2.7764     3.0215     3.8209
     2.2131     2.8131     3.0752     3.6984
     2.0177     2.7764     3.0394     3.4155
     1.8400     2.6846     3.0752     3.1233
     1.6180     2.5836     3.0483     2.8688
     1.3781     2.4093     3.0752     2.4636
     1.1559     2.2166     3.0841     2.0492
     0.9605     1.9873     3.0305     1.5501
     0.6761     1.6756     2.8964     1.1453
     0.4183     1.4006     2.7444     0.7030
     0.1516     1.0892     2.5657     0.3925
    -0.1062     0.7320     2.3780     0.1103
    -0.3996     0.3202     2.1189    -0.1530
    -0.6752     0.0274     1.8687    -0.5103
    -0.9154    -0.3475     1.6275    -0.8393
    -1.2000    -0.6399     1.3238    -1.2058
    -1.4135    -0.9506     0.9666    -1.4971
    -1.5647    -1.1515     0.6005    -1.7601
    -1.7604    -1.3980     0.3059    -1.9667
    -1.9473    -1.5897    -0.0601    -2.1639
    -2.1074    -1.7357    -0.4706    -2.3517
    -2.2765    -1.9455    -0.7650    -2.4644
    -2.3833    -2.1279    -1.0683    -2.6803
    -2.4189    -2.2556    -1.3894    -2.7835
    -2.5524    -2.3376    -1.7016    -2.8774
    -2.5613    -2.4561    -1.9512    -2.9525
    -2.5613    -2.4561    -2.1830    -2.9900
    -2.5079    -2.4835    -2.3881    -2.9712
    -2.5168    -2.5199    -2.5842    -2.9337
    -2.3477    -2.5291    -2.7535    -2.8774
    -2.2587    -2.3832    -2.8426    -2.8680
    -2.1074    -2.3650    -2.9318    -2.8398
    -1.8939    -2.2191    -2.9852    -2.7554
    -1.6893    -2.0914    -2.9585    -2.5770
    -1.5024    -2.0094    -2.8872    -2.3705
    -1.1822    -1.9090    -2.7892    -2.0888
    -0.8976    -1.7265    -2.6198    -1.7883
    -0.6486    -1.4984    -2.4594    -1.4877
    -0.3284    -1.2793    -2.2633    -1.1588
    -0.0173    -1.0419    -2.0493    -0.8017
     0.2050    -0.8318    -1.7996    -0.4727
     0.5250    -0.5303    -1.5856    -0.1530
     0.7561    -0.1372    -1.3448     0.1856
     1.0582     0.1189    -0.9970     0.5242
     1.2892     0.4208    -0.7383     0.8724
     1.5114     0.6771    -0.4795     1.2771
     1.7512     0.9884    -0.1315     1.5972
     1.9111     1.2724     0.2434     2.0115
     2.0710     1.5656     0.5469     2.3883
     2.2664     1.8039     0.9309     2.6332
     2.4440     2.0240     1.2434     2.9536
     2.6039     2.1524     1.5560     3.1893
     2.7104     2.3267     1.8776     3.4155
     2.7282     2.4368     2.1457     3.5663
     2.7459     2.6020     2.4048     3.7078
     2.7193     2.7397     2.5746     3.7078
     2.5595     2.7948     2.7444     3.7031
     2.4707     2.9233     2.9411     3.6984
     2.3286     2.9233     2.9858     3.6135
     2.1421     2.9233     3.0305     3.3966
     1.8756     2.9325     3.0573     3.1610
     1.7246     2.7489     3.0841     2.8594
     1.4758     2.6020     3.0305     2.5767
     1.2359     2.4093     3.0841     2.2470
     1.0671     2.1799     3.0483     1.8514
     0.7472     1.8865     2.9411     1.4277
     0.4983     1.5381     2.8070     0.9665
     0.2761     1.2999     2.5925     0.5807
    -0.0350     0.9518     2.3780     0.2796
    -0.3018     0.5398     2.1278     0.0445
    -0.5152     0.1921     1.8866    -0.2376
    -0.8709    -0.1097     1.6543    -0.6043
    -1.0844    -0.5029     1.3863    -0.9897
    -1.3601    -0.7313     1.0469    -1.3373
    -1.5914    -0.9688     0.7255    -1.6004
    -1.7337    -1.2428     0.3327    -1.8634
    -1.9918    -1.4254     0.0024    -2.0794
    -2.1074    -1.5988    -0.3189    -2.2484
    -2.2943    -1.8725    -0.6312    -2.3893
    -2.4367    -2.0276    -0.9524    -2.5489
    -2.5168    -2.1462    -1.3270    -2.6897
    -2.5435    -2.3285    -1.5678    -2.8586
    -2.6414    -2.4014    -1.8442    -2.9431
    -2.6236    -2.4561    -2.1028    -2.9478
    -2.6147    -2.4744    -2.3524    -2.9525
    -2.5168    -2.4744    -2.4861    -2.9149
    -2.4367    -2.5017    -2.6555    -2.8305
    -2.2943    -2.3923    -2.8070    -2.8023
    -2.1430    -2.3285    -2.8605    -2.8023
    -1.9918    -2.2647    -2.9228    -2.7460
    -1.8494    -2.1735    -2.9407    -2.5958
    -1.5647    -2.1097    -2.9228    -2.4174
    -1.2889    -1.9546    -2.8426    -2.2109
    -1.0043    -1.8087    -2.7268    -1.9198
    -0.7731    -1.6535    -2.5842    -1.5534
    -0.4885    -1.4436    -2.4326    -1.2528
    -0.1684    -1.1606    -2.2276    -0.9333
     0.0716    -0.9232    -1.9869    -0.6043
     0.2939    -0.6673    -1.7372    -0.2940
     0.5783    -0.3566    -1.5321     0.0539
     0.7827     0.0183    -1.2646     0.4301
     1.0404     0.2927    -0.8899     0.8253
     1.2803     0.6405    -0.6133     1.1547
     1.4758     0.9793    -0.2475     1.5030
     1.7601     1.2724     0.1363     1.8420
     1.9644     1.4831     0.4934     2.1622
     2.0888     1.7306     0.7880     2.4825
     2.2753     1.9782     1.1452     2.7463
     2.4884     2.0974     1.4399     3.0290
     2.5861     2.2900     1.7526     3.3212
     2.6749     2.4276     2.0474     3.5381
     2.6838     2.5928     2.2976     3.6512
     2.7104     2.6754     2.5210     3.7644
     2.6305     2.8315     2.6908     3.7832
     2.5772     2.8958     2.9411     3.8115
     2.4263     2.9325     3.0215     3.7078
     2.2930     3.0243     3.0305     3.5852
     2.1065     2.9692     3.0841     3.3872
     1.8400     2.8590     3.0483     3.1139
     1.6801     2.7489     3.0662     2.7652
     1.4225     2.6204     3.0930     2.3883
     1.2270     2.3267     3.0305     2.0680
     1.0760     2.0423     3.0483     1.6537
     0.7383     1.7581     2.9411     1.2394
     0.4450     1.4556     2.7444     0.7783
     0.2405     1.0434     2.5299     0.3737
    -0.0617     0.6680     2.3154     0.1009
    -0.3551     0.3751     2.0474    -0.2094
    -0.6486     0.0457     1.7704    -0.4821
    -0.9154    -0.3109     1.4399    -0.7735
    -1.2000    -0.5942     1.1452    -1.1306
    -1.3690    -0.8227     0.7969    -1.4219
    -1.6448    -1.1241     0.4844    -1.6849
    -1.8494    -1.3432     0.1363    -1.8916
    -2.0007    -1.4801    -0.1315    -2.0700
    -2.1786    -1.7083    -0.4795    -2.2578
    -2.2765    -1.8725    -0.7829    -2.4738
    -2.3655    -2.0823    -1.1129    -2.6240
    -2.4189    -2.2009    -1.3805    -2.7178
    -2.5257    -2.3285    -1.6659    -2.8211
    -2.4990    -2.3559    -1.9245    -2.8868
    -2.5435    -2.3832    -2.1741    -2.8680
    -2.4901    -2.3923    -2.3792    -2.9243
    -2.4278    -2.4288    -2.5485    -2.9149
    -2.3299    -2.3741    -2.6644    -2.9055
    -2.2142    -2.3650    -2.8426    -2.8117
    -2.0363    -2.2829    -2.9139    -2.7178
    -1.9206    -2.1462    -2.9228    -2.5958
    -1.6893    -2.0458    -2.9050    -2.4738
    -1.5113    -1.9729    -2.8515    -2.2766
    -1.2267    -1.8269    -2.7713    -2.0700
    -0.9865    -1.6992    -2.6198    -1.8258
    -0.6841    -1.5075    -2.4861    -1.5910
    -0.4618    -1.2976    -2.3168    -1.2810
    -0.1862    -1.0693    -2.1563    -0.9521
     0.0450    -0.8775    -1.9156    -0.6701
     0.3294    -0.5760    -1.6302    -0.3411
     0.5694    -0.2652    -1.3181    -0.0025
     0.8449     0.0732    -1.0594     0.3737
     1.0849     0.3934    -0.7204     0.7971
     1.3337     0.6954    -0.4438     1.1547
     1.6446     0.9976    -0.0958     1.5501
     1.8312     1.2174     0.2345     1.8985
     2.0888     1.5289     0.5469     2.1999
     2.2575     1.6939     0.9130     2.5202
     2.3996     1.9415     1.1988     2.8217
     2.5595     2.2166     1.5471     3.0856
     2.5950     2.3084     1.8598     3.3212
     2.6483     2.4643     2.0742     3.5475
     2.6571     2.5653     2.2708     3.6512
     2.6927     2.7305     2.5299     3.7549
          3          3          3          3
