    4   2048 0.020000  2016   1  20  10  33
         16         10         11         42
     3.4782     1.6415     1.0865     2.8445
     3.7090     2.0448     1.1937     3.1178
     3.9220     2.2007     1.1758     3.4100
     4.0285     2.2282     1.2473     3.7116
     4.0551     2.5126     1.2384     3.9757
     3.9575     2.7420     1.2294     4.2209
     3.8865     3.0265     1.2473     4.3529
     3.6823     3.1367     1.2473     4.4284
     3.4693     3.3296     1.2294     4.4190
     3.2207     3.3571     1.1848     4.4095
     2.8034     3.4122     1.1848     4.3718
     2.4304     3.3939     1.1848     4.2963
     2.0396     3.3939     1.0865     4.0511
     1.5599     3.3939     0.9973     3.6174
     1.1334     3.3112     0.8901     3.2026
     0.7246     3.0541     0.7472     2.7126
     0.4047     2.7053     0.6044     2.2321
     0.1024     2.3750     0.4526     1.6765
    -0.1999     1.9623     0.3723     1.1400
    -0.6445     1.5224     0.2206     0.5942
    -1.0269     1.1377     0.1045     0.1051
    -1.3294     0.6708    -0.0293    -0.3181
    -1.6229     0.3414    -0.1454    -0.6377
    -1.9165     0.0121    -0.3595    -1.0888
    -2.1479    -0.4997    -0.4666    -1.5398
    -2.3437    -0.9199    -0.5380    -2.0469
    -2.5929    -1.2851    -0.6272    -2.4882
    -2.7353    -1.6866    -0.7699    -2.8636
    -2.8154    -2.0697    -0.8770    -3.1170
    -2.9667    -2.3250    -0.9751    -3.3890
    -3.0380    -2.6712    -1.0286    -3.5579
    -3.1092    -2.8625    -1.0732    -3.7830
    -3.1804    -3.1357    -1.1446    -3.9049
    -3.1626    -3.2723    -1.2338    -3.9799
    -3.1003    -3.4452    -1.2784    -4.1018
    -3.1003    -3.5544    -1.3230    -4.1956
    -2.9935    -3.6727    -1.3141    -4.2893
    -2.9222    -3.7455    -1.3051    -4.2800
    -2.7620    -3.7318    -1.2962    -4.2050
    -2.5395    -3.7182    -1.2516    -4.0174
    -2.3704    -3.6909    -1.2249    -3.8017
    -2.1568    -3.5635    -1.1446    -3.5954
    -1.9165    -3.4816    -1.1089    -3.3984
    -1.6407    -3.2723    -1.0376    -3.2108
    -1.3116    -3.1175    -0.9394    -2.8918
    -0.9558    -2.8534    -0.8502    -2.5539
    -0.5822    -2.6439    -0.7521    -2.2065
    -0.2799    -2.3432    -0.6004    -1.7088
     0.0135    -1.9785    -0.5112    -1.2579
     0.4313    -1.5680    -0.3417    -0.7035
     0.8224    -1.2212    -0.1721    -0.1394
     1.2756    -0.7281    -0.0204     0.3308
     1.7021    -0.3352     0.1045     0.8576
     2.0574     0.2408     0.3009     1.4317
     2.4837     0.7806     0.4080     2.0343
     2.8478     1.2476     0.6044     2.7126
     3.1142     1.6690     0.7294     3.2968
     3.3983     2.2374     0.9437     3.8437
     3.6380     2.7053     1.0865     4.3624
     3.8510     3.1551     1.1491     4.5133
     3.9930     3.3571     1.1848     4.9474
     4.0551     3.5960     1.2205     5.2399
     4.0906     3.9636     1.2652     5.4948
     4.0196     4.3038     1.3277     5.5987
     3.9664     4.5246     1.3902     5.6175
     3.7977     4.6902     1.4884     5.5987
     3.5137     4.7730     1.5420     5.5420
     3.1763     4.7730     1.5063     5.2871
     2.7679     4.7822     1.5152     4.9190
     2.2706     4.7362     1.5152     4.4473
     1.8176     4.5890     1.5152     3.9097
     1.4000     4.2026     1.4974     3.3251
     0.9735     3.6511     1.4884     2.7597
     0.5113     3.2010     1.4706     2.0908
     0.2624     2.6319     1.4884     1.3941
    -0.1021     2.0082     1.3455     0.6977
    -0.4755     1.4857     1.1580     0.0204
    -0.8935     0.8172     0.9973    -0.5625
    -1.2938     0.2499     0.8276    -1.1076
    -1.6229    -0.2530     0.6758    -1.5773
    -1.8543    -0.7281     0.5151    -1.9342
    -2.1390    -1.1208     0.3277    -2.3943
    -2.3526    -1.5954     0.1045    -2.8730
    -2.5840    -2.0697    -0.0204    -3.2671
    -2.7353    -2.4617    -0.2703    -3.7080
    -2.8777    -2.8807    -0.4488    -3.9705
    -3.0113    -3.1721    -0.6272    -4.1206
    -3.0914    -3.4270    -0.7878    -4.2612
    -3.1270    -3.6636    -0.9662    -4.3456
    -3.1893    -3.9274    -1.1178    -4.4112
    -3.1537    -4.1002    -1.2070    -4.5518
    -3.1537    -4.2002    -1.3586    -4.7393
    -3.0914    -4.3184    -1.4657    -4.7627
    -3.0113    -4.2911    -1.5905    -4.7861
    -2.9044    -4.3456    -1.6797    -4.5987
    -2.7531    -4.2275    -1.7332    -4.3831
    -2.5662    -4.1820    -1.7332    -4.1112
    -2.3437    -4.0911    -1.8045    -3.9330
    -2.1212    -3.8819    -1.8491    -3.6235
    -1.8810    -3.6636    -1.8134    -3.4172
    -1.6763    -3.4725    -1.7867    -3.0982
    -1.3205    -3.1539    -1.7064    -2.7604
    -0.9913    -2.8625    -1.6708    -2.3849
    -0.6534    -2.4799    -1.5727    -1.8779
    -0.3688    -2.0606    -1.5013    -1.3519
    -0.0932    -1.5863    -1.3586    -0.6753
     0.2002    -1.2669    -1.2249     0.0298
     0.6091    -0.7829    -1.0108     0.5848
     1.0268    -0.1433    -0.8592     1.1494
     1.4533     0.4420    -0.7075     1.6671
     1.8353     1.0461    -0.5201     2.3640
     2.2084     1.5865    -0.2703     2.9010
     2.4660     2.0815    -0.0650     3.4854
     2.8123     2.6410     0.2027     4.1171
     3.1231     3.2010     0.4526     4.6171
     3.3805     3.6695     0.6937     5.0795
     3.6735     4.2210     0.8812     5.3626
     3.8155     4.6810     1.1401     5.5609
     3.9042     4.7270     1.3634     5.5987
     4.0374     4.8190     1.5331     5.6364
     4.0019     4.8926     1.5510     5.6270
     4.0285     4.9386     1.7028     5.6081
     3.9841     4.9571     1.8725     5.5798
     3.7888     4.9478     2.0512     5.2871
     3.4959     4.9018     2.1763     4.7964
     3.0432     4.8834     2.2746     4.3152
     2.6169     4.4878     2.3729     3.8531
     2.1018     3.9176     2.4265     3.3345
     1.6754     3.4122     2.4354     2.8068
     1.1423     2.9072     2.4622     2.1850
     0.7069     2.3108     2.4175     1.5259
     0.3069     1.7057     2.4086     0.8953
     0.0491     1.1194     2.4265     0.2367
    -0.3421     0.6433     2.3729    -0.2711
    -0.7512     0.0579     2.2299    -0.7693
    -1.1692    -0.2987     2.0423    -1.2203
    -1.4984    -0.6551     1.7921    -1.4834
    -1.7475    -1.1299     1.5956    -1.8591
    -1.9966    -1.5772     1.3455    -2.2816
    -2.2992    -2.0788     1.0240    -2.6384
    -2.5217    -2.4434     0.7740    -3.0231
    -2.6374    -2.7168     0.4705    -3.2858
    -2.8243    -2.9536     0.2116    -3.4922
    -2.8866    -3.1721    -0.0650    -3.6142
    -3.0024    -3.3360    -0.3774    -3.6798
    -3.0558    -3.5635    -0.6094    -3.7361
    -3.0558    -3.6636    -0.8592    -3.9799
    -3.0691    -3.7637    -1.1000    -4.1299
    -3.0825    -3.8182    -1.3676    -4.1581
    -3.0380    -3.8364    -1.5370    -4.0831
    -2.9935    -3.7637    -1.7421    -4.0081
    -2.8243    -3.7273    -1.9293    -3.9049
    -2.7264    -3.6545    -2.0720    -3.8017
    -2.5840    -3.5271    -2.2235    -3.6329
    -2.3704    -3.4361    -2.3127    -3.4172
    -2.2013    -3.2450    -2.3929    -3.1076
    -1.9699    -3.0447    -2.4731    -2.7698
    -1.6941    -2.7077    -2.5266    -2.5257
    -1.4361    -2.3888    -2.4998    -2.2441
    -1.1870    -1.9694    -2.4998    -1.9248
    -0.8312    -1.6045    -2.4285    -1.5491
    -0.5378    -1.2760    -2.4018    -1.0512
    -0.3155    -0.9565    -2.2770    -0.5155
    -0.0221    -0.7738    -2.1968    -0.0078
     0.3691    -0.2621    -2.0007     0.3966
     0.7246     0.2591    -1.8134     0.8765
     1.1512     0.6891    -1.5994     1.3753
     1.5510     1.1560    -1.3765     1.8554
     1.9153     1.5499    -1.1178     2.3263
     2.2972     2.0265    -0.8859     2.7502
     2.5992     2.5218    -0.5915     3.1649
     2.9455     2.8797    -0.2792     3.5796
     3.2917     3.1735     0.0688     3.9662
     3.5581     3.4766     0.3902     4.3058
     3.8243     3.6971     0.6490     4.5416
     4.0107     3.9360     1.0330     4.7114
     4.0817     4.0739     1.3634     4.8435
     4.2060     4.1934     1.7653     4.8435
     4.1616     4.2486     2.0691     4.8435
     4.0729     4.1567     2.3639     4.7492
     3.9575     3.9912     2.4622     4.6077
     3.7445     3.8717     2.6499     4.4661
     3.3450     3.6144     2.8823     4.2020
     2.8123     3.4306     3.0342     3.9002
     2.3416     3.2286     3.2398     3.5231
     1.7820     2.9164     3.3918     3.0706
     1.2756     2.6410     3.4276     2.6089
     0.8046     2.3291     3.4365     2.1944
     0.3780     1.9256     3.4812     1.6671
     0.0580     1.5316     3.4365     1.1588
    -0.2799     1.0827     3.4186     0.6883
    -0.6978     0.6525     3.3024     0.2650
    -1.0981     0.3322     3.0789    -0.1394
    -1.4094     0.0304     2.7661    -0.4685
    -1.7386    -0.4266     2.4354    -0.8069
    -1.9432    -0.7555     2.0512    -1.2391
    -2.1746    -1.1117     1.7385    -1.6337
    -2.4060    -1.3582     1.3098    -2.0751
    -2.5484    -1.7049     0.8990    -2.3661
    -2.7442    -1.9876     0.5598    -2.6102
    -2.7976    -2.2338     0.2295    -2.8448
    -2.9400    -2.4617    -0.1454    -3.0325
    -3.0202    -2.6075    -0.5469    -3.3421
    -3.0736    -2.7623    -0.9662    -3.4641
    -3.0736    -2.9445    -1.3497    -3.6986
    -3.0380    -3.0538    -1.6351    -3.8768
    -3.0380    -3.1357    -1.9650    -3.9143
    -2.9846    -3.2177    -2.2057    -3.9330
    -2.9400    -3.2905    -2.4820    -3.8768
    -2.7798    -3.3360    -2.7316    -3.7924
    -2.7264    -3.2905    -2.8920    -3.6704
    -2.5573    -3.1630    -3.0880    -3.4735
    -2.3615    -3.0447    -3.2038    -3.3328
    -2.1568    -2.9536    -3.3464    -3.2296
    -1.9343    -2.6894    -3.4355    -3.0888
    -1.6852    -2.5437    -3.4978    -2.9293
    -1.4717    -2.3523    -3.4533    -2.5820
    -1.1692    -2.1973    -3.4444    -2.2441
    -0.8935    -1.8782    -3.4266    -1.7746
    -0.6178    -1.6137    -3.3553    -1.4082
    -0.3155    -1.2760    -3.1682    -0.8915
    -0.0043    -0.8834    -3.0078    -0.4309
     0.3602    -0.5728    -2.8474    -0.0642
     0.8313    -0.1799    -2.6692     0.3496
     1.2134     0.1859    -2.4018     0.8859
     1.6577     0.6342    -2.1166     1.3847
     2.0485     1.0278    -1.7510     1.9213
     2.4216     1.4216    -1.3497     2.4299
     2.8478     1.7973    -0.9930     2.9199
     3.1586     2.2099    -0.5647     3.4100
     3.5137     2.6227    -0.1364     3.9380
     3.8155     2.9715     0.2920     4.2869
     3.9397     3.2286     0.6758     4.6077
     4.1261     3.4949     1.2652     5.1172
     4.1705     3.8441     1.7296     5.2966
     4.1483     4.1383     2.1852     5.4476
     4.1261     4.3314     2.6946     5.4759
     4.0285     4.5062     3.1594     5.4665
     3.8243     4.4878     3.3203     5.4287
     3.4427     4.4694     3.4902     5.2777
     3.0165     4.3406     3.8389     5.0323
     2.5104     4.2118     4.1161     4.6926
     2.0396     4.0096     4.3397     4.1926
     1.4800     3.7430     4.4650     3.7682
     1.0535     3.4674     4.4829     3.2780
     0.6091     3.0449     4.4829     2.6937
     0.2802     2.5401     4.4739     2.1756
     0.0135     2.0815     4.4203     1.5259
    -0.3332     1.5957     4.1430     0.8859
    -0.7512     1.0736     3.7226     0.3026
    -1.1159     0.6067     3.2845    -0.2805
    -1.4450     0.1584     2.8108    -0.7975
    -1.7030    -0.1799     2.2835    -1.2109
    -1.9877    -0.6277     1.7564    -1.5773
    -2.1835    -1.0113     1.1669    -1.9906
    -2.4238    -1.4859     0.5598    -2.4694
    -2.6018    -1.8143    -0.0115    -2.8636
    -2.7709    -2.1609    -0.5112    -3.1826
    -2.8599    -2.4617    -0.9751    -3.4735
    -2.9400    -2.7623    -1.3051    -3.6704
    -3.0647    -3.0082    -1.6797    -3.8768
    -3.0469    -3.2268    -2.1433    -4.0456
    -3.0647    -3.4088    -2.5890    -4.2237
    -3.0558    -3.5362    -2.9811    -4.3925
    -3.0469    -3.7000    -3.2573    -4.4393
    -2.9578    -3.7364    -3.5157    -4.4112
    -2.8866    -3.7819    -3.7205    -4.2518
    -2.6997    -3.7819    -3.9432    -4.1112
    -2.6107    -3.7364    -4.0768    -3.9987
    -2.4505    -3.6818    -4.2460    -3.8674
    -2.1924    -3.5362    -4.2816    -3.6704
    -2.0500    -3.3906    -4.3796    -3.4828
    -1.7564    -3.1630    -4.3350    -3.2483
    -1.4895    -2.9900    -4.2816    -2.9574
    -1.2404    -2.6986    -4.1569    -2.5069
    -0.8490    -2.4343    -4.0412    -2.0657
    -0.5289    -2.1062    -3.9343    -1.6243
    -0.1910    -1.6593    -3.6671    -1.1358
     0.1024    -1.1573    -3.5335    -0.5249
     0.4491    -0.8286    -3.3286     0.0392
     0.7868    -0.4266    -2.9633     0.4813
     1.2667     0.0853    -2.5533     1.0270
     1.6132     0.6159    -2.1166     1.5447
     2.0396     1.0461    -1.6262     2.1379
     2.3327     1.4674    -1.3230     2.6372
     2.6880     2.0082    -0.8413     3.1649
     3.0165     2.4759    -0.2614     3.6551
     3.3628     2.9164     0.3366     4.1077
     3.6557     3.3020     0.8365     4.5511
     3.8599     3.6971     1.4438     4.8624
     4.0107     4.0371     2.0423     5.0512
     4.0551     4.4050     2.6767     5.1927
     4.0729     4.7270     3.2398     5.2588
     4.0995     4.7546     3.7405     5.2305
     4.0462     4.7914     4.1877     5.1550
     3.9309     4.7822     4.3129     4.9474
     3.7090     4.6258     4.5187     4.7303
     3.3805     4.3314     4.8139     4.4190
     2.9721     4.0647     4.9481     4.0228
     2.4304     3.7614     4.9570     3.5796
     1.9775     3.4214     5.0107     3.1555
     1.4533     3.0541     4.9123     2.6843
     0.9824     2.6319     4.8228     2.1285
     0.6091     2.1824     4.4918     1.5541
     0.3424     1.6415     4.0893     1.0364
    -0.0309     1.1194     3.6601     0.3966
    -0.4311     0.6616     3.1504    -0.0830
    -0.8490     0.1584     2.6141    -0.5437
    -1.2315    -0.2164     2.0244    -0.9854
    -1.5429    -0.6002     1.3991    -1.3425
    -1.8276    -0.9108     0.7740    -1.6994
    -2.0856    -1.2578     0.1313    -2.1596
    -2.3170    -1.6228    -0.3952    -2.6008
    -2.5128    -2.0150    -0.8948    -2.8918
    -2.6908    -2.3067    -1.3497    -3.1920
    -2.7442    -2.5892    -1.6708    -3.3703
    -2.9044    -2.7988    -2.0452    -3.5110
    -2.9757    -2.9536    -2.4464    -3.6142
    -3.0113    -3.1448    -2.8652    -3.8768
    -3.0469    -3.2905    -3.1682    -4.0549
    -3.0113    -3.4452    -3.4355    -4.2050
    -2.9578    -3.5726    -3.6315    -4.2612
    -2.9044    -3.5999    -3.8452    -4.2425
    -2.8421    -3.6090    -4.0145    -4.2237
    -2.6908    -3.6090    -4.1213    -4.0831
    -2.6374    -3.5635    -4.1480    -3.9612
    -2.4149    -3.5089    -4.1926    -3.8674
    -2.2992    -3.3815    -4.1748    -3.6704
    -2.0767    -3.2268    -4.1480    -3.4359
    -1.8454    -3.0629    -4.0323    -3.1920
    -1.5784    -2.9081    -3.8898    -2.9011
    -1.2671    -2.6166    -3.7918    -2.6571
    -0.9824    -2.4161    -3.6136    -2.2816
    -0.6712    -2.0423    -3.4444    -1.9718
    -0.3688    -1.7049    -3.1860    -1.5304
    -0.1376    -1.4403    -2.8652    -1.0042
     0.1735    -1.0752    -2.4909    -0.5061
     0.4847    -0.7464    -2.1255    -0.1112
     0.8935    -0.3444    -1.6708     0.3308
     1.3112     0.1127    -1.3141     0.8388
     1.7465     0.5518    -0.7967     1.3658
     2.1107     0.9454    -0.4220     1.9119
     2.5104     1.3850     0.1938     2.3451
     2.9277     1.7515     0.7294     2.8256
     3.3095     2.1824     1.1669     3.3345
     3.6735     2.5493     1.6671     3.7682
     3.8954     2.8521     2.2210     4.1832
     4.0107     3.1735     2.7303     4.4284
     4.1882     3.4674     3.2041     4.7114
     4.1927     3.6971     3.6332     4.9568
     4.1971     3.9360     3.9373     5.0323
     4.1616     4.0463     4.2503     4.9945
     4.1084     4.1291     4.5008     4.9757
     3.9575     4.1015     4.5813     4.7775
     3.6113     4.0831     4.6350     4.5982
     3.2207     3.9268     4.5902     4.3152
     2.7324     3.7522     4.5634     3.9380
     2.2439     3.5500     4.5187     3.5702
     1.7554     3.2837     4.3576     3.0424
     1.2934     3.0357     4.1609     2.5335
     0.8846     2.6410     3.9373     1.9496
     0.5113     2.1640     3.6243     1.3470
     0.1913     1.7057     3.2309     0.7824
    -0.1910     1.1835     2.7929     0.1615
    -0.5556     0.6799     2.2567    -0.3557
    -1.0091     0.2773     1.7653    -0.8351
    -1.3382    -0.1707     1.2473    -1.3331
    -1.5962    -0.4632     0.7651    -1.7464
    -1.8454    -0.8560     0.3544    -2.0657
    -2.1390    -1.2851    -0.0383    -2.5163
    -2.3437    -1.7596    -0.3863    -2.9856
    -2.5573    -2.0788    -0.7610    -3.3234
    -2.7442    -2.4070    -1.1268    -3.5954
    -2.8332    -2.6986    -1.5281    -3.7736
    -2.9667    -3.0082    -1.8580    -3.8674
    -3.0291    -3.2723    -2.1344    -3.9987
    -3.0647    -3.4816    -2.3394    -4.2050
    -3.0914    -3.6545    -2.5801    -4.3925
    -3.0825    -3.7455    -2.7940    -4.5518
    -3.0558    -3.8546    -2.9900    -4.6736
    -2.9489    -3.8910    -3.1058    -4.6549
    -2.8688    -3.9456    -3.1860    -4.5049
    -2.7976    -3.9365    -3.2484    -4.3456
    -2.5840    -3.9274    -3.2395    -4.1112
    -2.4149    -3.8182    -3.2573    -3.8205
    -2.2369    -3.6818    -3.2662    -3.4922
    -1.9877    -3.4634    -3.2840    -3.2389
    -1.7297    -3.3087    -3.2395    -2.9387
    -1.5251    -3.0993    -3.1058    -2.6947
    -1.2404    -2.8079    -2.9365    -2.4225
    -0.9024    -2.5346    -2.7850    -2.0000
    -0.5644    -2.2064    -2.5890    -1.5961
    -0.2621    -1.8143    -2.3216    -1.0324
     0.0046    -1.4859    -2.0185    -0.4215
     0.4047    -1.0752    -1.6529     0.2179
     0.7246    -0.6277    -1.4389     0.7541
     1.1245    -0.1067    -1.1446     1.2247
     1.5688     0.5061    -0.8859     1.7801
     1.9419     1.0369    -0.5201     2.3734
     2.3150     1.5224    -0.0204     2.8539
     2.6702     1.8981     0.3544     3.3723
     3.0343     2.3199     0.8365     3.8719
     3.3095     2.7420     1.2384     4.2775
     3.6557     3.1275     1.6939     4.5888
     3.8243     3.4398     2.1227     4.8058
     3.9664     3.7706     2.4354     5.0323
     4.0729     4.0371     2.7840     5.1361
     4.1084     4.2854     3.0789     5.2682
     4.1172     4.3590     3.3739     5.2211
     4.1084     4.3866     3.6690     5.1361
     3.9220     4.2946     3.8657     4.9568
     3.7178     4.1383     4.0178     4.5888
     3.3184     3.9360     4.1609     4.1926
     2.8567     3.7063     4.3666     3.8154
     2.3772     3.4398     4.3845     3.3628
     1.8975     3.0908     4.2771     2.9010
     1.4444     2.6594     4.1877     2.3828
     0.9913     2.2741     4.0267     1.8742
     0.5735     1.8340     3.7763     1.3941
     0.3424     1.3758     3.5080     0.9141
    -0.0221     0.8813     3.2220     0.4061
    -0.3777     0.4512     2.9180    -0.0736
    -0.8224     0.0304     2.6499    -0.5437
    -1.1603    -0.2804     2.2924    -0.9760
    -1.4539    -0.6551     1.8904    -1.3237
    -1.7653    -1.0386     1.5510    -1.7182
    -1.9877    -1.3764     1.1937    -2.1502
    -2.2903    -1.7231     0.9080    -2.5445
    -2.4950    -2.0879     0.5598    -2.9011
    -2.6285    -2.3705     0.1224    -3.1639
    -2.7709    -2.6166    -0.2792    -3.3234
    -2.9044    -2.8261    -0.6807    -3.5016
    -3.0024    -3.0993    -1.0286    -3.6517
    -3.1181    -3.1994    -1.3765    -3.9237
    -3.1448    -3.3906    -1.6529    -4.1862
    -3.1804    -3.3906    -1.9472    -4.2800
    -3.1448    -3.4634    -2.2057    -4.2893
    -3.1181    -3.4270    -2.4731    -4.2800
    -3.1092    -3.4088    -2.6335    -4.1956
    -3.0024    -3.3724    -2.8029    -4.1299
    -2.8955    -3.3269    -2.9633    -3.9049
    -2.7620    -3.3269    -3.1058    -3.7830
    -2.5662    -3.1721    -3.1860    -3.5860
    -2.3615    -3.1175    -3.2306    -3.3890
    -2.1123    -2.8990    -3.2217    -3.2202
    -1.8810    -2.6986    -3.1860    -2.9105
    -1.6229    -2.4525    -3.1593    -2.6477
    -1.3027    -2.1791    -3.1237    -2.3192
    -0.9469    -1.9329    -3.0613    -1.8403
    -0.6178    -1.5589    -2.9544    -1.4646
    -0.3066    -1.2943    -2.7761    -0.8633
     0.0402    -0.8925    -2.6335    -0.2993
     0.4047    -0.6642    -2.3751     0.2461
     0.7868    -0.1342    -2.0720     0.7730
     1.2490     0.3048    -1.6886     1.1870
     1.6132     0.6982    -1.3408     1.6953
     1.9686     1.1194    -0.9573     2.3263
     2.3860     1.5499    -0.7075     2.8445
     2.7235     1.9165    -0.2168     3.3534
     2.9810     2.3750     0.1759     3.9191
     3.2917     2.7512     0.5687     4.3246
     3.5936     3.0908     1.0240     4.7020
     3.7267     3.4398     1.4438     5.0134
     3.8776     3.7706     1.8993     5.2116
     3.9486     3.9728     2.3371     5.4004
     3.9752     4.2118     2.7840     5.5042
     3.9575     4.3774     3.1683     5.4854
     3.9131     4.4786     3.5170     5.4287
     3.7267     4.5154     3.8926     5.2777
     3.3983     4.3866     4.0535     4.9851
     3.0520     4.2854     4.2771     4.6360
     2.6081     4.0739     4.3219     4.1832
     2.1196     3.7890     4.3576     3.6268
     1.6221     3.4674     4.4203     3.0989
     1.0890     3.0633     4.4381     2.5430
     0.6891     2.6227     4.3755     1.9496
     0.2891     2.1182     4.2592     1.3658
    -0.0309     1.6782     3.9462     0.7635
    -0.3510     1.2018     3.6243     0.2461
    -0.7601     0.6891     3.2488    -0.2805
    -1.2493     0.3048     2.7929    -0.7317
    -1.6051     0.0304     2.3371    -0.9854
    -1.8899    -0.3718     1.7921    -1.4834
    -2.1568    -0.8377     1.2473    -1.9812
    -2.3437    -1.2486     0.7205    -2.4412
    -2.6374    -1.6045     0.1581    -2.8261
    -2.7976    -1.9785    -0.2614    -3.1263
    -2.9757    -2.3067    -0.6629    -3.2108
    -3.1359    -2.6075    -0.9930    -3.3984
    -3.2071    -2.8625    -1.4032    -3.6142
    -3.2783    -3.0082    -1.8937    -3.7736
    -3.3763    -3.1630    -2.3038    -4.0456
    -3.4030    -3.2996    -2.6959    -4.2331
    -3.3496    -3.4270    -2.9454    -4.2237
    -3.3674    -3.4361    -3.2128    -4.0737
    -3.2694    -3.5089    -3.3642    -3.9424
    -3.1715    -3.5271    -3.5513    -3.8299
    -3.0291    -3.4179    -3.6938    -3.6611
    -2.8866    -3.3542    -3.7829    -3.4828
    -2.7798    -3.2359    -3.8363    -3.3515
    -2.5395    -3.0447    -3.9165    -3.1920
    -2.2903    -2.8534    -3.8809    -3.0044
    -2.0678    -2.5619    -3.8720    -2.7228
    -1.7920    -2.3614    -3.7740    -2.3849
    -1.4806    -2.0879    -3.6404    -1.9436
    -1.1781    -1.9238    -3.4889    -1.5022
    -0.8846    -1.6137    -3.2929    -1.1170
    -0.5378    -1.2760    -3.0702    -0.7035
    -0.2799    -0.8560    -2.8742    -0.1958
     0.1380    -0.4358    -2.5979     0.3684
     0.5113     0.0853    -2.3394     0.9141
     0.8846     0.4512    -1.9204     1.3282
     1.2756     1.0186    -1.5370     1.7801
     1.6932     1.4491    -1.0643     2.2886
     2.0396     1.8248    -0.6540     2.8162
     2.3860     2.1549    -0.0829     3.3534
     2.7235     2.5676     0.4705     3.8248
     3.0076     2.9715     0.9794     4.2963
     3.3361     3.3112     1.4616     4.6454
     3.5403     3.6236     1.9887     5.0606
     3.7533     3.8625     2.5069     5.2966
     3.8687     4.0923     2.9001     5.4476
     3.9131     4.2486     3.2309     5.5231
     3.9575     4.4970     3.6243     5.5798
     3.9131     4.6166     4.0178     5.5514
     3.7888     4.6166     4.2056     5.5798
     3.5048     4.6258     4.3040     5.5042
     3.2030     4.4510     4.3397     5.2682
     2.7146     4.1934     4.3934     4.9379
     2.1995     3.9636     4.3934     4.5322
     1.6665     3.7522     4.3666     3.9851
     1.2223     3.4031     4.3755     3.4100
     0.6802     2.9898     4.2682     2.8162
     0.2802     2.6227     4.1072     2.1379
    -0.0132     2.1274     3.8210     1.4694
    -0.3777     1.6415     3.3739     0.8388
    -0.7067     1.2201     2.8644     0.2367
    -1.1514     0.7989     2.3907    -0.2711
    -1.5073     0.3505     1.8547    -0.7317
    -1.7297    -0.0244     1.3455    -1.0982
    -2.0055    -0.5454     0.8544    -1.5210
    -2.2102    -0.9473     0.4437    -2.0939
    -2.4149    -1.3216     0.0242    -2.5069
    -2.6997    -1.6775    -0.2346    -2.8542
    -2.8510    -1.9785    -0.5737    -3.1076
    -3.0113    -2.3158    -0.9484    -3.3703
    -3.0914    -2.6257    -1.3943    -3.6048
    -3.2071    -2.8625    -1.7956    -3.8205
    -3.2605    -3.1084    -2.0987    -3.9893
    -3.3140    -3.2177    -2.3751    -4.2050
    -3.3318    -3.4270    -2.6068    -4.3737
    -3.2516    -3.5453    -2.7761    -4.3175
    -3.2694    -3.5999    -2.9633    -4.1768
    -3.2160    -3.5817    -3.0880    -4.0549
    -3.0736    -3.5726    -3.2306    -3.8861
    -2.9489    -3.5635    -3.2840    -3.8017
    -2.7798    -3.5089    -3.3108    -3.7080
    -2.5751    -3.3815    -3.2662    -3.5954
    -2.3704    -3.2085    -3.3464    -3.3984
    -2.1479    -2.9718    -3.3553    -3.1170
    -1.9165    -2.8625    -3.2484    -2.7979
    -1.5962    -2.6803    -3.2306    -2.4412
    -1.2849    -2.4434    -3.0435    -2.0375
    -0.9647    -2.1791    -2.9454    -1.7088
    -0.6534    -1.8052    -2.6246    -1.2673
    -0.2888    -1.3855    -2.3661    -0.7881
     0.0046    -0.9656    -2.1700    -0.2711
     0.4580    -0.5546    -1.9382     0.2085
     0.8668    -0.0702    -1.6618     0.6883
     1.2845     0.2499    -1.2695     1.1211
     1.6754     0.8081    -0.9038     1.6389
     2.0219     1.2293    -0.6540     2.2039
     2.3860     1.5224    -0.1543     2.7126
     2.7235     2.0082     0.2652     3.2026
     3.0432     2.4667     0.7472     3.6079
     3.3361     2.7971     1.1937     4.0888
     3.5758     3.1918     1.6581     4.4284
     3.7977     3.4857     2.1405     4.7020
     3.9575     3.6879     2.5695     4.9379
     4.0107     3.9452     3.0164     5.0984
     4.0729     4.0831     3.3114     5.1739
     4.0640     4.1843     3.5438     5.1739
     4.0019     4.1659     3.7942     5.1833
     3.8510     4.0739     4.0446     5.0417
     3.4959     4.0004     4.2145     4.9002
     3.1586     3.8625     4.2950     4.6454
     2.6347     3.6419     4.2861     4.2115
     2.1462     3.4031     4.2861     3.7588
     1.6044     3.1184     4.3129     3.1743
     1.1423     2.7879     4.2503     2.5807
     0.6713     2.4117     4.2235     2.0343
     0.3335     1.9990     4.0267     1.4223
    -0.0132     1.4766     3.7137     0.7918
    -0.3599     1.0736     3.3561     0.1897
    -0.7690     0.6067     2.9091    -0.3463
    -1.1692     0.1676     2.4890    -0.8539
    -1.4806    -0.1524     2.0691    -1.3049
    -1.7475    -0.6002     1.6045    -1.7088
    -1.9788    -0.9382     1.1491    -2.1032
    -2.2191    -1.3855     0.7294    -2.4788
    -2.4149    -1.6958     0.3634    -2.9387
    -2.6107    -2.0697     0.1134    -3.3234
    -2.8065    -2.3888    -0.2703    -3.5673
    -2.9133    -2.7077    -0.7789    -3.8111
    -2.9578    -2.9172    -1.2159    -3.9612
    -3.0202    -3.2085    -1.6797    -4.1206
    -3.1181    -3.3542    -2.0185    -4.4393
    -3.1448    -3.5089    -2.2681    -4.5893
    -3.1626    -3.6272    -2.5355    -4.6268
    -3.1092    -3.6636    -2.7940    -4.5518
    -3.0469    -3.7546    -3.0167    -4.4018
    -2.9400    -3.7637    -3.2484    -4.2800
    -2.8332    -3.7637    -3.3820    -4.1393
    -2.6641    -3.7455    -3.4978    -3.9799
    -2.4861    -3.6363    -3.6047    -3.8299
    -2.2992    -3.4543    -3.6404    -3.7080
    -2.0856    -3.3269    -3.6315    -3.5016
    -1.8454    -3.1630    -3.6404    -3.1451
    -1.5962    -2.9263    -3.5424    -2.7885
    -1.3471    -2.6986    -3.4355    -2.3380
    -0.9202    -2.4525    -3.2929    -1.9342
    -0.6267    -2.1426    -3.0702    -1.4646
    -0.3332    -1.7140    -2.8652    -0.9102
    -0.0398    -1.3490    -2.7048    -0.3839
     0.3247    -0.9017    -2.4820     0.1521
     0.7424    -0.5180    -2.1700     0.6224
     1.2134    -0.0610    -1.8402     1.1211
     1.6577     0.4969    -1.4300     1.6577
     2.0929     0.9637    -1.0554     2.2039
     2.4216     1.3666    -0.6004     2.7597
     2.8123     1.7423    -0.1454     3.2874
     3.1675     2.2741     0.3902     3.7682
     3.4959     2.6686     0.8276     4.2209
     3.7533     3.0357     1.2830     4.5322
     3.9042     3.4398     1.7475     4.8247
     4.0551     3.7154     2.2567     5.0512
     4.1616     3.9636     2.7035     5.2494
     4.1882     4.2118     3.0789     5.3249
     4.2148     4.3314     3.4723     5.3626
     4.1971     4.3590     3.8121     5.2777
     4.1350     4.3498     4.0893     5.1455
     3.9220     4.1934     4.1430     4.9285
     3.6024     4.0647     4.1877     4.7020
     3.1497     3.9084     4.2235     4.3718
     2.6525     3.6052     4.2145     4.0040
     2.1107     3.3480     4.2235     3.5702
     1.6044     3.0633     4.2324     3.0706
     1.1601     2.6778     4.1877     2.6183
     0.7424     2.2466     3.9641     2.0343
     0.4580     1.8615     3.5438     1.4600
     0.0935     1.4399     3.1147     0.8200
    -0.2710     0.9637     2.7214     0.1709
    -0.6801     0.5976     2.3371    -0.3745
    -1.0447     0.1950     1.8457    -0.8821
    -1.3471    -0.0976     1.3991    -1.3425
    -1.6140    -0.5728     0.9080    -1.6713
    -1.9254    -0.9199     0.4794    -2.0469
    -2.1657    -1.2669     0.0153    -2.4318
    -2.3170    -1.5772    -0.3595    -2.7885
    -2.4683    -1.9147    -0.7343    -3.1357
    -2.6285    -2.2064    -1.1446    -3.4735
    -2.7531    -2.5254    -1.5459    -3.6892
    -2.8154    -2.7714    -1.9561    -3.9143
    -2.8777    -2.9263    -2.2414    -4.1393
    -2.8777    -3.1175    -2.4642    -4.3268
    -2.8777    -3.2268    -2.6959    -4.3925
    -2.9044    -3.3451    -2.9989    -4.3831
    -2.8777    -3.4361    -3.2306    -4.3081
    -2.8243    -3.4270    -3.3909    -4.2706
    -2.7175    -3.4725    -3.4800    -4.1018
    -2.6018    -3.4543    -3.5602    -3.9612
    -2.4238    -3.3633    -3.6582    -3.8299
    -2.2013    -3.3087    -3.6849    -3.7361
    -1.9966    -3.1903    -3.6047    -3.4828
    -1.7742    -3.0356    -3.5869    -3.2014
    -1.5340    -2.8990    -3.5424    -2.7885
    -1.2938    -2.6166    -3.4444    -2.3661
    -1.0625    -2.3979    -3.3286    -1.9906
    -0.8135    -2.1791    -3.1593    -1.5679
    -0.3866    -1.8508    -2.9900    -1.1640
    -0.0487    -1.4494    -2.7405    -0.6659
     0.2535    -1.0295    -2.4998    -0.1676
     0.6269    -0.6094    -2.2146     0.5283
     1.0001    -0.1981    -1.9115     1.0741
     1.4355     0.1950    -1.5548     1.6389
     1.8087     0.6433    -1.2249     2.0908
     2.2351     1.1743    -0.8324     2.6183
     2.5637     1.5224    -0.3506     3.2309
     2.9189     2.0082     0.1402     3.7588
     3.2474     2.5126     0.5687     4.2303
     3.4782     2.9623     1.0330     4.5227
     3.7267     3.3571     1.5420     4.8058
     3.8865     3.6787     1.9887     5.0323
     4.0551     4.0188     2.4533     5.2116
     4.1705     4.2578     2.8286     5.2871
     4.2060     4.5338     3.2220     5.2777
     4.1882     4.5798     3.5617     5.2682
     4.0551     4.6350     3.8389     5.2022
     3.9042     4.5062     4.0804     5.0700
     3.6823     4.3314     4.1698     4.8719
     3.3184     4.1015     4.1609     4.6171
     2.8745     3.8809     4.2056     4.2492
     2.3061     3.5960     4.2771     3.8531
     1.8176     3.2286     4.2503     3.4194
     1.2578     2.9347     4.2861     2.9387
     0.8491     2.5218     4.2503     2.4488
     0.3780     2.0448     4.1072     1.9025
     0.1380     1.6232     3.8657     1.3000
    -0.2177     1.2659     3.5170     0.7353
    -0.6534     0.8447     3.0700     0.1427
    -0.9913     0.5061     2.6588    -0.3651
    -1.4005     0.1402     2.2210    -0.8539
    -1.6674    -0.2256     1.7028    -1.2767
    -1.9966    -0.6368     1.3009    -1.6525
    -2.2636    -1.0295     0.8722    -2.0845
    -2.4327    -1.3673     0.5062    -2.6384
    -2.6374    -1.7414     0.1670    -3.0325
    -2.7976    -2.0059    -0.2614    -3.3421
    -2.9133    -2.2885    -0.7253    -3.5954
    -3.0024    -2.5710    -1.2784    -3.8955
    -3.0825    -2.7623    -1.6440    -4.1112
    -3.1359    -2.9081    -1.9561    -4.4018
    -3.1804    -3.0629    -2.2503    -4.5612
    -3.1626    -3.2814    -2.4998    -4.5237
    -3.1359    -3.3906    -2.7137    -4.4299
    -3.0736    -3.4907    -2.9365    -4.2987
    -3.0024    -3.5453    -3.1237    -4.2612
    -2.9133    -3.5726    -3.3108    -4.2518
    -2.8243    -3.5271    -3.3998    -4.1581
    -2.5929    -3.4543    -3.5602    -3.9705
    -2.3793    -3.3542    -3.6226    -3.7736
    -2.1657    -3.2541    -3.6582    -3.4078
    -1.9254    -3.0720    -3.6047    -3.0794
    -1.6585    -2.8625    -3.5335    -2.6759
    -1.4450    -2.6712    -3.4444    -2.2910
    -1.1426    -2.4708    -3.2840    -1.9342
    -0.8046    -2.1153    -3.0435    -1.5022
    -0.4488    -1.7779    -2.8563    -1.0606
    -0.1643    -1.3947    -2.7137    -0.6189
     0.2358    -0.9565    -2.4553    -0.0172
     0.6446    -0.6459    -2.2057     0.6695
     1.0001    -0.1890    -1.9561     1.2058
     1.4444     0.1493    -1.6529     1.7330
     1.8797     0.6525    -1.1803     2.2604
     2.2173     1.1468    -0.6629     2.8068
     2.5814     1.5499    -0.1543     3.2874
     2.9100     2.0723     0.3634     3.7776
     3.1675     2.5493     0.8097     4.1737
     3.4959     3.0082     1.2830     4.4284
     3.6468     3.3939     1.7653     4.6643
     3.8243     3.6695     2.2478     4.8247
     3.9131     3.9360     2.6410     5.0323
     3.9930     4.1383     2.9985     5.0984
     4.0107     4.2670     3.3650     5.0889
     3.9397     4.2578     3.6690     5.0984
     3.9042     4.1751     3.9373     4.9945
     3.6912     4.0096     4.1430     4.8247
     3.3361     3.8533     4.2145     4.6077
     2.8922     3.6419     4.2235     4.3435
     2.3505     3.4306     4.1966     3.9851
     1.8797     3.1000     4.1966     3.5514
     1.3822     2.8430     4.1251     3.0518
     0.8313     2.4209     3.9909     2.5524
     0.4135     2.0540     3.6958     2.0061
     0.1380     1.5774     3.3471     1.4976
    -0.1910     1.2109     2.9985     0.9141
    -0.6000     0.8355     2.5784     0.3308
    -1.0091     0.4695     2.1495    -0.2146
    -1.3294     0.1676     1.7832    -0.6941
    -1.6051    -0.1616     1.3277    -1.2109
    -1.8543    -0.5728     0.9347    -1.7182
    -2.0411    -0.9473     0.5062    -2.1220
    -2.3348    -1.2851     0.1402    -2.6102
    -2.4772    -1.5589    -0.1543    -3.0513
    -2.6819    -1.8873    -0.5201    -3.3890
    -2.8154    -2.1244    -0.9394    -3.6611
    -2.8688    -2.4434    -1.3319    -3.8861
    -2.9667    -2.6439    -1.6886    -4.1299
    -3.0736    -2.8807    -2.0007    -4.3737
    -3.0291    -3.0082    -2.2770    -4.6080
    -3.0291    -3.1812    -2.4998    -4.6549
    -3.0380    -3.2085    -2.7048    -4.6080
    -2.9846    -3.3542    -2.9276    -4.4674
    -2.9044    -3.4088    -3.1147    -4.3456
    -2.8154    -3.5362    -3.2128    -4.2425
    -2.6641    -3.5999    -3.2929    -4.1299
    -2.4861    -3.5544    -3.3553    -3.9237
    -2.3170    -3.5180    -3.4266    -3.7455
    -2.1034    -3.4816    -3.4266    -3.4828
    -1.8276    -3.2450    -3.3998    -3.1076
    -1.5962    -3.0811    -3.3553    -2.6665
    -1.3382    -2.7350    -3.2662    -2.3098
    -1.0892    -2.5072    -3.1860    -1.8779
    -0.7334    -2.2703    -3.0078    -1.4552
    -0.3421    -2.0332    -2.7850    -0.9854
    -0.0309    -1.7049    -2.6068    -0.4779
     0.3513    -1.2760    -2.4285     0.2085
     0.7157    -0.8012    -2.1611     0.7541
     1.0712    -0.3992    -1.8580     1.3000
     1.4711     0.1219    -1.5548     1.8272
     1.8353     0.5610    -1.2784     2.3922
     2.1462     1.1377    -0.8235     2.9199
     2.4837     1.6140    -0.4577     3.4477
     2.8478     2.1090     0.0956     3.8908
     3.1941     2.6135     0.6490     4.3435
     3.4693     3.0449     1.1401     4.6737
     3.7356     3.5133     1.6045     4.9002
     3.9042     3.8717     2.0691     5.0889
     4.0374     4.1934     2.4890     5.2494
     4.0817     4.4694     2.9806     5.3910
     4.1793     4.6718     3.3650     5.4759
     4.1527     4.6994     3.7316     5.4948
     4.0196     4.5890     4.0625     5.4759
     3.9309     4.4418     4.1519     5.3721
     3.6202     4.2026     4.2503     5.2588
     3.2474     3.9728     4.4560     5.0040
     2.7590     3.7522     4.5365     4.5982
     2.2351     3.5133     4.6171     4.2680
     1.7909     3.1367     4.6350     3.8814
     1.2490     2.8154     4.5992     3.3911
     0.7957     2.4484     4.5097     2.8068
     0.4491     2.0632     4.2950     2.1662
     0.0846     1.6415     3.9820     1.5447
    -0.3421     1.2750     3.6243     0.8859
    -0.7067     0.9912     3.1236     0.2556
    -1.1603     0.6433     2.6588    -0.2711
    -1.4183     0.3322     2.1405    -0.7505
    -1.7297    -0.0702     1.6224    -1.1452
    -1.9699    -0.4084     1.1312    -1.6431
    -2.2636    -0.7464     0.6312    -2.1784
    -2.4772    -1.1299     0.2027    -2.6665
    -2.6107    -1.4494    -0.0650    -3.0701
    -2.7353    -1.7323    -0.4934    -3.3140
    -2.8866    -1.9785    -0.9394    -3.6235
    -2.9578    -2.2247    -1.4478    -3.8205
    -3.0113    -2.4525    -1.7778    -4.0643
    -3.0736    -2.6439    -2.0631    -4.2612
    -3.0825    -2.7805    -2.3751    -4.4581
    -3.0914    -2.9445    -2.5712    -4.4674
    -3.0647    -3.1357    -2.8385    -4.4768
    -3.0380    -3.2632    -2.9989    -4.3737
    -2.9489    -3.4270    -3.1949    -4.2050
    -2.8243    -3.4725    -3.3464    -4.1206
    -2.7086    -3.5726    -3.4177    -4.1018
    -2.5306    -3.5271    -3.4978    -3.9237
    -2.3348    -3.5271    -3.4978    -3.7173
    -2.1746    -3.3906    -3.4711    -3.3703
    -1.9254    -3.1721    -3.3820    -3.0137
    -1.6763    -2.8807    -3.2662    -2.6947
    -1.4717    -2.6621    -3.1682    -2.3192
    -1.0981    -2.3888    -3.0346    -1.9342
    -0.8224    -2.1609    -2.8652    -1.5304
    -0.4844    -1.9147    -2.7137    -1.0888
    -0.1465    -1.6137    -2.5712    -0.4591
     0.2269    -1.2304    -2.3038     0.0957
     0.5469    -0.7829    -2.0631     0.5848
     1.0179    -0.3078    -1.6351     1.1117
     1.4178     0.1859    -1.3051     1.6106
     1.7909     0.7440    -1.0019     2.2321
     2.1462     1.2842    -0.4934     2.7691
     2.5370     1.8340    -0.0829     3.2686
     2.8478     2.3016     0.3366     3.6928
     3.1319     2.7787     0.7562     4.0606
     3.3894     3.2469     1.2473     4.3907
     3.6113     3.6052     1.6760     4.6643
     3.7711     3.8441     2.1316     4.9851
     3.8243     4.0923     2.5516     5.1455
     3.8687     4.2210     2.9806     5.2116
     3.8954     4.2486     3.2845     5.2399
     3.8865     4.1934     3.6511     5.2399
     3.7533     4.0279     3.9104     5.1833
     3.6113     3.9084     4.2145     5.0700
     3.3361     3.8257     4.4024     4.8435
     2.9544     3.5592     4.4471     4.4756
     2.5459     3.3663     4.4918     4.0323
     2.1551     3.0633     4.4829     3.5042
     1.6665     2.7420     4.4650     3.0047
     1.1245     2.3658     4.4829     2.4488
     0.7069     1.9440     4.3219     1.9025
     0.2180     1.5682     4.1251     1.2717
    -0.0487     1.2659     3.8300     0.7071
    -0.4133     0.8264     3.4902     0.1333
    -0.8401     0.6159     3.0700    -0.4497
    -1.2226     0.2682     2.5963    -0.9196
    -1.5695    -0.0519     2.0691    -1.3988
    -1.8721    -0.3809     1.5777    -1.7370
    -2.1835    -0.7373     1.1491    -2.0939
    -2.4238    -1.1026     0.6937    -2.4882
    -2.5395    -1.4038     0.2741    -2.9105
    -2.7709    -1.6866    -0.0204    -3.2389
    -2.8955    -1.9420    -0.4220    -3.4641
    -3.0202    -2.2156    -0.9216    -3.7080
    -3.0914    -2.5072    -1.3408    -3.8861
    -3.1270    -2.6530    -1.6708    -4.1206
    -3.1893    -2.8625    -1.9917    -4.2800
    -3.2027    -2.9627    -2.2859    -4.2893
    -3.2160    -3.1175    -2.6157    -4.2987
    -3.2605    -3.2359    -2.8207    -4.1768
    -3.1804    -3.3178    -3.0435    -4.0362
    -3.1537    -3.3906    -3.1860    -3.9330
    -3.0113    -3.4270    -3.3286    -3.8861
    -2.8866    -3.3360    -3.4266    -3.7736
    -2.6997    -3.3087    -3.4711    -3.6048
    -2.5128    -3.0902    -3.4800    -3.3703
    -2.2992    -2.9081    -3.4355    -2.9668
    -2.1123    -2.6621    -3.3909    -2.5633
    -1.8365    -2.3979    -3.2662    -2.2253
    -1.5784    -2.2156    -3.1504    -1.8967
    -1.2671    -2.0515    -2.9811    -1.5210
    -0.9291    -1.7779    -2.8118    -1.0982
    -0.5911    -1.3855    -2.6335    -0.5437
    -0.3155    -0.9382    -2.4196     0.0863
     0.0313    -0.5089    -2.1611     0.7447
     0.4580    -0.1799    -1.8491     1.3188
     0.8846     0.3414    -1.5727     1.8837
     1.3200     0.7348    -1.1981     2.4582
     1.7465     1.3117    -0.7967     3.0329
     2.1107     1.7973    -0.3328     3.5608
     2.3949     2.2191     0.1492     4.0511
     2.7057     2.6686     0.6758     4.4190
     3.0076     3.1000     1.1580     4.7586
     3.2740     3.5409     1.6224     4.9568
     3.4870     3.8349     2.0869     5.1550
     3.6291     4.1015     2.4801     5.3438
     3.7533     4.3774     2.8286     5.4098
     3.8155     4.4878     3.1773     5.4854
     3.8421     4.4970     3.4812     5.4665
     3.7800     4.5154     3.7137     5.3438
     3.7356     4.3590     3.9730     5.2116
     3.6024     4.2302     4.2235     5.0134
     3.3628     4.0647     4.3397     4.6265
     3.0165     3.7890     4.3755     4.2303
     2.6169     3.5041     4.3487     3.8059
     2.1462     3.1826     4.2235     3.3063
     1.6399     2.8062     4.1787     2.7974
     1.1690     2.3750     4.0356     2.2886
     0.6802     1.8523     3.8747     1.7518
     0.3069     1.4583     3.6243     1.1964
    -0.0132     1.0644     3.2488     0.6695
    -0.3510     0.6982     2.8644     0.0769
    -0.7245     0.3597     2.4712    -0.4309
    -1.1426     0.0487     2.0780    -0.9572
    -1.4628    -0.4175     1.6492    -1.3894
    -1.7475    -0.7281     1.1669    -1.8121
    -2.0055    -1.1117     0.7919    -2.2816
    -2.1746    -1.4220     0.3723    -2.8261
    -2.4149    -1.7596     0.0331    -3.2483
    -2.5039    -2.0697    -0.3060    -3.5579
    -2.6552    -2.2885    -0.7699    -3.8205
    -2.7086    -2.5254    -1.2159    -4.0081
    -2.8243    -2.7259    -1.5905    -4.2518
    -2.8688    -2.8990    -1.9204    -4.5705
    -2.8777    -3.0720    -2.1879    -4.7205
    -2.9222    -3.2541    -2.4464    -4.7018
    -2.9400    -3.4452    -2.7137    -4.6643
    -2.8599    -3.5726    -2.9187    -4.5518
    -2.8510    -3.6363    -3.1147    -4.4393
    -2.7353    -3.6545    -3.2751    -4.3643
    -2.5662    -3.5999    -3.3553    -4.3081
    -2.4861    -3.4634    -3.4533    -4.1862
    -2.2725    -3.3451    -3.5335    -3.9424
    -2.1034    -3.1903    -3.5068    -3.5860
    -1.9165    -3.1266    -3.4800    -3.2108
    -1.6229    -2.9809    -3.4622    -2.8073
    -1.3827    -2.7714    -3.3998    -2.4976
    -1.1248    -2.5619    -3.2840    -2.1220
    -0.7957    -2.2885    -3.1326    -1.6243
    -0.4844    -1.9329    -2.9009    -1.0982
    -0.1821    -1.4859    -2.6603    -0.4967
     0.0846    -1.1117    -2.3929     0.1615
     0.5024    -0.8469    -2.0987     0.6318
     0.9824    -0.3901    -1.8580     1.1682
     1.3822     0.0944    -1.5370     1.7424
     1.7998     0.5518    -1.0376     2.3451
     2.1107     1.0736    -0.6361     2.8916
     2.4660     1.5865    -0.1186     3.3817
     2.7501     2.0448     0.4259     3.8059
     3.0254     2.6043     0.8544     4.1832
     3.3184     3.0174     1.3634     4.5133
     3.6024     3.4766     1.8100     4.7303
     3.7533     3.8717     2.2924     4.9474
     3.9042     4.0923     2.7840     5.0700
     3.9664     4.3222     3.2130     5.1361
     4.0107     4.5246     3.5259     5.2116
     4.0196     4.5062     3.8300     5.1833
     3.9042     4.4878     4.0178     5.0984
     3.8687     4.3314     4.2324     4.9662
     3.6557     4.1751     4.2503     4.8530
     3.3894     3.9820     4.2950     4.5888
     3.0076     3.6879     4.2503     4.2115
     2.6081     3.3112     4.2592     3.8059
     2.1018     2.9256     4.2682     3.3440
     1.6221     2.5218     4.1787     2.7691
     1.1779     2.0907     3.9641     2.1850
     0.6358     1.6782     3.7048     1.6859
     0.2891     1.3575     3.3829     1.0741
    -0.0132     0.9912     3.0432     0.4625
    -0.3688     0.6891     2.6588    -0.0642
    -0.7868     0.2682     2.2210    -0.6001
    -1.1514    -0.0519     1.8189    -1.0794
    -1.5073    -0.5089     1.4259    -1.4928
    -1.7564    -0.8195     1.0151    -2.0000
    -2.0233    -1.0660     0.6223    -2.4225
    -2.2636    -1.3582     0.3991    -2.9105
    -2.4416    -1.6410    -0.0293    -3.2483
    -2.6018    -1.8691    -0.4666    -3.5110
    -2.6908    -2.1426    -0.9127    -3.7455
    -2.8332    -2.3979    -1.3497    -3.9705
    -2.9044    -2.6803    -1.6886    -4.2518
    -2.9222    -2.8716    -2.0007    -4.4768
    -3.0113    -3.0811    -2.2324    -4.6549
    -3.0024    -3.2177    -2.4820    -4.6643
    -2.9578    -3.3997    -2.7494    -4.5331
    -2.9311    -3.4270    -2.9633    -4.3268
    -2.8510    -3.4998    -3.0969    -4.2987
    -2.8243    -3.5726    -3.2751    -4.2706
    -2.6908    -3.5635    -3.3909    -4.1768
    -2.5217    -3.5362    -3.4711    -4.0081
    -2.2903    -3.3997    -3.5246    -3.8017
    -1.9966    -3.3269    -3.5068    -3.5016
    -1.7208    -3.1903    -3.4800    -3.1545
    -1.5073    -3.0447    -3.4177    -2.8261
    -1.1603    -2.8261    -3.3642    -2.4882
    -0.9113    -2.6075    -3.1949    -2.1126
    -0.5644    -2.2520    -2.9544    -1.6713
    -0.2621    -1.9876    -2.7405    -1.0512
     0.0402    -1.6137    -2.5979    -0.4027
     0.4758    -1.2943    -2.3929     0.1427
     0.8757    -1.0021    -2.2146     0.7071
     1.2934    -0.5454    -1.9739     1.1400
     1.6577    -0.0519    -1.5727     1.7236
     2.0485     0.5518    -1.1000     2.3640
     2.3949     1.1194    -0.6718     2.9199
     2.7235     1.5407    -0.1097     3.3628
     3.0343     2.1274     0.2563     3.8719
     3.3628     2.6502     0.7740     4.2775
     3.6823     3.1000     1.2026     4.5888
     3.8599     3.4490     1.7117     4.8624
     3.9575     3.7522     2.2299     5.0040
     4.0906     4.0463     2.6141     5.2305
     4.1705     4.2210     2.9985     5.2494
     4.2326     4.3406     3.3561     5.2588
     4.1971     4.3406     3.6153     5.2399
     4.0640     4.3406     3.8210     5.1644
     3.9664     4.2578     4.0446     5.0606
     3.7001     4.0739     4.1698     4.8341
     3.2740     3.8717     4.1787     4.4944
     2.8478     3.5776     4.1966     4.1549
     2.3772     3.2286     4.1609     3.6551
     1.9153     2.8521     4.0178     3.2309
     1.4178     2.4667     3.7495     2.7220
     0.9202     2.0448     3.4812     2.1568
     0.5469     1.6232     3.1773     1.6012
     0.2269     1.2109     2.8376     0.9800
    -0.1554     0.8813     2.5337     0.3966
    -0.5644     0.5793     2.1137    -0.1300
    -0.9380     0.2042     1.7385    -0.6377
    -1.2671    -0.0793     1.3187    -1.0700
    -1.5340    -0.4815     0.9258    -1.5304
    -1.8187    -0.8012     0.5062    -1.9248
    -2.0322    -1.0843     0.2116    -2.4318
    -2.2102    -1.3673    -0.0918    -2.8730
    -2.3170    -1.6866    -0.5112    -3.2108
    -2.4505    -1.9512    -0.9573    -3.4641
    -2.5484    -2.1973    -1.3586    -3.6892
    -2.6463    -2.4343    -1.6797    -3.9705
    -2.6908    -2.6803    -1.9204    -4.2050
    -2.7175    -2.8534    -2.1700    -4.4581
    -2.7798    -3.0173    -2.4642    -4.4628
    -2.7442    -3.1266    -2.6692    -4.4674
    -2.7531    -3.2359    -2.9098    -4.3925
    -2.6641    -3.3178    -3.0880    -4.2612
    -2.5929    -3.3451    -3.2306    -4.2143
    -2.4772    -3.3360    -3.3731    -4.1581
    -2.3259    -3.3269    -3.3998    -4.0268
    -2.1657    -3.2814    -3.4800    -3.8861
    -2.0055    -3.1721    -3.5068    -3.6611
    -1.7831    -3.0629    -3.5068    -3.3890
    -1.5518    -2.9900    -3.4533    -3.0701
    -1.2938    -2.8170    -3.4088    -2.7416
    -0.9647    -2.6803    -3.3108    -2.3380
    -0.5644    -2.4252    -3.2484    -1.9718
    -0.3155    -2.1062    -2.9989    -1.4646
     0.0313    -1.7323    -2.7761    -0.8915
     0.3158    -1.3764    -2.5622    -0.1112
     0.6980    -1.0843    -2.3127     0.4061
     1.1068    -0.8012    -2.0541     0.9517
     1.4711    -0.3444    -1.7867     1.4600
     1.8620     0.1127    -1.3676     2.0532
     2.2262     0.8172    -0.8948     2.6560
     2.5370     1.3392    -0.4666     3.1272
     2.7768     1.8706     0.0688     3.6456
     3.0432     2.4025     0.5241     4.0888
     3.3628     2.8980     1.0508     4.4756
     3.5226     3.3847     1.4706     4.7775
     3.7622     3.7798     1.9797     4.9851
     3.8776     4.0279     2.4712     5.1927
     3.8954     4.2854     2.9180     5.3154
     3.8909     4.4878     3.2845     5.3721
     3.8865     4.5706     3.6601     5.3815
     3.7356     4.5522     3.9373     5.3249
     3.5936     4.4786     4.1161     5.2305
     3.3273     4.2394     4.1877     5.0700
     2.9100     4.0463     4.2682     4.8247
     2.5015     3.8257     4.2771     4.5511
     2.0308     3.5041     4.2324     4.1643
     1.5866     3.1551     4.2235     3.6551
     1.0890     2.8246     4.0446     3.1932
     0.6358     2.4117     3.7584     2.6089
     0.1735     1.9990     3.4365     2.0532
    -0.0843     1.5865     3.1326     1.4976
    -0.5022     1.1926     2.7840     0.8670
    -0.9558     0.8264     2.3997     0.2461
    -1.3649     0.5335     2.0333    -0.2429
    -1.7030     0.2773     1.6135    -0.8069
    -1.9254    -0.0519     1.1580    -1.2391
    -2.2369    -0.4997     0.8008    -1.5961
    -2.4683    -0.8834     0.4616    -2.0093
    -2.6819    -1.2030     0.1224    -2.4694
    -2.8243    -1.4403    -0.1721    -2.8918
    -2.9578    -1.7505    -0.6004    -3.2108
    -3.0202    -1.9967    -1.0019    -3.5204
    -3.1092    -2.2338    -1.3943    -3.7361
    -3.1626    -2.5163    -1.6529    -4.0174
    -3.1982    -2.7897    -1.9204    -4.2518
    -3.1715    -2.9627    -2.1433    -4.4393
    -3.1448    -3.1084    -2.4107    -4.5049
    -3.0914    -3.1539    -2.6335    -4.4581
    -3.0380    -3.2359    -2.7850    -4.3081
    -2.8955    -3.3087    -2.9811    -4.1581
    -2.7353    -3.4270    -3.1326    -4.1206
    -2.6463    -3.4270    -3.3197    -4.0831
    -2.4683    -3.3451    -3.4177    -3.9330
    -2.2458    -3.2905    -3.4889    -3.8017
    -2.0678    -3.1539    -3.5335    -3.5673
    -1.7831    -2.9718    -3.5157    -3.2483
    -1.5251    -2.8443    -3.5335    -2.9011
    -1.2315    -2.6803    -3.4088    -2.5351
    -0.8846    -2.4525    -3.2484    -2.0657
    -0.6000    -2.1609    -3.1504    -1.5679
    -0.3244    -1.7870    -3.0256    -1.0888
    -0.0132    -1.4859    -2.8296    -0.4215
     0.4047    -1.1117    -2.5266     0.1615
     0.8402    -0.7373    -2.2592     0.6695
     1.2756    -0.3718    -1.9739     1.1494
     1.7021     0.1036    -1.6618     1.7142
     2.1373     0.6342    -1.1803     2.2886
     2.4216     1.1377    -0.7432     2.8539
     2.7945     1.6598    -0.2792     3.3628
     3.0964     2.1549     0.1759     3.7776
     3.3095     2.6319     0.7294     4.2115
     3.5314     3.0357     1.2919     4.5133
     3.6735     3.4674     1.8100     4.7964
     3.8332     3.7154     2.3461     4.9568
     4.0019     4.0004     2.8376     5.1455
     4.0374     4.2026     3.3829     5.2588
     4.0817     4.4050     3.7763     5.3154
     4.0019     4.4602     4.1340     5.2871
     3.9309     4.3590     4.2414     5.2871
     3.7533     4.2302     4.2414     5.2022
     3.4515     4.1199     4.3934     5.0228
     3.0343     3.9360     4.4024     4.7209
     2.5548     3.6327     4.3934     4.3341
     2.0663     3.4031     4.3934     3.9097
     1.5866     3.0082     4.3666     3.3345
     1.1601     2.6319     4.3129     2.7785
     0.6891     2.1640     3.9462     2.2227
     0.2891     1.7240     3.6153     1.6483
     0.0224     1.2567     3.2577     1.0553
    -0.3599     0.8813     2.8286     0.4437
    -0.7957     0.5427     2.4533    -0.1394
    -1.2226     0.2682     2.0512    -0.6659
    -1.5340    -0.1067     1.6045    -1.1452
    -1.8365    -0.4175     1.2741    -1.5679
    -2.0767    -0.8195     0.8901    -1.8967
    -2.3170    -1.0386     0.5776    -2.3380
    -2.5840    -1.3308     0.2295    -2.7134
    -2.7531    -1.6501    -0.1454    -3.0794
    -2.8065    -1.8691    -0.5201    -3.3046
    -2.9044    -2.0332    -0.9216    -3.4453
    -2.9667    -2.2794    -1.2695    -3.6892
    -3.0736    -2.4708    -1.5370    -3.9424
    -3.0202    -2.6075    -1.9026    -4.1299
    -2.9846    -2.7532    -2.1968    -4.2800
    -3.0113    -2.8716    -2.4464    -4.3081
    -2.9578    -2.9991    -2.7048    -4.1112
    -2.8243    -3.0173    -2.8831    -3.9705
    -2.7353    -3.0993    -3.0791    -3.8674
    -2.6018    -3.1266    -3.2395    -3.7455
    -2.4238    -3.1266    -3.3464    -3.6986
    -2.2280    -3.0720    -3.4533    -3.5579
    -2.0500    -3.0629    -3.5513    -3.3421
    -1.8276    -2.9627    -3.6136    -3.0888
    -1.5695    -2.6986    -3.6493    -2.7604
    -1.3205    -2.4708    -3.6404    -2.3755
    -0.9824    -2.1973    -3.5691    -1.9812
    -0.7156    -1.9238    -3.4800    -1.5867
    -0.3421    -1.7961    -3.3197    -1.0982
    -0.0309    -1.4585    -3.1504    -0.5249
     0.3513    -1.1573    -2.9098    -0.0172
     0.7246    -0.6551    -2.6514     0.6506
     1.1956    -0.2713    -2.3394     1.1588
     1.6399     0.2316    -2.0720     1.6012
     2.0130     0.6433    -1.6529     2.1285
     2.3860     1.2201    -1.2070     2.7502
     2.6880     1.7148    -0.6986     3.2686
     3.0520     2.2007    -0.1632     3.7399
     3.3539     2.7053     0.3455     4.1643
     3.6024     3.1643     0.8990     4.5227
     3.7977     3.4674     1.4080     4.8152
     3.8865     3.8165     1.9887     4.9757
     3.9930     4.0188     2.5784     5.1172
     4.0640     4.2210     3.1773     5.1644
     4.0995     4.2486     3.6869     5.1078
     4.0817     4.2762     4.1251     5.0984
     4.0196     4.2302     4.2682     5.0228
     3.9042     4.0831     4.3219     4.8530
     3.6468     3.9728     4.3934     4.6926
     3.3184     3.8073     4.4113     4.4095
     2.8123     3.5592     4.4203     4.0700
     2.3416     3.3480     4.4292     3.6928
     1.8886     3.0174     4.4113     3.2403
     1.4444     2.6961     4.2950     2.7785
     1.0001     2.2466     4.0088     2.3075
     0.5735     1.7790     3.6779     1.7518
     0.2891     1.3483     3.3382     1.1117
    -0.0932     0.8721     2.9806     0.5283
    -0.5733     0.5061     2.6052    -0.1206
    -1.0358     0.2591     2.2567    -0.7035
    -1.3205    -0.1433     1.8815    -1.2485
    -1.6407    -0.5728     1.5063    -1.7558
    -1.9254    -0.9382     1.1758    -2.0939
    -2.2102    -1.2486     0.9794    -2.5163
    -2.4683    -1.5680     0.7115    -2.9011
    -2.6641    -1.8873     0.3009    -3.2577
    -2.8421    -2.1062    -0.0650    -3.5204
    -2.9667    -2.3432    -0.5023    -3.7361
    -3.0291    -2.4981    -0.8770    -3.9237
    -3.0647    -2.6712    -1.2427    -4.1018
    -3.0736    -2.8625    -1.5102    -4.2987
    -3.0558    -3.0720    -1.8402    -4.5237
    -3.0825    -3.1539    -2.0987    -4.5799
    -2.9846    -3.2268    -2.4285    -4.5237
    -2.9489    -3.2905    -2.6870    -4.3643
    -2.8243    -3.3360    -2.9544    -4.2143
    -2.7531    -3.3906    -3.0880    -4.0174
    -2.6463    -3.3906    -3.2662    -3.8768
    -2.4505    -3.3178    -3.3820    -3.7642
    -2.2547    -3.2541    -3.4800    -3.6611
    -2.0678    -2.9900    -3.5869    -3.3421
    -1.8987    -2.7805    -3.5958    -3.0513
    -1.6140    -2.5437    -3.6047    -2.6947
    -1.3382    -2.3614    -3.5424    -2.3004
    -1.0714    -2.1426    -3.4444    -1.9154
    -0.7690    -1.9785    -3.3286    -1.4082
    -0.4222    -1.7505    -3.1682    -0.9290
    -0.1110    -1.3490    -2.8207    -0.4215
     0.1824    -0.9291    -2.4642     0.3026
     0.6091    -0.5911    -2.2414     0.8388
     1.0801    -0.2073    -1.9115     1.3376
     1.4622     0.2225    -1.6173     1.9307
     1.7909     0.6799    -1.1535     2.4959
     2.1373     1.3117    -0.6004     3.0518
     2.5193     1.7881    -0.0561     3.5796
     2.8478     2.2466     0.6223     4.0511
     3.1319     2.7145     1.1848     4.4567
     3.3716     3.2010     1.7028     4.7209
     3.5669     3.5684     2.2656     4.9096
     3.7267     3.9912     2.8644     5.1267
     3.8332     4.2946     3.3650     5.1833
     3.8243     4.5430     3.8478     5.2399
     3.8510     4.5476     4.2861     5.2305
     3.8066     4.5522     4.3487     5.2211
     3.6646     4.4602     4.3397     5.1739
     3.5048     4.2762     4.3934     5.0134
     3.3006     4.1199     4.4292     4.8058
     2.9100     3.8625     4.4203     4.5322
     2.4571     3.5868     4.4113     4.1454
     1.9775     3.2194     4.4381     3.7588
     1.4622     2.9347     4.4292     3.3063
     1.0623     2.5493     4.3219     2.7597
     0.5913     2.0907     4.0625     2.2604
     0.3247     1.6598     3.6869     1.6859
     0.0224     1.2934     3.3292     1.0364
    -0.3866     0.8813     3.0164     0.3590
    -0.7868     0.5701     2.6320    -0.2523
    -1.1959     0.2225     2.2835    -0.8163
    -1.4895    -0.1707     1.9351    -1.3049
    -1.8543    -0.6094     1.5063    -1.6900
    -2.0589    -0.9473     1.1758    -1.9530
    -2.3526    -1.3034     0.9258    -2.4225
    -2.5039    -1.6228     0.5776    -2.8167
    -2.6374    -1.9056     0.1759    -3.2296
    -2.8243    -2.2247    -0.2614    -3.4453
    -2.8599    -2.4434    -0.7699    -3.6798
    -2.9222    -2.6986    -1.1803    -3.9799
    -2.9578    -2.8352    -1.5281    -4.1112
    -2.9578    -3.0173    -1.8313    -4.3831
    -2.9578    -3.1175    -2.1255    -4.5331
    -2.9578    -3.2541    -2.3751    -4.4487
    -2.8599    -3.3633    -2.6246    -4.3175
    -2.8243    -3.4088    -2.9009    -4.1393
    -2.6641    -3.4452    -3.0791    -4.0362
    -2.5395    -3.4361    -3.2395    -3.9424
    -2.3971    -3.3815    -3.3909    -3.8393
    -2.2547    -3.3178    -3.4800    -3.6704
    -2.0945    -3.1903    -3.5602    -3.4453
    -1.8365    -3.1084    -3.6315    -3.2108
    -1.5962    -2.8716    -3.6760    -2.8448
    -1.3738    -2.6621    -3.5958    -2.5069
    -1.0981    -2.4799    -3.5246    -2.0657
    -0.7690    -2.1062    -3.3464    -1.5961
    -0.4844    -1.8508    -3.0524    -1.1170
    -0.1821    -1.4950    -2.8207    -0.4685
     0.1380    -1.1299    -2.5890     0.1145
     0.5291    -0.7921    -2.3572     0.6695
     0.9824    -0.3627    -2.1344     1.2529
     1.3556     0.0304    -1.8223     1.7895
     1.7465     0.5518    -1.3943     2.3828
     2.1729     1.1377    -0.9038     2.9952
     2.5193     1.6140    -0.4131     3.5231
     2.8301     2.1549     0.1759     4.0228
     3.1053     2.7420     0.6758     4.4850
     3.3716     3.1826     1.1669     4.8152
     3.5936     3.6419     1.6849     5.0606
     3.7977     4.0555     2.2210     5.2116
     3.9664     4.3774     2.7125     5.3438
     4.0196     4.7546     3.1773     5.4854
     4.0019     4.9018     3.5170     5.4854
     3.9930     4.9386     3.8478     5.5042
     3.9841     4.8834     4.1787     5.4193
     3.9220     4.8374     4.3129     5.2588
     3.7711     4.5890     4.3397     5.1172
     3.4870     4.3130     4.3308     4.7964
     3.0875     4.0555     4.3263     4.4661
     2.6880     3.7522     4.3219     4.1454
     2.2262     3.3204     4.2771     3.7776
     1.7731     2.9439     4.1430     3.2591
     1.2756     2.5309     3.8926     2.6843
     0.8224     2.1549     3.5885     2.0343
     0.5469     1.7515     3.2577     1.4129
     0.2269     1.3850     2.9270     0.7353
    -0.1732     0.9820     2.5516     0.0392
    -0.6000     0.6799     2.1405    -0.4967
    -1.0625     0.2956     1.7296    -1.0136
    -1.3205    -0.1067     1.3277    -1.3894
    -1.6496    -0.6185     0.9615    -1.8779
    -1.8543    -0.9108     0.6401    -2.3286
    -2.1301    -1.3308     0.3723    -2.8448
    -2.3170    -1.5863    -0.0293    -3.2202
    -2.4238    -1.8782    -0.4041    -3.5110
    -2.5484    -2.2247    -0.8681    -3.6892
    -2.6463    -2.4161    -1.2962    -3.8861
    -2.6641    -2.6530    -1.6351    -4.1018
    -2.7264    -2.8534    -1.9828    -4.2612
    -2.7264    -3.0447    -2.2414    -4.4674
    -2.7353    -3.1812    -2.4642    -4.4674
    -2.7175    -3.2723    -2.7940    -4.4674
    -2.6285    -3.3269    -3.0256    -4.2893
    -2.5662    -3.4088    -3.1682    -4.1299
    -2.3971    -3.5089    -3.3553    -4.0081
    -2.2458    -3.5089    -3.4889    -3.9143
    -2.1212    -3.4725    -3.5602    -3.8486
    -1.8899    -3.3451    -3.6493    -3.7267
    -1.7475    -3.2450    -3.7294    -3.4922
    -1.4806    -3.1084    -3.7205    -3.1733
    -1.2849    -2.9081    -3.6938    -2.8261
    -0.9736    -2.5801    -3.6136    -2.3943
    -0.6890    -2.3705    -3.5335    -1.9812
    -0.2977    -2.1062    -3.4533    -1.5398
    -0.0398    -1.8326    -3.2573    -0.9854
     0.2180    -1.5315    -3.0078    -0.3463
     0.5735    -1.1208    -2.8029     0.2367
     0.9557    -0.7373    -2.5712     0.7824
     1.3112    -0.3261    -2.3038     1.2623
     1.7376     0.1127    -1.9293     1.9307
     2.0841     0.6067    -1.5102     2.5335
     2.4304     1.0186    -1.0286     3.1083
     2.8123     1.5407    -0.6004     3.5891
     3.0964     2.1182    -0.0650     4.0228
     3.3539     2.6319     0.3902     4.4001
     3.5581     3.2102     0.8990     4.7492
     3.7445     3.6603     1.4706     4.9568
     3.8332     4.1383     2.0155     5.1361
     3.8687     4.4878     2.5337     5.2116
     3.8776     4.7454     3.0164     5.2211
     3.8510     4.8098     3.4455     5.2305
     3.8155     4.7638     3.8836     5.2022
     3.6912     4.5890     4.1877     5.1361
     3.4782     4.3866     4.2950     4.9474
     3.2030     4.1291     4.3576     4.6643
     2.8389     3.8717     4.3755     4.3341
     2.4127     3.6787     4.3487     4.0511
     1.9330     3.4031     4.2682     3.6456
     1.4622     3.0633     4.1519     3.1649
     1.0090     2.6043     3.9194     2.5995
     0.5735     2.2557     3.6332     2.0155
     0.2180     1.7607     3.3382     1.3658
    -0.1110     1.4124     3.0253     0.7071
    -0.5111     0.9271     2.6856     0.1145
    -0.9647     0.5061     2.3997    -0.4873
    -1.2938     0.1310     1.9976    -1.0606
    -1.6229    -0.2347     1.6224    -1.3988
    -1.9165    -0.6185     1.3277    -1.8873
    -2.1924    -0.9199     0.9705    -2.3567
    -2.4238    -1.3216     0.6847    -2.7510
    -2.6018    -1.6319     0.3723    -3.0982
    -2.7620    -1.9603    -0.0472    -3.4266
    -2.9222    -2.2611    -0.4934    -3.6986
    -3.0024    -2.5254    -0.8145    -3.9799
    -3.0469    -2.7259    -1.1357    -4.1674
    -3.1181    -2.9081    -1.4389    -4.3737
    -3.1537    -3.0811    -1.7153    -4.6080
    -3.0825    -3.2085    -1.9739    -4.7393
    -2.9935    -3.4179    -2.2324    -4.7111
    -2.9757    -3.4998    -2.4553    -4.5893
    -2.8510    -3.6272    -2.7316    -4.4112
    -2.7620    -3.5817    -2.9187    -4.3175
    -2.6196    -3.5817    -3.0880    -4.1768
    -2.4772    -3.5817    -3.2662    -4.1112
    -2.2191    -3.5180    -3.3909    -3.9987
    -2.0233    -3.4907    -3.4978    -3.7549
    -1.7920    -3.3269    -3.5157    -3.4641
    -1.5607    -3.1812    -3.5513    -3.1076
    -1.3738    -2.9081    -3.5513    -2.7041
    -1.0358    -2.5892    -3.4711    -2.2347
    -0.6801    -2.3158    -3.4088    -1.7934
    -0.4044    -2.0970    -3.2395    -1.2861
    -0.1287    -1.7596    -3.0702    -0.7223
     0.1291    -1.3308    -2.7583    -0.0548
     0.5380    -0.8925    -2.4464     0.5189
     0.9824    -0.5911    -2.1611     1.0647
     1.3911    -0.0793    -1.8580     1.6106
     1.7554     0.3597    -1.5102     2.1662
     2.1373     0.8538    -1.0911     2.7597
     2.4660     1.3208    -0.5201     3.2968
     2.8212     1.8248     0.0331     3.7588
     3.1053     2.3291     0.5598     4.1926
     3.3716     2.8338     1.0776     4.5039
     3.5669     3.3204     1.6224     4.7681
     3.7178     3.7338     2.1942     4.9662
     3.7888     4.1567     2.7482     5.1361
     3.8687     4.4878     3.2220     5.2305
     3.9042     4.6350     3.6779     5.2399
     3.8865     4.6580     4.0267     5.2211
     3.7533     4.6810     4.2145     5.1833
     3.6024     4.4786     4.3040     5.0795
     3.2207     4.2854     4.3487     4.9474
     2.8922     4.1291     4.3755     4.6077
     2.5104     3.8257     4.3755     4.2963
     2.1285     3.5133     4.3576     3.9380
     1.7198     3.1551     4.3397     3.5608
     1.2756     2.7787     4.2414     3.0424
     0.8135     2.3933     3.9641     2.4299
     0.4047     1.9623     3.6690     1.8177
     0.0580     1.6049     3.3024     1.1400
    -0.2799     1.1560     2.9001     0.5283
    -0.6890     0.7989     2.5427    -0.0830
    -1.1248     0.4237     2.2031    -0.5719
    -1.5607     0.0761     1.9172    -1.0606
    -1.8098    -0.3078     1.5688    -1.5022
    -2.1390    -0.6642     1.3634    -1.9436
    -2.4060    -1.0660     1.0687    -2.4131
    -2.5929    -1.3673     0.7383    -2.8261
    -2.7798    -1.6593     0.2741    -3.1920
    -2.9222    -1.9694    -0.2078    -3.4547
    -3.0380    -2.2338    -0.6897    -3.7361
    -3.0736    -2.4981    -1.0554    -3.9424
    -3.1092    -2.6439    -1.4211    -4.1112
    -3.0736    -2.8443    -1.7153    -4.3081
    -3.0291    -3.0264    -2.0274    -4.5424
    -3.0113    -3.0629    -2.3751    -4.5893
    -2.9311    -3.1721    -2.6068    -4.4862
    -2.8688    -3.2268    -2.8831    -4.3550
    -2.7887    -3.3815    -3.0435    -4.1487
    -2.6107    -3.4634    -3.2038    -4.0362
    -2.3882    -3.4634    -3.3642    -3.8955
    -2.1835    -3.4270    -3.4889    -3.7080
    -2.0322    -3.2996    -3.5424    -3.5579
    -1.7653    -3.0447    -3.6493    -3.3515
    -1.4361    -2.8807    -3.6938    -3.0513
    -1.1870    -2.6894    -3.7027    -2.6477
    -0.9024    -2.4525    -3.5958    -2.2535
    -0.5733    -2.2338    -3.4800    -1.7934
    -0.2977    -2.0150    -3.3820    -1.3237
    -0.0309    -1.7140    -3.1771    -0.7223
     0.2713    -1.3490    -2.9811    -0.0078
     0.6091    -0.9656    -2.6246     0.5377
     0.9646    -0.5637    -2.3751     1.0647
     1.3378    -0.1342    -2.0631     1.5259
     1.7376     0.3963    -1.7510     2.0437
     2.1906     0.8172    -1.4211     2.6466
     2.5281     1.2659    -0.8948     3.1837
     2.9189     1.7790    -0.2881     3.6456
     3.2385     2.3016     0.3098     4.0700
     3.4959     2.8246     0.7830     4.4850
     3.6557     3.2837     1.3098     4.7964
     3.8155     3.7522     1.8100     4.9474
     3.8687     4.1199     2.3371     5.0512
     3.9220     4.3590     2.7750     5.1267
     4.0107     4.5338     3.1683     5.1361
     3.9841     4.6810     3.6243     5.1455
     3.9309     4.6534     3.9641     5.1550
     3.7622     4.5522     4.2324     5.0889
     3.5847     4.3406     4.2861     4.9379
     3.2474     4.0923     4.3397     4.7114
     2.8478     3.8533     4.3755     4.3812
     2.3860     3.5592     4.3934     4.0983
     1.9242     3.1459     4.3755     3.6456
     1.4267     2.7971     4.3666     3.1555
     0.9646     2.4300     4.1072     2.5524
     0.4935     2.0173     3.7942     1.9590
     0.1735     1.6415     3.4633     1.3282
    -0.1910     1.2384     3.1236     0.6506
    -0.6267     0.8538     2.7214     0.0675
    -1.0981     0.5061     2.3282    -0.5249
    -1.4806     0.0944     1.8547    -1.0230
    -1.7920    -0.3627     1.5063    -1.4552
    -2.0589    -0.7281     1.1937    -1.9060
    -2.4238    -0.9930     0.9258    -2.3755
    -2.6107    -1.3125     0.6847    -2.8355
    -2.8421    -1.6228     0.2652    -3.2202
    -2.9667    -1.9420    -0.1721    -3.4641
    -3.0736    -2.1335    -0.6272    -3.7173
    -3.1893    -2.4525    -1.0197    -3.9705
    -3.3051    -2.6348    -1.3230    -4.1487
    -3.3318    -2.8625    -1.6351    -4.3550
    -3.3318    -2.9627    -1.8848    -4.4862
    -3.2249    -3.0902    -2.2146    -4.6455
    -3.2338    -3.2814    -2.4464    -4.7018
    -3.1715    -3.3451    -2.6959    -4.4674
    -3.0825    -3.4998    -2.9276    -4.2987
    -2.9489    -3.5180    -3.1415    -4.1768
    -2.7442    -3.5362    -3.3286    -4.0643
    -2.6018    -3.4634    -3.3998    -3.9237
    -2.3971    -3.3087    -3.5424    -3.8017
    -2.1301    -3.1994    -3.6226    -3.6423
    -1.8543    -3.0993    -3.6404    -3.3797
    -1.5429    -2.9263    -3.6404    -3.0607
    -1.2493    -2.8079    -3.5869    -2.6947
    -0.9647    -2.5619    -3.5513    -2.2535
    -0.7067    -2.4343    -3.4800    -1.8497
    -0.4311    -2.1335    -3.3909    -1.3143
    -0.2177    -1.8143    -3.1771    -0.6941
     0.1291    -1.4677    -2.9544    -0.0360
     0.5558    -0.9656    -2.7137     0.4719
     0.9290    -0.5546    -2.3840     0.9894
     1.3378    -0.1159    -2.0809     1.5165
     1.8087     0.3688    -1.7510     2.1097
     2.2617     0.7257    -1.2784     2.6183
     2.6169     1.1285    -0.7343     3.1178
     2.9810     1.6507    -0.1364     3.6079
     3.3273     2.0998     0.4259     4.0228
     3.6202     2.6043     1.0419     4.3435
     3.7977     3.0174     1.6313     4.6171
     3.9220     3.4490     2.2478     4.8719
     4.0640     3.7430     2.8108     4.9662
     4.1350     4.0188     3.2935     5.0040
     4.2060     4.1934     3.6958     5.0512
     4.1882     4.3130     4.1340     5.0606
     4.0285     4.2486     4.3040     5.0134
     3.9309     4.1475     4.3666     4.9096
     3.5669     3.9728     4.4650     4.7681
     3.1941     3.7614     4.5455     4.5794
     2.7590     3.4766     4.5544     4.2586
     2.3683     3.1918     4.5187     3.9002
     1.8087     2.9164     4.5097     3.4759
     1.4000     2.5126     4.3934     2.9199
     0.9557     2.1365     4.1251     2.3546
     0.5824     1.8156     3.7942     1.7801
     0.1646     1.4033     3.4812     1.2152
    -0.1821     1.0278     3.0610     0.6130
    -0.6890     0.7440     2.6856     0.0110
    -1.0625     0.3505     2.2299    -0.5343
    -1.4539     0.0396     1.8189    -1.0512
    -1.7564    -0.4358     1.4795    -1.5116
    -2.0322    -0.7464     1.1669    -1.8685
    -2.3081    -1.1117     0.9705    -2.3098
    -2.5484    -1.3308     0.5955    -2.7322
    -2.6730    -1.6228     0.1938    -3.1357
    -2.8510    -1.8508    -0.3149    -3.4359
    -2.9578    -2.0515    -0.7967    -3.6517
    -3.0380    -2.3158    -1.2070    -3.8017
    -3.0558    -2.5619    -1.5192    -4.0924
    -3.0736    -2.6894    -1.7867    -4.3456
    -3.0469    -2.8443    -2.0809    -4.5049
    -3.0024    -3.0447    -2.3840    -4.5518
    -2.9400    -3.1630    -2.5979    -4.4393
    -2.8332    -3.3360    -2.8385    -4.3081
    -2.7709    -3.4543    -3.0435    -4.1487
    -2.6552    -3.4725    -3.2306    -4.0362
    -2.4505    -3.4634    -3.4355    -3.9424
    -2.3259    -3.3542    -3.4889    -3.8580
    -2.1212    -3.2085    -3.5958    -3.6704
    -1.9165    -3.0720    -3.6315    -3.3890
    -1.6585    -2.9627    -3.5958    -3.1451
    -1.3916    -2.7988    -3.5869    -2.8073
    -1.0892    -2.6712    -3.5513    -2.4506
    -0.8490    -2.4161    -3.4889    -2.0563
    -0.5911    -2.2247    -3.4088    -1.4552
    -0.2888    -1.8873    -3.2751    -0.8821
    -0.0398    -1.4859    -3.0613    -0.2617
     0.2980    -1.0843    -2.7583     0.2273
     0.6891    -0.7555    -2.4375     0.7165
     1.0801    -0.3901    -2.0987     1.2905
     1.4800     0.0853    -1.7332     1.8837
     1.9597     0.5610    -1.3765     2.5241
     2.3505     1.0736    -0.8235     3.0141
     2.7146     1.4766    -0.2346     3.5419
     2.9988     2.0173     0.3098     4.0228
     3.3095     2.5401     0.7830     4.3718
     3.5226     3.0725     1.3277     4.6926
     3.7533     3.5225     1.9976     4.8813
     3.8332     3.8533     2.5158     5.0512
     3.9220     4.2210     3.0432     5.1550
     3.9131     4.3774     3.5080     5.1644
     3.9042     4.5338     3.9015     5.1550
     3.9042     4.5522     4.3308     5.0889
     3.7090     4.4786     4.4113     5.0417
     3.4959     4.3130     4.4918     4.8719
     3.1852     4.1015     4.6081     4.6643
     2.7945     3.7798     4.6350     4.4567
     2.3772     3.5317     4.6260     4.1643
     1.9508     3.2194     4.5902     3.8154
     1.5066     2.8521     4.5097     3.3534
     1.0446     2.5493     4.2771     2.8445
     0.6713     2.0815     3.9194     2.1568
     0.3424     1.7057     3.5975     1.5918
    -0.1199     1.3117     3.1415     0.9141
    -0.4666     0.9088     2.7571     0.2367
    -0.8846     0.5793     2.3193    -0.3087
    -1.2582     0.2316     1.8725    -0.8633
    -1.5607    -0.0793     1.5331    -1.3425
    -1.8632    -0.4632     1.2384    -1.7652
    -2.1034    -0.7738     1.0598    -2.1784
    -2.3793    -1.1208     0.7026    -2.5727
    -2.5573    -1.3490     0.2830    -2.9856
    -2.7264    -1.6501    -0.1454    -3.3140
    -2.8599    -1.8964    -0.6450    -3.5391
    -2.9757    -2.1518    -1.0376    -3.7830
    -3.0647    -2.3067    -1.3319    -3.9612
    -3.0469    -2.4708    -1.6797    -4.2237
    -3.0558    -2.6439    -1.9382    -4.3550
    -2.9757    -2.8170    -2.2503    -4.4862
    -2.9846    -2.9718    -2.4998    -4.5049
    -2.9133    -3.1175    -2.7940    -4.3456
    -2.8154    -3.1994    -3.0524    -4.2893
    -2.7086    -3.3087    -3.2662    -4.0924
    -2.5751    -3.3178    -3.3909    -3.9893
    -2.4149    -3.3087    -3.5157    -3.8580
    -2.2814    -3.1903    -3.6582    -3.7642
    -2.0233    -3.0902    -3.7116    -3.6048
    -1.8187    -2.9991    -3.7918    -3.3234
    -1.5695    -2.8625    -3.7962    -3.0044
    -1.3294    -2.6986    -3.8007    -2.6102
    -1.0803    -2.5801    -3.7294    -2.2816
    -0.7601    -2.3432    -3.5691    -1.7934
    -0.5022    -2.0697    -3.4533    -1.2955
    -0.1376    -1.7505    -3.2662    -0.7505
     0.1380    -1.3673    -2.9633    -0.0736
     0.5113    -0.9473    -2.6692     0.4155
     0.9113    -0.6642    -2.3840     0.9423
     1.3112    -0.1616    -2.0720     1.3847
     1.7198     0.2773    -1.6529     1.9307
     2.1373     0.6891    -1.1446     2.5335
     2.5637     1.1651    -0.5112     3.0329
     2.9455     1.6598     0.1045     3.4382
     3.2917     2.1549     0.6669     3.8908
     3.5048     2.5676     1.1401     4.2680
     3.6912     2.9990     1.7743     4.5982
     3.8155     3.3388     2.3461     4.7586
     3.9042     3.6787     2.7840     4.8907
     3.9397     4.0004     3.2398     4.9568
     3.9397     4.1107     3.6690     5.0228
     3.8776     4.1153     4.0446     4.9851
     3.8332     4.1199     4.3845     4.9002
     3.6468     4.0279     4.4829     4.7964
     3.3983     3.8901     4.5544     4.6360
     3.0165     3.6603     4.6260     4.3907
     2.6436     3.3571     4.6797     4.0794
     2.2084     3.1826     4.6618     3.6928
     1.7643     2.8613     4.6439     3.2968
     1.3200     2.5860     4.5813     2.8539
     0.8491     2.2741     4.2235     2.3169
     0.4847     1.8706     3.9015     1.7048
     0.1558     1.4674     3.5528     1.1211
    -0.1910     1.0736     3.1683     0.4813
    -0.6089     0.6708     2.7482    -0.0830
    -1.0269     0.3322     2.3371    -0.6001
    -1.3827     0.0304     1.8904    -1.0794
    -1.6674    -0.3352     1.5063    -1.4270
    -1.9610    -0.7007     1.2473    -1.8403
    -2.2814    -0.9382     0.9526    -2.3192
    -2.5217    -1.2578     0.5955    -2.7416
    -2.6641    -1.4859     0.1134    -3.1076
    -2.8777    -1.7049    -0.2703    -3.3515
    -2.9667    -1.9603    -0.7075    -3.6235
    -3.0736    -2.1518    -1.0286    -3.8486
    -3.1181    -2.3979    -1.3230    -4.0456
    -3.1092    -2.5801    -1.5994    -4.1956
    -3.0647    -2.7623    -1.9472    -4.3081
    -3.0291    -2.8807    -2.2146    -4.3456
    -2.9846    -3.0082    -2.5266    -4.2706
    -2.9400    -3.1448    -2.7405    -4.0924
    -2.7798    -3.2450    -2.9365    -3.9518
    -2.7264    -3.2450    -3.1504    -3.8205
    -2.5395    -3.2268    -3.2751    -3.6892
    -2.3170    -3.1903    -3.4355    -3.6048
    -2.1835    -3.1084    -3.5691    -3.4922
    -1.9610    -3.0264    -3.5691    -3.2858
    -1.7564    -2.9081    -3.6760    -3.0231
    -1.5607    -2.7623    -3.6938    -2.6853
    -1.2493    -2.5346    -3.5958    -2.2910
    -0.9380    -2.3614    -3.4800    -1.9060
    -0.6712    -2.0606    -3.3909    -1.4176
    -0.4044    -1.7049    -3.1682    -0.8163
    -0.0932    -1.3216    -2.9009    -0.1676
     0.2446    -1.0478    -2.6246     0.3778
     0.6713    -0.6459    -2.4018     0.8294
     1.0446    -0.2530    -2.0631     1.2905
     1.5422     0.1950    -1.7599     1.8554
     1.9686     0.6433    -1.3765     2.4299
     2.3860     1.0919    -0.7967     2.9387
     2.7590     1.5224    -0.1900     3.3723
     3.0343     2.0357     0.3455     3.8437
     3.3716     2.5034     0.9615     4.2586
     3.5847     2.8521     1.5956     4.5605
     3.7267     3.3296     2.1942     4.7681
     3.7622     3.6971     2.7393     4.9002
     3.8687     4.0188     3.2935     4.9379
     3.8865     4.2026     3.7674     4.9851
     3.7977     4.2946     4.1072     4.9757
     3.7267     4.2670     4.4113     4.9285
     3.6202     4.2210     4.5544     4.8058
     3.4072     4.0096     4.5634     4.7209
     3.1763     3.8533     4.6439     4.5039
     2.8212     3.5041     4.6439     4.1737
     2.4127     3.2286     4.6439     3.8154
     1.9597     2.9164     4.6171     3.4382
     1.4889     2.6961     4.5187     2.9764
     1.0001     2.3016     4.2861     2.4111
     0.5824     1.9440     3.9999     1.7801
     0.2802     1.5407     3.6601     1.1776
    -0.0398     1.1468     3.3024     0.5377
    -0.4666     0.7165     2.8823    -0.0172
    -0.8668     0.4237     2.4444    -0.5061
    -1.2404     0.0396     1.9797    -0.9572
    -1.5518    -0.2804     1.6045    -1.3331
    -1.8365    -0.6916     1.2562    -1.7182
    -2.0856    -1.0295     1.0776    -2.1690
    -2.3526    -1.3125     0.7740    -2.5914
    -2.5484    -1.5498     0.3366    -2.9668
    -2.7175    -1.8143    -0.2168    -3.2483
    -2.8154    -2.0332    -0.6450    -3.5204
    -2.9133    -2.2703    -1.0822    -3.7642
    -2.9846    -2.3979    -1.4389    -3.9049
    -3.0024    -2.6166    -1.7510    -4.1393
    -3.0469    -2.7623    -2.0541    -4.2518
    -2.9489    -2.8807    -2.2948    -4.2987
    -2.8866    -3.0447    -2.6157    -4.3268
    -2.7887    -3.1812    -2.8474    -4.2331
    -2.7620    -3.2632    -3.0524    -4.1393
    -2.6374    -3.3451    -3.2840    -3.9705
    -2.4861    -3.3815    -3.4355    -3.8017
    -2.3526    -3.3542    -3.5335    -3.7736
    -2.1657    -3.2905    -3.6760    -3.6517
    -1.9788    -3.2450    -3.7651    -3.4078
    -1.7653    -3.0356    -3.8274    -3.1545
    -1.5695    -2.9081    -3.8096    -2.8448
    -1.2493    -2.7532    -3.8007    -2.5351
    -1.0269    -2.5801    -3.7294    -2.1220
    -0.8224    -2.3341    -3.5691    -1.6994
    -0.5111    -2.0697    -3.4177    -1.2485
    -0.2354    -1.7687    -3.1593    -0.7317
     0.0935    -1.3764    -2.8831     0.0110
     0.3958    -1.0478    -2.6246     0.5095
     0.8135    -0.6642    -2.3661     0.9988
     1.2045    -0.2256    -2.1076     1.4412
     1.6221     0.2773    -1.7510     1.9967
     2.0308     0.6525    -1.2962     2.6183
     2.4038     1.1468    -0.7789     3.0895
     2.7501     1.4949    -0.1900     3.5325
     3.0343     2.0907     0.3991     3.9945
     3.2829     2.5585     1.0151     4.3058
     3.4959     2.9439     1.6581     4.5794
     3.6113     3.4398     2.2656     4.7492
     3.6912     3.7246     2.7393     4.8719
     3.6823     3.9820     3.2041     4.9002
     3.6735     4.1475     3.7137     4.9568
     3.5936     4.2670     4.1072     4.9285
     3.5137     4.2670     4.4292     4.8907
     3.3805     4.1567     4.5544     4.7681
     3.1852     3.9728     4.6171     4.5039
     2.8567     3.6695     4.6797     4.3058
     2.4926     3.4949     4.6528     4.0134
     2.0308     3.2928     4.6797     3.6645
     1.5777     3.0357     4.6081     3.2120
     1.1334     2.7145     4.4739     2.7220
     0.7335     2.2649     4.1430     2.2039
     0.4047     1.9256     3.7763     1.6483
     0.1469     1.5132     3.4276     1.0082
    -0.2532     1.1377     3.0968     0.4249
    -0.6623     0.7440     2.7571    -0.1300
    -1.0358     0.4329     2.4444    -0.6001
    -1.3294     0.1036     2.0601    -1.0042
    -1.6852    -0.2713     1.7475    -1.4176
    -1.9521    -0.6277     1.4348    -1.8779
    -2.2458    -0.8834     1.0955    -2.2723
    -2.4416    -1.1482     0.6401    -2.6384
    -2.6196    -1.4950     0.1402    -2.9668
    -2.7353    -1.7140    -0.3149    -3.2483
    -2.8688    -1.9603    -0.7075    -3.4922
    -2.9667    -2.1973    -1.1000    -3.7455
    -3.0024    -2.4070    -1.4389    -3.8580
    -3.0202    -2.5619    -1.7867    -3.9987
    -2.9757    -2.6986    -2.0987    -4.1112
    -2.9578    -2.8352    -2.4285    -4.2143
    -2.8154    -2.9354    -2.7227    -4.2050
    -2.7442    -3.0264    -2.9722    -4.1299
    -2.6107    -3.1539    -3.1682    -3.9330
    -2.5039    -3.1994    -3.3731    -3.8205
    -2.4060    -3.1539    -3.4533    -3.6892
    -2.2013    -3.1175    -3.5335    -3.5391
    -2.0055    -3.0720    -3.6493    -3.3609
    -1.8098    -3.1084    -3.7294    -3.1733
    -1.7119    -3.0356    -3.7339    -2.9011
    -1.4539    -2.8261    -3.7384    -2.6477
    -1.1870    -2.5163    -3.6671    -2.3286
    -0.8668    -2.2703    -3.5335    -1.8967
    -0.7067    -2.0332    -3.4800    -1.4834
    -0.3777    -1.8326    -3.1860    -0.9290
    -0.1110    -1.5498    -2.8920    -0.3839
     0.2358    -1.3216    -2.5979     0.2838
     0.6180    -0.8560    -2.3305     0.7635
     1.0801    -0.4997    -2.1166     1.2152
     1.4800     0.0670    -1.7421     1.7048
     1.8975     0.5610    -1.3943     2.2886
     2.2795     0.9820    -0.9305     2.8162
     2.6347     1.4674    -0.4309     3.2497
     2.9366     1.9440     0.1670     3.7211
     3.2030     2.4575     0.7294     4.1643
     3.4870     2.8521     1.2473     4.4756
     3.5936     3.2102     1.8279     4.6643
     3.7445     3.5776     2.4175     4.8341
     3.7977     3.9268     2.9627     4.9002
     3.7711     4.1015     3.4455     4.9285
     3.7267     4.1567     3.9194     4.8907
     3.6646     4.2210     4.3576     4.8530
     3.5669     4.1107     4.5723     4.7398
     3.3361     3.9912     4.5992     4.5322
     3.0165     3.7982     4.6439     4.2963
     2.6613     3.5500     4.6260     3.9568
     2.1818     3.3112     4.6439     3.5985
     1.7465     3.0174     4.6171     3.1932
     1.3200     2.7603     4.4113     2.7126
     0.9024     2.3933     4.1072     2.3075
     0.5824     1.9990     3.7405     1.7707
     0.2624     1.6507     3.4544     1.1776
    -0.0487     1.2842     3.0789     0.5942
    -0.4844     0.9637     2.7303    -0.0172
    -0.8846     0.5884     2.3729    -0.4591
    -1.2404     0.3139     2.0065    -0.9008
    -1.4984    -0.0702     1.6135    -1.2015
    -1.7653    -0.5180     1.3009    -1.6806
    -2.0411    -0.8286     1.0419    -2.1596
    -2.2191    -1.1391     0.6133    -2.6008
    -2.3971    -1.4038     0.1492    -2.9668
    -2.5573    -1.6045    -0.3685    -3.1545
    -2.6908    -1.8508    -0.7699    -3.3609
    -2.8154    -2.0879    -1.2249    -3.5204
    -2.8955    -2.2520    -1.5727    -3.7361
    -2.8955    -2.3979    -1.8580    -3.9049
    -2.9311    -2.6075    -2.1522    -4.0831
    -2.8599    -2.7077    -2.4196    -4.1487
    -2.8065    -2.9172    -2.7405    -4.1581
    -2.7086    -2.9900    -3.0167    -3.9424
    -2.5128    -3.0447    -3.1593    -3.7267
    -2.3882    -3.0538    -3.3375    -3.5766
    -2.2903    -3.0629    -3.5424    -3.5391
    -2.0856    -3.0720    -3.6226    -3.5110
    -1.9521    -3.0538    -3.7562    -3.3797
    -1.7920    -3.0082    -3.8007    -3.1545
    -1.5784    -2.9354    -3.7829    -2.8261
    -1.4183    -2.8898    -3.8096    -2.5163
    -1.2404    -2.6803    -3.7473    -2.1690
    -0.9913    -2.5710    -3.7205    -1.7558
    -0.7067    -2.2703    -3.5691    -1.5116
    -0.4044    -2.0059    -3.3464    -1.0606
    -0.1465    -1.7049    -3.0969    -0.5249
     0.1024    -1.3582    -2.8029     0.1521
     0.4135    -1.0204    -2.4820     0.7071
     0.8313    -0.6277    -2.2057     1.1494
     1.2667    -0.1250    -1.9650     1.6200
     1.6843     0.3231    -1.5638     2.2133
     2.0841     0.7257    -1.1000     2.7691
     2.3949     1.1926    -0.5737     3.3157
     2.7590     1.6873    -0.0383     3.7305
     3.0698     2.1457     0.5330     4.1737
     3.3095     2.5585     1.1312     4.4944
     3.4782     2.9806     1.7564     4.6454
     3.6291     3.3204     2.3729     4.7586
     3.7001     3.6695     2.9448     4.8624
     3.7178     3.8625     3.4365     4.8624
     3.7356     4.0279     3.8657     4.8247
     3.7267     4.0739     4.3308     4.7209
     3.5847     4.1383     4.5544     4.6360
     3.4072     4.0004     4.6439     4.4944
     3.1231     3.8901     4.7602     4.2398
     2.7324     3.5684     4.8586     3.9097
     2.4038     3.2928     4.8228     3.5419
     1.9508     3.0357     4.8049     3.1272
     1.4533     2.7971     4.7602     2.7408
     1.0535     2.4117     4.5992     2.2980
     0.6624     2.0723     4.2324     1.7142
     0.4313     1.6690     3.8300     1.1682
     0.1113     1.3117     3.4544     0.5189
    -0.3244     0.9728     3.0968    -0.0360
    -0.7423     0.5976     2.6856    -0.5813
    -1.0892     0.3322     2.3103    -1.0136
    -1.4272     0.0030     1.9083    -1.2955
    -1.7030    -0.4449     1.5599    -1.6619
    -1.9254    -0.7555     1.2919    -2.0751
    -2.1568    -1.0569     1.0687    -2.5914
    -2.3971    -1.3034     0.6758    -2.9293
    -2.5662    -1.6137     0.2206    -3.2296
    -2.6463    -1.8143    -0.3238    -3.3797
    -2.8065    -1.9329    -0.7699    -3.5954
    -2.8421    -2.1062    -1.2159    -3.7455
    -2.8955    -2.3158    -1.5638    -3.8955
    -2.8777    -2.5163    -1.9115    -4.0268
    -2.8332    -2.6712    -2.2681    -4.1768
    -2.8154    -2.8625    -2.5355    -4.1956
    -2.7264    -3.0447    -2.8029    -4.0643
    -2.5751    -3.0356    -3.0702    -3.8580
    -2.4772    -3.0811    -3.2662    -3.6329
    -2.3081    -3.1084    -3.4355    -3.5673
    -2.1835    -3.1038    -3.5335    -3.4922
    -1.9610    -3.0993    -3.6849    -3.3797
    -1.7831    -3.0264    -3.7740    -3.2202
    -1.6051    -3.0082    -3.7829    -2.9856
    -1.4717    -2.9536    -3.7695    -2.7041
    -1.2938    -2.7532    -3.7562    -2.3849
    -1.0447    -2.6530    -3.6849    -2.0657
    -0.7868    -2.4525    -3.5246    -1.7182
    -0.5289    -2.1335    -3.3820    -1.2955
    -0.2621    -1.8600    -3.1415    -0.7693
     0.0402    -1.5042    -2.8296    -0.2334
     0.3424    -1.1299    -2.4820     0.3778
     0.7246    -0.7647    -2.1790     0.9235
     1.0890    -0.2895    -1.8937     1.3941
     1.5155     0.1493    -1.5816     1.8648
     1.8620     0.4878    -1.2070     2.3828
     2.2262     0.8721    -0.7253     2.9387
     2.5992     1.3941    -0.2257     3.4100
     2.9366     1.8340     0.3366     3.7682
     3.2651     2.2466     0.9169     4.1266
     3.4072     2.6869     1.4884     4.3812
     3.5669     3.0357     2.0869     4.5794
     3.5936     3.3663     2.6856     4.7114
     3.6380     3.6695     3.2041     4.7209
     3.6646     3.8349     3.6690     4.7114
     3.5758     3.9268     4.1609     4.6831
     3.5048     3.9498     4.5902     4.5699
     3.4160     3.9728     4.7155     4.5039
     3.1497     3.8809     4.7155     4.3435
     2.8567     3.6052     4.7602     4.1077
     2.5281     3.3480     4.8049     3.8342
     2.0752     3.1275     4.7781     3.4665
     1.6399     2.9164     4.7602     2.9952
     1.1779     2.6319     4.6618     2.4959
     0.8313     2.2924     4.3666     1.9778
     0.4580     1.9165     3.9641     1.4223
     0.1646     1.5865     3.5617     0.8576
    -0.1732     1.1926     3.1862     0.2650
    -0.5556     0.7989     2.7482    -0.2899
    -0.9647     0.5518     2.3550    -0.7411
    -1.3382     0.1493     1.9708    -1.1922
    -1.6496    -0.1707     1.6671    -1.5022
    -1.8899    -0.5271     1.3813    -1.8403
    -2.1390    -0.8834     1.1758    -2.2535
    -2.3526    -1.1208     0.8097    -2.6665
    -2.5573    -1.3216     0.4259    -2.9481
    -2.6730    -1.5407    -0.0829    -3.2202
    -2.8154    -1.7505    -0.5380    -3.3984
    -2.9222    -1.9967    -0.9930    -3.6235
    -2.9935    -2.1700    -1.4122    -3.8299
    -3.0024    -2.4434    -1.7688    -3.9705
    -2.8955    -2.6257    -2.1166    -4.0643
    -2.8777    -2.7623    -2.3751    -4.0174
    -2.8154    -2.9536    -2.6425    -3.9518
    -2.7086    -2.9809    -2.9187    -3.7267
    -2.5573    -3.0356    -3.0791    -3.6142
    -2.4149    -3.0902    -3.3197    -3.5766
    -2.3259    -3.1721    -3.4266    -3.6048
    -2.1301    -3.1812    -3.5691    -3.5579
    -1.9610    -3.2359    -3.6493    -3.3703
    -1.8276    -3.1175    -3.6938    -3.0888
    -1.5695    -3.0082    -3.7116    -2.7979
    -1.4361    -2.8898    -3.7384    -2.5351
    -1.1159    -2.7077    -3.6315    -2.2347
    -0.8490    -2.4981    -3.5335    -1.8403
    -0.6089    -2.2611    -3.4266    -1.4740
    -0.3866    -1.9694    -3.1771    -1.0230
    -0.1910    -1.7687    -2.8831    -0.4497
     0.1646    -1.4494    -2.5088     0.0863
     0.5202    -1.0204    -2.1968     0.6412
     0.8846    -0.7007    -1.9115     1.1870
     1.1956    -0.1707    -1.6262     1.6765
     1.6488     0.1950    -1.2070     2.2227
     2.0396     0.6433    -0.7878     2.8162
     2.3416     1.1285    -0.3238     3.2874
     2.7679     1.6323     0.2116     3.7116
     3.0964     2.0632     0.7472     4.0794
     3.2740     2.5218     1.3098     4.3907
     3.4782     2.9623     1.8725     4.5511
     3.5669     3.3296     2.4622     4.6737
     3.5847     3.6603     3.0521     4.7209
     3.6646     3.8809     3.5438     4.7020
     3.6291     3.9728     4.0356     4.7209
     3.5758     4.1015     4.4918     4.6454
     3.4427     4.0647     4.6797     4.6171
     3.2562     4.0004     4.7334     4.4661
     3.0165     3.8809     4.7692     4.2303
     2.6791     3.6695     4.7781     3.9474
     2.2972     3.3296     4.7692     3.6174
     1.8620     3.1826     4.7244     3.1932
     1.4267     2.8705     4.7423     2.7031
     0.9824     2.5493     4.5634     2.1756
     0.5735     2.1090     4.2145     1.6671
     0.2180     1.7515     3.8121     1.0835
    -0.0398     1.4124     3.3918     0.4813
    -0.3510     1.0095     2.9180    -0.0736
    -0.7512     0.7165     2.4801    -0.5907
    -1.1426     0.3780     2.1048    -1.1170
    -1.4628     0.0579     1.7296    -1.5116
    -1.8009    -0.2987     1.4974    -1.7652
    -2.0500    -0.7007     1.2384    -2.1314
    -2.2814    -0.9108     0.9169    -2.5820
    -2.5039    -1.1482     0.5151    -2.9105
    -2.6641    -1.4494     0.0242    -3.1545
    -2.7264    -1.6775    -0.4666    -3.3797
    -2.8065    -1.8691    -0.8770    -3.5673
    -2.9400    -2.1518    -1.2605    -3.7455
    -2.9489    -2.3614    -1.5816    -3.8580
    -2.9222    -2.5710    -1.9293    -3.9893
    -2.9222    -2.7805    -2.2057    -4.0924
    -2.8777    -2.8534    -2.5266    -4.1112
    -2.7442    -2.9081    -2.8207    -3.9330
          3          3          3          3
