    4   2048 0.020000  2016   1  21  12  35
         16         10         11         42
     1.2749    -0.3530    -0.1999    -0.1980
     1.6037    -0.2890    -0.2356    -0.2450
     1.8080    -0.2068    -0.2624    -0.3014
     1.9590    -0.1336    -0.2356    -0.3672
     1.9768    -0.0331    -0.3160    -0.4048
     1.9413     0.0950    -0.3160    -0.4236
     1.9324     0.1590    -0.3338    -0.4518
     1.9235     0.3053    -0.3516    -0.4236
     1.9501     0.3419    -0.3249    -0.4518
     1.8880     0.4334    -0.3249    -0.4330
     1.6303     0.5707    -0.2892    -0.4048
     1.3282     0.6256    -0.3427    -0.3860
     1.0972     0.6347    -0.2981    -0.3954
     0.7862     0.7171    -0.2535    -0.3484
     0.6084     0.6714    -0.2535    -0.3014
     0.2706     0.7263    -0.1910    -0.2638
     0.0217     0.7720    -0.1553    -0.1510
    -0.2361     0.7812    -0.1375    -0.0664
    -0.5118     0.7629    -0.0839     0.0371
    -0.7608     0.7263    -0.0750     0.1217
    -1.0098     0.6347    -0.0036     0.2063
    -1.2678     0.5798     0.0232     0.2722
    -1.4101     0.5066     0.0589     0.4133
    -1.5613     0.3785     0.1035     0.4227
    -1.6503     0.2870     0.1124     0.4603
    -1.6592     0.1681     0.1392     0.4979
    -1.7215     0.1041     0.1571     0.5355
    -1.6948    -0.0148     0.2285     0.5449
    -1.6414    -0.1519     0.2017     0.5449
    -1.5702    -0.2616     0.2463     0.5449
    -1.4101    -0.3987     0.2195     0.5261
    -1.2589    -0.4901     0.2463     0.5261
    -1.0632    -0.5449     0.2285     0.5261
    -0.8586    -0.5632     0.2731     0.5355
    -0.6185    -0.6089     0.2285     0.5167
    -0.3339    -0.6272     0.2552     0.4697
    -0.1116    -0.7094     0.2552     0.3568
     0.2351    -0.6729     0.2552     0.3004
     0.4929    -0.6729     0.2195     0.1687
     0.8662    -0.7003     0.2106     0.1029
     1.1061    -0.6272     0.1481    -0.0476
     1.4171    -0.5906     0.1481    -0.1228
     1.6925    -0.4992     0.1124    -0.2356
     1.9235    -0.4627     0.0767    -0.2920
     1.9324    -0.3165     0.0410    -0.3860
     1.9857    -0.2433    -0.0036    -0.4142
     1.9857    -0.0879    -0.0215    -0.4894
     1.9768     0.0401    -0.0929    -0.5270
     1.9679     0.1590    -0.0839    -0.5646
     1.9057     0.3053    -0.1553    -0.5740
     1.8080     0.4151    -0.1732    -0.5646
     1.5326     0.5249    -0.1999    -0.5552
     1.1772     0.6073    -0.2446    -0.5458
     0.8573     0.6805    -0.2267    -0.5270
     0.6529     0.7354    -0.2713    -0.5082
     0.3329     0.7171    -0.2535    -0.4424
     0.0395     0.7720    -0.2892    -0.4048
    -0.2539     0.7903    -0.2892    -0.3484
    -0.5829     0.7903    -0.2803    -0.2826
    -0.7964     0.7263    -0.3160    -0.1604
    -1.1077     0.7537    -0.2356    -0.0664
    -1.3478     0.7903    -0.2267     0.0371
    -1.5258     0.7537    -0.2267     0.1499
    -1.5969     0.6347    -0.1999     0.2910
    -1.6770     0.5249    -0.1732     0.3944
    -1.7037     0.4060    -0.1375     0.4791
    -1.7571     0.2687    -0.1107     0.4979
    -1.7126     0.1498    -0.0482     0.4979
    -1.6770    -0.0056    -0.0572     0.5073
    -1.5791    -0.1976     0.0232     0.5261
    -1.5080    -0.3896     0.0946     0.5544
    -1.2856    -0.4810     0.1035     0.5544
    -1.1077    -0.6272     0.1749     0.5544
    -0.8497    -0.6820     0.1928     0.5355
    -0.5918    -0.8099     0.2463     0.5544
    -0.2895    -0.8829     0.2731     0.5167
    -0.0316    -0.9651     0.2463     0.5167
     0.2440    -0.9834     0.2731     0.4791
     0.5551    -1.0199     0.2731     0.4039
     0.8662    -0.9743     0.2999     0.3098
     1.1861    -0.9469     0.2552     0.2063
     1.4082    -0.8647     0.3088     0.0371
     1.6836    -0.8007     0.2552    -0.1510
     1.8880    -0.7185     0.2552    -0.2450
     1.9413    -0.6089     0.2909    -0.3484
     1.9057    -0.5541     0.2999    -0.4236
     1.9324    -0.3804     0.2731    -0.5458
     1.9590    -0.2342     0.2552    -0.6116
     1.9057    -0.0513     0.2463    -0.6492
     1.8613     0.1133     0.2909    -0.6962
     1.7458     0.2962     0.2463    -0.7338
     1.5593     0.5341     0.2463    -0.7996
     1.2838     0.6897     0.2731    -0.8278
     1.0261     0.7537     0.2195    -0.8090
     0.7684     0.7537     0.2463    -0.7808
     0.4840     0.7354     0.2106    -0.6774
     0.2084     0.7629     0.1660    -0.6492
    -0.0939     0.7537     0.1035    -0.5552
    -0.3695     0.8178     0.0678    -0.4424
    -0.6541     0.8178     0.0767    -0.3484
    -0.9298     0.7446     0.0053    -0.2262
    -1.1788     0.7812     0.0053    -0.1040
    -1.4279     0.7354    -0.0125     0.0277
    -1.5969     0.7263    -0.0750     0.1875
    -1.6503     0.7537    -0.0929     0.3568
    -1.7749     0.6164    -0.1107     0.4885
    -1.7571     0.4060    -0.0750     0.5073
    -1.7927     0.2505    -0.1196     0.5449
    -1.7393     0.0492    -0.1196     0.5449
    -1.6770    -0.2525    -0.1107     0.5826
    -1.5791    -0.4079    -0.1107     0.6014
    -1.3923    -0.6272    -0.0572     0.6202
    -1.2322    -0.8190    -0.0839     0.6767
    -0.9476    -0.9286    -0.0572     0.6672
    -0.6985    -1.1021    -0.0215     0.6390
    -0.3606    -1.2117    -0.0125     0.6578
    -0.0672    -1.3395     0.0856     0.6672
     0.2262    -1.3942     0.1035     0.6202
     0.5817    -1.4307     0.1035     0.6014
     0.8928    -1.4307     0.1928     0.5167
     1.2038    -1.3851     0.2195     0.4039
     1.5148    -1.3212     0.2463     0.1875
     1.8080    -1.2299     0.2285    -0.0099
     1.8702    -1.1660     0.2820    -0.1792
     1.9501    -0.9925     0.2374    -0.3484
     1.9679    -0.8281     0.2999    -0.4800
     1.9768    -0.6546     0.2642    -0.5928
     1.9679    -0.4170     0.2731    -0.7056
     1.9146    -0.1336     0.2731    -0.7996
     1.8880     0.1407     0.2731    -0.8842
     1.7103     0.4151     0.2909    -0.9499
     1.4615     0.6073     0.2820    -1.0345
     1.1772     0.7171     0.2909    -1.0909
     0.8839     0.7446     0.2642    -1.0439
     0.6706     0.7995     0.2909    -1.0439
     0.4040     0.9734     0.2909    -0.9969
     0.1106     1.1016     0.3177    -0.9124
    -0.1472     1.2116     0.2731    -0.7808
    -0.3873     1.2573     0.2731    -0.6586
    -0.7074     1.2940     0.3088    -0.5270
    -0.9653     1.2665     0.2463    -0.3766
    -1.1699     1.3123     0.2463    -0.2732
    -1.3656     1.2940     0.2909    -0.0852
    -1.5169     1.2116     0.2552     0.1687
    -1.6592     1.0559     0.2106     0.4603
    -1.6859     0.6897     0.2017     0.6014
    -1.6859     0.4334     0.1838     0.6202
    -1.6770     0.1224     0.0856     0.6484
    -1.6414    -0.2068     0.0767     0.7425
    -1.6414    -0.4718     0.0053     0.8554
    -1.4991    -0.8190    -0.0215     0.9871
    -1.3923    -1.0199    -0.0393     1.0624
    -1.1699    -1.2391    -0.1107     1.1189
    -0.9387    -1.4672    -0.1196     1.1283
    -0.7430    -1.6224    -0.1286     1.0812
    -0.3962    -1.7683    -0.1464     1.0718
    -0.1028    -1.8687    -0.1910     1.0624
     0.2084    -1.9781    -0.1910     1.0436
     0.5373    -1.9508    -0.1732     0.9307
     0.8484    -1.9234    -0.1375     0.6672
     1.1683    -1.8140    -0.1375     0.4227
     1.4438    -1.7045    -0.1553     0.2157
     1.7814    -1.5585    -0.1107    -0.0852
     1.8791    -1.3486    -0.0482    -0.2920
     1.9501    -1.0747    -0.0482    -0.5176
     1.9146    -0.8373     0.0232    -0.7056
     1.9679    -0.4810     0.0410    -0.9030
     1.9590    -0.1519     0.1303    -1.0345
     1.9501     0.2047     0.1392    -1.1754
     1.8968     0.5432     0.1838    -1.3070
     1.8169     1.0101     0.2463    -1.3539
     1.4882     1.2299     0.2374    -1.4291
     1.1683     1.3031     0.2731    -1.4479
     0.8839     1.4406     0.2642    -1.4291
     0.5817     1.6238     0.2552    -1.3727
     0.3062     1.8530     0.3088    -1.2788
     0.0039     1.9997     0.2642    -1.1379
    -0.2628     2.1556     0.2642    -0.9875
    -0.5296     2.1418     0.2552    -0.8090
    -0.8319     2.1280     0.2999    -0.5834
    -1.0810     2.1097     0.2642    -0.3578
    -1.3300     2.0363     0.2642    -0.1698
    -1.5169     1.7246     0.3177     0.1311
    -1.6503     1.3398     0.2642     0.4697
    -1.7304     0.9460     0.3088     0.8272
    -1.7749     0.4151     0.2820     1.0624
    -1.7571     0.0127     0.3088     1.0812
    -1.7482    -0.3530     0.2552     1.1565
    -1.6770    -0.5998     0.2552     1.3918
    -1.6147    -0.9469     0.2820     1.5707
    -1.5080    -1.2756     0.2642     1.6931
    -1.3300    -1.5859     0.1928     1.7495
    -1.1432    -1.8048     0.1660     1.7495
    -0.9209    -2.0328     0.0499     1.7495
    -0.6985    -2.1058     0.0142     1.7684
    -0.3784    -2.2061    -0.0572     1.7213
    -0.1028    -2.2517    -0.0572     1.6742
     0.1640    -2.2061    -0.1107     1.4389
     0.5106    -2.1331    -0.1910     1.0718
     0.8128    -1.9781    -0.2356     0.6767
     1.0528    -1.8140    -0.2713     0.2816
     1.3460    -1.5676    -0.3160     0.0089
     1.6392    -1.3303    -0.3249    -0.2544
     1.8524    -1.0382    -0.3516    -0.5270
     1.9057    -0.7094    -0.3427    -0.7338
     1.9235    -0.3439    -0.4052    -0.9781
     1.9679     0.1224    -0.3606    -1.2036
     1.9679     0.5524    -0.3338    -1.3727
     1.9590     0.9918    -0.3160    -1.4949
     1.8791     1.3673    -0.2981    -1.5794
     1.7369     1.6880    -0.2356    -1.6733
     1.4438     1.9997    -0.1910    -1.6827
     1.1150     2.0730    -0.1107    -1.6170
     0.8662     2.1922    -0.0661    -1.5230
     0.5640     2.3206     0.0232    -1.4291
     0.2884     2.4491     0.0410    -1.2788
     0.0039     2.4674     0.1571    -1.0533
    -0.2450     2.5041     0.1928    -0.8184
    -0.5385     2.4491     0.2642    -0.6116
    -0.8586     2.4766     0.2820    -0.3484
    -1.1166     2.2106     0.2820    -0.0758
    -1.3034     1.7338     0.2552     0.3004
    -1.5347     1.3306     0.2731     0.6767
    -1.6859     0.8087     0.2820     1.1471
    -1.7927     0.3785     0.2999     1.5424
    -1.7927     0.0127     0.2999     1.7307
    -1.8016    -0.3347     0.2820     1.7590
    -1.7749    -0.5998     0.2820     1.8437
    -1.7215    -0.9377     0.3267     2.0132
    -1.6859    -1.2482     0.2731     2.1544
    -1.5258    -1.5129     0.2909     2.2298
    -1.3834    -1.6862     0.3088     2.2392
    -1.2055    -1.8869     0.2820     2.2298
    -0.9476    -2.0146     0.3088     2.1733
    -0.6719    -2.0146     0.2552     2.1168
    -0.4317    -2.0146     0.2731     1.9002
    -0.1116    -2.0237     0.2552     1.4012
     0.1106    -1.9143     0.2106     1.0342
     0.4751    -1.6862     0.1571     0.5449
     0.7062    -1.5129     0.0946     0.2063
     1.0528    -1.3030     0.0321    -0.1510
     1.3371    -1.0930    -0.0572    -0.3766
     1.6214    -0.8281    -0.0839    -0.6492
     1.8347    -0.5358    -0.1821    -0.9030
     1.8968    -0.2525    -0.2178    -1.1661
     1.9768     0.2230    -0.2624    -1.3446
     1.9857     0.5615    -0.2624    -1.4855
     1.9857     0.9094    -0.3249    -1.5982
     1.9768     1.2024    -0.3070    -1.6733
     1.9235     1.5047    -0.3338    -1.6874
     1.7103     1.8071    -0.3695    -1.7015
     1.4615     2.0547    -0.3338    -1.6451
     1.1061     2.2014    -0.2981    -1.4855
     0.7951     2.3482    -0.3160    -1.3258
     0.5284     2.4307    -0.2713    -1.1285
     0.2262     2.4491    -0.2356    -0.9218
    -0.0672     2.4216    -0.1464    -0.7056
    -0.3250     2.3206    -0.1286    -0.4894
    -0.6541     2.2106    -0.0393    -0.2732
    -0.9120     1.9355    -0.0215     0.0183
    -1.1610     1.6513     0.1035     0.3756
    -1.3834     1.3215     0.1481     0.7331
    -1.5613     0.9368     0.2195     1.1095
    -1.6503     0.6073     0.2642     1.5518
    -1.7660     0.3694     0.2909     1.8625
    -1.7749     0.0858     0.2552     2.0414
    -1.7660    -0.2251     0.3088     2.1074
    -1.7660    -0.4901     0.2909     2.1733
    -1.6681    -0.8007     0.3177     2.1544
    -1.6503    -1.0017     0.3267     2.2015
    -1.4902    -1.2482     0.3088     2.1544
    -1.3212    -1.4034     0.2909     2.1262
    -1.1432    -1.6224     0.2820     2.0414
    -0.8942    -1.6954     0.3267     1.7966
    -0.6363    -1.7592     0.2999     1.4765
    -0.4140    -1.7592     0.2731     1.1001
    -0.1116    -1.7045     0.2909     0.7707
     0.1462    -1.5676     0.2731     0.4321
     0.4929    -1.5403     0.2642     0.1593
     0.7862    -1.4216     0.2642    -0.1228
     1.0617    -1.2208     0.2731    -0.3202
     1.3371    -1.0382     0.2820    -0.5458
     1.6748    -0.8464     0.2374    -0.8184
     1.8080    -0.6272     0.1928    -0.9593
     1.9057    -0.3987     0.1392    -1.1191
     1.9501    -0.1245     0.0410    -1.2600
     1.9946     0.2139     0.0142    -1.3915
     1.9679     0.4151    -0.0750    -1.4385
     1.9679     0.7720    -0.1107    -1.5324
     1.9501     0.9734    -0.1910    -1.4855
     1.7814     1.2573    -0.1910    -1.4573
     1.5060     1.4589    -0.2267    -1.3727
     1.1505     1.6422    -0.2803    -1.2694
     0.8573     1.8530    -0.2535    -1.1285
     0.5906     1.9630    -0.2490    -0.9875
     0.3062     2.0180    -0.2446    -0.8184
     0.0573     2.0547    -0.2535    -0.6586
    -0.2450     1.9263    -0.1910    -0.4612
    -0.5474     1.8530    -0.1642    -0.2638
    -0.7964     1.6788    -0.1107    -0.0099
    -1.0276     1.5322    -0.1107     0.3004
    -1.3123     1.3581    -0.0482     0.5638
    -1.4902     1.0925     0.0589     0.8178
    -1.6236     0.8270     0.0678     1.0530
    -1.6770     0.5890     0.1571     1.2695
    -1.7660     0.3328     0.2463     1.4295
    -1.7215     0.0310     0.2463     1.5895
    -1.7571    -0.2616     0.2909     1.7025
    -1.6770    -0.5449     0.2552     1.8060
    -1.6058    -0.8281     0.3088     1.8249
    -1.4991    -1.0930     0.2642     1.7966
    -1.2945    -1.2391     0.2909     1.6742
    -1.1343    -1.4490     0.2820     1.5707
    -0.8408    -1.6041     0.3088     1.3824
    -0.5829    -1.6680     0.3534     1.1754
    -0.3162    -1.7227     0.3356     0.9495
    -0.0672    -1.7775     0.3891     0.7143
     0.2262    -1.8322     0.3356     0.4697
     0.5817    -1.7410     0.3445     0.2534
     0.8928    -1.7227     0.3713    -0.0288
     1.1861    -1.5950     0.3356    -0.2074
     1.5060    -1.4399     0.3713    -0.4330
     1.7547    -1.2299     0.3624    -0.6398
     1.9413    -0.9925     0.3624    -0.8278
     1.9146    -0.7642     0.3534    -0.9405
     1.9857    -0.5449     0.2909    -1.0909
     1.9857    -0.2433     0.2642    -1.2036
     1.9768     0.0584     0.2017    -1.2976
     1.9946     0.3602     0.0767    -1.3727
     1.9413     0.7171    -0.0125    -1.3539
     1.8880     0.9826    -0.0482    -1.3633
     1.6481     1.2573    -0.1286    -1.3727
     1.3105     1.5047    -0.2178    -1.3164
     0.9995     1.7246    -0.2446    -1.2224
     0.7417     1.8805    -0.2981    -1.0815
     0.4662     2.0822    -0.3695    -0.9687
     0.1640     2.2014    -0.3516    -0.8184
    -0.1739     2.1739    -0.3784    -0.6398
    -0.4140     2.1647    -0.3873    -0.4518
    -0.6985     2.0455    -0.4320    -0.2544
    -0.9653     1.8805    -0.3695    -0.0288
    -1.1877     1.6422    -0.3338     0.2157
    -1.3923     1.3306    -0.3160     0.4979
    -1.4991     1.0009    -0.2267     0.6955
    -1.6414     0.7171    -0.1642     0.9683
    -1.6681     0.3145    -0.1196     1.1659
    -1.6859     0.0035    -0.0125     1.4106
    -1.6236    -0.3622     0.0678     1.5895
    -1.5613    -0.6729     0.1481     1.7684
    -1.4902    -1.0291     0.1928     1.8814
    -1.4190    -1.2847     0.2731     1.8955
    -1.2322    -1.5220     0.3088     1.9096
    -1.0365    -1.7410     0.3356     1.8531
    -0.7786    -1.9325     0.3267     1.7401
    -0.5029    -2.0602     0.3624     1.5707
    -0.2717    -2.1240     0.3624     1.3918
     0.0484    -2.1423     0.3356     1.1377
     0.3773    -2.1331     0.3356     0.8178
     0.6084    -2.0511     0.3713     0.4979
     0.9639    -1.8960     0.3445     0.2440
     1.2660    -1.7957     0.3177    -0.0476
     1.5148    -1.5676     0.3267    -0.2920
     1.7902    -1.3030     0.3267    -0.5364
     1.8968    -1.0473     0.3177    -0.7620
     1.9590    -0.7185     0.3177    -0.9593
     1.9857    -0.4353     0.3356    -1.1379
     1.9857    -0.0605     0.2820    -1.3070
     2.0034     0.3236     0.2374    -1.4291
     1.9590     0.7263     0.1571    -1.5042
     1.9235     1.0192     0.0321    -1.5230
     1.9146     1.3948    -0.0125    -1.5700
     1.6748     1.6055    -0.1286    -1.5418
     1.4082     1.9080    -0.1642    -1.4855
     1.0883     2.1556    -0.2981    -1.3915
     0.7951     2.3206    -0.2981    -1.2506
     0.5284     2.4032    -0.4052    -1.0909
     0.2351     2.4216    -0.4052    -0.9030
    -0.1028     2.4491    -0.4409    -0.6962
    -0.3695     2.3482    -0.5212    -0.4800
    -0.6630     2.1647    -0.4944    -0.2450
    -0.9476     1.8805    -0.5658     0.0559
    -1.1788     1.5597    -0.5301     0.3662
    -1.3745     1.1658    -0.5569     0.6861
    -1.4991     0.8361    -0.5033     0.9777
    -1.6414     0.4792    -0.4230     1.3165
    -1.6859     0.1590    -0.3963     1.5895
    -1.6948    -0.1702    -0.2713     1.8531
    -1.6859    -0.4992    -0.2356     2.0509
    -1.5791    -0.7916    -0.1375     2.1544
    -1.5258    -1.0839     0.0053     2.1733
    -1.4279    -1.3212     0.0678     2.1827
    -1.2322    -1.6041     0.2106     2.1733
    -1.0899    -1.7410     0.2642     2.1262
    -0.7964    -1.7866     0.2999     1.9473
    -0.5740    -1.8960     0.3356     1.7119
    -0.2717    -1.9143     0.3267     1.3918
    -0.0227    -1.8413     0.3802     1.0530
     0.2351    -1.7957     0.3713     0.7049
     0.5373    -1.6589     0.3891     0.3662
     0.8484    -1.5494     0.4248     0.0371
     1.1861    -1.3851     0.4070    -0.1886
     1.4260    -1.1478     0.3981    -0.4612
     1.7014    -0.8647     0.4427    -0.6962
     1.8791    -0.5906     0.4159    -0.9218
     1.9413    -0.3530     0.4070    -1.1191
     1.9501    -0.0422     0.3981    -1.2976
     1.9857     0.3145     0.3713    -1.4197
     1.9946     0.6073     0.3624    -1.5136
     1.9857     0.8910     0.2463    -1.5700
     1.9768     1.1383     0.1571    -1.6076
     1.8702     1.4681     0.0589    -1.5324
     1.6214     1.7063    -0.1018    -1.4573
     1.3016     1.8896    -0.1642    -1.4009
     0.9373     2.0088    -0.2446    -1.2412
     0.6440     2.1464    -0.3784    -1.0721
     0.3773     2.2656    -0.3963    -0.8842
     0.1106     2.2564    -0.4944    -0.6492
    -0.1917     2.2473    -0.5390    -0.4612
    -0.4851     2.1189    -0.6283    -0.2544
    -0.7341     1.9080    -0.6372     0.0183
    -1.0543     1.6788    -0.6104     0.3380
    -1.2856     1.4222    -0.6461     0.6296
    -1.4813     1.1291    -0.5569     0.9401
    -1.5880     0.9094    -0.5390     1.1942
    -1.6948     0.6256    -0.4587     1.5048
    -1.7571     0.3419    -0.3873     1.7119
    -1.7482    -0.0239    -0.3070     1.9190
    -1.7393    -0.3530    -0.1553     2.0132
    -1.7037    -0.6454    -0.0750     2.0791
    -1.6236    -0.8921     0.0410     2.0697
    -1.5080    -1.1660     0.2463     2.0414
    -1.3389    -1.3486     0.3624     1.9849
    -1.1521    -1.4764     0.3981     1.8343
    -0.9831    -1.6680     0.4338     1.6554
    -0.7252    -1.7136     0.4159     1.4201
    -0.3873    -1.7866     0.5141     1.1377
    -0.1650    -1.8322     0.6391     0.8836
     0.1640    -1.7410     0.6927     0.5638
     0.4218    -1.6771     0.7998     0.3098
     0.7240    -1.6497     0.8087     0.0183
     1.0261    -1.5220     0.8713    -0.2262
     1.3016    -1.3030     0.8445    -0.4236
     1.5770    -1.0930     0.8623    -0.5928
     1.8080    -0.8829     0.8534    -0.8090
     1.9413    -0.5998     0.8177    -0.9499
     1.9235    -0.3713     0.8177    -1.0909
     1.9857    -0.0422     0.7820    -1.2412
     1.9857     0.2596     0.6837    -1.3352
     1.9413     0.5798     0.4873    -1.3821
     1.9324     0.8361     0.3267    -1.4385
     1.8347     1.1200     0.1571    -1.4385
     1.5593     1.4314     0.0053    -1.3821
     1.1950     1.7155    -0.1375    -1.2694
     0.8839     1.8988    -0.3070    -1.1473
     0.5995     2.0638    -0.4320    -1.0345
     0.3240     2.3023    -0.5390    -0.9124
    -0.0050     2.3665    -0.6550    -0.7526
    -0.2806     2.3665    -0.7175    -0.5552
    -0.5740     2.3023    -0.8067    -0.3954
    -0.8764     2.0914    -0.8781    -0.1604
    -1.1521     1.8805    -0.8424     0.1029
    -1.3656     1.6513    -0.8513     0.3474
    -1.5258     1.3398    -0.8691     0.5449
    -1.6948     1.0101    -0.7799     0.8460
    -1.8016     0.6439    -0.6996     1.0907
    -1.8372     0.2779    -0.6104     1.3636
    -1.8639    -0.0971    -0.5301     1.5330
    -1.8461    -0.4353    -0.3427     1.6836
    -1.7838    -0.7642    -0.2446     1.8060
    -1.6414    -1.0930    -0.0929     1.8908
    -1.5347    -1.3577     0.0856     1.9379
    -1.3923    -1.6224     0.2909     1.9002
    -1.1788    -1.7592     0.5230     1.7872
    -0.9565    -1.8960     0.6748     1.6554
    -0.6985    -2.0420     0.8266     1.4860
    -0.4140    -2.0693     0.8623     1.2789
    -0.1205    -2.0739     0.8355     1.0248
     0.1995    -2.0784     0.9070     0.7331
     0.4929    -1.9781     0.9248     0.4321
     0.7951    -1.8596     1.0231     0.1405
     1.0617    -1.6406     1.0677    -0.1604
     1.3816    -1.4581     1.0588    -0.3578
     1.5859    -1.2391     1.0498    -0.6022
     1.8169    -0.9560     1.0052    -0.8372
     1.9235    -0.6454     1.0320    -1.0345
     1.9235    -0.2982     0.9873    -1.1661
     1.9413     0.1041     0.8355    -1.3070
     1.9768     0.3877     0.6034    -1.4479
     1.9679     0.7263     0.3356    -1.5512
     1.9324     1.0559     0.1303    -1.5982
     1.8258     1.3856    -0.1375    -1.6264
     1.5504     1.6513    -0.3338    -1.5888
     1.1950     1.8713    -0.5658    -1.5418
     0.9195     1.9905    -0.7710    -1.4103
     0.6262     2.1372    -0.9048    -1.2694
     0.3151     2.2106    -1.0743    -1.0721
     0.0039     2.2381    -1.1724    -0.8842
    -0.2628     2.1739    -1.2616    -0.7056
    -0.5829     2.1097    -1.3508    -0.4706
    -0.8408     1.9355    -1.4400    -0.2356
    -1.0632     1.6422    -1.4400    -0.0099
    -1.3034     1.3306    -1.3686     0.3098
    -1.4991     0.9734    -1.3330     0.6014
    -1.6503     0.6439    -1.1903     0.9307
    -1.7304     0.3419    -1.0922     1.2318
    -1.7838     0.0950    -0.8959     1.5142
    -1.7660    -0.2068    -0.7621     1.7119
    -1.7037    -0.5541    -0.5569     1.9096
    -1.6503    -0.8007    -0.2981     1.9849
    -1.5613    -1.1021    -0.0839     2.0697
    -1.4190    -1.3030     0.2195     2.0320
    -1.2945    -1.4946     0.5052     2.0414
    -1.0899    -1.6954     0.7820     1.9002
    -0.8053    -1.7319     0.9873     1.7119
    -0.6274    -1.8504     1.0409     1.4577
    -0.2895    -1.8869     1.1391     1.2036
    -0.0138    -1.8413     1.2642     0.9025
     0.3062    -1.8140     1.4785     0.5826
     0.5551    -1.7319     1.6036     0.2346
     0.8573    -1.6771     1.6482    -0.0193
     1.1683    -1.5037     1.6750    -0.2826
     1.4349    -1.2756     1.6482    -0.4518
     1.7103    -1.0199     1.6304    -0.6492
     1.9057    -0.7642     1.5857    -0.8748
     1.9146    -0.5906     1.4696    -1.0345
     1.9324    -0.2982     1.2374    -1.1661
     1.9679     0.0310     0.9159    -1.2412
     1.9768     0.3236     0.6034    -1.3258
     1.9946     0.6256     0.3445    -1.3915
     1.9768     0.9185    -0.0393    -1.4009
     1.8880     1.2207    -0.2713    -1.3727
     1.6214     1.5230    -0.5658    -1.3164
     1.3105     1.7430    -0.7978    -1.2318
     1.0172     1.9171    -1.0208    -1.1003
     0.7240     2.0272    -1.2259    -0.9875
     0.4573     2.1556    -1.3241    -0.7902
     0.1640     2.2381    -1.4757    -0.5834
    -0.1294     2.2564    -1.4935    -0.4048
    -0.4584     2.1280    -1.5381    -0.1698
    -0.6896     2.0180    -1.5470     0.0747
    -0.9565     1.8255    -1.5024     0.3474
    -1.2500     1.5688    -1.4132     0.5732
    -1.4368     1.3123    -1.2795     0.8554
    -1.5347     0.9460    -1.1546     1.1283
    -1.6681     0.6256    -0.9316     1.4201
    -1.7482     0.3419    -0.6818     1.5801
    -1.7571     0.0127    -0.4855     1.7119
    -1.7393    -0.2982    -0.1732     1.8719
    -1.7037    -0.5906     0.1124     1.9379
    -1.5702    -0.9012     0.4516     1.9849
    -1.5080    -1.1478     0.7641     1.9661
    -1.3389    -1.4034     1.0498     1.9096
    -1.1521    -1.5494     1.4339     1.8060
    -0.9031    -1.6497     1.5679     1.6460
    -0.6096    -1.7775     1.5946     1.4954
    -0.3784    -1.8687     1.7376     1.2412
    -0.1028    -1.8322     1.9252     1.0154
     0.2440    -1.8687     2.0413     0.7425
     0.5106    -1.8231     2.0771     0.5167
     0.8039    -1.6680     2.1039     0.2534
     1.1150    -1.5403     2.0949    -0.0570
     1.4082    -1.2938     2.0324    -0.2638
     1.6392    -1.0930     1.8805    -0.4236
     1.8702    -0.8099     1.4964    -0.6586
     1.9679    -0.5632     1.1570    -0.8090
     1.9679    -0.1793     0.7909    -0.9781
     1.9768     0.1498     0.4606    -1.1379
     1.9768     0.5158     0.1303    -1.2882
     1.9857     0.8178    -0.2089    -1.3915
     1.9146     1.1291    -0.5123    -1.4385
     1.8347     1.4222    -0.7621    -1.4761
     1.5948     1.7063    -1.0476    -1.4573
     1.2660     1.9080    -1.2081    -1.3915
     0.9284     2.0547    -1.4222    -1.3070
     0.6440     2.2289    -1.5113    -1.1848
     0.3773     2.3298    -1.6540    -1.0533
     0.0751     2.3757    -1.6808    -0.8842
    -0.2272     2.3573    -1.6897    -0.7150
    -0.5207     2.2289    -1.6808    -0.5082
    -0.7964     2.0363    -1.5738    -0.2920
    -1.0899     1.7338    -1.4846    -0.0005
    -1.2945     1.4955    -1.3419     0.2910
    -1.5169     1.1108    -1.1457     0.5826
    -1.6236     0.7995    -0.9494     0.8178
    -1.7126     0.4426    -0.6996     1.0907
    -1.8283     0.1498    -0.4587     1.3448
    -1.8283    -0.1702    -0.1286     1.5330
    -1.8016    -0.4261     0.1303     1.6931
    -1.7304    -0.7003     0.4070     1.8719
    -1.6681    -0.9469     0.7730     1.9379
    -1.5525    -1.2208     1.0409     1.9096
    -1.4190    -1.4490     1.3267     1.8814
    -1.2500    -1.5768     1.5053     1.7684
    -1.0098    -1.7410     1.7644     1.5613
    -0.7875    -1.8413     1.9430     1.3730
    -0.4584    -1.8869     2.0056     1.0812
    -0.1828    -1.9416     2.0324     0.8084
     0.0573    -1.9052     2.0681     0.5167
     0.4129    -1.8322     2.0056     0.2346
     0.6973    -1.7683     1.9073    -0.0570
     0.9906    -1.5676     1.6482    -0.3014
     1.2127    -1.4125     1.4160    -0.5458
     1.5326    -1.1752     1.1302    -0.7620
     1.7547    -0.9377     0.8713    -0.9499
     1.8435    -0.6272     0.6123    -1.1003
     1.9146    -0.3896     0.2642    -1.2600
     1.9057    -0.0788    -0.0036    -1.3821
     1.8968     0.2505    -0.2446    -1.4949
     1.8968     0.5798    -0.4855    -1.5606
     1.8791     0.9002    -0.6461    -1.6076
     1.7725     1.1566    -0.8870    -1.6076
     1.5326     1.4039    -0.9940    -1.5512
     1.2660     1.6697    -1.1457    -1.4385
     0.9639     1.8713    -1.2884    -1.3070
     0.6173     2.0547    -1.3330    -1.1379
     0.3240     2.1739    -1.3776    -0.9593
     0.0662     2.1647    -1.3686    -0.8184
    -0.2272     2.1647    -1.3151    -0.6210
    -0.5385     2.0638    -1.2438    -0.4236
    -0.8764     1.9080    -1.1457    -0.1604
    -1.0899     1.7246    -1.0029     0.1405
    -1.3389     1.4314    -0.8245     0.4321
    -1.5702     1.1658    -0.6639     0.6672
    -1.7215     0.8087    -0.5212     0.9589
    -1.8283     0.4609    -0.3249     1.2224
    -1.8817     0.1407    -0.0839     1.4860
    -1.8817    -0.1153     0.1214     1.6272
    -1.8461    -0.4079     0.3624     1.7401
    -1.8372    -0.6729     0.5677     1.9002
    -1.7037    -1.0291     0.7909     1.9096
    -1.5969    -1.2573     1.0320     1.9190
    -1.4190    -1.5037     1.1838     1.9096
    -1.2500    -1.6315     1.3178     1.8343
    -1.0187    -1.7592     1.4964     1.7025
    -0.7430    -1.8960     1.5500     1.5142
    -0.4673    -1.9599     1.6572     1.2789
    -0.2095    -1.9690     1.6393     1.0436
     0.0573    -1.9690     1.6036     0.7331
     0.3862    -1.9052     1.5411     0.4603
     0.6706    -1.7136     1.4160     0.2252
     0.9728    -1.5768     1.3624    -0.0193
     1.2394    -1.3486     1.1659    -0.2356
     1.5060    -1.0291     1.0588    -0.4236
     1.7458    -0.7551     0.8534    -0.6116
     1.8435    -0.5267     0.6480    -0.8466
     1.9324    -0.2159     0.4784    -0.9781
     1.9413     0.2047     0.2285    -1.1754
     1.9057     0.5341     0.0321    -1.3070
     1.9501     0.8910    -0.1999    -1.3821
     1.8702     1.0925    -0.3873    -1.3915
     1.7636     1.4406    -0.5212    -1.4103
     1.5770     1.6513    -0.6818    -1.4197
     1.2394     1.8805    -0.8245    -1.3821
     0.9106     2.0822    -0.9583    -1.2600
     0.6262     2.2106    -0.9851    -1.1285
     0.3951     2.2931    -1.0476    -0.9875
     0.0928     2.3115    -1.0342    -0.7526
    -0.2450     2.2381    -1.0208    -0.5740
    -0.5385     2.1189    -1.0297    -0.3766
    -0.7964     1.9263    -0.9316    -0.1134
    -1.0276     1.7155    -0.8691     0.1593
    -1.3123     1.4406    -0.8156     0.4979
    -1.4546     1.1566    -0.7532     0.7895
    -1.5969     0.8819    -0.6372     1.0624
    -1.7037     0.5890    -0.4587     1.3353
    -1.7304     0.3419    -0.2981     1.6083
    -1.7482     0.0767    -0.1553     1.7778
    -1.7215    -0.2251     0.0589     1.9284
    -1.6592    -0.5267     0.1838     1.9944
    -1.6414    -0.7825     0.3802     2.0132
    -1.4724    -1.0382     0.5677     1.9849
    -1.3745    -1.2664     0.7462     1.9379
    -1.1521    -1.4764     0.8980     1.8249
    -0.9120    -1.6224     1.0231     1.5989
    -0.6541    -1.7045     1.2017     1.3636
    -0.4140    -1.7957     1.2999     1.0907
    -0.1116    -1.9143     1.3803     0.8272
     0.1728    -1.9234     1.3892     0.5544
     0.5018    -1.9143     1.4160     0.2252
     0.8039    -1.7866     1.4517    -0.0570
     1.1061    -1.6315     1.3713    -0.2826
     1.3904    -1.4946     1.3178    -0.4894
     1.6481    -1.2482     1.1481    -0.6398
     1.8347    -1.0108     1.0231    -0.8654
     1.8791    -0.7459     0.7909    -1.0345
     1.9590    -0.4261     0.5855    -1.1285
     1.9857    -0.1153     0.3981    -1.2976
     1.9413     0.2596     0.1392    -1.4197
     1.9146     0.5707    -0.0750    -1.5230
     1.9013     0.8819    -0.2713    -1.5512
     1.8880     1.1108    -0.4409    -1.5888
     1.7103     1.4406    -0.5658    -1.5324
     1.3993     1.7063    -0.7264    -1.4761
     1.1239     1.8621    -0.8067    -1.4103
     0.8039     1.9905    -0.9048    -1.2600
     0.5195     2.1097    -1.0208    -1.0909
     0.2351     2.1647    -1.0743    -0.9218
    -0.0672     2.1556    -1.1278    -0.7244
    -0.3517     2.0914    -1.1189    -0.5458
    -0.6541     1.9080    -1.1635    -0.3296
    -0.9209     1.6697    -1.1011    -0.0664
    -1.1788     1.3490    -1.0565     0.2534
    -1.3656     1.0833    -1.0208     0.5449
    -1.5169     0.7080    -0.8781     0.8272
    -1.5969     0.3419    -0.7264     1.0530
    -1.6770     0.0127    -0.6104     1.2977
    -1.7304    -0.2708    -0.4498     1.4954
    -1.7215    -0.5267    -0.2803     1.6366
    -1.6681    -0.7916    -0.0304     1.7684
    -1.6058    -1.0656     0.1392     1.8060
    -1.5169    -1.3760     0.4248     1.8531
    -1.3389    -1.5037     0.6570     1.8343
    -1.1966    -1.7045     0.8802     1.7307
    -0.9565    -1.8322     1.0856     1.5989
    -0.6452    -1.9234     1.2642     1.3730
    -0.3695    -1.9781     1.4339     1.1377
    -0.1561    -2.0237     1.6482     0.8742
     0.1462    -1.9781     1.8358     0.5920
     0.4929    -1.9599     1.9073     0.3662
     0.7773    -1.8322     1.8984     0.0465
     1.0350    -1.6315     1.8001    -0.1792
     1.3549    -1.4216     1.6304    -0.4142
     1.6570    -1.1843     1.4071    -0.6116
     1.8524    -0.9195     1.1838    -0.8184
     1.9235    -0.7185     0.9070    -0.9969
     1.9057    -0.3804     0.6837    -1.1379
     1.9235    -0.0605     0.4784    -1.2600
     1.9590     0.2962     0.2374    -1.3821
     1.9590     0.5615     0.0321    -1.4667
     1.9057     0.8361    -0.2089    -1.5700
     1.8791     1.1108    -0.3695    -1.5512
     1.5859     1.4406    -0.5390    -1.5700
     1.2572     1.6330    -0.7175    -1.5324
     0.9373     1.8071    -0.8424    -1.4009
     0.6440     1.9813    -1.0029    -1.2224
     0.3951     2.1189    -1.0654    -1.0439
     0.1106     2.2106    -1.1992    -0.8466
    -0.1383     2.2106    -1.2259    -0.6398
    -0.4495     2.0822    -1.2795    -0.4800
    -0.7430     1.9263    -1.3330    -0.2638
    -1.0009     1.7246    -1.2884     0.0465
    -1.2678     1.5505    -1.2259     0.3850
    -1.4813     1.2207    -1.1278     0.6578
    -1.6414     0.8636    -1.0297     0.8930
    -1.7215     0.5615    -0.8424     1.1848
    -1.8016     0.3053    -0.6729     1.3918
    -1.7749    -0.0422    -0.5123     1.5518
    -1.7482    -0.3987    -0.3338     1.7025
    -1.7037    -0.6546    -0.0304     1.8060
    -1.6770    -0.9560     0.1928     1.8155
    -1.5169    -1.1934     0.5052     1.8437
    -1.3656    -1.4125     0.7641     1.7684
    -1.2322    -1.5950     1.0677     1.6931
    -0.9565    -1.6771     1.3088     1.5142
    -0.6807    -1.8413     1.4964     1.3071
    -0.4051    -1.8687     1.7465     1.0812
    -0.1472    -1.8869     1.8537     0.8460
     0.1817    -1.9052     1.9162     0.6202
     0.4662    -1.8869     1.9341     0.3568
     0.7951    -1.8596     1.7912     0.1311
     1.0794    -1.6589     1.6304    -0.1698
     1.3727    -1.4581     1.4160    -0.3672
     1.5859    -1.2299     1.1838    -0.5270
     1.7725    -1.0017     0.9159    -0.7150
     1.8968    -0.7277     0.6391    -0.9218
     1.9324    -0.4901     0.4606    -1.1003
     1.9413    -0.2251     0.1571    -1.2412
     1.8880     0.1773    -0.0661    -1.3821
     1.8835     0.4883    -0.2624    -1.4479
     1.8791     0.8178    -0.5033    -1.5512
     1.8347     1.0742    -0.6639    -1.5794
     1.6392     1.4039    -0.8513    -1.5794
     1.3638     1.6147    -0.9851    -1.5418
     1.0083     1.8346    -1.1189    -1.4009
     0.7240     1.9538    -1.2795    -1.2882
     0.4484     2.0547    -1.3151    -1.1473
     0.1462     2.1280    -1.4311    -0.9781
    -0.1650     2.1189    -1.4311    -0.8090
    -0.4495     2.1097    -1.4489    -0.6116
    -0.7341     1.9538    -1.4043    -0.4048
    -0.9920     1.7430    -1.3151    -0.1040
    -1.2500     1.4681    -1.2259     0.1875
    -1.4546     1.2573    -1.0565     0.5167
    -1.6147     0.9185    -0.9137     0.8178
    -1.7215     0.5615    -0.7532     1.0718
    -1.7749     0.2962    -0.5390     1.3542
    -1.7393    -0.0239    -0.2981     1.5518
    -1.7482    -0.3804    -0.0929     1.7119
    -1.7126    -0.6363     0.1392     1.8155
    -1.6592    -0.9651     0.3891     1.9002
    -1.5347    -1.1934     0.6837     1.9567
    -1.3834    -1.4034     0.8802     1.9190
    -1.1610    -1.6497     1.1124     1.8060
    -0.9031    -1.7136     1.3267     1.6177
    -0.6541    -1.8687     1.4607     1.4577
    -0.4140    -1.9508     1.5946     1.1942
    -0.0939    -1.9781     1.7018     0.9683
     0.1906    -2.0420     1.7376     0.6767
     0.4306    -2.0055     1.6840     0.3756
     0.7595    -1.8687     1.5589     0.1217
     1.0617    -1.7592     1.4339    -0.1792
     1.3105    -1.5859     1.2374    -0.3578
     1.5504    -1.3030     1.1034    -0.5552
     1.7902    -1.0930     0.8802    -0.7902
     1.8702    -0.8007     0.6837    -0.9875
     1.8968    -0.4627     0.4873    -1.1379
     1.9057    -0.1885     0.2552    -1.2506
     1.9235     0.1590     0.0678    -1.3633
     1.9146     0.5158    -0.1375    -1.4479
     1.8613     0.8819    -0.3427    -1.5230
     1.8347     1.2116    -0.4944    -1.5136
     1.5948     1.4955    -0.6461    -1.4949
     1.2394     1.7430    -0.7888    -1.4197
     0.9550     1.9538    -0.9137    -1.3258
     0.6706     2.1189    -1.0029    -1.1942
     0.4129     2.2564    -1.0832    -1.0345
     0.0395     2.2931    -1.1367    -0.9030
    -0.2539     2.3023    -1.1724    -0.7150
    -0.4940     2.1739    -1.2081    -0.4894
    -0.8319     1.9813    -1.1635    -0.2638
    -1.1166     1.7705    -1.0743    -0.0382
    -1.3567     1.4864    -1.0476     0.2722
    -1.5880     1.2207    -0.9316     0.5826
    -1.7482     0.9002    -0.8335     0.8836
    -1.8105     0.5707    -0.6550     1.1659
    -1.9083     0.2505    -0.5390     1.3918
    -1.9528    -0.0788    -0.3606     1.5613
    -1.9261    -0.3622    -0.1286     1.7025
    -1.8550    -0.6729     0.0589     1.8531
    -1.8372    -0.9103     0.2731     1.9190
    -1.7393    -1.1386     0.4963     1.9661
    -1.5613    -1.3577     0.6927     1.9190
    -1.4279    -1.5494     0.9070     1.8249
    -1.1610    -1.6771     1.0677     1.7119
    -0.9387    -1.6954     1.2642     1.4765
    -0.6185    -1.7592     1.3624     1.2601
    -0.3162    -1.8596     1.5321     0.9966
    -0.0761    -1.8869     1.6036     0.6955
     0.2262    -1.8140     1.7108     0.3944
     0.5195    -1.7866     1.7197     0.1029
     0.7951    -1.6497     1.6304    -0.1886
     1.0883    -1.4216     1.5143    -0.3672
     1.3282    -1.2208     1.3267    -0.5364
     1.5859    -0.9103     1.1302    -0.7244
     1.7192    -0.7003     0.9516    -0.9593
     1.8435    -0.4261     0.6748    -1.1097
     1.8347    -0.0513     0.4784    -1.2318
     1.8968     0.2322     0.2017    -1.3633
     1.8880     0.5615     0.0142    -1.4385
     1.8435     0.8361    -0.2535    -1.4667
     1.7636     1.1016    -0.4587    -1.4667
     1.5504     1.3764    -0.6550    -1.4385
     1.2038     1.6605    -0.8424    -1.4009
     0.8928     1.8438    -1.0029    -1.3164
     0.6440     2.0547    -1.1635    -1.1567
     0.3329     2.1831    -1.2616    -1.0345
     0.0039     2.2564    -1.2884    -0.8654
    -0.2539     2.2473    -1.4043    -0.6680
    -0.5562     2.1097    -1.4132    -0.4518
    -0.8230     1.9355    -1.4222    -0.2544
    -1.0899     1.7430    -1.3597     0.0465
    -1.3034     1.5139    -1.3062     0.3474
    -1.4813     1.2116    -1.1635     0.6202
    -1.6770     0.8361    -1.0654     0.8930
    -1.7927     0.5158    -0.8870     1.1471
    -1.8550     0.2779    -0.7264     1.4295
    -1.8817    -0.0148    -0.4766     1.6177
    -1.8639    -0.3439    -0.2981     1.7590
    -1.7482    -0.6089    -0.0661     1.8155
    -1.6681    -0.9195     0.2285     1.8908
    -1.6058    -1.1660     0.4606     1.9096
    -1.4635    -1.4581     0.7462     1.8719
    -1.2767    -1.6041     0.9605     1.7872
    -1.0632    -1.7319     1.2463     1.6460
    -0.7875    -1.8869     1.4071     1.4483
    -0.4673    -1.9325     1.5946     1.2318
    -0.2450    -1.9599     1.8180     0.9966
     0.0662    -1.9964     1.8984     0.7049
     0.3684    -1.8960     1.9341     0.3756
     0.6706    -1.7775     1.8805     0.1217
     0.9550    -1.6224     1.8090    -0.1698
     1.2483    -1.4216     1.6572    -0.3484
     1.5593    -1.1295     1.4071    -0.5364
     1.7103    -0.8829     1.1659    -0.7338
     1.8435    -0.6454     0.8802    -0.9499
     1.8524    -0.3896     0.6213    -1.1003
     1.9324    -0.0605     0.3891    -1.2976
     1.9057     0.2505     0.1124    -1.4009
     1.9235     0.5432    -0.1464    -1.4855
     1.9235     0.7995    -0.3427    -1.5512
     1.8791     1.0925    -0.5747    -1.5700
     1.7103     1.4222    -0.7175    -1.5606
     1.4171     1.6422    -0.9316    -1.5042
     1.0972     1.8071    -1.0119    -1.4103
     0.7506     2.0272    -1.1278    -1.2882
     0.5462     2.1280    -1.2438    -1.1379
     0.2084     2.1831    -1.2705    -0.9218
    -0.0583     2.2198    -1.3330    -0.7338
    -0.3339     2.1005    -1.2973    -0.4894
    -0.6452     1.9447    -1.2973    -0.2544
    -0.9298     1.7430    -1.1813     0.0465
    -1.1699     1.5230    -1.0832     0.3192
    -1.3656     1.1841    -1.0029     0.6202
    -1.5347     0.8636    -0.8245     0.9401
    -1.6325     0.5798    -0.6461     1.2036
    -1.7482     0.2505    -0.5123     1.4577
    -1.7393    -0.0148    -0.2892     1.6366
    -1.7304    -0.3804    -0.1107     1.7684
    -1.7393    -0.6363     0.0856     1.8343
    -1.6681    -0.9743     0.3624     1.8719
    -1.5613    -1.2482     0.5766     1.9284
    -1.3834    -1.5403     0.7909     1.8155
    -1.2767    -1.7410     1.0052     1.7401
    -1.0098    -1.8778     1.2106     1.5518
    -0.7697    -1.8869     1.3892     1.3824
    -0.4851    -1.9872     1.4964     1.1565
    -0.2095    -2.0146     1.6572     0.9025
     0.0662    -1.9052     1.6750     0.6014
     0.3773    -1.8504     1.7108     0.3380
     0.6351    -1.6771     1.6661     0.0653
     0.9639    -1.5129     1.5500    -0.1698
     1.2394    -1.3851     1.3981    -0.3484
     1.5148    -1.1660     1.1570    -0.5270
     1.7369    -0.8921     0.9605    -0.7150
     1.8613    -0.6729     0.7105    -0.8654
     1.8702    -0.3896     0.4963    -1.0533
     1.9235    -0.0879     0.2731    -1.1848
     1.8702     0.2413     0.0589    -1.3633
     1.8613     0.5066    -0.1286    -1.4667
     1.8613     0.8270    -0.3338    -1.5230
     1.8613     1.1108    -0.4855    -1.5606
     1.6303     1.4497    -0.6550    -1.5042
     1.3282     1.6605    -0.8424    -1.4385
     1.0172     1.8255    -0.9316    -1.3446
     0.7151     2.0547    -1.0386    -1.2506
     0.4218     2.1464    -1.1903    -1.0909
     0.1462     2.2564    -1.2259    -0.9030
    -0.1472     2.2289    -1.2616    -0.6962
    -0.4673     2.1831    -1.2705    -0.4612
    -0.7608     2.0455    -1.2616    -0.2638
    -1.0365     1.7980    -1.2170    -0.0099
    -1.2856     1.5139    -1.0832     0.2628
    -1.4813     1.2390    -1.0297     0.5449
    -1.6236     0.9368    -0.8513     0.8178
    -1.7571     0.5981    -0.7086     1.1001
    -1.8194     0.3328    -0.5569     1.3071
    -1.8372    -0.0148    -0.3963     1.4954
    -1.8372    -0.3165    -0.2178     1.6742
    -1.7749    -0.6180     0.0499     1.7778
    -1.6859    -0.9469     0.2106     1.8343
    -1.5436    -1.2573     0.4784     1.7966
    -1.4190    -1.5585     0.7195     1.7401
    -1.2500    -1.6862     0.9427     1.6272
    -1.0632    -1.8322     1.1570     1.4765
    -0.8141    -1.9781     1.3624     1.2789
    -0.4940    -2.0511     1.5679     1.0154
    -0.2095    -2.0876     1.6840     0.7707
     0.0039    -2.0420     1.7912     0.5355
     0.3240    -1.9599     1.8805     0.2628
     0.6262    -1.8504     1.8716     0.0089
     0.8750    -1.6680     1.7554    -0.2544
     1.1594    -1.4855     1.6482    -0.4612
     1.4260    -1.2938     1.4785    -0.6116
     1.6481    -1.0747     1.2999    -0.8654
     1.7725    -0.7459     1.0498    -0.9875
     1.8347    -0.5084     0.8266    -1.1661
     1.8613    -0.2616     0.5945    -1.3352
     1.8702     0.1041     0.3356    -1.4949
     1.8613     0.4334     0.1481    -1.5982
     1.8791     0.6897    -0.1107    -1.6357
     1.7636     0.9643    -0.3160    -1.6545
     1.5504     1.2757    -0.5212    -1.6264
     1.2483     1.5688    -0.7086    -1.5606
     0.9550     1.7888    -0.8424    -1.4385
     0.6351     1.9355    -1.0208    -1.2976
     0.3506     2.0455    -1.0743    -1.1379
     0.1106     2.1831    -1.1367    -0.9875
    -0.2006     2.1831    -1.2349    -0.7620
    -0.5385     2.1097    -1.2081    -0.5646
    -0.7875     2.0363    -1.2081    -0.3484
    -1.0721     1.8621    -1.1457    -0.0382
    -1.3300     1.6513    -1.0119     0.2722
    -1.4991     1.2848    -0.9405     0.5449
    -1.6503     1.0101    -0.7710     0.8366
    -1.7927     0.7171    -0.6015     1.1189
    -1.9261     0.3785    -0.3873     1.3636
    -1.8817    -0.0056    -0.1910     1.6083
    -1.8728    -0.3073     0.0321     1.7307
    -1.8283    -0.6454     0.2552     1.8908
    -1.7660    -0.9834     0.4873     1.9755
    -1.6503    -1.3121     0.7195     1.9473
    -1.5347    -1.5129     0.9427     1.8908
    -1.3656    -1.6680     1.1570     1.7966
    -1.0988    -1.8322     1.3535     1.6177
    -0.8586    -1.9781     1.5679     1.4577
    -0.6274    -2.0055     1.7465     1.2036
    -0.3428    -2.0146     1.8894     0.9871
    -0.0494    -1.9690     1.9252     0.7143
     0.2084    -1.8687     1.9118     0.4697
     0.5018    -1.7045     1.8984     0.1969
     0.8128    -1.5950     1.7644    -0.0570
     1.0528    -1.3942     1.5857    -0.2450
     1.3282    -1.1934     1.3892    -0.4236
     1.5948    -0.9925     1.1659    -0.6022
     1.7458    -0.6911     0.8980    -0.7996
     1.8347    -0.3804     0.6837    -0.9312
     1.9146    -0.1062     0.4427    -1.1097
     1.9057     0.2322     0.1749    -1.2130
     1.8791     0.5432    -0.0036    -1.3164
     1.8791     0.9185    -0.2535    -1.4103
     1.7991     1.2390    -0.4320    -1.4291
     1.5948     1.4864    -0.6104    -1.4197
     1.3016     1.7430    -0.7799    -1.3633
     1.0350     1.9905    -0.9227    -1.2130
     0.7417     2.1280    -1.0208    -1.0909
     0.4573     2.2748    -1.1189    -0.9405
     0.1728     2.3849    -1.1367    -0.7902
    -0.1383     2.4124    -1.2170    -0.6116
    -0.4495     2.3757    -1.1724    -0.4330
    -0.7519     2.2748    -1.1635    -0.2262
    -1.0009     1.9905    -1.0922     0.0465
    -1.2500     1.7521    -0.9673     0.3286
    -1.4190     1.4497    -0.8602     0.5732
    -1.5613     1.0833    -0.7353     0.8648
    -1.7304     0.7629    -0.6193     1.1659
    -1.7571     0.4792    -0.4409     1.3636
    -1.8194     0.1315    -0.2624     1.5895
    -1.7749    -0.2159    -0.0750     1.7307
    -1.7393    -0.5267     0.1481     1.8625
    -1.6681    -0.9103     0.3534     1.9284
    -1.5525    -1.1843     0.5855     1.9567
    -1.3745    -1.3851     0.7552     1.9096
    -1.1966    -1.5950     0.9516     1.8437
    -0.9742    -1.7501     1.1570     1.6836
    -0.7341    -1.9143     1.3088     1.4577
    -0.4584    -1.9143     1.4785     1.1942
    -0.1828    -1.8960     1.6393     0.9495
     0.1551    -1.8778     1.7197     0.7049
     0.4306    -1.7775     1.7822     0.3756
     0.6884    -1.7045     1.7465     0.1593
     0.9995    -1.5494     1.7376    -0.1040
     1.2927    -1.3303     1.5411    -0.2826
     1.5415    -1.1660     1.3624    -0.5082
     1.7636    -0.9469     1.1838    -0.6774
     1.8968    -0.7185     0.9605    -0.9030
     1.9057    -0.4353     0.7195    -1.0533
     1.9146    -0.1428     0.5141    -1.2224
     1.9057     0.2139     0.2463    -1.3258
     1.9146     0.4609     0.0410    -1.4103
     1.9057     0.7537    -0.2446    -1.4667
     1.8702     1.0833    -0.4141    -1.4855
     1.7458     1.4131    -0.6639    -1.4479
     1.4704     1.6330    -0.8424    -1.4197
     1.1416     1.8255    -0.9762    -1.3258
     0.8839     2.0914    -1.1546    -1.1473
     0.6262     2.1831    -1.2527    -0.9781
     0.3062     2.2473    -1.3151    -0.7996
    -0.0138     2.2656    -1.3865    -0.6022
    -0.2717     2.2840    -1.3686    -0.4424
    -0.6007     2.1280    -1.3954    -0.2168
    -0.8586     1.9538    -1.3062     0.0277
    -1.0721     1.7338    -1.2616     0.3380
    -1.2767     1.3948    -1.1011     0.6202
    -1.4813     1.0925    -0.9851     0.9025
    -1.5347     0.7354    -0.8513     1.1471
    -1.5969     0.4151    -0.6907     1.4201
    -1.6770     0.0401    -0.4766     1.6366
    -1.6592    -0.3256    -0.2713     1.7872
    -1.5969    -0.6911    -0.0393     1.8719
    -1.5080    -0.9286     0.2106     1.9661
    -1.4457    -1.2117     0.4248     1.9473
    -1.2856    -1.5311     0.7016     1.9567
    -1.1255    -1.6680     0.8802     1.8531
    -0.8764    -1.7957     1.1391     1.6836
    -0.6274    -1.8778     1.3088     1.4577
    -0.3695    -1.9234     1.4607     1.2224
    -0.1383    -1.8960     1.6304     1.0060
     0.1728    -1.8869     1.6840     0.7237
     0.4484    -1.7410     1.6661     0.4603
     0.7595    -1.6771     1.6482     0.2157
     1.0617    -1.4764     1.5857    -0.0099
     1.3105    -1.3303     1.4428    -0.2074
     1.5859    -1.0930     1.2106    -0.4142
     1.8435    -0.8921     1.0231    -0.6022
     1.9413    -0.6089     0.7552    -0.8090
     1.9057    -0.3896     0.5498    -1.0251
     1.9146    -0.0513     0.3445    -1.2036
     1.9768     0.2413     0.0946    -1.3070
     1.9679     0.5341    -0.1553    -1.4009
     1.9057     0.8361    -0.3695    -1.4667
     1.8968     1.1749    -0.5480    -1.4761
     1.8169     1.4314    -0.7442    -1.5042
     1.5148     1.7063    -0.9048    -1.4667
     1.1505     1.9080    -1.0208    -1.3539
     0.9106     2.0822    -1.1635    -1.1661
     0.5906     2.2106    -1.2795    -1.0439
     0.2884     2.3023    -1.3062    -0.8842
    -0.0494     2.3023    -1.3776    -0.6492
    -0.3250     2.2931    -1.3686    -0.4800
    -0.6541     2.1647    -1.2884    -0.2732
    -0.8942     1.9263    -1.2616    -0.0946
    -1.1699     1.7063    -1.1189     0.1969
    -1.3834     1.4497    -1.0476     0.4791
    -1.5525     1.0467    -0.9048     0.7613
    -1.6503     0.7446    -0.7086     1.0436
    -1.7660     0.3877    -0.5747     1.2695
    -1.8105     0.0858    -0.3516     1.4483
    -1.8016    -0.3256    -0.1553     1.5801
    -1.7571    -0.6363     0.0678     1.7213
    -1.7037    -0.9012     0.2731     1.7684
    -1.5880    -1.2208     0.4695     1.7872
    -1.4190    -1.4399     0.6837     1.8155
    -1.2233    -1.6771     0.9070     1.6931
    -1.0721    -1.8413     1.1124     1.5895
    -0.7697    -1.9599     1.2642     1.3636
    -0.5474    -1.9781     1.4339     1.1754
    -0.2450    -2.0420     1.6304     0.9307
    -0.0227    -2.0146     1.7554     0.6296
     0.2884    -1.8869     1.7912     0.4039
     0.5462    -1.8231     1.8001     0.1311
     0.8662    -1.6315     1.7376    -0.1698
     1.1150    -1.5037     1.6393    -0.3484
     1.3638    -1.3303     1.4517    -0.5552
     1.6214    -1.0839     1.2910    -0.7244
     1.8080    -0.8647     1.0231    -0.9124
     1.9057    -0.5632     0.8177    -1.0721
     1.9235    -0.2251     0.5677    -1.2036
     1.9501     0.0492     0.3356    -1.3727
     1.9590     0.4151     0.1214    -1.4573
     1.9324     0.7537    -0.1375    -1.5230
     1.8080     1.0101    -0.3606    -1.4949
     1.6037     1.3215    -0.5390    -1.4855
     1.2838     1.6422    -0.7264    -1.4479
     1.0350     1.8805    -0.8691    -1.3352
     0.7506     2.0363    -1.0386    -1.2318
     0.4751     2.1556    -1.1546    -1.0815
     0.1728     2.3115    -1.2170    -0.9312
    -0.1650     2.2840    -1.2527    -0.6868
    -0.3784     2.2106    -1.3062    -0.4988
    -0.6541     2.1280    -1.2527    -0.3108
    -0.9387     1.9905    -1.2259    -0.0758
    -1.1788     1.7338    -1.0832     0.2157
    -1.4101     1.4131    -0.9762     0.4697
    -1.5702     1.1016    -0.8781     0.7425
    -1.7304     0.7537    -0.6907     1.0624
    -1.7927     0.4609    -0.5480     1.2789
    -1.8105     0.0950    -0.2981     1.4860
    -1.7749    -0.2525    -0.1286     1.6742
    -1.7304    -0.5449     0.0946     1.8343
    -1.7215    -0.8281     0.3534     1.9473
    -1.5702    -1.1295     0.5945     1.9567
    -1.4190    -1.3851     0.8087     1.9284
    -1.2500    -1.6132     1.0766     1.8531
    -1.0365    -1.6771     1.2374     1.7213
    -0.8053    -1.8413     1.4875     1.5330
    -0.5740    -1.8960     1.6125     1.3071
    -0.3073    -1.8778     1.8090     1.0530
    -0.0227    -1.9052     1.9073     0.7801
     0.3151    -1.8140     1.8984     0.4697
     0.5106    -1.6954     1.8984     0.2157
     0.8484    -1.5037     1.7733    -0.0664
     1.1150    -1.3760     1.5500    -0.2826
     1.3371    -1.1843     1.3446    -0.4330
     1.6392    -0.9469     1.1570    -0.6116
     1.8169    -0.7459     0.9338    -0.7902
     1.8968    -0.4627     0.7016    -0.9499
     1.9501    -0.1336     0.4784    -1.1191
     1.9501     0.1681     0.2820    -1.2506
     1.9413     0.4426     0.0142    -1.3539
     1.9590     0.8361    -0.1732    -1.4103
     1.8880     1.1200    -0.3427    -1.4291
     1.7192     1.4039    -0.5480    -1.4291
     1.4438     1.6513    -0.6729    -1.3821
     1.1416     1.8805    -0.8335    -1.3446
     0.8662     2.1372    -0.9583    -1.1848
     0.6262     2.2289    -1.0565    -1.0815
     0.2884     2.3298    -1.1278    -0.8466
    -0.0227     2.3206    -1.1724    -0.6962
    -0.2628     2.3115    -1.2170    -0.4518
    -0.5829     2.2014    -1.1992    -0.2356
    -0.8675     2.0088    -1.1367    -0.0005
    -1.0899     1.7430    -1.0297     0.2816
    -1.3478     1.5139    -0.9405     0.5920
    -1.5347     1.0925    -0.8513     0.8554
    -1.6592     0.7720    -0.6639     1.1283
    -1.7215     0.4883    -0.5301     1.3730
    -1.7571     0.1133    -0.3427     1.5707
    -1.7126    -0.1976    -0.1642     1.7684
    -1.6948    -0.5723     0.0589     1.8343
    -1.6503    -0.8738     0.2731     1.9849
    -1.5258    -1.1478     0.5320     2.0226
    -1.3745    -1.3942     0.7552     2.0132
    -1.1788    -1.5494     0.9605     1.9379
    -1.0276    -1.7319     1.1838     1.7401
    -0.7697    -1.8322     1.3803     1.5330
    -0.4762    -1.8960     1.5411     1.3165
    -0.2361    -1.9052     1.7108     1.0812
     0.0573    -1.9416     1.8626     0.7801
     0.3418    -1.8778     1.8894     0.4697
     0.6529    -1.7136     1.9073     0.2346
     0.9550    -1.6041     1.8894    -0.0382
     1.2305    -1.3669     1.7197    -0.2356
     1.4971    -1.2117     1.5500    -0.4518
     1.7014    -0.9195     1.3446    -0.6210
     1.9057    -0.6637     1.0677    -0.8278
     1.9679    -0.4170     0.8355    -0.9781
     1.9857    -0.1702     0.5588    -1.1097
     1.9679     0.2322     0.2999    -1.2130
     1.9679     0.5432     0.0232    -1.3258
     1.9768     0.7995    -0.2089    -1.4197
     1.9324     1.1658    -0.4141    -1.4949
     1.8169     1.4406    -0.6461    -1.4949
     1.5237     1.7155    -0.8067    -1.4291
     1.1772     1.9630    -0.9851    -1.3164
     0.9373     2.1739    -1.1278    -1.1942
     0.6617     2.2840    -1.1903    -1.0439
     0.3684     2.3206    -1.2973    -0.8936
     0.0751     2.3757    -1.3597    -0.7056
    -0.2183     2.3482    -1.3508    -0.5176
    -0.5651     2.2748    -1.3062    -0.2638
    -0.7964     2.0363    -1.2616    -0.0664
    -1.0721     1.7613    -1.2259     0.2440
    -1.2500     1.4772    -1.1189     0.5638
    -1.4190     1.1108    -0.9673     0.8554
    -1.5436     0.7903    -0.8245     1.1189
    -1.6681     0.4243    -0.6372     1.3636
    -1.6859     0.1133    -0.4052     1.5518
    -1.6948    -0.2799    -0.2446     1.7119
    -1.6859    -0.5723     0.0321     1.8531
    -1.5791    -0.8738     0.2374     1.9755
    -1.4813    -1.1569     0.4516     1.9944
    -1.4012    -1.3942     0.7195     1.9849
    -1.2322    -1.6224     0.8891     1.8814
    -1.0543    -1.7775     1.1391     1.7213
    -0.7608    -1.8869     1.3178     1.4765
    -0.4940    -1.9143     1.4607     1.2224
    -0.2361    -1.9599     1.6214     0.9871
     0.0039    -1.9325     1.7108     0.6484
     0.2795    -1.8231     1.7733     0.4133
     0.5640    -1.7501     1.7733     0.1405
     0.8573    -1.6224     1.6929    -0.1040
     1.1772    -1.4490     1.5321    -0.3296
     1.3904    -1.2573     1.3713    -0.4894
     1.6392    -1.0017     1.1659    -0.7150
     1.8613    -0.7733     0.9605    -0.8560
     1.9057    -0.5449     0.7195    -1.0439
     1.9413    -0.2525     0.5320    -1.1754
     1.9590     0.1590     0.2463    -1.3070
     1.9235     0.3968     0.0321    -1.3633
     1.9324     0.7171    -0.1732    -1.4479
     1.8968     1.0650    -0.3963    -1.4949
     1.7547     1.3948    -0.5569    -1.5136
     1.4260     1.6238    -0.7264    -1.5418
     1.1239     1.8896    -0.9137    -1.4479
     0.8217     2.0730    -1.0029    -1.3258
     0.5640     2.1831    -1.1457    -1.1379
     0.2262     2.2564    -1.1992    -0.9405
    -0.0672     2.3115    -1.2705    -0.7432
    -0.3784     2.1922    -1.3151    -0.6022
    -0.6896     2.1280    -1.3062    -0.3860
    -0.9565     1.9722    -1.2616    -0.1604
    -1.2322     1.6971    -1.2170     0.1969
    -1.4635     1.4681    -1.1189     0.4697
    -1.5791     1.0742    -1.0029     0.7331
    -1.7215     0.7812    -0.8156     1.0248
    -1.8461     0.4517    -0.6461     1.2601
    -1.8639     0.0950    -0.4944     1.4765
    -1.8461    -0.2433    -0.2356     1.6272
    -1.8283    -0.5723    -0.0393     1.7590
    -1.8016    -0.8921     0.1749     1.8908
    -1.6503    -1.1752     0.4873     1.9190
    -1.5525    -1.4672     0.7195     1.8814
    -1.3300    -1.6680     0.9784     1.8155
    -1.1343    -1.7501     1.1570     1.6742
    -0.9120    -1.9234     1.3981     1.4765
    -0.6185    -1.9872     1.5857     1.2036
    -0.3250    -2.0328     1.7286     0.9589
    -0.0583    -2.0237     1.9073     0.6767
     0.2973    -1.9781     1.9609     0.4509
     0.5906    -1.8140     1.9073     0.1969
     0.8662    -1.6680     1.9073    -0.0570
     1.1861    -1.5220     1.7554    -0.2920
     1.4704    -1.3030     1.5321    -0.4800
     1.7281    -1.1386     1.3535    -0.6680
     1.8968    -0.8464     1.1213    -0.8278
     1.9679    -0.6089     0.8445    -0.9687
     1.9857    -0.2890     0.6391    -1.1191
     1.9590     0.0584     0.3624    -1.2694
     1.9857     0.3694     0.0946    -1.3915
     1.9857     0.6622    -0.1018    -1.4761
     1.9146     0.9460    -0.3160    -1.4949
     1.8524     1.2757    -0.5480    -1.4949
     1.6392     1.5414    -0.7086    -1.4761
     1.3105     1.8071    -0.8424    -1.3915
     0.9817     1.9813    -0.9851    -1.2600
     0.7151     2.1464    -1.0922    -1.1191
     0.4395     2.2381    -1.1367    -0.9030
     0.1373     2.2519    -1.1903    -0.7526
    -0.1383     2.2656    -1.1903    -0.5458
    -0.4851     2.2014    -1.1903    -0.3390
    -0.7697     1.9997    -1.1635    -0.1134
    -0.9653     1.8255    -1.0922     0.2346
    -1.2589     1.5780    -0.9851     0.5167
    -1.4546     1.2390    -0.8513     0.8084
    -1.5436     0.8910    -0.7442     1.0530
    -1.6859     0.6073    -0.5747     1.3542
    -1.7304     0.2870    -0.3338     1.5613
    -1.6770    -0.0879    -0.1732     1.7495
    -1.6325    -0.4718     0.1035     1.9002
    -1.6236    -0.7916     0.3267     1.9661
    -1.5347    -1.0747     0.5498     2.0603
    -1.3656    -1.3303     0.7909     2.0320
    -1.1699    -1.4764     0.9963     1.9567
    -1.0276    -1.6406     1.2374     1.8531
    -0.7519    -1.7683     1.3981     1.6742
    -0.5118    -1.8231     1.6214     1.4483
    -0.2272    -1.9143     1.7286     1.2130
     0.0839    -1.8778     1.8180     0.9495
     0.3595    -1.8140     1.9162     0.6767
     0.6262    -1.6589     1.8716     0.3662
     0.9284    -1.5403     1.8180     0.1217
     1.2127    -1.3851     1.6482    -0.1322
     1.5060    -1.1112     1.4785    -0.3296
     1.7547    -0.9195     1.2910    -0.5270
     1.8435    -0.5998     1.0588    -0.6586
     1.8968    -0.3622     0.7998    -0.8372
     1.9057    -0.0331     0.5498    -0.9875
     1.9146     0.2962     0.3177    -1.1567
     1.9146     0.5798     0.0767    -1.2788
     1.9679     0.9002    -0.1642    -1.3352
     1.8613     1.1749    -0.3784    -1.3915
     1.7192     1.4406    -0.5569    -1.3539
     1.4615     1.7063    -0.7532    -1.3446
     1.1594     1.9080    -0.8959    -1.2600
     0.8750     2.1464    -1.0386    -1.1473
     0.5640     2.2473    -1.0922    -1.0157
     0.2973     2.3665    -1.2081    -0.8090
    -0.0672     2.4032    -1.2349    -0.6492
    -0.3073     2.3573    -1.2527    -0.4424
    -0.6363     2.3206    -1.2705    -0.2544
    -0.8942     2.1280    -1.2170    -0.0288
    -1.1788     1.8438    -1.0922     0.2628
    -1.3745     1.6330    -1.0119     0.5826
    -1.5613     1.2573    -0.9048     0.8460
    -1.7215     0.9368    -0.7532     1.0812
    -1.8105     0.5981    -0.5836     1.3542
    -1.8550     0.2962    -0.3338     1.5424
    -1.8283    -0.1245    -0.1286     1.7119
    -1.8016    -0.4353     0.0589     1.8437
    -1.7482    -0.7551     0.2909     1.9473
    -1.6414    -1.0839     0.5320     2.0226
    -1.5169    -1.3030     0.7730     2.0038
    -1.3300    -1.5129     0.9605     1.9379
    -1.1166    -1.6862     1.1749     1.7778
    -0.8675    -1.7775     1.4071     1.5895
    -0.5918    -1.9143     1.5500     1.3542
    -0.2984    -1.9143     1.6840     1.1095
    -0.0494    -1.9325     1.8090     0.8366
     0.2706    -1.8048     1.8269     0.5544
     0.6262    -1.6954     1.8448     0.2534
     0.9106    -1.5950     1.7644     0.0277
     1.1594    -1.4216     1.6036    -0.2262
     1.4882    -1.2208     1.4517    -0.4142
     1.6925    -0.9560     1.2820    -0.6398
     1.8613    -0.7459     1.0320    -0.8372
     1.9324    -0.4536     0.8445    -0.9969
     1.9146    -0.1336     0.5855    -1.0909
     1.9413     0.1315     0.3534    -1.2318
     1.9146     0.4975     0.1303    -1.3633
     1.9324     0.7446    -0.1018    -1.4573
     1.9501     1.0833    -0.3249    -1.4479
     1.8347     1.3398    -0.5569    -1.4573
     1.5593     1.6055    -0.6907    -1.4291
     1.2216     1.8071    -0.8513    -1.3633
     0.9639     2.0272    -1.0386    -1.2694
     0.6795     2.2106    -1.1100    -1.0909
     0.3951     2.2243    -1.2438    -0.9499
     0.0928     2.2381    -1.2973    -0.7432
    -0.2095     2.2198    -1.2884    -0.5458
    -0.5474     2.1464    -1.2884    -0.3484
    -0.7964     1.9813    -1.2884    -0.1322
    -1.1166     1.7796    -1.2527     0.1969
    -1.3212     1.4955    -1.1546     0.4791
    -1.4991     1.2024    -1.0029     0.7895
    -1.6147     0.8453    -0.8781     1.0907
    -1.7660     0.5158    -0.6818     1.3259
    -1.7749     0.2505    -0.4855     1.5330
    -1.7571    -0.1336    -0.2713     1.7025
    -1.7660    -0.5175    -0.0393     1.7966
    -1.6503    -0.8099     0.2017     1.9190
    -1.5880    -1.1386     0.4070     1.9567
    -1.4724    -1.3395     0.6927     1.9567
    -1.2767    -1.6224     0.9516     1.8531
    -1.0988    -1.7227     1.1391     1.7213
    -0.7964    -1.8960     1.3624     1.5236
    -0.5385    -1.9781     1.5321     1.3259
    -0.2984    -1.9781     1.6750     1.0248
    -0.0050    -1.9964     1.8001     0.7425
     0.3151    -1.8596     1.8537     0.4697
     0.5906    -1.8140     1.8894     0.2346
     0.8662    -1.6224     1.8448    -0.0570
     1.2038    -1.4581     1.6840    -0.2356
     1.4349    -1.2208     1.5143    -0.4800
     1.6925    -1.0565     1.3356    -0.6774
     1.8613    -0.7459     1.0945    -0.8748
     1.9324    -0.4627     0.8802    -1.0533
     1.9235    -0.2159     0.6570    -1.1567
     1.9501     0.1681     0.4427    -1.2882
     1.9590     0.4975     0.2285    -1.3727
     1.9413     0.7354    -0.0304    -1.4761
     1.9146     1.0925    -0.2267    -1.5324
     1.8613     1.4131    -0.4320    -1.5324
     1.6303     1.6513    -0.5480    -1.4667
     1.2483     1.8988    -0.7442    -1.3633
     0.9817     2.0914    -0.8959    -1.2600
     0.6262     2.1831    -1.0119    -1.1097
     0.3506     2.3206    -1.0386    -0.9405
     0.0573     2.3390    -1.1457    -0.7338
    -0.2095     2.2931    -1.1367    -0.5364
    -0.5740     2.2564    -1.1457    -0.2638
    -0.8053     2.1097    -1.1457    -0.0476
    -1.1077     1.8621    -1.0476     0.2346
    -1.3478     1.5872    -0.9227     0.5544
    -1.4813     1.2390    -0.8513     0.8648
    -1.6325     0.9460    -0.6907     1.1471
    -1.7571     0.5890    -0.5123     1.3918
    -1.7571     0.2322    -0.3516     1.5801
    -1.7749    -0.0971    -0.1464     1.7401
    -1.7660    -0.4718     0.0589     1.8814
    -1.6681    -0.7825     0.2820     2.0320
    -1.5613    -1.1386     0.5588     2.0414
    -1.4457    -1.4034     0.7730     2.0414
    -1.2678    -1.6224     0.9963     1.9379
    -1.0365    -1.7592     1.2463     1.7872
    -0.8053    -1.8140     1.4339     1.5895
    -0.4940    -1.8778     1.6036     1.4012
    -0.2539    -1.8778     1.7286     1.1189
     0.0662    -1.8413     1.8358     0.8366
     0.3595    -1.8413     1.8984     0.5449
     0.6529    -1.7136     1.9252     0.2816
     0.9373    -1.5037     1.8537     0.0089
     1.2216    -1.3212     1.7197    -0.1604
     1.4882    -1.1386     1.5411    -0.3672
     1.7369    -0.9195     1.3803    -0.5458
     1.9235    -0.6546     1.1481    -0.6962
     1.9413    -0.3804     0.8623    -0.8748
     1.9413    -0.1245     0.6659    -1.0251
     1.9413     0.1773     0.3713    -1.1473
     1.9501     0.5249     0.1481    -1.2976
     1.9413     0.8270    -0.0661    -1.3727
     1.9235     1.0833    -0.3070    -1.4103
     1.8435     1.3764    -0.4944    -1.4291
     1.5148     1.6697    -0.6639    -1.3727
     1.2038     1.8988    -0.8513    -1.3258
     0.8928     2.1005    -0.9494    -1.2224
     0.6529     2.2106    -1.0476    -1.0815
     0.3151     2.2656    -1.1635    -0.9405
     0.0128     2.2656    -1.1724    -0.7526
    -0.2450     2.2656    -1.1903    -0.4988
    -0.5740     2.2289    -1.2349    -0.2920
    -0.8586     2.0914    -1.1457    -0.0758
    -1.1077     1.8071    -1.0832     0.1969
    -1.2945     1.5872    -1.0119     0.5073
    -1.4991     1.2390    -0.8513     0.7613
    -1.6147     0.9002    -0.7532     1.0436
    -1.6859     0.5615    -0.5390     1.2977
    -1.7571     0.1773    -0.3873     1.4954
    -1.7749    -0.1702    -0.1464     1.6742
    -1.6859    -0.5358     0.0767     1.8625
    -1.6147    -0.8464     0.2463     1.9379
    -1.5791    -1.1386     0.5320     1.9849
    -1.3923    -1.4216     0.7730     1.9284
    -1.2322    -1.5676     0.9784     1.8625
    -1.0365    -1.7957     1.2017     1.7495
    -0.7608    -1.8413     1.3892     1.5707
    -0.4673    -1.9599     1.5589     1.3824
    -0.2006    -1.9416     1.7376     1.1377
     0.1017    -1.9325     1.8269     0.8084
     0.3773    -1.8504     1.8180     0.5449
     0.6440    -1.7866     1.8358     0.2816
     0.9550    -1.6315     1.7822     0.0465
     1.2127    -1.4672     1.6750    -0.1980
     1.4882    -1.2391     1.5232    -0.3860
     1.7369    -1.0291     1.3178    -0.5834
     1.8880    -0.8007     1.1213    -0.7526
     1.9235    -0.4901     0.8445    -0.9405
     1.9413    -0.2616     0.6213    -1.1003
     1.9590     0.1407     0.3981    -1.2694
     1.9413     0.4426     0.0856    -1.3821
     1.9590     0.7171    -0.0929    -1.4573
     1.9501     0.9643    -0.3695    -1.4949
     1.7991     1.3581    -0.5658    -1.4761
     1.5415     1.5780    -0.7175    -1.4385
     1.1950     1.8621    -0.9405    -1.3915
     0.9461     2.0272    -1.0654    -1.3070
     0.6084     2.1464    -1.1546    -1.1567
     0.3773     2.2381    -1.2795    -0.9593
     0.0039     2.3206    -1.3597    -0.7620
    -0.2095     2.3115    -1.3686    -0.5740
    -0.5385     2.1922    -1.3776    -0.3578
    -0.8408     2.0455    -1.3330    -0.1228
    -1.0899     1.8530    -1.2705     0.2063
    -1.3034     1.5597    -1.1992     0.4979
    -1.4902     1.3031    -1.0476     0.7613
    -1.6325     0.9460    -0.9227     1.0248
    -1.7215     0.5890    -0.7442     1.2601
    -1.7749     0.2962    -0.5390     1.4954
    -1.7660    -0.0788    -0.3606     1.6931
    -1.7304    -0.4353    -0.1286     1.8155
    -1.7126    -0.7642     0.1303     1.9473
    -1.6058    -1.0382     0.4248     1.9661
    -1.4813    -1.3303     0.6748     1.9661
    -1.2589    -1.5311     0.9070     1.9284
    -1.0810    -1.6771     1.0945     1.7778
    -0.8053    -1.8322     1.3356     1.6177
    -0.5562    -1.8687     1.4964     1.4106
    -0.2717    -1.8778     1.6214     1.1754
     0.0395    -1.8413     1.7197     0.8648
     0.3418    -1.8322     1.8358     0.5920
     0.6173    -1.6771     1.8180     0.3286
     0.9284    -1.5859     1.8269     0.1029
     1.2038    -1.3669     1.7286    -0.1228
     1.5237    -1.1752     1.6214    -0.3296
     1.7369    -1.0291     1.4339    -0.4988
     1.9324    -0.7551     1.2106    -0.6962
     1.9946    -0.4353     0.9873    -0.8654
     1.9946    -0.1611     0.7373    -1.0157
     1.9857     0.2047     0.5052    -1.1754
     1.9946     0.4975     0.2285    -1.2788
     2.0034     0.7537    -0.0215    -1.3915
     1.8968     1.0559    -0.2535    -1.4103
     1.8169     1.3764    -0.4230    -1.4009
     1.5415     1.6238    -0.6283    -1.3539
     1.1950     1.8896    -0.7888    -1.3164
     0.9106     2.0638    -0.9227    -1.1942
     0.6262     2.1831    -1.0208    -1.0251
     0.3684     2.3482    -1.1011    -0.8842
    -0.0138     2.3390    -1.1724    -0.6586
    -0.2361     2.3298    -1.2527    -0.4612
    -0.5918     2.2381    -1.2616    -0.3014
    -0.8141     2.1005    -1.2349    -0.0570
    -1.0988     1.8621    -1.1635     0.2346
    -1.3389     1.6513    -1.0565     0.5073
    -1.4902     1.3215    -1.0029     0.7425
    -1.5969     1.0192    -0.8245     1.0812
    -1.7482     0.6897    -0.6461     1.3071
    -1.7660     0.3419    -0.4677     1.5424
    -1.7660    -0.0331    -0.2089     1.7307
    -1.7215    -0.3439    -0.0393     1.8625
    -1.6325    -0.6454     0.2642     1.9661
    -1.5436    -0.9469     0.5141     1.9661
    -1.4012    -1.2025     0.7195     1.9755
    -1.2144    -1.4855     0.9963     1.8908
    -1.0721    -1.6132     1.2106     1.8060
    -0.8141    -1.7410     1.3713     1.6366
    -0.5029    -1.8048     1.5679     1.3824
    -0.2539    -1.8322     1.6929     1.1471
     0.0306    -1.8048     1.7197     0.8554
     0.3773    -1.7866     1.8358     0.5638
     0.6529    -1.6224     1.8090     0.2816
     0.9550    -1.5494     1.7733    -0.0005
     1.2305    -1.3395     1.7286    -0.2074
     1.4526    -1.1752     1.5500    -0.4142
     1.7192    -0.9743     1.3446    -0.5928
     1.8968    -0.8007     1.1749    -0.8090
     1.9413    -0.5449     0.8891    -0.9499
     1.9857    -0.2342     0.6570    -1.1473
     2.0034     0.0584     0.4695    -1.2882
     1.9946     0.3968     0.1481    -1.3727
     1.9413     0.6439    -0.1107    -1.4291
     1.9413     0.9277    -0.2803    -1.4479
     1.8080     1.3031    -0.5390    -1.4573
     1.5237     1.5597    -0.6907    -1.4291
     1.2305     1.7430    -0.8781    -1.3633
     0.9106     1.9997    -1.0565    -1.2600
     0.6084     2.1556    -1.1546    -1.1191
     0.3773     2.2473    -1.2259    -0.8936
     0.0484     2.2748    -1.3508    -0.7056
    -0.2806     2.2656    -1.3419    -0.5082
    -0.5296     2.1831    -1.3597    -0.3672
    -0.8764     2.0455    -1.3776    -0.1228
    -1.1077     1.8346    -1.2884     0.1969
    -1.3656     1.5047    -1.2170     0.4603
    -1.4991     1.2024    -1.0654     0.7519
    -1.6414     0.9094    -0.9583     1.0342
    -1.7215     0.5615    -0.7532     1.2789
    -1.7571     0.2779    -0.5301     1.5330
    -1.7927    -0.1245    -0.3338     1.6648
    -1.7126    -0.4627    -0.0839     1.8343
    -1.6770    -0.7642     0.1392     1.8814
    -1.5613    -1.0656     0.3624     1.9473
    -1.4457    -1.3395     0.6748     1.9567
    -1.2322    -1.5585     0.9070     1.9190
    -1.0276    -1.6406     1.0856     1.8155
    -0.7964    -1.7957     1.2999     1.6460
    -0.5474    -1.8413     1.4607     1.4389
    -0.2361    -1.8778     1.5589     1.1659
     0.0217    -1.8504     1.6840     0.8930
     0.3240    -1.7592     1.7376     0.6108
     0.6262    -1.6680     1.7376     0.3286
     0.9461    -1.5220     1.7554     0.0841
     1.2749    -1.3669     1.6214    -0.1604
     1.5060    -1.1569     1.4696    -0.2920
     1.7636    -0.9925     1.3356    -0.4706
     1.9146    -0.6911     1.0677    -0.6680
     1.9501    -0.4718     0.8713    -0.8748
     1.9768    -0.2251     0.6570    -1.0345
     1.9501     0.1133     0.4248    -1.1473
     2.0034     0.4609     0.1838    -1.2882
     1.9857     0.7354    -0.0661    -1.3352
     1.9324     1.0284    -0.3249    -1.3727
     1.8524     1.3215    -0.5123    -1.3915
     1.6126     1.6055    -0.7264    -1.3915
     1.3016     1.8255    -0.9048    -1.3539
     1.0083     2.0272    -1.0119    -1.2506
     0.6706     2.1464    -1.1189    -1.0533
     0.3951     2.2656    -1.2170    -0.8936
     0.1195     2.2840    -1.2527    -0.7244
    -0.1828     2.2931    -1.3062    -0.5270
    -0.5385     2.2198    -1.3151    -0.3766
    -0.8230     2.0180    -1.2973    -0.1322
    -1.1077     1.8346    -1.2795     0.1499
    -1.2856     1.5322    -1.1903     0.4321
    -1.4902     1.2665    -1.0208     0.7049
    -1.6681     0.9277    -0.9137     0.9589
    -1.7304     0.5615    -0.7353     1.2318
    -1.7838     0.2687    -0.4944     1.4389
    -1.7927    -0.0788    -0.3338     1.6083
    -1.7660    -0.4901    -0.0839     1.6931
    -1.6859    -0.7916     0.1838     1.8155
    -1.5880    -1.1112     0.4159     1.8437
    -1.4368    -1.3760     0.7373     1.8437
    -1.3034    -1.6224     0.9873     1.8249
    -1.0988    -1.7227     1.1659     1.6931
    -0.8230    -1.9052     1.4160     1.5424
    -0.5829    -1.9234     1.5946     1.2977
    -0.2628    -1.9416     1.6840     1.0624
    -0.0138    -1.9599     1.8090     0.8084
     0.2973    -1.8778     1.9252     0.5638
     0.6440    -1.7592     1.9073     0.2910
     0.8839    -1.6315     1.8894    -0.0005
     1.2305    -1.4855     1.8090    -0.1980
     1.4971    -1.3486     1.6214    -0.3766
     1.7369    -1.1021     1.4517    -0.5928
     1.9146    -0.8829     1.2106    -0.7902
     1.9768    -0.5541     0.9427    -0.9312
     1.9413    -0.2890     0.7462    -1.1097
     1.9857    -0.0331     0.4873    -1.1848
     2.0034     0.3602     0.2195    -1.3352
     1.9857     0.6073     0.0410    -1.4291
     1.9413     0.8910    -0.2267    -1.4855
     1.8347     1.2665    -0.4320    -1.4855
     1.5681     1.4955    -0.5658    -1.4479
     1.2216     1.7613    -0.7799    -1.3821
     0.8928     2.0272    -0.8691    -1.2600
     0.6706     2.1464    -1.0029    -1.1379
     0.3684     2.2840    -1.1011    -0.9687
     0.0217     2.2931    -1.1813    -0.7714
    -0.2539     2.2931    -1.1903    -0.5646
    -0.5562     2.2106    -1.2438    -0.3766
    -0.8675     2.1464    -1.2349    -0.1510
    -1.1432     1.9080    -1.1724     0.1593
    -1.3034     1.6238    -1.1189     0.4039
    -1.5169     1.3490    -1.0119     0.6861
    -1.6503     0.9918    -0.8781     0.9401
    -1.7215     0.7171    -0.7621     1.1565
    -1.7215     0.3511    -0.5301     1.3730
    -1.7037    -0.0422    -0.3784     1.5236
    -1.6592    -0.3347    -0.1464     1.6931
    -1.6147    -0.6911     0.1214     1.7966
    -1.5169    -0.9925     0.3624     1.8719
    -1.3656    -1.2847     0.6480     1.8343
    -1.2322    -1.4855     0.9338     1.8060
    -1.0454    -1.6041     1.0945     1.6931
    -0.7341    -1.7319     1.3088     1.5613
    -0.4762    -1.8322     1.4964     1.3730
    -0.2272    -1.8596     1.6661     1.1471
     0.0217    -1.8778     1.7644     0.8836
     0.3506    -1.8048     1.8180     0.6014
     0.6795    -1.6954     1.8448     0.3098
     0.9728    -1.6497     1.7822     0.0653
     1.2483    -1.4399     1.6393    -0.1604
     1.4704    -1.2573     1.4964    -0.3860
     1.7636    -1.0382     1.3178    -0.5928
     1.9146    -0.8738     1.0766    -0.7620
     1.9679    -0.5632     0.8713    -0.9312
     1.9857    -0.3073     0.6213    -1.0815
     1.9324    -0.0239     0.3802    -1.2600
     1.9857     0.3145     0.1035    -1.3727
     1.9946     0.5798    -0.0572    -1.4761
     1.9146     0.8727    -0.3249    -1.5230
     1.8347     1.2024    -0.5212    -1.5324
     1.5593     1.4955    -0.6550    -1.4949
     1.2305     1.7980    -0.8602    -1.4103
     0.9195     1.9813    -0.9851    -1.3258
     0.6351     2.1097    -1.0565    -1.1285
     0.3062     2.2198    -1.1635    -0.9499
     0.0484     2.2289    -1.2349    -0.7620
    -0.3073     2.2014    -1.2705    -0.5740
    -0.6096     2.1647    -1.3062    -0.3578
    -0.8764     1.9997    -1.3151    -0.1134
    -1.1610     1.8438    -1.2259     0.1875
    -1.3656     1.5688    -1.1813     0.4509
    -1.5702     1.2024    -1.0654     0.6955
    -1.7126     0.9368    -0.9405     0.9589
    -1.7838     0.5707    -0.8245     1.1848
    -1.8016     0.2596    -0.6104     1.4295
    -1.8372    -0.1153    -0.3695     1.6177
    -1.7482    -0.4627    -0.1821     1.7495
    -1.6948    -0.7825     0.0767     1.8437
    -1.5969    -1.0747     0.3891     1.8908
    -1.4368    -1.2756     0.6302     1.9096
    -1.2856    -1.5220     0.8713     1.8814
    -1.0810    -1.7136     1.1124     1.7684
    -0.8141    -1.8048     1.3446     1.6460
    -0.5385    -1.8596     1.5143     1.4295
    -0.2717    -1.8778     1.6750     1.1471
     0.0039    -1.8641     1.7822     0.9025
     0.3151    -1.8504     1.8358     0.5920
     0.6084    -1.7410     1.8269     0.3662
     0.8839    -1.6224     1.8180     0.0653
     1.1772    -1.4399     1.7018    -0.1698
     1.4438    -1.2299     1.5857    -0.3296
     1.7192    -1.0291     1.3624    -0.5552
     1.8613    -0.7733     1.1213    -0.7620
     1.9768    -0.5358     0.9159    -0.9124
     1.9590    -0.2068     0.6659    -1.0815
     1.9457     0.1133     0.3981    -1.1942
     1.9324     0.4151     0.1928    -1.3164
     1.9679     0.7446    -0.0482    -1.4197
     1.9413     1.0101    -0.2803    -1.5136
     1.7636     1.3215    -0.4498    -1.5136
     1.5060     1.6147    -0.6461    -1.5042
     1.2216     1.7796    -0.8335    -1.4009
     0.8928     1.9997    -0.9316    -1.2694
     0.5995     2.1464    -1.1100    -1.1191
     0.3151     2.1739    -1.1724    -0.9499
     0.0573     2.2289    -1.2705    -0.7902
    -0.2361     2.2473    -1.3241    -0.5646
    -0.5296     2.1464    -1.3062    -0.3766
    -0.8675     2.0455    -1.2973    -0.1416
    -1.0632     1.8621    -1.2884     0.1311
    -1.2945     1.5505    -1.1457     0.4039
    -1.5347     1.2116    -1.0743     0.6296
    -1.6503     0.9460    -0.8959     0.9213
    -1.7304     0.5707    -0.7175     1.1848
    -1.7660     0.2230    -0.5480     1.3918
    -1.7126    -0.1519    -0.3606     1.5424
    -1.7126    -0.4353    -0.0839     1.6742
    -1.6681    -0.7459     0.1392     1.7778
    -1.5702    -1.0930     0.3802     1.8531
    -1.4546    -1.3030     0.7195     1.8719
    -1.2589    -1.5950     0.9159     1.8060
    -1.0009    -1.7683     1.1749     1.6648
    -0.7608    -1.8140     1.3892     1.5330
    -0.4851    -1.8869     1.5768     1.3165
    -0.2095    -1.9964     1.7376     1.1001
     0.0395    -1.9599     1.8626     0.8554
     0.3684    -1.8413     1.8894     0.5732
     0.6617    -1.8048     1.8805     0.2534
     0.9639    -1.6041     1.8894    -0.0193
     1.2572    -1.4764     1.7733    -0.2356
     1.5060    -1.2391     1.5946    -0.3954
     1.7636    -1.0565     1.4428    -0.5834
     1.9057    -0.8190     1.1481    -0.7714
     1.9413    -0.5175     0.9427    -0.9312
     1.9768    -0.2159     0.6927    -1.1003
     1.9946     0.0950     0.4695    -1.2506
     1.9501     0.4151     0.2106    -1.3352
     1.9413     0.6897    -0.0750    -1.3915
     1.9235     0.9643    -0.2356    -1.4385
     1.7369     1.2940    -0.4587    -1.5042
     1.4704     1.5414    -0.6818    -1.4667
     1.1861     1.7521    -0.8424    -1.3727
     0.8573     1.9538    -0.9673    -1.2318
     0.5640     2.1372    -1.1100    -1.1097
     0.2617     2.1739    -1.2259    -0.9499
    -0.0316     2.2931    -1.3151    -0.7338
    -0.3073     2.2748    -1.3330    -0.5552
    -0.6185     2.1280    -1.3954    -0.3202
    -0.8764     2.0547    -1.3508    -0.0852
    -1.1699     1.8163    -1.2884     0.1687
    -1.4101     1.6055    -1.2081     0.4509
    -1.5702     1.3123    -1.1457     0.6861
    -1.7215     0.9918    -1.0029     0.9871
    -1.7927     0.6530    -0.8602     1.2036
    -1.8194     0.3328    -0.6550     1.4577
    -1.8105     0.0035    -0.4587     1.5707
    -1.8016    -0.3165    -0.2267     1.7495
    -1.7037    -0.6637     0.0053     1.8060
    -1.5880    -0.9195     0.3267     1.8625
    -1.4724    -1.2482     0.5588     1.8814
    -1.2945    -1.4034     0.8266     1.8625
    -1.0899    -1.6315     1.1302     1.7590
    -0.7964    -1.7319     1.3535     1.5801
    -0.5740    -1.8413     1.5143     1.3730
    -0.2895    -1.8231     1.7286     1.1283
     0.0128    -1.8869     1.7644     0.8554
     0.3418    -1.7775     1.8894     0.5732
     0.6173    -1.7501     1.8984     0.2910
     0.9373    -1.5676     1.8537     0.0465
     1.1861    -1.4490     1.7912    -0.1510
     1.4971    -1.2299     1.6929    -0.3296
     1.7281    -1.0656     1.4607    -0.5176
     1.8791    -0.7916     1.2820    -0.7056
     1.9679    -0.5723     1.0409    -0.9124
     1.9590    -0.2799     0.7462    -1.0627
     1.9946     0.0401     0.5230    -1.1848
     1.9857     0.3236     0.2820    -1.2882
     1.9857     0.6805     0.0142    -1.3539
     1.9413     0.9002    -0.1910    -1.4197
     1.7814     1.2116    -0.4320    -1.4385
     1.5326     1.5505    -0.5836    -1.4103
     1.3016     1.7705    -0.7978    -1.3727
     0.9373     1.9630    -0.9227    -1.3070
     0.7062     2.0547    -1.0476    -1.1097
     0.4040     2.1922    -1.1724    -0.9405
     0.0839     2.2289    -1.2438    -0.7620
    -0.2006     2.1922    -1.2795    -0.5928
    -0.4762     2.0822    -1.2884    -0.3766
    -0.7964     1.9905    -1.2973    -0.1698
    -1.0276     1.8255    -1.3151     0.1311
    -1.2767     1.6238    -1.2170     0.4415
    -1.4457     1.2757    -1.1011     0.7143
    -1.5702     0.9551    -1.0297     0.9966
    -1.6681     0.6530    -0.8513     1.2224
    -1.6948     0.3145    -0.6461     1.4295
    -1.7126    -0.0148    -0.4766     1.5424
    -1.6770    -0.3804    -0.2267     1.6836
    -1.5969    -0.6454     0.0232     1.8249
    -1.5702    -0.9834     0.2374     1.8625
    -1.4279    -1.2208     0.5409     1.8531
    -1.2233    -1.5129     0.8355     1.8437
    -1.0454    -1.6589     1.0320     1.7590
    -0.7964    -1.7775     1.2910     1.5613
    -0.5296    -1.7866     1.4964     1.3448
    -0.2361    -1.8869     1.6125     1.1095
     0.0484    -1.8869     1.7376     0.8930
     0.3151    -1.7683     1.8180     0.6014
     0.5995    -1.7227     1.8537     0.3380
     0.9284    -1.6224     1.8358     0.1029
     1.1594    -1.4490     1.7554    -0.1886
     1.4171    -1.2299     1.6036    -0.3766
     1.6392    -1.0291     1.4517    -0.5646
     1.7991    -0.7551     1.2285    -0.6868
     1.9235    -0.5267     0.9695    -0.8560
     1.9590    -0.3073     0.7284    -1.0063
     1.9590     0.0675     0.5052    -1.1191
     1.9413     0.3328     0.2195    -1.2882
     1.9146     0.5890     0.0142    -1.3915
     1.8791     0.9002    -0.1732    -1.4667
     1.6836     1.1658    -0.3784    -1.4761
     1.4171     1.5047    -0.5480    -1.4573
     1.1683     1.6788    -0.6996    -1.3727
     0.8928     1.9355    -0.8602    -1.3070
     0.5729     2.0272    -1.0297    -1.1754
     0.2884     2.1280    -1.1100    -0.9875
    -0.0405     2.2198    -1.2081    -0.8372
    -0.3162     2.1647    -1.2705    -0.6116
    -0.6007     2.1097    -1.2705    -0.4048
    -0.8586     1.9905    -1.3151    -0.2262
    -1.1255     1.8071    -1.2705     0.0935
    -1.4101     1.5872    -1.2259     0.3474
    -1.5347     1.3490    -1.1367     0.6390
    -1.7037     1.0284    -0.9940     0.8930
    -1.7660     0.6897    -0.8424     1.1565
    -1.7838     0.3419    -0.6818     1.3730
    -1.7660     0.0492    -0.5033     1.5613
    -1.7660    -0.3347    -0.2892     1.6366
    -1.6414    -0.6637    -0.0304     1.7872
    -1.5169    -1.0199     0.2195     1.8531
    -1.4368    -1.2938     0.4963     1.8908
    -1.2411    -1.4490     0.7284     1.8343
    -0.9653    -1.6315     1.0141     1.7778
    -0.6985    -1.7683     1.2017     1.6177
    -0.4406    -1.8869     1.3981     1.4106
    -0.2183    -1.9052     1.6214     1.1848
     0.1195    -1.9143     1.7465     0.9871
     0.4129    -1.8140     1.7554     0.7143
     0.6617    -1.8048     1.7644     0.4415
     0.9373    -1.6041     1.7733     0.1687
     1.2572    -1.4490     1.7018    -0.1228
     1.4971    -1.2938     1.5679    -0.3108
     1.7014    -1.0930     1.3803    -0.5176
     1.8791    -0.8464     1.1749    -0.6586
     1.9057    -0.5541     0.9248    -0.8560
     1.9146    -0.2616     0.7016    -1.0157
     1.9191     0.0767     0.4784    -1.1661
     1.9235     0.3785     0.1838    -1.3164
     1.9235     0.6439    -0.0215    -1.4009
     1.8791     0.9734    -0.2535    -1.4385
     1.7991     1.2848    -0.4320    -1.4385
     1.5770     1.5139    -0.6015    -1.4197
     1.2927     1.8163    -0.8156    -1.3633
     0.9461     2.0088    -0.9405    -1.2976
     0.6884     2.0914    -1.0654    -1.1379
     0.3862     2.2656    -1.1724    -0.9781
     0.0573     2.3023    -1.2616    -0.7714
    -0.2450     2.3023    -1.2795    -0.6022
    -0.5829     2.2564    -1.3419    -0.3954
    -0.8408     2.1189    -1.3508    -0.1792
    -1.1432     1.9171    -1.2616     0.1029
    -1.4101     1.6055    -1.2438     0.3568
    -1.6147     1.3490    -1.1100     0.6296
    -1.7660     1.0101    -0.9762     0.9025
    -1.8639     0.6714    -0.8691     1.1471
    -1.8461     0.3419    -0.6372     1.3448
    -1.8372     0.0127    -0.4766     1.5424
    -1.8283    -0.3530    -0.2803     1.6742
    -1.7393    -0.6820     0.0053     1.7778
    -1.6859    -1.0017     0.2195     1.8155
    -1.5169    -1.3212     0.4963     1.8531
    -1.3478    -1.5403     0.7820     1.8343
    -1.1343    -1.6497     0.9784     1.7401
    -0.8141    -1.7683     1.2195     1.6083
    -0.5740    -1.9052     1.4071     1.4106
    -0.3073    -1.8869     1.6214     1.1848
    -0.0227    -1.9234     1.7108     0.8742
     0.2529    -1.8596     1.7733     0.5826
     0.5551    -1.7592     1.8180     0.3098
     0.8395    -1.6680     1.7822     0.0465
     1.1416    -1.5311     1.7197    -0.1886
     1.4171    -1.3030     1.5946    -0.3766
     1.6126    -1.1112     1.4339    -0.5834
     1.8347    -0.8921     1.1927    -0.7526
     1.8880    -0.6089     0.9784    -0.9687
     1.9324    -0.3987     0.7105    -1.1191
     1.9679    -0.0971     0.4784    -1.2412
     1.9057     0.2139     0.2017    -1.3633
     1.9324     0.5341    -0.0393    -1.4573
     1.8524     0.8178    -0.1999    -1.5042
     1.6925     1.1932    -0.4587    -1.5042
     1.4260     1.4314    -0.6461    -1.4385
     1.1772     1.6971    -0.8424    -1.4197
     0.8217     1.9171    -0.9583    -1.3070
     0.5462     2.0822    -1.1367    -1.1754
     0.2529     2.1739    -1.2170    -0.9969
     0.0217     2.2381    -1.3151    -0.7996
    -0.2717     2.2473    -1.3776    -0.5928
    -0.5562     2.1739    -1.3776    -0.3766
    -0.8764     2.0914    -1.3865    -0.1886
    -1.1166     1.8988    -1.4043     0.1405
    -1.3300     1.5963    -1.3151     0.3850
    -1.5347     1.3398    -1.2170     0.6390
    -1.6681     1.0101    -1.0832     0.9401
    -1.8016     0.6347    -0.8959     1.1754
    -1.7927     0.3785    -0.7086     1.4295
    -1.8016     0.0127    -0.5480     1.5895
    -1.7393    -0.3530    -0.3070     1.7025
    -1.6948    -0.7003    -0.0482     1.7495
    -1.5613    -0.9743     0.2106     1.8343
    -1.4457    -1.2482     0.4516     1.8531
    -1.2055    -1.4399     0.7373     1.7872
    -1.0276    -1.6224     0.9963     1.7401
    -0.7519    -1.7227     1.1749     1.5895
    -0.4673    -1.8413     1.4160     1.3918
    -0.2006    -1.8778     1.5857     1.1001
     0.0928    -1.8413     1.6840     0.8272
     0.3862    -1.8231     1.8090     0.5544
     0.6173    -1.7592     1.8001     0.2816
     0.9284    -1.6406     1.7912     0.0465
     1.1683    -1.4399     1.7554    -0.1792
     1.4438    -1.3030     1.6036    -0.3766
     1.6392    -1.0473     1.3803    -0.5928
     1.7902    -0.8921     1.2106    -0.7996
     1.8702    -0.6363     0.9248    -0.9969
     1.8968    -0.3713     0.6837    -1.1567
     1.9235    -0.0696     0.4873    -1.2788
     1.9413     0.3053     0.1838    -1.4009
     1.9235     0.5798     0.0053    -1.4949
     1.8258     0.8819    -0.2624    -1.5418
     1.7458     1.1932    -0.4498    -1.5418
     1.4438     1.5047    -0.6372    -1.5512
     1.1594     1.6880    -0.8067    -1.4949
     0.8217     1.9538    -0.9405    -1.3539
     0.5729     2.0272    -1.1011    -1.2036
     0.3062     2.1280    -1.2081    -1.0439
    -0.0494     2.1418    -1.2616    -0.8560
    -0.3428     2.1556    -1.3954    -0.6680
    -0.6719     2.0914    -1.4043    -0.4800
    -0.9565     2.0180    -1.3954    -0.2544
    -1.2144     1.7796    -1.3954     0.0277
    -1.4101     1.5505    -1.3419     0.3756
    -1.6147     1.2024    -1.1992     0.6296
    -1.7571     0.9368    -1.1011     0.9119
    -1.8194     0.5615    -0.9405     1.1377
    -1.8550     0.2505    -0.7353     1.3448
    -1.8283    -0.1245    -0.5658     1.5613
    -1.8016    -0.4627    -0.3516     1.6554
    -1.7304    -0.8007    -0.1107     1.7590
    -1.5525    -1.1295     0.1571     1.8343
    -1.4101    -1.3303     0.4338     1.8437
    -1.1966    -1.5676     0.6927     1.7590
    -1.0009    -1.7957     0.9427     1.6648
    -0.7074    -1.8231     1.1927     1.5424
    -0.4406    -1.9508     1.3624     1.3542
    -0.2095    -1.9143     1.5857     1.1283
     0.0484    -1.8915     1.6482     0.8742
     0.3595    -1.8687     1.7644     0.6014
     0.6440    -1.8504     1.8001     0.3098
     0.9106    -1.7136     1.8090     0.0371
     1.2305    -1.5585     1.7554    -0.1980
     1.4260    -1.3942     1.6036    -0.3672
     1.6659    -1.1112     1.4517    -0.5552
     1.8258    -0.9469     1.2195    -0.7432
     1.8880    -0.6363     1.0052    -0.9499
     1.9324    -0.4079     0.7641    -1.1097
     1.9501    -0.0971     0.5052    -1.2506
     1.9324     0.2596     0.2909    -1.4009
     1.8880     0.5524     0.0321    -1.4949
     1.8880     0.9002    -0.1999    -1.5324
     1.7192     1.1841    -0.3784    -1.5512
     1.4526     1.4864    -0.6015    -1.5700
     1.1416     1.7705    -0.7799    -1.4667
     0.8573     1.9171    -0.8959    -1.3821
     0.6173     2.0455    -1.0386    -1.2694
     0.2973     2.1922    -1.1635    -1.0909
    -0.0405     2.1968    -1.2705    -0.9030
    -0.3250     2.2014    -1.2973    -0.6680
    -0.6274     2.2106    -1.3419    -0.4988
    -0.8675     2.1097    -1.3954    -0.2638
    -1.1521     1.9263    -1.3954    -0.0005
    -1.3478     1.6422    -1.3330     0.2722
    -1.5525     1.3490    -1.2081     0.5355
    -1.7215     0.9918    -1.1189     0.8554
    -1.8194     0.6714    -0.9762     1.0530
    -1.8372     0.3328    -0.7532     1.2883
    -1.8105    -0.0788    -0.5836     1.4671
    -1.8283    -0.4261    -0.3695     1.6460
    -1.7215    -0.7642    -0.0929     1.7495
    -1.5791    -1.0291     0.0946     1.8155
    -1.4813    -1.2938     0.3981     1.7872
    -1.2500    -1.5220     0.6927     1.7778
    -1.0454    -1.7227     0.9070     1.6836
    -0.8053    -1.7775     1.1659     1.5518
    -0.4851    -1.8687     1.3535     1.4106
    -0.2272    -1.9508     1.5589     1.1754
     0.0573    -1.9690     1.6929     0.8930
     0.2973    -1.8960     1.7197     0.6296
     0.5817    -1.7957     1.8269     0.3474
     0.8839    -1.7045     1.7644     0.0935
     1.1328    -1.5311     1.7108    -0.1322
     1.4171    -1.3303     1.6304    -0.3202
     1.6748    -1.1569     1.3981    -0.5176
     1.7814    -0.9103     1.2017    -0.7244
     1.9057    -0.6820     0.9963    -0.8936
     1.9324    -0.4353     0.7105    -1.0627
     1.9324    -0.1153     0.4606    -1.2506
          3          3          3          3
