    4   2048 0.020000  2016   1  21  12  52
         16         10         11         42
    -0.9027    -1.6860     0.2625    -1.5899
    -0.9739    -1.6768     0.3964    -1.6932
    -1.0806    -1.6768     0.5124    -1.8247
    -1.0895    -1.7225     0.6642    -1.8716
    -1.1785    -1.7133     0.7535    -1.9749
    -1.2585    -1.6951     0.7714    -2.0313
    -1.3119    -1.5947     0.7982    -2.0313
    -1.2941    -1.5765     0.7714    -2.0876
    -1.3208    -1.4852     0.8339    -2.0500
    -1.3653    -1.3757     0.9232    -2.0500
    -1.4098    -1.3574     0.9321    -2.0313
    -1.4453    -1.2388     1.0393    -1.9561
    -1.4009    -1.1657     1.0839    -1.8998
    -1.4098    -1.0196     1.1554    -1.8622
    -1.3964    -0.9740     1.1822    -1.7308
    -1.3831    -0.8644     1.2268    -1.6274
    -1.3653    -0.7730     1.2358    -1.5429
    -1.3564    -0.6268     1.1822    -1.3832
    -1.3119    -0.5172     1.2179    -1.2893
    -1.2763    -0.4075     1.2179    -1.1765
    -1.2230    -0.2887     1.2000    -1.0168
    -1.1340    -0.1607     1.1643    -0.9228
    -1.0539     0.0222     1.1464    -0.7725
    -0.8938     0.1136     1.1911    -0.6409
    -0.8316     0.2600     1.1822    -0.5187
    -0.7249     0.3606     1.1107    -0.3965
    -0.6270     0.4704     1.0482    -0.2273
    -0.4314     0.6351     0.9053    -0.1145
    -0.3247     0.7450     0.7982     0.1018
    -0.2269     0.8182     0.6732     0.2899
    -0.0313     0.9738     0.6017     0.4122
     0.0754     1.0563     0.4499     0.5627
     0.2621     1.1936     0.3071     0.7697
     0.3688     1.3219     0.1286     0.9202
     0.4843     1.3219     0.0482     1.0990
     0.6354     1.3402    -0.1303     1.2119
     0.8043     1.3677    -0.3088     1.3343
     0.8754     1.3677    -0.5051     1.5225
     1.0442     1.3860    -0.6479     1.6449
     1.1242     1.3952    -0.7906     1.7296
     1.1775     1.3677    -0.8798     1.8520
     1.2930     1.3860    -1.0137     1.9274
     1.2575     1.4318    -1.1653     1.9650
     1.3019     1.4043    -1.2724     2.0027
     1.2842     1.4318    -1.3348     1.9745
     1.2842     1.3860    -1.4151     2.0121
     1.3019     1.3494    -1.5310     1.9839
     1.3108     1.3494    -1.6202     1.9933
     1.3464     1.2578    -1.6291     1.9650
     1.3019     1.1845    -1.7005     1.9368
     1.3197     1.0837    -1.7451     1.9368
     1.3375     0.9647    -1.8164     1.8520
     1.3108     0.8090    -1.8164     1.8050
     1.2664     0.7633    -1.8877     1.6637
     1.2575     0.5985    -1.8699     1.5696
     1.2308     0.5345    -1.8610     1.4566
     1.0976     0.4155    -1.8253     1.3249
     1.0265     0.3149    -1.8342     1.1743
     0.9198     0.1502    -1.7807     1.0708
     0.7954     0.0130    -1.7451     0.9202
     0.6976    -0.0601    -1.6826     0.7038
     0.5465    -0.2521    -1.6737     0.5909
     0.4132    -0.3253    -1.5934     0.3934
     0.3243    -0.4167    -1.5132     0.2241
     0.2087    -0.5720    -1.3972     0.0924
     0.1021    -0.6817    -1.2813    -0.0674
    -0.0580    -0.7730    -1.1742    -0.2179
    -0.1469    -0.8187    -1.0137    -0.3871
    -0.3069    -0.9466    -0.8977    -0.5093
    -0.3425    -1.0014    -0.6925    -0.5751
    -0.4581    -1.1018    -0.5586    -0.7443
    -0.5826    -1.1749    -0.3623    -0.8665
    -0.6715    -1.2023    -0.2017    -0.9322
    -0.7515    -1.2296     0.0125    -1.0262
    -0.8938    -1.3027     0.2000    -1.0920
    -0.9294    -1.4122     0.4321    -1.1765
    -1.0273    -1.4487     0.6017    -1.2423
    -1.1073    -1.4670     0.7803    -1.3269
    -1.1429    -1.4487     0.9410    -1.4114
    -1.1785    -1.4852     1.0929    -1.4114
    -1.2230    -1.5400     1.2000    -1.4959
    -1.3030    -1.5126     1.1822    -1.5241
    -1.2941    -1.4761     1.2447    -1.5053
    -1.3208    -1.4761     1.3340    -1.5711
    -1.4009    -1.4761     1.5037    -1.5241
    -1.3653    -1.4487     1.6109    -1.5241
    -1.4009    -1.3574     1.7271    -1.5523
    -1.3653    -1.3118     1.8164    -1.5053
    -1.3920    -1.3027     1.8432    -1.4490
    -1.3208    -1.2388     1.8968    -1.4302
    -1.3297    -1.1657     1.9504    -1.3738
    -1.2763    -1.0196     1.9504    -1.2799
    -1.2852    -0.9831     1.9504    -1.2423
    -1.1874    -0.8461     1.9504    -1.1578
    -1.1696    -0.7091     1.9057    -1.0450
    -1.0451    -0.6451     1.9415    -0.9510
    -0.9561    -0.4898     1.8879    -0.8853
    -0.9116    -0.3618     1.8432    -0.8007
    -0.8405    -0.1881     1.6913    -0.6691
    -0.7338    -0.0601     1.5395    -0.5187
    -0.5826     0.1319     1.4055    -0.4529
    -0.4403     0.2417     1.2804    -0.3401
    -0.3158     0.4338     1.1018    -0.2179
    -0.2091     0.5528     0.9410    -0.1239
    -0.1024     0.6534     0.7624     0.0360
    -0.0046     0.8182     0.6285     0.1959
     0.1732     0.9464     0.4232     0.3463
     0.2532     1.0379     0.2893     0.4874
     0.3865     1.2028     0.0750     0.5909
     0.5021     1.2303    -0.0946     0.7602
     0.6176     1.3585    -0.2909     0.9578
     0.7598     1.4043    -0.4694     1.0425
     0.9109     1.3769    -0.6746     1.2119
     1.0353     1.3860    -0.8531     1.3343
     1.1509     1.3952    -0.9869     1.4755
     1.1775     1.4318    -1.1921     1.5508
     1.2486     1.4227    -1.3080     1.7108
     1.3197     1.4318    -1.4686     1.7767
     1.3286     1.4776    -1.5756     1.8709
     1.3286     1.4502    -1.7540     1.9650
     1.3108     1.4593    -1.8610     1.9650
     1.3641     1.4502    -1.9056     2.0215
     1.3730     1.4410    -2.0393     1.9839
     1.3197     1.4593    -2.0661     1.9839
     1.3197     1.3860    -2.1285     1.9650
     1.3730     1.3310    -2.1552     1.9368
     1.3552     1.2761    -2.2087     1.9462
     1.3197     1.1112    -2.1909     1.8615
     1.3197     1.0196    -2.2176     1.7296
     1.3019     0.8090    -2.2355     1.6261
     1.1686     0.6900    -2.1909     1.5225
     1.0887     0.5345    -2.1285     1.4284
     1.0442     0.4063    -2.0304     1.3060
     0.8843     0.2600    -1.9501     1.1649
     0.8398     0.1502    -1.9056     1.0237
     0.7154    -0.0236    -1.8164     0.8731
     0.5999    -0.1973    -1.7094     0.7508
     0.5199    -0.3710    -1.5578     0.5533
     0.3954    -0.4624    -1.4775     0.4498
     0.2710    -0.6268    -1.3348     0.2523
     0.1732    -0.7639    -1.1921     0.0830
     0.0932    -0.8918    -1.0404    -0.0863
    -0.0580    -0.9557    -0.8263    -0.2273
    -0.1735    -1.0927    -0.6836    -0.3871
    -0.2536    -1.2023    -0.5140    -0.4905
    -0.3247    -1.2205    -0.2731    -0.6973
    -0.4492    -1.3848    -0.1035    -0.8101
    -0.5826    -1.4305     0.0929    -0.9886
    -0.6626    -1.5217     0.3607    -1.1014
    -0.7338    -1.5126     0.5482    -1.2141
    -0.8761    -1.6130     0.7714    -1.3644
    -0.9205    -1.6404     0.9946    -1.4678
    -0.9828    -1.6495     1.1911    -1.5335
    -1.0717    -1.6677     1.3787    -1.5993
    -1.1607    -1.6677     1.5663    -1.6462
    -1.2407    -1.6221     1.7360    -1.7026
    -1.2852    -1.6312     1.8700    -1.7965
    -1.2852    -1.5309     1.9057    -1.7777
    -1.3386    -1.5217     1.9236    -1.7871
    -1.3386    -1.4487     1.8968    -1.7683
    -1.3653    -1.3666     1.9236    -1.7965
    -1.3920    -1.3574     1.9683    -1.7120
    -1.4098    -1.2570     1.9862    -1.6744
    -1.3475    -1.2023     2.0219    -1.6274
    -1.3831    -1.0836     1.9683    -1.5335
    -1.3030    -0.9740     1.9638    -1.5053
    -1.2585    -0.9100     1.9594    -1.4114
    -1.2763    -0.7639     2.0130    -1.2893
    -1.1874    -0.6451     2.0040    -1.1859
    -1.1429    -0.6086     1.9504    -1.1202
    -1.0628    -0.4349     1.9504    -0.9604
    -0.9828    -0.3070     1.8611    -0.8571
    -0.8316    -0.1881     1.7360    -0.7443
    -0.7338    -0.0144     1.5305    -0.6409
    -0.6893     0.1411     1.4055    -0.4905
    -0.5648     0.2234     1.2090    -0.3777
    -0.3869     0.3515     1.0393    -0.2743
    -0.3069     0.4979     0.8160    -0.1427
    -0.2358     0.6534     0.6196     0.0642
    -0.0580     0.7907     0.4321     0.2335
     0.0754     0.8365     0.2357     0.3275
     0.1732     0.9922     0.1107     0.5345
     0.2888     1.1295    -0.0678     0.6756
     0.3865     1.2120    -0.3088     0.7979
     0.5465     1.3677    -0.4873     0.9955
     0.6088     1.3952    -0.6568     1.1084
     0.7510     1.4135    -0.7995     1.2496
     0.8843     1.4135    -0.9958     1.3813
     1.0087     1.4135    -1.1564     1.4755
     1.0442     1.4776    -1.2545     1.5884
     1.2042     1.4685    -1.3616     1.7108
     1.2930     1.4318    -1.5043     1.8050
     1.2930     1.4227    -1.5756     1.8803
     1.3730     1.4593    -1.7183     1.9650
     1.3552     1.4318    -1.7896     1.9745
     1.3464     1.4227    -1.8610     2.0215
     1.3908     1.4227    -1.9056     2.0215
     1.3908     1.4227    -2.0036     2.0404
     1.3641     1.3677    -2.0304     2.0498
     1.3997     1.3036    -2.0393     2.0027
     1.3908     1.2761    -2.0126     2.0027
     1.3552     1.1753    -2.0393     1.9556
     1.3375     1.0929    -1.9769     1.8991
     1.3286     0.9830    -1.9591     1.7955
     1.3375     0.8640    -1.9056     1.6449
     1.2842     0.7541    -1.8431     1.5319
     1.1509     0.6717    -1.8075     1.4096
     1.1153     0.5070    -1.6559     1.2872
     0.9465     0.3972    -1.5756     1.1366
     0.8932     0.2691    -1.5132     0.9861
     0.7687     0.1685    -1.3437     0.8449
     0.6354    -0.0144    -1.2188     0.6568
     0.5465    -0.1150    -1.0850     0.5345
     0.4132    -0.2704    -0.9958     0.3840
     0.3332    -0.4167    -0.8531     0.2053
     0.1554    -0.4806    -0.6836     0.0924
     0.0576    -0.5903    -0.5408    -0.0769
    -0.0935    -0.7548    -0.3802    -0.2461
    -0.1913    -0.8004    -0.2642    -0.3213
    -0.2625    -0.9283    -0.1124    -0.4529
    -0.3425    -1.0744     0.0750    -0.5751
    -0.4403    -1.1292     0.2446    -0.6785
    -0.5470    -1.2114     0.3964    -0.8101
    -0.6448    -1.3483     0.5482    -0.9041
    -0.7338    -1.4305     0.6910    -0.9980
    -0.8405    -1.5035     0.8517    -1.1014
    -0.9205    -1.5126     1.0303    -1.2141
    -0.9739    -1.5674     1.1911    -1.2799
    -1.0806    -1.6586     1.2894    -1.4020
    -1.1340    -1.6312     1.4501    -1.4678
    -1.2230    -1.6495     1.6020    -1.5053
    -1.2674    -1.6312     1.7092    -1.5711
    -1.2585    -1.6404     1.8432    -1.6274
    -1.3475    -1.6677     1.8789    -1.6274
    -1.3742    -1.5856     1.9594    -1.6744
    -1.3653    -1.5491     1.9415    -1.6932
    -1.3831    -1.4578     1.9862    -1.6368
    -1.3564    -1.4487     1.9326    -1.6650
    -1.3119    -1.3027     1.9862    -1.6368
    -1.3386    -1.2753     1.9326    -1.5617
    -1.3030    -1.1292     1.9772    -1.5523
    -1.2674    -1.0105     1.9594    -1.4772
    -1.2052    -0.9648     1.8968    -1.3644
    -1.1251    -0.8278     1.7985    -1.3363
    -1.0806    -0.7091     1.7003    -1.2141
    -0.9739    -0.5720     1.6199    -1.0826
    -0.8672    -0.4806     1.5037    -1.0168
    -0.7515    -0.2613     1.3429    -0.8665
    -0.6982    -0.1516     1.2626    -0.7631
    -0.5559     0.0496     1.1018    -0.6503
    -0.4581     0.2417     1.0036    -0.4623
    -0.3869     0.3880     0.8517    -0.3495
    -0.2358     0.5162     0.7267    -0.2837
    -0.1558     0.6900     0.5839    -0.0863
    -0.0757     0.7907     0.4857     0.0736
     0.1198     0.8914     0.3250     0.2335
     0.2354     1.0379     0.1911     0.3840
     0.3065     1.1662     0.0482     0.5251
     0.4132     1.3127    -0.0946     0.7226
     0.5288     1.4410    -0.2374     0.9484
     0.6532     1.3952    -0.3623     1.0613
     0.7510     1.4135    -0.5140     1.2213
     0.8932     1.4135    -0.6479     1.3531
     0.9554     1.4502    -0.8085     1.5508
     1.0620     1.4227    -0.9334     1.6732
     1.1864     1.4227    -1.0583     1.8238
     1.2486     1.4776    -1.1564     1.9839
     1.3286     1.4960    -1.2813     2.0498
     1.3552     1.4822    -1.3437     2.0027
     1.3641     1.4685    -1.4329     2.0592
     1.3552     1.4593    -1.5578     2.0592
     1.3819     1.4227    -1.6291     2.0404
     1.3730     1.4593    -1.6826     2.0592
     1.3552     1.4410    -1.6826     2.0686
     1.3641     1.3860    -1.7540     2.0592
     1.3464     1.3860    -1.7896     2.0686
     1.3730     1.2852    -1.8075     2.0592
     1.3464     1.1204    -1.8253     2.0027
     1.2930     0.9281    -1.8164     1.9085
     1.2397     0.8090    -1.7718     1.7955
     1.1598     0.7175    -1.7896     1.6826
     1.0709     0.5985    -1.7272     1.5414
     1.0265     0.4429    -1.6826     1.4284
     0.8754     0.3240    -1.6024     1.2590
     0.8221     0.1685    -1.5489     1.0802
     0.7065     0.0039    -1.4686     0.9108
     0.5821    -0.1516    -1.4329     0.6944
     0.4932    -0.2521    -1.3437     0.5345
     0.3688    -0.4167    -1.2099     0.3557
     0.2976    -0.4898    -1.1207     0.1959
     0.1465    -0.5903    -0.9691    -0.0016
     0.0221    -0.7273    -0.8798    -0.1991
    -0.0757    -0.8187    -0.7549    -0.3213
    -0.1647    -0.8370    -0.5765    -0.4247
    -0.2536    -0.9192    -0.4248    -0.5845
    -0.3336    -1.0562    -0.2998    -0.7161
    -0.4937    -1.0470    -0.1303    -0.8853
    -0.5470    -1.1201     0.0125    -0.9792
    -0.7071    -1.2296     0.2000    -1.0732
    -0.7515    -1.2753     0.3875    -1.1390
    -0.8761    -1.2479     0.5214    -1.2329
    -0.9294    -1.2935     0.6553    -1.3363
    -1.0273    -1.3483     0.8339    -1.3926
    -1.1073    -1.4305     1.0214    -1.4866
    -1.1340    -1.3940     1.1197    -1.5053
    -1.2141    -1.4305     1.2715    -1.5335
    -1.2052    -1.4852     1.4323    -1.5523
    -1.2941    -1.4487     1.5305    -1.5993
    -1.3386    -1.4670     1.6913    -1.5899
    -1.3475    -1.4031     1.7896    -1.6274
    -1.3297    -1.4122     1.8968    -1.6181
    -1.3208    -1.3757     1.9504    -1.5711
    -1.3564    -1.3209     1.9504    -1.5523
    -1.3475    -1.2479     1.9326    -1.4959
    -1.3475    -1.1840     1.9772    -1.3926
    -1.2674    -1.0836     1.9326    -1.3644
    -1.2674    -0.9922     1.9236    -1.2705
    -1.2318    -0.9100     1.9236    -1.1578
    -1.1251    -0.7548     1.9594    -1.1202
    -1.0451    -0.6999     1.8700    -0.9792
    -1.0184    -0.5994     1.8164    -0.8947
    -0.9205    -0.4715     1.6735    -0.8101
    -0.8138    -0.2796     1.5573    -0.6597
    -0.7427    -0.1607     1.4323    -0.5375
    -0.6270    -0.0236     1.3251    -0.4717
    -0.5114     0.1593     1.1554    -0.3307
    -0.3869     0.2417     0.9857    -0.2179
    -0.2802     0.4063     0.8339    -0.1333
    -0.2002     0.5345     0.7089     0.0548
    -0.0580     0.6534     0.5482     0.1865
     0.0576     0.7724     0.3785     0.2993
     0.1910     0.8457     0.2089     0.4310
     0.3154     1.0288     0.0304     0.6097
     0.4399     1.1112    -0.1928     0.7320
     0.5199     1.2944    -0.3355     0.9014
     0.6532     1.3127    -0.5586     1.0237
     0.7510     1.3769    -0.7282     1.1460
     0.8754     1.3906    -0.8798     1.3249
     0.9998     1.4043    -1.0047     1.4472
     1.1064     1.4593    -1.1742     1.5696
     1.1242     1.4502    -1.2991     1.7108
     1.2575     1.4227    -1.4775     1.8332
     1.3286     1.4776    -1.5578     1.9368
     1.2930     1.4593    -1.7094     1.9839
     1.3108     1.4868    -1.7629     2.0592
     1.3286     1.4227    -1.8610     2.0215
     1.3108     1.4593    -1.9591     2.0498
     1.3286     1.4593    -2.0482     2.0686
     1.3375     1.4043    -2.0571     2.0310
     1.3197     1.4318    -2.0839     2.0498
     1.3286     1.3952    -2.0839     2.0592
     1.3375     1.2761    -2.1374     2.0027
     1.3464     1.2120    -2.1196     2.0027
     1.3286     1.0105    -2.0750     1.9085
     1.2753     0.8640    -2.0304     1.7767
     1.2930     0.7816    -1.9769     1.6920
     1.1953     0.5894    -1.9234     1.5508
     1.1064     0.4429    -1.8610     1.4002
     1.0087     0.3606    -1.7629     1.2872
     0.8754     0.1776    -1.6737     1.0990
     0.7687     0.0222    -1.6024     0.9108
     0.6443    -0.1150    -1.5221     0.7414
     0.5199    -0.3253    -1.3972     0.5062
     0.3954    -0.3984    -1.2456     0.3746
     0.2532    -0.5903    -1.1475     0.1488
     0.1643    -0.6451    -1.0047    -0.0204
    -0.0046    -0.7639    -0.8709    -0.1803
    -0.1113    -0.8735    -0.7014    -0.3589
    -0.1824    -1.0196    -0.5319    -0.4905
    -0.2802    -1.1018    -0.3712    -0.6127
    -0.3514    -1.1383    -0.2285    -0.7819
    -0.4403    -1.2205     0.0125    -0.9134
    -0.5470    -1.3301     0.2000    -1.0074
    -0.6270    -1.3757     0.3785    -1.1484
    -0.7160    -1.3666     0.5214    -1.2423
    -0.8494    -1.4578     0.7357    -1.3738
    -0.8583    -1.4305     0.8696    -1.4490
    -0.9383    -1.4943     1.0661    -1.5241
    -1.0184    -1.4487     1.1732    -1.5993
    -1.0539    -1.5035     1.3340    -1.6181
    -1.0806    -1.4578     1.4055    -1.7120
    -1.1340    -1.4670     1.5037    -1.7402
    -1.1963    -1.4943     1.6467    -1.7777
    -1.1963    -1.4670     1.7271    -1.8153
    -1.2763    -1.3757     1.7539    -1.7589
    -1.2318    -1.3574     1.8164    -1.7495
    -1.2585    -1.3027     1.8521    -1.7683
    -1.2852    -1.2753     1.9057    -1.7120
    -1.2585    -1.1840     1.8700    -1.6838
    -1.2496    -1.1475     1.8968    -1.6368
    -1.2407    -1.0470     1.8075    -1.5335
    -1.1607    -0.9922     1.7807    -1.4490
    -1.1607    -0.9374     1.7449    -1.4208
    -1.1162    -0.7913     1.6735    -1.2799
    -0.9917    -0.7822     1.5484    -1.2141
    -0.9739    -0.6268     1.4501    -1.1202
    -0.8850    -0.5263     1.3608    -0.9510
    -0.7782    -0.3618     1.2894    -0.8477
    -0.6804    -0.3253     1.1554    -0.7255
    -0.5915    -0.1333     1.0125    -0.5469
    -0.4670     0.0587     0.8607    -0.4435
    -0.3425     0.1228     0.7446    -0.3119
    -0.2358     0.2783     0.6285    -0.1615
    -0.1291     0.4246     0.5035    -0.0204
    -0.0224     0.4795     0.3160     0.1206
     0.1287     0.6351     0.1553     0.3087
     0.2354     0.7175     0.0839     0.4498
     0.3954     0.8548    -0.1124     0.5815
     0.5021     0.9922    -0.2909     0.7038
     0.6354     1.0654    -0.4159     0.8543
     0.7687     1.1845    -0.5408     1.0331
     0.8309     1.2944    -0.6925     1.1555
     1.0176     1.3677    -0.8977     1.2402
     1.0798     1.4502    -0.9691     1.3437
     1.1775     1.4227    -1.1475     1.4849
     1.2842     1.4685    -1.2188     1.5884
     1.3464     1.4318    -1.3616     1.6826
     1.3197     1.4593    -1.4418     1.7673
     1.3908     1.4776    -1.5667     1.8520
     1.3730     1.4502    -1.6291     1.9180
     1.3908     1.5051    -1.6737     1.9368
     1.3375     1.4502    -1.7451     1.9745
     1.3464     1.4960    -1.7629     1.9556
     1.3552     1.4043    -1.8342     1.9839
     1.3730     1.4227    -1.8877     1.9180
     1.3375     1.3402    -1.8966     1.8615
     1.3730     1.2028    -1.8610     1.8426
     1.3286     1.0654    -1.8521     1.7202
     1.3286     0.9738    -1.8431     1.6073
     1.3375     0.8365    -1.8253     1.5037
     1.2842     0.7267    -1.8075     1.4472
     1.2220     0.5985    -1.7361     1.3249
     1.1242     0.4246    -1.7272     1.1649
     1.0265     0.2417    -1.6380     1.0425
     0.9287     0.1593    -1.6024     0.8920
     0.8043    -0.0236    -1.4953     0.7132
     0.6887    -0.2339    -1.4240     0.5721
     0.5554    -0.3801    -1.3170     0.4028
     0.4754    -0.4715    -1.1832     0.2805
     0.3688    -0.6451    -1.1029     0.0924
     0.2087    -0.7548    -0.9780    -0.1051
     0.0576    -0.8370    -0.8442    -0.2555
    -0.0580    -0.9100    -0.7103    -0.3401
    -0.1469    -1.0653    -0.5676    -0.5187
    -0.2891    -1.1018    -0.3891    -0.6879
    -0.3336    -1.2296    -0.2374    -0.8007
    -0.4581    -1.2570    -0.0767    -0.9980
    -0.6182    -1.4031     0.1018    -1.1014
    -0.6537    -1.4305     0.3071    -1.2235
    -0.7515    -1.5035     0.4767    -1.3738
    -0.8405    -1.5126     0.6017    -1.4772
    -0.8761    -1.5582     0.7892    -1.5711
    -0.9294    -1.5400     0.9143    -1.6462
    -1.0006    -1.5400     1.1197    -1.7589
    -1.0806    -1.5674     1.2268    -1.8153
    -1.0717    -1.5947     1.4233    -1.7965
    -1.1607    -1.5126     1.5484    -1.8247
    -1.1785    -1.5126     1.6645    -1.8435
    -1.1607    -1.5309     1.7717    -1.8528
    -1.1874    -1.4487     1.8968    -1.8528
    -1.2674    -1.4670     1.9236    -1.7965
    -1.2496    -1.4122     1.9504    -1.7589
    -1.2763    -1.3027     1.9415    -1.7495
    -1.2852    -1.2296     1.9862    -1.6368
    -1.2496    -1.1657     1.9594    -1.5805
    -1.2318    -1.1109     1.9951    -1.5147
    -1.2407    -1.0653     1.9683    -1.4490
    -1.1785    -0.9831     1.9594    -1.3456
    -1.1607    -0.8278     1.9236    -1.2235
    -1.1429    -0.7273     1.9147    -1.1390
    -1.0895    -0.6817     1.8521    -0.9886
    -1.0095    -0.5629     1.7271    -0.8853
    -0.8850    -0.4349     1.6109    -0.7725
    -0.8316    -0.3253     1.4591    -0.6127
    -0.6626    -0.1516     1.2894    -0.4811
    -0.6004     0.0313     1.2000    -0.3965
    -0.4403     0.1411     1.0661    -0.2555
    -0.2980     0.2508     0.9053    -0.0863
    -0.1913     0.3789     0.7089     0.0736
    -0.0313     0.4979     0.5482     0.2147
     0.1021     0.6077     0.3785     0.4028
     0.3065     0.7541     0.2000     0.5251
     0.3954     0.7816     0.0929     0.6473
     0.5110     0.9281    -0.0857     0.8355
     0.6265     1.0013    -0.2909     1.0049
     0.7421     1.0654    -0.4873     1.0896
     0.9109     1.2028    -0.5854     1.2590
     0.9731     1.2578    -0.7282     1.3719
     1.0798     1.3494    -0.9066     1.4378
     1.1598     1.4227    -1.0404     1.5884
     1.1598     1.4593    -1.1653     1.6732
     1.2131     1.4135    -1.2545     1.7202
     1.2664     1.4502    -1.3259     1.8144
     1.3108     1.4776    -1.4418     1.8991
     1.2930     1.4043    -1.5310     1.9274
     1.3108     1.4410    -1.6113     1.9556
     1.3375     1.4685    -1.6380     2.0027
     1.3197     1.4410    -1.7094     2.0027
     1.3108     1.3402    -1.7094     1.9556
     1.3108     1.3219    -1.7807     2.0027
     1.3197     1.2394    -1.7718     1.9556
     1.3375     1.0837    -1.7629     1.8897
     1.2930     0.9738    -1.7361     1.8426
     1.2753     0.9006    -1.6915     1.7485
     1.2842     0.8090    -1.6470     1.6355
     1.2042     0.6534    -1.6470     1.5602
     1.1331     0.5253    -1.5845     1.4378
     1.0442     0.4246    -1.4953     1.2496
     0.9554     0.2508    -1.3883     1.1460
     0.8487     0.1685    -1.3348     0.9767
     0.7243     0.0130    -1.2545     0.7508
     0.6088    -0.1699    -1.1296     0.6191
     0.4576    -0.3070    -1.0226     0.4404
     0.3243    -0.4258    -0.8888     0.2429
     0.2354    -0.5903    -0.7639     0.0548
     0.1198    -0.6543    -0.6568    -0.1615
    -0.0313    -0.7730    -0.5408    -0.3119
    -0.1380    -0.9283    -0.3177    -0.4247
    -0.2625    -1.0196    -0.1838    -0.5845
    -0.3958    -1.0744    -0.0678    -0.7537
    -0.4670    -1.2114     0.1107    -0.9041
    -0.5648    -1.2479     0.2535    -0.9980
    -0.6626    -1.3301     0.4321    -1.1202
    -0.7604    -1.3848     0.5749    -1.2329
    -0.8227    -1.4670     0.7535    -1.3550
    -0.9205    -1.5126     0.8696    -1.4678
    -0.9739    -1.5765     1.0571    -1.5147
    -1.0273    -1.5674     1.1554    -1.6274
    -1.0717    -1.5309     1.2983    -1.6462
    -1.1251    -1.5674     1.4501    -1.7495
    -1.1696    -1.5765     1.5663    -1.7965
    -1.2407    -1.5400     1.6467    -1.8059
    -1.2763    -1.5126     1.7003    -1.8435
    -1.3030    -1.4670     1.7717    -1.8622
    -1.3564    -1.4031     1.8611    -1.8153
    -1.3564    -1.3483     1.8968    -1.7965
    -1.3831    -1.3027     1.9236    -1.7871
    -1.4276    -1.2662     1.8789    -1.7120
    -1.4453    -1.1566     1.9147    -1.6838
    -1.4098    -1.0927     1.9057    -1.6274
    -1.3653    -1.0105     1.8789    -1.5429
    -1.3386    -0.9740     1.8521    -1.4114
    -1.3564    -0.8461     1.7628    -1.3550
    -1.2496    -0.7913     1.6913    -1.2423
    -1.2230    -0.6634     1.6377    -1.0920
    -1.1429    -0.6360     1.5931    -1.0168
    -1.0184    -0.4898     1.4769    -0.8759
    -0.9472    -0.3893     1.3787    -0.7255
    -0.8583    -0.2521     1.2536    -0.6033
    -0.6893    -0.0967     1.1286    -0.4717
    -0.5737    -0.0053     1.0036    -0.3495
    -0.4937     0.1685     0.8785    -0.2461
    -0.3514     0.2600     0.6999    -0.0769
    -0.1824     0.4155     0.6017     0.1112
    -0.0846     0.5253     0.4499     0.2617
     0.0487     0.6900     0.2357     0.4498
     0.1732     0.7724     0.1107     0.5721
     0.3510     0.8823    -0.0410     0.7132
     0.4576     0.9372    -0.2017     0.9296
     0.5643     1.0929    -0.3712     1.1084
     0.6088     1.1936    -0.5586     1.1743
     0.7421     1.3036    -0.7192     1.3625
     0.8398     1.3494    -0.8263     1.5131
     0.9376     1.3952    -0.9691     1.6261
     0.9731     1.4410    -1.0404     1.7296
     1.0353     1.4318    -1.2099     1.8615
     1.1331     1.4318    -1.2724     1.9650
     1.1864     1.4685    -1.4151     1.9745
     1.1864     1.4318    -1.4775     2.0592
     1.2575     1.4318    -1.5934     2.0686
     1.2930     1.4776    -1.6291     2.0310
     1.2842     1.4868    -1.7272     2.0780
     1.3286     1.4410    -1.7807     2.0875
     1.2930     1.4135    -1.8342     2.0686
     1.3197     1.4410    -1.8521     2.0780
     1.3197     1.3494    -1.8699     2.0498
     1.2930     1.2669    -1.9145     1.9933
     1.2397     1.1845    -1.9323     1.9839
     1.1864     0.9922    -1.9056     1.8897
     1.1064     0.9372    -1.8877     1.8332
     1.0798     0.7999    -1.8253     1.6920
     0.9643     0.6534    -1.8075     1.5978
     0.9020     0.5436    -1.7451     1.4755
     0.8221     0.3789    -1.7094     1.3343
     0.7154     0.2966    -1.6291     1.2119
     0.6088     0.1776    -1.5310     1.0613
     0.5199    -0.0236    -1.3972     0.8355
     0.3421    -0.1241    -1.3348     0.6944
     0.2621    -0.2796    -1.2188     0.4874
     0.1643    -0.3984    -1.0850     0.3087
     0.0398    -0.5446    -0.9423     0.1394
    -0.1469    -0.5994    -0.7728    -0.0580
    -0.2358    -0.7091    -0.6211    -0.2273
    -0.3158    -0.8004    -0.4605    -0.3495
    -0.4403    -0.8918    -0.3355    -0.4623
    -0.5114    -1.0105    -0.1481    -0.6033
    -0.6804    -0.9831     0.0572    -0.7725
    -0.7871    -1.0927     0.2268    -0.8665
    -0.8316    -1.1109     0.4142    -0.9980
    -0.9561    -1.2205     0.5392    -1.1390
    -1.0451    -1.2296     0.7178    -1.1953
    -1.0895    -1.2662     0.8696    -1.2799
    -1.1696    -1.2935     1.0929    -1.3832
    -1.2052    -1.3027     1.2358    -1.4208
    -1.2674    -1.3574     1.3429    -1.4490
    -1.3119    -1.3483     1.4680    -1.5335
    -1.2674    -1.3483     1.5841    -1.5523
    -1.3564    -1.2753     1.7360    -1.5241
    -1.3742    -1.2388     1.8432    -1.5523
    -1.3653    -1.1931     1.9147    -1.5899
    -1.3831    -1.1840     1.9057    -1.5617
    -1.3653    -1.1292     1.9504    -1.5523
    -1.3831    -1.1018     1.9147    -1.5053
    -1.4009    -0.9740     1.9415    -1.4678
    -1.3920    -0.9466     1.9057    -1.3926
    -1.3831    -0.8552     1.8968    -1.3363
    -1.3475    -0.7639     1.8789    -1.2423
    -1.2763    -0.6451     1.8879    -1.1390
    -1.2496    -0.5355     1.7896    -1.0262
    -1.2141    -0.4715     1.7181    -0.9510
    -1.1429    -0.3801     1.5752    -0.8007
    -1.0184    -0.2887     1.4859    -0.6785
    -0.9561    -0.1150     1.3340    -0.6127
    -0.8494     0.0039     1.2358    -0.4435
    -0.7071     0.1685     1.0839    -0.3683
    -0.6182     0.2691     0.9232    -0.2743
    -0.4670     0.3423     0.7535    -0.1145
    -0.3069     0.5162     0.6374     0.0172
    -0.2002     0.6260     0.5035     0.1488
    -0.0846     0.7450     0.3517     0.2993
     0.0487     0.8365     0.1821     0.4592
     0.2532     0.9738     0.0304     0.5815
     0.3243     1.0379    -0.1035     0.7414
     0.4488     1.2303    -0.3177     0.8920
     0.5643     1.3402    -0.4694     1.0802
     0.7243     1.3952    -0.5765     1.1743
     0.8309     1.4593    -0.7103     1.3813
     0.9020     1.4776    -0.8352     1.5131
     0.9554     1.4593    -0.9512     1.6261
     1.0531     1.4502    -1.0761     1.7391
     1.1242     1.5143    -1.1475     1.8991
     1.1686     1.4776    -1.2278     1.9745
     1.2220     1.4502    -1.3437     1.9933
     1.2753     1.5051    -1.4507     2.0686
     1.2842     1.4960    -1.5221     2.0686
     1.3197     1.4914    -1.5489     2.0215
     1.3464     1.4868    -1.5845     2.0780
     1.3730     1.4776    -1.6559     2.0498
     1.3641     1.4135    -1.7094     2.0215
     1.3819     1.4318    -1.7094     2.0592
     1.3819     1.3860    -1.7005     1.9839
     1.3108     1.3127    -1.7451     1.9274
     1.3197     1.1204    -1.7005     1.7955
     1.3464     1.0837    -1.7451     1.6920
     1.2664     0.8914    -1.6915     1.5884
     1.2131     0.7999    -1.6737     1.4284
     1.1509     0.7175    -1.6380     1.2778
     1.0353     0.5162    -1.5667     1.1931
     0.9020     0.4246    -1.4686     1.0049
     0.7598     0.3057    -1.4240     0.8355
     0.6887     0.1593    -1.3259     0.6568
     0.5110    -0.0144    -1.2634     0.5062
     0.3954    -0.1516    -1.1296     0.3369
     0.3243    -0.3161    -1.0493     0.1770
     0.1910    -0.4349    -0.9245    -0.0204
     0.0309    -0.5538    -0.7906    -0.1709
    -0.0669    -0.7091    -0.6479    -0.2743
    -0.1647    -0.8370    -0.5051    -0.4059
    -0.2447    -0.9100    -0.3445    -0.5751
    -0.3514    -0.9740    -0.2374    -0.6691
    -0.4670    -1.0653    -0.0499    -0.8665
    -0.5470    -1.1840     0.0661    -1.0074
    -0.6448    -1.2662     0.3071    -1.0920
    -0.7427    -1.2753     0.4678    -1.2235
    -0.7871    -1.3574     0.6374    -1.3363
    -0.8672    -1.3666     0.7624    -1.4678
    -0.9739    -1.4578     0.9500    -1.5241
    -0.9828    -1.4305     1.0750    -1.5899
    -1.0273    -1.5035     1.2536    -1.6838
    -1.0895    -1.4943     1.3965    -1.7402
    -1.1162    -1.5400     1.5305    -1.7402
    -1.2141    -1.5217     1.6913    -1.7777
    -1.2230    -1.5035     1.7807    -1.8059
    -1.2674    -1.5400     1.8789    -1.8059
    -1.2674    -1.5309     1.9236    -1.8059
    -1.3030    -1.5035     1.9147    -1.7777
    -1.3386    -1.4213     1.9057    -1.7120
    -1.3386    -1.3392     1.9415    -1.6932
    -1.3475    -1.2844     1.9594    -1.6556
    -1.3564    -1.2662     1.9415    -1.5617
    -1.3119    -1.1475     1.9057    -1.5241
    -1.2496    -1.0836     1.9147    -1.4490
    -1.2230    -0.9831     1.8789    -1.3644
    -1.1518    -0.8461     1.8432    -1.2329
    -1.0895    -0.7456     1.7628    -1.1202
    -1.0362    -0.6451     1.6824    -1.0544
    -0.9383    -0.4806     1.5216    -0.9322
    -0.7960    -0.4167     1.4144    -0.7725
    -0.7249    -0.2156     1.2536    -0.6879
    -0.6093    -0.1241     1.1464    -0.5187
    -0.4136     0.0222     0.9589    -0.3965
    -0.3069     0.1959     0.8160    -0.3119
    -0.1913     0.3240     0.6285    -0.1803
    -0.0313     0.4063     0.4767     0.0172
     0.1554     0.5162     0.3071     0.1959
     0.2354     0.6809     0.1821     0.3087
     0.4043     0.7724     0.0572     0.4874
     0.5199     0.7999    -0.1838     0.6191
     0.6710     0.9281    -0.2909     0.8355
     0.7776     1.0379    -0.4426     0.9955
     0.8576     1.1387    -0.5943     1.1178
     0.9731     1.2944    -0.7728     1.2872
     1.0620     1.3127    -0.8709     1.4002
     1.0887     1.4135    -1.0315     1.5696
     1.2042     1.4410    -1.1207     1.6732
     1.2486     1.4410    -1.2724     1.7861
     1.2575     1.4410    -1.3259     1.9085
     1.2842     1.4776    -1.4418     1.9462
     1.3464     1.4410    -1.5489     2.0215
     1.3286     1.4502    -1.6291     2.0404
     1.3108     1.4776    -1.7005     2.0215
     1.3286     1.4227    -1.7361     2.0027
     1.3286     1.4593    -1.8253     2.0215
     1.3286     1.3952    -1.8788     2.0121
     1.3375     1.3585    -1.9056     1.9933
     1.3464     1.2394    -1.9056     2.0121
     1.3286     1.1753    -1.9412     1.9462
     1.3464     1.1021    -1.9501     1.8238
     1.3552     0.9098    -1.9501     1.7485
     1.3819     0.8640    -1.8699     1.5696
     1.3108     0.7541    -1.8431     1.4284
     1.3108     0.5802    -1.8431     1.2966
     1.1775     0.4887    -1.7451     1.1931
     1.0620     0.3240    -1.7005     1.0143
     0.9731     0.2600    -1.6202     0.8449
     0.7954     0.1045    -1.5489     0.6662
     0.6887    -0.0876    -1.4329     0.4592
     0.5732    -0.1881    -1.3794     0.3087
     0.4310    -0.3344    -1.2724     0.1488
     0.3065    -0.5081    -1.1653    -0.0110
     0.1999    -0.6451    -1.0315    -0.2179
     0.1110    -0.6999    -0.8620    -0.3119
     0.0132    -0.8096    -0.7460    -0.4529
    -0.1469    -0.8918    -0.5854    -0.5751
    -0.2269    -0.9922    -0.4516    -0.7443
    -0.2980    -1.1292    -0.3177    -0.8383
    -0.3869    -1.2296    -0.1481    -0.9510
    -0.4581    -1.2662     0.0482    -1.1296
    -0.5826    -1.3483     0.2178    -1.2235
    -0.6448    -1.3574     0.3607    -1.2799
    -0.7249    -1.4670     0.4857    -1.4208
    -0.7693    -1.4943     0.6374    -1.4866
    -0.8494    -1.5309     0.7892    -1.5241
    -0.9472    -1.5674     0.9589    -1.5805
    -1.0006    -1.5491     1.1197    -1.6838
    -1.0362    -1.5126     1.2090    -1.7026
    -1.1429    -1.5491     1.3697    -1.7495
    -1.1429    -1.4670     1.4412    -1.7589
    -1.1785    -1.5035     1.5841    -1.7308
    -1.2496    -1.4031     1.6645    -1.7683
    -1.2230    -1.4213     1.7449    -1.7214
    -1.2763    -1.3118     1.8253    -1.6650
    -1.2585    -1.2570     1.8253    -1.6556
    -1.2407    -1.1749     1.8700    -1.5805
    -1.2318    -1.1566     1.9057    -1.5711
    -1.2230    -1.0836     1.8432    -1.4490
    -1.2141    -0.9374     1.8521    -1.4020
    -1.1874    -0.8735     1.8700    -1.3269
    -1.1162    -0.7730     1.7896    -1.2141
    -1.0273    -0.6543     1.7717    -1.0920
    -1.0006    -0.5720     1.6109    -1.0262
    -0.9205    -0.4258     1.5395    -0.8571
    -0.8138    -0.3253     1.4323    -0.7255
    -0.6893    -0.1973     1.3072    -0.6127
    -0.6004    -0.0144     1.1464    -0.4717
    -0.4225     0.0953     1.0214    -0.3683
    -0.3158     0.2325     0.8339    -0.2085
    -0.2180     0.3515     0.6910    -0.0769
    -0.0669     0.4521     0.5392     0.1488
     0.1021     0.5619     0.3428     0.3087
     0.1910     0.6626     0.2089     0.4310
     0.3243     0.7633     0.0572     0.5909
     0.4399     0.8914    -0.1124     0.8073
     0.5643     1.0471    -0.2552     0.9578
     0.6887     1.1112    -0.3712     1.0990
     0.7598     1.2028    -0.5051     1.2778
     0.8665     1.3402    -0.6657     1.4096
     0.9198     1.3952    -0.7728     1.5225
     1.0087     1.4318    -0.8798     1.6167
     1.0531     1.4135    -0.9869     1.7767
     1.1420     1.4593    -1.0672     1.8238
     1.1331     1.4593    -1.1653     1.8991
     1.1686     1.4502    -1.2724     1.9650
     1.2575     1.4410    -1.3437     1.9556
     1.2930     1.4502    -1.4151     2.0027
     1.2664     1.4593    -1.5043     1.9933
     1.2753     1.4135    -1.5399     2.0215
     1.2753     1.3952    -1.6380     1.9839
     1.3286     1.3677    -1.6559     1.9745
     1.2842     1.3860    -1.7094     2.0121
     1.2842     1.2761    -1.7005     1.9462
     1.2930     1.2394    -1.7629     1.9368
     1.2753     1.1387    -1.7272     1.8991
     1.2486     0.9555    -1.7361     1.7673
     1.2397     0.8274    -1.7183     1.6261
     1.1953     0.6809    -1.6737     1.5131
     1.0976     0.5985    -1.6202     1.3719
     0.9731     0.4704    -1.5399     1.2119
     0.8665     0.3149    -1.4864     1.0425
     0.7243     0.1593    -1.4507     0.9108
     0.5732     0.0496    -1.3616     0.6944
     0.4665    -0.0967    -1.2724     0.4780
     0.3154    -0.2887    -1.1653     0.3463
     0.2176    -0.4258    -1.0761     0.1676
     0.0576    -0.4989    -1.0137    -0.0674
    -0.1024    -0.6451    -0.9066    -0.2367
    -0.2091    -0.7365    -0.7995    -0.3495
    -0.3336    -0.8735    -0.6568    -0.5093
    -0.4314    -0.9374    -0.5140    -0.6785
    -0.4937    -1.0014    -0.4337    -0.7725
    -0.6448    -1.0744    -0.2909    -0.9322
    -0.7515    -1.1475    -0.1481    -1.0732
    -0.7782    -1.2570     0.0482    -1.1671
    -0.8850    -1.3392     0.2178    -1.2893
    -0.9739    -1.3757     0.3607    -1.3926
    -1.0539    -1.4670     0.4946    -1.5429
    -1.0895    -1.4396     0.5928    -1.5711
    -1.1340    -1.5126     0.7535    -1.6838
    -1.2318    -1.5035     0.8607    -1.7402
    -1.2852    -1.5400     1.0393    -1.8341
    -1.2763    -1.6039     1.1286    -1.8435
    -1.3119    -1.5856     1.2358    -1.9092
    -1.3920    -1.5947     1.3608    -1.9186
    -1.4276    -1.5582     1.4412    -1.9280
    -1.4542    -1.5309     1.5216    -1.9092
    -1.4809    -1.4761     1.5931    -1.9374
    -1.4720    -1.4396     1.6377    -1.9186
    -1.4631    -1.4305     1.6288    -1.8247
    -1.4720    -1.3757     1.6377    -1.7871
    -1.4453    -1.2662     1.6735    -1.7214
    -1.4453    -1.2023     1.6645    -1.6368
    -1.4098    -1.1201     1.6288    -1.5523
    -1.3386    -1.0288     1.5395    -1.5053
    -1.3119    -0.8918     1.4769    -1.3832
    -1.2496    -0.8187     1.4233    -1.2517
    -1.1696    -0.7548     1.3787    -1.1296
    -1.0184    -0.5903     1.2715    -1.0262
    -0.9294    -0.5446     1.1822    -0.9322
    -0.8494    -0.3710     1.0571    -0.7537
    -0.7338    -0.2887     0.9053    -0.6691
    -0.5737    -0.0784     0.7982    -0.5187
    -0.4670     0.0313     0.6196    -0.4059
    -0.3069     0.1319     0.5035    -0.2743
    -0.1824     0.2874     0.3071    -0.1521
    -0.0669     0.4155     0.1821     0.0454
     0.1021     0.5436     0.0215     0.2335
     0.1910     0.6717    -0.1392     0.3840
     0.2976     0.7724    -0.3355     0.5345
     0.4576     0.8274    -0.4337     0.7320
     0.5554     0.9738    -0.6122     0.8826
     0.6887     1.0929    -0.7549     1.0331
     0.7865     1.1478    -0.8442     1.2307
     0.8398     1.3036    -0.9691     1.3343
     0.9198     1.3036    -1.0850     1.5225
     1.0709     1.3585    -1.2010     1.6355
     1.0798     1.3952    -1.2188     1.7202
     1.1864     1.4043    -1.2991     1.8332
     1.2575     1.4227    -1.3705     1.9180
     1.2753     1.3860    -1.4507     1.9839
     1.2842     1.3769    -1.5043     1.9839
     1.2753     1.3402    -1.5578     1.9650
     1.2930     1.3677    -1.6202     2.0121
     1.3108     1.3494    -1.6202     2.0121
     1.2842     1.2761    -1.6737     2.0027
     1.2930     1.1753    -1.6380     1.9839
     1.3019     1.1387    -1.6826     2.0121
     1.3108     1.0379    -1.6826     1.9368
     1.2842     0.9006    -1.6648     1.8803
     1.2753     0.8090    -1.5934     1.8426
     1.1953     0.7175    -1.5578     1.7296
     1.0976     0.6443    -1.5132     1.5978
     1.0798     0.4887    -1.5221     1.4849
     0.9376     0.3880    -1.4597     1.3625
     0.8487     0.3240    -1.3526     1.1649
     0.7332     0.1776    -1.2902     1.0331
     0.5732     0.0496    -1.2099     0.8826
     0.4665    -0.1150    -1.1653     0.6756
     0.3065    -0.2521    -1.0761     0.4686
     0.1910    -0.3253    -0.9691     0.3275
     0.0576    -0.4989    -0.8352     0.1394
    -0.0846    -0.5720    -0.7639    -0.0016
    -0.2002    -0.7182    -0.5943    -0.2179
    -0.2713    -0.7365    -0.5319    -0.3025
    -0.3869    -0.8735    -0.3623    -0.4435
    -0.4670    -0.9192    -0.2552    -0.6033
    -0.5470    -1.0105    -0.0678    -0.7255
    -0.6270    -1.1383     0.0839    -0.8195
    -0.7249    -1.1840     0.2178    -0.9886
    -0.8405    -1.2205     0.3785    -1.0356
    -0.9116    -1.3118     0.5482    -1.1765
    -1.0006    -1.3483     0.6999    -1.2611
    -1.0184    -1.3574     0.8428    -1.3456
    -1.1162    -1.3666     0.9410    -1.3926
    -1.1429    -1.4213     1.0750    -1.4490
    -1.1696    -1.4305     1.2000    -1.5241
    -1.2852    -1.3666     1.3608    -1.5335
    -1.3030    -1.3666     1.4859    -1.5711
    -1.3208    -1.3666     1.6020    -1.6181
    -1.4098    -1.3666     1.6735    -1.6274
    -1.4276    -1.2844     1.7896    -1.6650
    -1.4187    -1.2570     1.7896    -1.6274
    -1.4542    -1.1749     1.8253    -1.6181
    -1.4542    -1.1383     1.8700    -1.6181
    -1.4809    -1.0288     1.8432    -1.5523
    -1.4720    -1.0014     1.8164    -1.5523
    -1.3831    -0.9009     1.8075    -1.4866
    -1.3742    -0.8370     1.7539    -1.3926
    -1.3208    -0.7913     1.7360    -1.3081
    -1.2941    -0.6725     1.6467    -1.2517
    -1.2496    -0.5538     1.5305    -1.1108
    -1.1607    -0.4989     1.4412    -1.0168
    -1.0806    -0.4167     1.3697    -0.9322
    -0.9205    -0.2613     1.2179    -0.7725
    -0.8761    -0.1059     1.1286    -0.6315
    -0.7515    -0.0327     0.9768    -0.5563
    -0.6182     0.1136     0.8607    -0.4059
    -0.5114     0.2508     0.7089    -0.2837
    -0.3603     0.3423     0.6017    -0.1897
    -0.2358     0.4063     0.4321    -0.0392
    -0.1469     0.5345     0.2982     0.1018
     0.0487     0.6992     0.0839     0.2899
     0.2176     0.7724     0.0125     0.3934
     0.3599     0.8365    -0.1660     0.5721
     0.4843     0.9647    -0.3266     0.7038
     0.5643     1.0746    -0.4694     0.8637
     0.7065     1.2578    -0.6479     0.9861
     0.7865     1.3310    -0.7906     1.0896
     0.8932     1.3494    -0.8977     1.2496
     0.9998     1.3677    -0.9780     1.3249
     1.0709     1.4318    -1.1029     1.4472
     1.1064     1.4227    -1.2278     1.5602
     1.1509     1.4227    -1.3259     1.6732
     1.1775     1.3860    -1.4151     1.7485
     1.2220     1.4135    -1.4507     1.8426
     1.2664     1.4502    -1.4953     1.9180
     1.2930     1.3860    -1.5845     1.9180
     1.2486     1.3952    -1.5845     1.9556
     1.3019     1.3127    -1.6648     2.0027
     1.3197     1.2761    -1.6470     1.9462
     1.2664     1.1936    -1.6915     1.9274
     1.2753     1.0471    -1.6737     1.8897
     1.2753     0.9098    -1.6648     1.8520
     1.2575     0.8182    -1.6470     1.7485
     1.2308     0.7541    -1.6559     1.5790
     1.2131     0.6717    -1.6291     1.4849
     1.1420     0.4795    -1.5132     1.3813
     1.0798     0.3515    -1.4953     1.2402
     0.9643     0.3149    -1.4418     1.0896
     0.8665     0.1411    -1.3794     0.9484
     0.7154    -0.0053    -1.2991     0.7602
     0.6088    -0.0967    -1.1653     0.5721
     0.5110    -0.2247    -1.0850     0.4498
     0.4310    -0.3801    -1.0047     0.2617
     0.2621    -0.5081    -0.8977     0.0830
     0.1554    -0.5629    -0.7817    -0.0204
     0.0221    -0.6543    -0.6300    -0.1991
    -0.1469    -0.8096    -0.5497    -0.3025
    -0.2536    -0.8461    -0.4159    -0.4341
    -0.3603    -0.9466    -0.2463    -0.5657
    -0.4759    -1.0744    -0.1035    -0.6597
    -0.5470    -1.1109     0.0036    -0.8101
    -0.6448    -1.1475     0.1464    -0.8947
    -0.7782    -1.2570     0.2982    -1.0168
    -0.8672    -1.2662     0.4767    -1.0544
    -0.8938    -1.3574     0.6107    -1.1765
    -1.0362    -1.3574     0.7803    -1.2705
    -1.0984    -1.4122     0.8964    -1.3081
    -1.1429    -1.4305     1.0393    -1.3644
    -1.2230    -1.4305     1.1822    -1.4302
    -1.2674    -1.4487     1.3161    -1.4866
    -1.3297    -1.4122     1.4859    -1.5053
    -1.3386    -1.3666     1.5752    -1.5429
    -1.3831    -1.3574     1.6913    -1.5711
    -1.4009    -1.3574     1.7985    -1.5335
    -1.4098    -1.2844     1.8879    -1.5335
    -1.4542    -1.2296     1.9236    -1.5241
    -1.4365    -1.1292     1.9057    -1.4866
    -1.4276    -1.0927     1.8879    -1.4114
    -1.4809    -1.0014     1.8611    -1.3644
    -1.4453    -0.9374     1.8611    -1.3550
    -1.3564    -0.8461     1.8521    -1.2799
    -1.3653    -0.7730     1.8253    -1.1765
    -1.3119    -0.6908     1.7539    -1.1014
    -1.2852    -0.5355     1.6467    -1.0638
    -1.2141    -0.4715     1.5484    -0.9322
    -1.1607    -0.3161     1.4501    -0.8195
    -1.0984    -0.2430     1.3519    -0.7067
    -0.9650    -0.0967     1.2447    -0.6127
    -0.8938     0.1136     1.1643    -0.4999
    -0.7871     0.1959     1.0303    -0.3307
    -0.6893     0.2874     0.8607    -0.2555
    -0.5559     0.4246     0.7089    -0.1333
    -0.4136     0.5619     0.5749     0.0830
    -0.2713     0.6260     0.4499     0.2429
    -0.1291     0.7358     0.2893     0.3651
     0.0132     0.8548     0.1286     0.5156
     0.1999     0.9738    -0.0142     0.7038
     0.3688     1.0471    -0.1928     0.8355
     0.5021     1.1387    -0.3445     0.9767
     0.6443     1.2852    -0.4694     1.1460
     0.7776     1.3769    -0.6389     1.2496
     0.8398     1.4227    -0.7192     1.3907
     0.9554     1.4502    -0.8709     1.4472
     1.0531     1.4227    -1.0137     1.5790
     1.1864     1.4868    -1.0583     1.6355
     1.2397     1.4410    -1.1921     1.7673
     1.2486     1.4868    -1.2634     1.8144
     1.2930     1.4318    -1.3616     1.9180
     1.2930     1.4318    -1.4418     1.9462
     1.3019     1.4960    -1.5132     1.9368
     1.3375     1.4960    -1.5756     1.9745
     1.3641     1.4685    -1.6113     1.9933
     1.3464     1.3952    -1.6113     1.9745
     1.3464     1.4135    -1.6559     1.9180
     1.3908     1.3036    -1.6470     1.8709
     1.3730     1.2303    -1.7094     1.8520
     1.3552     1.0746    -1.6826     1.7108
     1.3552     1.0013    -1.6291     1.6543
     1.3997     0.8457    -1.6202     1.5414
     1.3819     0.7633    -1.5578     1.4566
     1.3019     0.5802    -1.5756     1.2966
     1.2664     0.4612    -1.5132     1.1837
     1.2397     0.3240    -1.4686     1.0519
     1.0798     0.1776    -1.3437     0.8543
     1.0176     0.0587    -1.2724     0.6944
     0.8843    -0.1333    -1.2188     0.5627
     0.7154    -0.2430    -1.1296     0.3746
     0.6532    -0.3618    -1.0404     0.2429
     0.5376    -0.5263    -0.9245     0.0266
     0.4221    -0.6634    -0.7728    -0.0863
     0.2621    -0.7182    -0.7014    -0.2367
     0.1821    -0.8552    -0.5319    -0.3683
     0.0309    -0.9192    -0.4516    -0.5093
    -0.1113    -1.0836    -0.2909    -0.6315
    -0.1558    -1.1109    -0.1660    -0.7537
    -0.2447    -1.2114     0.0393    -0.9228
    -0.4225    -1.2753     0.1643    -1.0074
    -0.4581    -1.3848     0.3517    -1.1108
    -0.5826    -1.4305     0.4589    -1.2611
    -0.6893    -1.4487     0.5839    -1.3644
    -0.7871    -1.4761     0.7535    -1.3926
    -0.8405    -1.5765     0.9053    -1.5147
    -0.8850    -1.5765     1.0393    -1.5335
    -0.9383    -1.5674     1.2000    -1.5805
    -1.0539    -1.6130     1.2983    -1.5993
    -1.0984    -1.5582     1.4412    -1.6650
    -1.0895    -1.5582     1.5216    -1.6181
    -1.1874    -1.4943     1.6556    -1.6274
    -1.2230    -1.4578     1.7003    -1.6462
    -1.1874    -1.4578     1.8075    -1.6181
    -1.2674    -1.3940     1.8253    -1.6087
    -1.2763    -1.3392     1.8968    -1.5429
    -1.2407    -1.2114     1.8611    -1.5241
    -1.2763    -1.1292     1.8611    -1.4490
    -1.3030    -1.0470     1.8611    -1.3738
    -1.2585    -1.0288     1.8789    -1.3269
    -1.2941    -0.8644     1.8164    -1.2705
    -1.2230    -0.8004     1.7628    -1.1671
    -1.2318    -0.7365     1.7360    -1.0450
    -1.1785    -0.6360     1.6288    -0.9510
    -1.1162    -0.5538     1.5127    -0.8665
    -1.0451    -0.3527     1.3697    -0.7537
    -0.8938    -0.2796     1.2894    -0.6221
    -0.8138    -0.0693     1.1197    -0.4811
    -0.7338     0.0587     1.0303    -0.4153
    -0.6270     0.1959     0.8875    -0.2931
    -0.4581     0.2874     0.6910    -0.1709
    -0.3425     0.4612     0.5660    -0.0110
    -0.2447     0.5436     0.4321     0.1112
    -0.1291     0.7084     0.3071     0.2805
     0.0221     0.8457     0.1732     0.4498
     0.2265     0.8823     0.0393     0.5439
     0.3332     1.0379    -0.1214     0.6944
     0.4399     1.1570    -0.2998     0.8637
     0.5643     1.3036    -0.4426     1.0425
     0.6976     1.3769    -0.5408     1.1084
     0.8309     1.3952    -0.6479     1.2684
     0.9020     1.4502    -0.7728     1.3813
     1.0442     1.4502    -0.9155     1.4755
     1.1509     1.4868    -1.0315     1.5602
     1.2220     1.4822    -1.0940     1.6826
     1.2220     1.4776    -1.2278     1.7767
     1.2664     1.4227    -1.2724     1.8426
     1.3286     1.4410    -1.3883     1.9085
     1.3019     1.4868    -1.4329     1.9085
     1.3108     1.4593    -1.5310     1.9650
     1.3197     1.4868    -1.5399     1.9745
     1.3286     1.4135    -1.6024     1.9180
     1.3641     1.3860    -1.6470     1.9085
     1.3197     1.3769    -1.6559     1.8897
     1.3819     1.3494    -1.6559     1.8426
     1.3641     1.2028    -1.7005     1.7296
     1.3552     1.1204    -1.7361     1.6920
     1.3819     1.0013    -1.7183     1.6073
     1.3552     0.8823    -1.6648     1.4472
     1.3286     0.7084    -1.6202     1.3343
     1.3019     0.5528    -1.5845     1.2307
     1.2131     0.4429    -1.5756     1.0802
     1.0976     0.3057    -1.5221     0.9014
     0.9731     0.0862    -1.4151     0.7791
     0.8309    -0.0601    -1.3437     0.5815
     0.7243    -0.2521    -1.3170     0.4498
     0.6088    -0.3984    -1.1921     0.2993
     0.4576    -0.5629    -1.1296     0.1488
     0.3421    -0.6451    -0.9869    -0.0674
     0.2799    -0.7730    -0.9155    -0.1991
     0.1465    -0.8644    -0.7460    -0.3307
    -0.0046    -0.9648    -0.6657    -0.4341
    -0.0580    -1.0470    -0.4783    -0.5563
    -0.2091    -1.1749    -0.3623    -0.6879
    -0.2625    -1.2296    -0.1838    -0.8007
    -0.3247    -1.2662    -0.0589    -0.9604
    -0.3958    -1.3392     0.0482    -1.0544
    -0.5470    -1.4487     0.2446    -1.1859
    -0.6004    -1.4578     0.3696    -1.2329
    -0.6537    -1.5035     0.5214    -1.3550
    -0.7249    -1.5217     0.6821    -1.4396
    -0.7604    -1.5765     0.8339    -1.4866
    -0.7960    -1.6221     0.9321    -1.5241
    -0.8850    -1.6221     1.0839    -1.5523
    -0.9027    -1.6221     1.1822    -1.6368
    -0.9205    -1.5765     1.3251    -1.6181
    -1.0095    -1.5674     1.4055    -1.6181
    -1.0362    -1.5400     1.5395    -1.6087
    -1.0539    -1.4761     1.6199    -1.6274
    -1.0628    -1.3940     1.6467    -1.5617
    -1.0539    -1.3574     1.6735    -1.5241
    -1.0984    -1.2753     1.7092    -1.4866
    -1.0451    -1.2662     1.7539    -1.4114
    -1.0895    -1.1292     1.6913    -1.3926
    -1.0273    -1.0562     1.6645    -1.3081
    -1.0628    -1.0105     1.6556    -1.2047
    -1.0095    -0.9100     1.5841    -1.1390
    -0.9472    -0.7548     1.4769    -1.0168
    -0.8761    -0.6543     1.4412    -0.9322
    -0.8049    -0.5903     1.3429    -0.8571
    -0.7782    -0.4258     1.2715    -0.7349
    -0.6448    -0.2887     1.1286    -0.5751
    -0.5292    -0.1333     1.0482    -0.4999
    -0.4937     0.0496     0.9053    -0.3683
    -0.3692     0.1959     0.7982    -0.2837
    -0.2625     0.2874     0.7089    -0.1239
    -0.1735     0.4338     0.5660     0.0360
    -0.0313     0.6168     0.4232     0.1300
     0.0665     0.7450     0.2893     0.2617
     0.2176     0.8457     0.1107     0.4592
     0.3599     0.9281     0.0393     0.5815
     0.4754     1.0929    -0.0946     0.6850
     0.5910     1.2486    -0.2731     0.8731
     0.6976     1.3402    -0.4248     1.0425
     0.8043     1.3310    -0.5765     1.1178
     0.8932     1.4043    -0.6836     1.2684
     0.9465     1.4043    -0.8085     1.3719
     1.0353     1.4318    -0.9155     1.5225
     1.1064     1.4776    -0.9869     1.6073
     1.1864     1.4776    -1.1475     1.7108
     1.1598     1.4776    -1.1921     1.7485
     1.1864     1.4227    -1.3080     1.8615
     1.2753     1.4776    -1.3526     1.8803
     1.2397     1.4776    -1.4418     1.8897
     1.2753     1.4227    -1.4864     1.9462
     1.2575     1.4227    -1.5399     1.9650
     1.2842     1.4043    -1.5845     1.9462
     1.3375     1.3860    -1.6202     1.9085
     1.3286     1.3585    -1.6470     1.8991
     1.3552     1.3677    -1.7005     1.8144
     1.2930     1.2303    -1.6915     1.7296
     1.2664     1.1662    -1.6915     1.6449
     1.3019     1.0013    -1.6826     1.5414
     1.2220     0.8640    -1.6559     1.4472
     1.1064     0.7358    -1.6648     1.3154
     1.0265     0.6077    -1.6380     1.1837
     0.9020     0.5070    -1.6113     1.0425
     0.7954     0.3423    -1.5043     0.9390
     0.6443     0.2234    -1.4597     0.7414
     0.5465     0.0404    -1.4151     0.5815
     0.4221    -0.1333    -1.3348     0.4404
     0.2443    -0.3070    -1.2278     0.2617
     0.1643    -0.4349    -1.1564     0.1488
     0.0132    -0.5720    -1.0226    -0.0110
    -0.0935    -0.7182    -0.9423    -0.1709
    -0.1735    -0.8004    -0.7817    -0.2461
    -0.2713    -0.9648    -0.6925    -0.3777
    -0.4136    -1.0014    -0.5497    -0.4905
    -0.5114    -1.1292    -0.4159    -0.6033
    -0.5737    -1.2205    -0.2731    -0.7255
    -0.6804    -1.2662    -0.1035    -0.8759
    -0.7693    -1.3118     0.0393    -0.9980
    -0.8227    -1.3757     0.1464    -1.1014
    -0.9116    -1.4487     0.2803    -1.2047
    -0.9739    -1.5035     0.4410    -1.3363
    -1.0095    -1.5126     0.5839    -1.4114
    -1.0717    -1.5400     0.7267    -1.4490
    -1.1162    -1.5217     0.8339    -1.5429
    -1.1607    -1.4761     0.9589    -1.5899
    -1.1785    -1.4396     1.1286    -1.5805
    -1.2052    -1.4487     1.2626    -1.6274
    -1.2230    -1.4487     1.3429    -1.6368
    -1.2763    -1.4122     1.4501    -1.6181
    -1.2852    -1.3940     1.5395    -1.5523
    -1.2941    -1.3301     1.6556    -1.5523
    -1.3030    -1.2753     1.7271    -1.5241
    -1.3297    -1.2388     1.7807    -1.4490
    -1.2763    -1.1109     1.7539    -1.3550
    -1.3030    -1.0288     1.7628    -1.2893
    -1.2318    -1.0196     1.7985    -1.1671
    -1.2585    -0.8735     1.7271    -1.1296
    -1.2141    -0.8096     1.7092    -1.0074
    -1.1251    -0.7091     1.6377    -0.9510
    -1.0895    -0.6268     1.5752    -0.8571
    -1.0095    -0.4624     1.4680    -0.7255
    -0.9383    -0.3344     1.3787    -0.6127
    -0.8405    -0.1790     1.3161    -0.5093
    -0.7338    -0.0967     1.2626    -0.4435
    -0.6093     0.1045     1.1286    -0.3307
    -0.5203     0.2874     1.0303    -0.1991
    -0.3781     0.3880     0.8517    -0.1145
    -0.2625     0.5436     0.7714     0.0642
    -0.1558     0.6260     0.6196     0.1865
    -0.0135     0.8090     0.4857     0.3181
     0.1465     0.9189     0.3785     0.4498
     0.2176     1.0013     0.2446     0.5721
     0.3688     1.1570     0.1107     0.7132
     0.4754     1.2578    -0.0232     0.8920
     0.5821     1.2944    -0.2285     1.0613
     0.7065     1.3310    -0.3534     1.1460
     0.8221     1.4318    -0.4516     1.2966
     0.9109     1.4776    -0.5586     1.4472
     0.9998     1.4868    -0.6746     1.5696
     1.1064     1.4914    -0.8174     1.6355
     1.1775     1.4960    -0.8798     1.7202
     1.2397     1.4868    -0.9691     1.8238
     1.2131     1.4776    -1.1029     1.9556
     1.2575     1.4502    -1.1475     1.9462
     1.2486     1.4410    -1.2367     2.0027
     1.2664     1.4318    -1.2991     2.0310
     1.2664     1.4593    -1.4062     2.0215
     1.3019     1.4685    -1.4507     2.0121
     1.2930     1.4685    -1.4953     1.9650
     1.2842     1.3677    -1.5043     1.9650
     1.3286     1.3402    -1.5667     1.8897
     1.2753     1.2486    -1.5756     1.7579
     1.2486     1.1387    -1.6202     1.6826
     1.1864     0.9555    -1.5934     1.5884
     1.1509     0.8640    -1.5845     1.4472
     1.1420     0.7084    -1.5756     1.3249
     0.9998     0.6077    -1.5489     1.2307
     0.9465     0.4338    -1.4953     1.0990
     0.8398     0.3423    -1.4864     0.9861
     0.7243     0.1502    -1.4953     0.8073
     0.6265    -0.0144    -1.4151     0.6662
     0.5288    -0.1973    -1.3170     0.5815
     0.4132    -0.2978    -1.2278     0.4404
     0.2976    -0.4532    -1.1653     0.2711
     0.1554    -0.6268    -1.1118     0.1582
     0.0754    -0.6725    -0.9780    -0.0204
    -0.0846    -0.7730    -0.8442    -0.1803
    -0.1380    -0.9374    -0.7549    -0.3025
    -0.2447    -1.0014    -0.6033    -0.3965
    -0.3336    -1.0653    -0.5229    -0.5375
    -0.4314    -1.1018    -0.3534    -0.6503
    -0.5114    -1.2205    -0.2017    -0.7819
    -0.6270    -1.2388    -0.0589    -0.8947
    -0.6982    -1.2662     0.0839    -1.0074
    -0.7871    -1.3301     0.2893    -1.1296
    -0.8494    -1.3757     0.4142    -1.2235
    -0.9116    -1.3757     0.5303    -1.2611
    -0.9650    -1.3757     0.6732    -1.3175
    -1.0006    -1.3666     0.8517    -1.4302
    -1.0362    -1.4031     0.9768    -1.4866
    -1.0806    -1.3483     1.1554    -1.4959
    -1.1073    -1.3392     1.2447    -1.4959
    -1.1162    -1.3483     1.3340    -1.5523
    -1.1162    -1.2935     1.4591    -1.5241
    -1.1340    -1.2570     1.5216    -1.5053
    -1.1429    -1.2662     1.6556    -1.4584
    -1.1251    -1.1840     1.6824    -1.4020
    -1.1340    -1.1475     1.7539    -1.4208
    -1.1251    -1.0288     1.7181    -1.3081
    -1.0984    -0.9283     1.7539    -1.2611
    -1.0717    -0.8461     1.7628    -1.1859
    -1.0273    -0.7730     1.6824    -1.1014
    -0.9828    -0.6908     1.6467    -0.9886
    -0.9739    -0.5355     1.6288    -0.9134
    -0.9294    -0.4532     1.5305    -0.8195
    -0.8316    -0.3161     1.4769    -0.7255
    -0.7960    -0.1424     1.3697    -0.6315
    -0.7249     0.0313     1.3072    -0.4905
    -0.6093     0.1685     1.2000    -0.3965
    -0.4937     0.2417     1.0929    -0.3401
    -0.3692     0.3515     1.0125    -0.2649
    -0.2713     0.4612     0.8875    -0.1333
    -0.1824     0.6077     0.7357    -0.0110
    -0.0491     0.7267     0.6196     0.1018
     0.1376     0.8090     0.5035     0.2147
     0.2532     0.8365     0.4232     0.3746
     0.4310     0.9830     0.2535     0.4686
     0.5110     1.0379     0.1286     0.5815
     0.6265     1.1753     0.0036     0.7038
     0.7687     1.2211    -0.1481     0.8355
     0.8576     1.3036    -0.3088     1.0331
     0.9643     1.3219    -0.4069     1.1272
     1.0265     1.3677    -0.5408     1.2590
     1.0976     1.4318    -0.6746     1.4096
     1.1509     1.4776    -0.8085     1.5319
     1.2042     1.4318    -0.8709     1.6073
     1.2664     1.4502    -0.9780     1.7014
     1.2842     1.4868    -1.0850     1.7391
     1.2397     1.4318    -1.1207     1.8520
     1.2753     1.4227    -1.2010     1.8709
     1.2930     1.3952    -1.2724     1.8709
     1.2664     1.4135    -1.3705     1.8426
     1.3019     1.3860    -1.3972     1.7955
     1.3108     1.2944    -1.4686     1.7955
     1.3197     1.1845    -1.4864     1.6920
     1.3197     1.1112    -1.4775     1.6261
     1.2930     1.0105    -1.4953     1.5696
     1.2842     0.9098    -1.5132     1.5225
     1.2397     0.7450    -1.5399     1.3907
     1.1242     0.6626    -1.4864     1.2966
     1.0887     0.4795    -1.4775     1.2119
     0.9998     0.3972    -1.4151     1.0990
     0.8309     0.1959    -1.4240     0.9955
     0.7687     0.0679    -1.3705     0.8073
     0.6176    -0.0967    -1.3170     0.6756
     0.5465    -0.2613    -1.2991     0.5533
     0.3865    -0.4441    -1.2545     0.4310
     0.2976    -0.5172    -1.1296     0.2523
     0.1643    -0.6725    -1.0672     0.1394
    -0.0135    -0.7822    -0.9869    -0.0674
    -0.0935    -0.8826    -0.8798    -0.1991
    -0.1558    -1.0014    -0.7639    -0.3307
    -0.2980    -1.0288    -0.6033    -0.4435
    -0.3692    -1.1292    -0.4962    -0.5563
    -0.4403    -1.1931    -0.2998    -0.6691
    -0.5648    -1.2570    -0.1749    -0.7725
    -0.6182    -1.2844     0.0304    -0.9228
    -0.6893    -1.3574     0.1643    -1.0168
    -0.7515    -1.3666     0.2982    -1.0732
    -0.8316    -1.4305     0.4410    -1.1484
    -0.8850    -1.3848     0.6017    -1.2611
    -0.9383    -1.3940     0.7624    -1.2987
    -1.0006    -1.3848     0.9410    -1.3363
    -1.0362    -1.3848     1.0750    -1.3738
    -1.1073    -1.3848     1.2179    -1.4208
    -1.1073    -1.3757     1.2894    -1.4396
    -1.1251    -1.3848     1.4144    -1.4208
    -1.1696    -1.3666     1.5573    -1.4490
    -1.1874    -1.3027     1.6377    -1.4490
    -1.1963    -1.2753     1.7271    -1.4396
    -1.2407    -1.2296     1.8075    -1.4114
    -1.2318    -1.1657     1.8253    -1.3456
    -1.2407    -1.0836     1.8253    -1.3363
    -1.2230    -0.9922     1.8343    -1.3175
    -1.1963    -0.8735     1.8521    -1.2235
    -1.1696    -0.8187     1.8075    -1.1859
    -1.1874    -0.7273     1.7807    -1.0732
    -1.0984    -0.6451     1.7271    -1.0544
    -1.0895    -0.4989     1.7092    -0.9604
    -1.0273    -0.4349     1.6199    -0.8571
    -0.9472    -0.3344     1.5484    -0.7349
    -0.8138    -0.1333     1.5037    -0.6691
    -0.7960    -0.0144     1.3965    -0.5939
    -0.6893     0.1319     1.2983    -0.4717
    -0.5737     0.2142     1.1822    -0.3589
    -0.4670     0.3149     1.0571    -0.2743
    -0.3336     0.4429     0.9143    -0.2273
    -0.2091     0.5985     0.8250    -0.0580
    -0.1291     0.7267     0.6732     0.0924
    -0.0224     0.7999     0.5482     0.2335
     0.1287     0.9098     0.4321     0.3369
     0.2443     0.9922     0.2982     0.4498
     0.3865     1.0471     0.1286     0.6003
     0.5465     1.1936     0.0304     0.7320
     0.6443     1.2761    -0.1214     0.8731
     0.7687     1.3494    -0.2642     1.0237
     0.8665     1.3494    -0.4159     1.1837
     0.9465     1.4043    -0.5319     1.3154
     0.9998     1.4593    -0.6300     1.4190
     1.0709     1.4318    -0.7639     1.5037
     1.1864     1.4776    -0.8531     1.6073
     1.1775     1.4776    -0.9958     1.6637
     1.2397     1.4776    -1.0493     1.7673
     1.2753     1.4410    -1.1386     1.8050
     1.2575     1.4502    -1.2188     1.8520
     1.3286     1.4685    -1.3259     1.8991
     1.3464     1.4502    -1.3616     1.8803
     1.3552     1.3677    -1.4240     1.9085
     1.2930     1.3769    -1.4686     1.8520
     1.3375     1.2761    -1.5221     1.8050
     1.3552     1.2120    -1.5667     1.7296
     1.2930     1.0563    -1.5845     1.6449
     1.2842     0.9647    -1.5845     1.6167
     1.2575     0.8182    -1.5578     1.5225
     1.2308     0.7175    -1.5934     1.4378
     1.1153     0.5253    -1.5310     1.2966
     1.0353     0.4063    -1.5399     1.2213
     0.9465     0.3149    -1.5132     1.1084
     0.8221     0.1685    -1.4507     0.9861
     0.7243    -0.0053    -1.3794     0.8449
     0.6176    -0.1790    -1.3080     0.7602
     0.5288    -0.2978    -1.2456     0.6003
     0.4043    -0.3984    -1.2010     0.4498
     0.2976    -0.4898    -1.1296     0.3181
     0.1910    -0.6177    -1.0226     0.1582
     0.1110    -0.7273    -0.8709     0.0172
    -0.0491    -0.7822    -0.7639    -0.1145
    -0.1202    -0.9009    -0.6300    -0.2743
    -0.2269    -0.9466    -0.4873    -0.3871
    -0.2980    -1.0196    -0.3712    -0.4717
    -0.3603    -1.0562    -0.2463    -0.6033
    -0.4759    -1.0927    -0.0857    -0.7067
    -0.5470    -1.1475     0.0304    -0.8665
    -0.5559    -1.1018     0.2357    -0.9134
    -0.6626    -1.2023     0.3517    -0.9980
    -0.7071    -1.2023     0.5214    -1.0544
    -0.7071    -1.1840     0.5839    -1.1578
    -0.7871    -1.2023     0.7267    -1.2235
    -0.8138    -1.1931     0.8517    -1.2517
    -0.8494    -1.1931     1.0125    -1.2799
    -0.8494    -1.2114     1.1732    -1.3644
    -0.9205    -1.1931     1.2804    -1.3832
    -0.9383    -1.1931     1.3608    -1.3550
    -0.9116    -1.1566     1.4233    -1.3926
    -0.9828    -1.1657     1.4859    -1.3644
    -1.0095    -1.1109     1.5305    -1.3644
    -0.9739    -1.0470     1.6199    -1.3081
    -1.0095    -0.9922     1.6467    -1.2705
    -1.0095    -0.9557     1.6467    -1.2235
    -1.0006    -0.8370     1.6467    -1.2047
    -0.9294    -0.7365     1.5841    -1.1108
    -0.8938    -0.6999     1.5841    -1.1014
    -0.8850    -0.5720     1.5127    -0.9792
    -0.8138    -0.5172     1.5127    -0.9510
    -0.7782    -0.3984     1.4591    -0.8759
    -0.6982    -0.2978     1.3876    -0.7725
    -0.6004    -0.1059     1.2804    -0.6315
    -0.5203     0.0130     1.1822    -0.5657
    -0.4225     0.1502     1.0839    -0.4905
    -0.3069     0.2051     1.0036    -0.4059
    -0.2269     0.3606     0.8339    -0.3589
    -0.1469     0.4155     0.7446    -0.2273
    -0.0046     0.5711     0.6017    -0.1991
     0.1465     0.6626     0.4499    -0.0486
     0.2532     0.6992     0.3339     0.0924
     0.3065     0.8274     0.1821     0.1865
     0.4221     0.9006     0.0393     0.3369
     0.5554     0.9281    -0.0499     0.4310
     0.6088     1.0288    -0.2374     0.5627
     0.7332     1.1295    -0.3891     0.6944
     0.8398     1.1845    -0.5140     0.8731
     0.9287     1.2852    -0.6389     1.0331
     0.9820     1.3127    -0.7371     1.1837
     1.0353     1.3219    -0.8352     1.3437
     1.1153     1.4135    -0.9869     1.4002
     1.1153     1.4043    -1.0493     1.5319
     1.1775     1.4318    -1.1832     1.6167
     1.1864     1.4227    -1.2545     1.6826
     1.2131     1.3677    -1.3080     1.6826
     1.2397     1.3677    -1.3883     1.7202
     1.2220     1.3402    -1.4507     1.7202
     1.2575     1.3127    -1.5578     1.7014
     1.2753     1.2761    -1.6024     1.6543
     1.2575     1.1570    -1.6291     1.6073
     1.2842     1.0379    -1.6291     1.5978
     1.2930     0.9647    -1.6470     1.5414
     1.2308     0.8274    -1.6737     1.4943
     1.2308     0.7816    -1.7005     1.3813
     1.2042     0.6534    -1.7094     1.3437
     1.0976     0.5528    -1.6826     1.2590
     1.0265     0.4155    -1.6559     1.1931
     0.9287     0.2508    -1.5845     1.0613
     0.8665     0.1776    -1.5845     1.0143
     0.6976    -0.0053    -1.5043     0.8637
     0.5821    -0.0967    -1.5132     0.7697
     0.5199    -0.2978    -1.4151     0.5909
     0.3510    -0.3801    -1.3705     0.4686
     0.2621    -0.4715    -1.2991     0.3369
     0.1376    -0.6086    -1.1653     0.2335
     0.0309    -0.6543    -1.0940     0.0454
    -0.0491    -0.7639    -0.9958    -0.0769
    -0.2180    -0.8735    -0.8531    -0.2743
    -0.2447    -0.9374    -0.7460    -0.3401
    -0.3781    -0.9831    -0.6389    -0.4717
    -0.4670    -1.0379    -0.4962    -0.6409
    -0.5381    -1.1109    -0.3088    -0.7819
    -0.6448    -1.1475    -0.1838    -0.9041
    -0.6982    -1.2023     0.0125    -0.9604
    -0.7427    -1.2662     0.1018    -1.0826
    -0.8227    -1.3027     0.2803    -1.2141
    -0.8672    -1.3392     0.4410    -1.2517
    -0.9027    -1.3848     0.6285    -1.2893
    -0.9383    -1.3848     0.7714    -1.4114
    -1.0095    -1.3940     0.9143    -1.4490
    -1.0362    -1.3483     1.0393    -1.4959
    -1.0539    -1.3392     1.1732    -1.4959
    -1.0984    -1.3301     1.2894    -1.5053
    -1.1518    -1.3392     1.3965    -1.5241
    -1.1651    -1.2570     1.5484    -1.5523
    -1.1785    -1.3027     1.6288    -1.5429
    -1.1607    -1.2114     1.6913    -1.4866
    -1.1874    -1.1657     1.7360    -1.4208
    -1.1340    -1.1566     1.7539    -1.4302
    -1.1785    -1.0196     1.7807    -1.3738
    -1.1518    -0.9648     1.7985    -1.3175
    -1.0895    -0.9100     1.7985    -1.2517
    -1.0806    -0.7639     1.7985    -1.1390
    -1.0806    -0.7091     1.7985    -1.1108
    -1.0362    -0.5903     1.7360    -1.0450
    -0.9917    -0.5172     1.6288    -0.9322
    -0.9205    -0.3984     1.5573    -0.8383
    -0.8583    -0.2430     1.4769    -0.7725
    -0.7604    -0.0967     1.3608    -0.6785
    -0.6982     0.0770     1.2894    -0.6221
    -0.6093     0.1776     1.1732    -0.4999
    -0.4581     0.2691     0.9946    -0.4529
    -0.3869     0.3332     0.8696    -0.3307
    -0.2891     0.4612     0.7267    -0.2367
    -0.1647     0.5894     0.6196    -0.0674
     0.0043     0.6626     0.4857     0.0454
     0.1110     0.7450     0.3250     0.2523
     0.2265     0.8457     0.2089     0.3369
     0.4132     0.8823     0.0482     0.4968
     0.4754     0.9738    -0.0678     0.6191
     0.5732     1.0105    -0.2731     0.7979
     0.7421     1.1570    -0.3712     0.9390
     0.8398     1.2028    -0.5408     1.0896
     0.8754     1.2761    -0.6389     1.1743
     0.9465     1.3494    -0.7728     1.3437
     1.0265     1.3860    -0.8620     1.4472
     1.1064     1.3677    -0.9780     1.5508
     1.1420     1.4135    -1.1029     1.5884
     1.1864     1.4227    -1.1921     1.6637
     1.1598     1.4135    -1.2545     1.7861
     1.2042     1.3952    -1.3348     1.8238
     1.2220     1.3952    -1.4151     1.8332
     1.2308     1.4043    -1.4418     1.7955
     1.2397     1.3585    -1.5221     1.8238
     1.2131     1.2486    -1.5845     1.7955
     1.2397     1.1570    -1.6202     1.7108
     1.2308     1.0837    -1.6113     1.6637
     1.2131     0.9922    -1.6380     1.6355
     1.2131     0.8731    -1.6559     1.5508
     1.1686     0.7267    -1.6737     1.4472
     1.1509     0.6260    -1.6559     1.3625
     1.0798     0.4521    -1.6291     1.3060
     0.9820     0.3423    -1.5756     1.2119
     0.8665     0.2874    -1.5489     1.0613
     0.7865     0.1593    -1.5132     0.9484
     0.6621    -0.0053    -1.5399     0.8449
     0.5376    -0.1790    -1.4329     0.7038
     0.4221    -0.2887    -1.3348     0.5345
     0.3510    -0.4258    -1.2991     0.4216
     0.2443    -0.5446    -1.2010     0.2523
     0.0754    -0.5994    -1.1118     0.1394
    -0.0402    -0.7182    -1.0226    -0.0580
    -0.0935    -0.8278    -0.8531    -0.1709
    -0.2091    -0.8735    -0.7817    -0.3307
    -0.2802    -0.9831    -0.6211    -0.4435
    -0.3514    -1.0288    -0.5229    -0.5657
    -0.4848    -1.1201    -0.3266    -0.6691
    -0.5292    -1.1292    -0.2106    -0.7725
    -0.6626    -1.2388    -0.0232    -0.9228
    -0.6982    -1.2479     0.0839    -1.0168
    -0.7693    -1.2935     0.2178    -1.0638
    -0.8316    -1.2935     0.3696    -1.1390
    -0.8850    -1.3301     0.5214    -1.2611
    -0.9917    -1.3209     0.7089    -1.3081
    -0.9828    -1.3574     0.8428    -1.3926
    -1.0451    -1.3118     0.9768    -1.4302
    -1.0806    -1.3392     1.0750    -1.4678
    -1.1251    -1.3027     1.2358    -1.4584
    -1.1340    -1.3118     1.3072    -1.5053
    -1.1429    -1.2753     1.3876    -1.4772
    -1.1696    -1.2205     1.4769    -1.4772
    -1.1874    -1.2388     1.5127    -1.4490
    -1.2230    -1.1201     1.5752    -1.4678
    -1.2141    -1.0744     1.5841    -1.3926
    -1.2141    -1.0470     1.6467    -1.3738
    -1.2052    -0.9466     1.6109    -1.2893
    -1.2318    -0.8918     1.6377    -1.2423
    -1.2318    -0.8004     1.5663    -1.1671
    -1.1429    -0.6725     1.5663    -1.1202
    -1.1073    -0.6177     1.5216    -1.0074
    -1.1251    -0.4532     1.4591    -0.9604
    -1.0628    -0.3344     1.3965    -0.8477
    -0.9828    -0.2521     1.2894    -0.8007
    -0.8672    -0.0510     1.2000    -0.6597
    -0.8227     0.0313     1.0750    -0.6033
    -0.7160     0.1868     0.9768    -0.4717
    -0.6093     0.2874     0.8875    -0.4341
    -0.5025     0.3789     0.7624    -0.3401
    -0.3781     0.4338     0.6285    -0.2367
    -0.2625     0.5162     0.4857    -0.0769
    -0.2091     0.6351     0.3785     0.0642
    -0.0402     0.7175     0.2000     0.1582
     0.0932     0.8090     0.0839     0.3087
     0.1999     0.8731     0.0215     0.4686
     0.3065     0.9098    -0.1571     0.5815
     0.3776     0.9922    -0.3177     0.7320
     0.4754     1.0379    -0.4516     0.8826
     0.5732     1.1112    -0.5765     1.0237
     0.6443     1.1753    -0.6836     1.0896
     0.7065     1.2486    -0.7906     1.2119
     0.8043     1.2578    -0.8977     1.3060
     0.8487     1.2578    -1.0137     1.4096
     0.9376     1.3219    -1.1386     1.5225
     0.9731     1.3219    -1.2456     1.5884
     1.0087     1.2486    -1.3348     1.5884
     1.0442     1.2852    -1.3972     1.5978
     1.0531     1.2944    -1.4686     1.6449
     1.0620     1.2761    -1.5667     1.6261
     1.1064     1.2303    -1.6113     1.5790
     1.1242     1.1204    -1.6915     1.5319
     1.1420     1.0105    -1.7183     1.4943
     1.1686     0.8823    -1.7094     1.4755
     1.1686     0.8090    -1.6915     1.3907
     1.0976     0.6900    -1.7361     1.3531
     1.0798     0.5619    -1.6915     1.2496
     1.0620     0.4795    -1.6648     1.1743
     0.9998     0.3697    -1.6380     1.1084
     0.9820     0.2051    -1.6291     1.0143
     0.8665     0.1045    -1.5845     0.9202
     0.8221    -0.0144    -1.4864     0.8167
     0.6710    -0.2064    -1.4418     0.6662
     0.5732    -0.3253    -1.3526     0.5721
     0.5376    -0.4441    -1.3259     0.3840
     0.3865    -0.5355    -1.2278     0.2523
     0.2799    -0.6634    -1.1118     0.0830
     0.2087    -0.7913    -1.0047    -0.0204
     0.1376    -0.8918    -0.8709    -0.2367
    -0.0402    -0.9192    -0.7817    -0.3025
    -0.1380    -1.0196    -0.6122    -0.4623
    -0.1647    -1.1475    -0.5140    -0.5657
    -0.2536    -1.2114    -0.3891    -0.6785
    -0.3514    -1.2662    -0.2463    -0.7913
    -0.3958    -1.3209    -0.0767    -0.9322
    -0.5114    -1.3392     0.0215    -1.0356
    -0.5559    -1.3848     0.2178    -1.1296
    -0.6182    -1.4031     0.3696    -1.1578
    -0.6804    -1.4213     0.5035    -1.2141
    -0.7693    -1.3940     0.6285    -1.2705
    -0.7604    -1.4122     0.7089    -1.3738
    -0.8583    -1.3757     0.8875    -1.3926
    -0.8761    -1.3483     1.0214    -1.4208
    -0.8761    -1.3666     1.1464    -1.4396
    -0.9561    -1.3848     1.2358    -1.4208
    -1.0095    -1.3483     1.3429    -1.4490
    -0.9828    -1.2479     1.3787    -1.4302
    -1.0184    -1.1931     1.4680    -1.4020
    -1.1073    -1.2023     1.5573    -1.3926
    -1.1251    -1.1201     1.6109    -1.3926
    -1.1340    -1.0288     1.6824    -1.3926
    -1.1696    -1.0014     1.6913    -1.3363
    -1.1696    -0.8552     1.7047    -1.2611
    -1.1607    -0.8461     1.7181    -1.2329
    -1.1429    -0.7365     1.6913    -1.1578
    -1.1874    -0.6177     1.6913    -1.0826
    -1.1696    -0.5081     1.6109    -1.0262
    -1.1340    -0.4075     1.5484    -0.9134
    -1.0984    -0.2978     1.4680    -0.7913
    -1.0362    -0.1881     1.4144    -0.6879
    -0.9472    -0.0419     1.3251    -0.6315
    -0.8672     0.0862     1.2268    -0.5375
    -0.7782     0.2417     1.0750    -0.4153
    -0.6715     0.3606     0.9232    -0.3025
    -0.5203     0.4429     0.8160    -0.2179
    -0.3781     0.5253     0.6910    -0.1051
    -0.3158     0.6260     0.5660     0.0078
    -0.2536     0.7358     0.4232     0.1488
    -0.1024     0.8182     0.2714     0.2523
     0.0221     0.8731     0.1464     0.3934
     0.1376     0.9830     0.0125     0.4780
     0.2621     1.0471    -0.1303     0.5815
     0.3688     1.1387    -0.2909     0.7697
     0.5199     1.1753    -0.3712     0.9108
     0.5465     1.2669    -0.5229     1.0802
     0.6354     1.3127    -0.6033     1.1743
     0.7154     1.3127    -0.7192     1.3060
     0.7687     1.3127    -0.8174     1.4472
     0.8932     1.3769    -0.9066     1.5225
     0.9020     1.3402    -1.0315     1.6732
     0.9287     1.3402    -1.1296     1.7202
     0.9998     1.3402    -1.2010     1.7767
     1.0087     1.3585    -1.2456     1.8332
     1.0176     1.3677    -1.2902     1.8803
     1.0620     1.3402    -1.3526     1.8709
     1.0887     1.2394    -1.4418     1.7955
     1.0976     1.1204    -1.5043     1.7673
     1.1331     1.0746    -1.5043     1.6920
     1.1686     0.9281    -1.5756     1.6449
     1.1598     0.8182    -1.5667     1.5790
     1.1509     0.7450    -1.5845     1.4943
     1.1598     0.5802    -1.6113     1.4190
     1.0887     0.4429    -1.6291     1.3437
     1.0531     0.3240    -1.6648     1.2778
     1.0176     0.2051    -1.6559     1.1837
     0.9376     0.1228    -1.6291     1.0708
     0.8221    -0.0053    -1.5399     0.9861
     0.7421    -0.1699    -1.5132     0.8449
     0.5999    -0.2978    -1.4597     0.6944
     0.5110    -0.4075    -1.3526     0.5815
     0.4576    -0.4806    -1.2724     0.4028
     0.3154    -0.5994    -1.1653     0.2523
     0.2710    -0.6817    -1.0940     0.1112
     0.0932    -0.7730    -0.9601    -0.0863
    -0.0046    -0.8552    -0.8442    -0.2273
    -0.0669    -0.9100    -0.6657    -0.3683
    -0.1291    -1.0105    -0.5229    -0.4999
    -0.2447    -1.0379    -0.3802    -0.6503
    -0.2980    -1.1292    -0.2642    -0.7255
    -0.4225    -1.1931    -0.1303    -0.8947
    -0.4581    -1.2296     0.0036    -0.9792
    -0.5470    -1.2844     0.1643    -1.0920
    -0.6359    -1.3301     0.3428    -1.1296
    -0.7249    -1.2844     0.4410    -1.2423
    -0.7782    -1.3027     0.5928    -1.2705
    -0.8138    -1.3940     0.6999    -1.3832
    -0.8850    -1.3940     0.8160    -1.4302
    -0.9739    -1.3392     0.9946    -1.4584
    -0.9828    -1.3848     1.1018    -1.4584
    -1.0095    -1.3666     1.2090    -1.4772
    -1.0984    -1.2935     1.2715    -1.5053
    -1.0895    -1.3027     1.4055    -1.5429
    -1.0984    -1.2844     1.4859    -1.5241
    -1.1118    -1.1749     1.5573    -1.5241
    -1.1251    -1.1931     1.5841    -1.4584
    -1.1162    -1.1201     1.6377    -1.4678
    -1.1518    -1.0288     1.6645    -1.4302
    -1.1340    -0.9557     1.7003    -1.3832
    -1.1429    -0.8187     1.6913    -1.3175
    -1.0806    -0.7091     1.6556    -1.2611
    -1.0451    -0.6817     1.6556    -1.1671
    -1.0362    -0.5355     1.6020    -1.0826
    -0.9739    -0.4624     1.5573    -0.9980
    -0.8938    -0.3070     1.4323    -0.9041
    -0.8138    -0.1699     1.3697    -0.8101
    -0.7515    -0.0693     1.2804    -0.7443
    -0.7160     0.0953     1.1554    -0.6315
    -0.5737     0.1593     1.0125    -0.5187
    -0.4670     0.2966     0.8696    -0.4059
    -0.3692     0.4155     0.7446    -0.3589
    -0.2625     0.5162     0.6285    -0.2555
    -0.1735     0.6351     0.5214    -0.1427
    -0.0669     0.7175     0.3785     0.0266
     0.0487     0.8182     0.2535     0.1770
     0.1821     0.9006     0.1107     0.3369
     0.2354     0.9281    -0.0232     0.4404
     0.4043     1.0746    -0.1571     0.5909
     0.5021     1.1204    -0.3266     0.7320
     0.5910     1.1936    -0.4337     0.9390
     0.6176     1.3219    -0.5229     1.0519
     0.7065     1.3677    -0.6300     1.1837
     0.7865     1.4135    -0.7549     1.3531
     0.8576     1.3677    -0.8085     1.4661
     0.9465     1.4502    -0.9245     1.5978
     0.9731     1.4135    -1.0137     1.6637
     0.9998     1.4043    -1.0583     1.7485
     1.0531     1.4135    -1.1296     1.8332
     1.0709     1.4318    -1.2188     1.8991
     1.0798     1.4227    -1.2902     1.8615
     1.1509     1.4135    -1.3526     1.8709
     1.1686     1.3860    -1.3972     1.8426
     1.1864     1.2761    -1.4151     1.8520
     1.2042     1.1570    -1.4329     1.7861
     1.2397     1.0379    -1.4686     1.7108
     1.2308     0.9372    -1.5399     1.6355
     1.2131     0.8640    -1.5756     1.6261
     1.2220     0.7450    -1.5845     1.5602
     1.1775     0.6534    -1.5845     1.4755
     1.1153     0.5253    -1.5399     1.3625
     1.0353     0.3972    -1.5489     1.2966
     0.9554     0.3057    -1.4864     1.1743
     0.8665     0.1411    -1.4686     1.1084
     0.7421     0.0130    -1.3972     0.9861
     0.6443    -0.1790    -1.3526     0.8261
     0.5643    -0.3070    -1.2724     0.6379
     0.4665    -0.4075    -1.1475     0.5062
     0.3599    -0.5263    -1.0315     0.3557
     0.2621    -0.5903    -0.9066     0.1959
     0.1021    -0.7548    -0.8085     0.0266
     0.0132    -0.8278    -0.6568    -0.1615
    -0.0402    -0.8644    -0.5765    -0.3119
    -0.1291    -0.9648    -0.4426    -0.4435
    -0.2625    -1.0927    -0.2731    -0.6033
    -0.2802    -1.0927    -0.1392    -0.6879
    -0.3425    -1.1475     0.0304    -0.8665
    -0.4848    -1.2570     0.1196    -0.9322
    -0.5292    -1.2753     0.2893    -1.0638
    -0.5826    -1.2935     0.4678    -1.1296
    -0.6270    -1.2935     0.5749    -1.1765
    -0.6982    -1.3209     0.7089    -1.2611
    -0.7515    -1.2935     0.8517    -1.3738
    -0.7693    -1.3118     0.9768    -1.4208
    -0.8494    -1.2844     1.1375    -1.4208
    -0.9027    -1.2844     1.2179    -1.4866
    -0.8850    -1.2844     1.3697    -1.4866
    -0.9828    -1.3209     1.4680    -1.4866
    -1.0006    -1.2935     1.5752    -1.5241
    -1.0095    -1.2570     1.6288    -1.5241
    -1.0095    -1.1566     1.7003    -1.4678
    -1.0717    -1.1749     1.7449    -1.4678
    -1.0628    -1.0927     1.7985    -1.4114
    -1.0628    -1.0196     1.8521    -1.4020
    -1.0806    -0.9374     1.8611    -1.3738
    -1.0539    -0.8187     1.7985    -1.2987
    -1.0984    -0.7822     1.8253    -1.2235
    -1.0628    -0.6908     1.7628    -1.1484
    -1.0451    -0.5994     1.6645    -1.0638
    -1.0006    -0.4532     1.5395    -1.0074
    -0.9116    -0.3801     1.4591    -0.9228
    -0.8938    -0.1790     1.3251    -0.8383
    -0.8138    -0.0419     1.2358    -0.6973
    -0.7338     0.0404     1.1018    -0.6221
    -0.6359     0.2051     0.9410    -0.4905
    -0.5559     0.2417     0.7892    -0.4435
    -0.4225     0.3515     0.6285    -0.3213
    -0.3336     0.4521     0.5035    -0.2179
    -0.2180     0.5894     0.4053    -0.0863
    -0.1380     0.6626     0.2625     0.0548
    -0.0224     0.7267     0.1196     0.1770
     0.1021     0.8274     0.0661     0.2805
     0.2354     0.9281    -0.0499     0.4498
     0.4043     0.9647    -0.2285     0.6003
     0.4576     1.0929    -0.3534     0.7602
     0.5999     1.0929    -0.4516     0.8731
     0.6710     1.1478    -0.5676     1.0049
     0.7332     1.2394    -0.6925     1.1460
     0.8221     1.2211    -0.7549     1.3154
     0.8932     1.2852    -0.8709     1.4284
     0.9643     1.3127    -1.0137     1.4943
     0.9643     1.3219    -1.0761     1.6073
     1.0087     1.3219    -1.1921     1.6637
     1.0531     1.3310    -1.2634     1.7391
     1.0798     1.3952    -1.3348     1.8144
     1.0798     1.3860    -1.4240     1.8520
     1.0887     1.3769    -1.4507     1.8238
     1.1153     1.3402    -1.4953     1.8144
     1.1242     1.2486    -1.5578     1.8144
     1.1331     1.1570    -1.6380     1.7955
     1.1598     1.0654    -1.6737     1.7485
     1.1420     0.9647    -1.7183     1.6543
     1.1242     0.8731    -1.7183     1.5884
     1.1598     0.7450    -1.7540     1.5225
     1.1153     0.6351    -1.7272     1.4849
     1.0087     0.5528    -1.7005     1.3907
     0.9465     0.4063    -1.7183     1.2966
     0.9198     0.3057    -1.6024     1.2213
     0.7776     0.1136    -1.5667     1.1460
     0.7243     0.0130    -1.5043     1.0425
     0.6443    -0.1516    -1.4240     0.9014
     0.5465    -0.3253    -1.2902     0.7226
     0.4310    -0.4349    -1.1832     0.5533
     0.3510    -0.5263    -1.1029     0.4122
     0.2532    -0.6360    -0.9780     0.2617
     0.1376    -0.6999    -0.8352     0.0548
     0.0221    -0.7822    -0.7014    -0.1145
    -0.0580    -0.9009    -0.6389    -0.2461
    -0.1824    -0.9192    -0.4694    -0.3965
    -0.2625    -0.9831    -0.3355    -0.4999
    -0.2891    -1.0653    -0.2463    -0.6785
    -0.3869    -1.1292    -0.0589    -0.7631
    -0.4937    -1.1566     0.0572    -0.9041
    -0.5114    -1.2023     0.2357    -0.9886
    -0.6448    -1.2114     0.3339    -1.0826
    -0.7071    -1.2296     0.4946    -1.1296
    -0.7071    -1.2570     0.6196    -1.2423
    -0.8049    -1.2662     0.7892    -1.2893
    -0.8583    -1.2570     0.9232    -1.3738
    -0.8672    -1.2388     1.0303    -1.3738
    -0.9027    -1.2433     1.2179    -1.4490
    -0.9739    -1.2479     1.2804    -1.4114
    -1.0095    -1.2844     1.3876    -1.4208
    -1.0006    -1.2570     1.5216    -1.4208
    -1.0273    -1.2205     1.6199    -1.4490
    -1.0628    -1.1931     1.7181    -1.4490
    -1.0539    -1.0836     1.7628    -1.4114
    -1.0539    -1.0379     1.8164    -1.3738
    -1.1162    -1.0014     1.8075    -1.3269
    -1.0717    -0.8918     1.8611    -1.2705
    -1.1073    -0.8461     1.8164    -1.2423
    -1.0451    -0.7822     1.7896    -1.2047
    -1.0273    -0.6999     1.7360    -1.1202
    -1.0628    -0.5446     1.7181    -1.0638
    -1.0006    -0.4441     1.6199    -0.9980
    -0.9472    -0.3435     1.5216    -0.8853
    -0.8672    -0.2064     1.4680    -0.8289
    -0.8138    -0.0419     1.3161    -0.7161
    -0.7338     0.0222     1.2358    -0.6409
    -0.6537     0.1685     1.0661    -0.5281
    -0.5648     0.2325     0.9589    -0.4811
    -0.4581     0.3606     0.8339    -0.3495
    -0.3425     0.4429     0.6999    -0.2461
    -0.2625     0.5711     0.5571    -0.1145
    -0.1469     0.6626     0.4410     0.0172
     0.0043     0.7724     0.2982     0.1206
     0.0843     0.8182     0.1196     0.2335
     0.2087     0.9464     0.0572     0.4122
     0.2888     1.0105    -0.1035     0.5439
     0.3865     1.0746    -0.2731     0.6662
     0.5288     1.1570    -0.4069     0.7791
     0.6088     1.1845    -0.5586     0.9578
     0.6887     1.2303    -0.6925     1.1084
     0.7154     1.3127    -0.8085     1.2402
     0.7865     1.3127    -0.9245     1.3907
     0.9020     1.3402    -0.9869     1.4755
     0.9376     1.3952    -1.1475     1.6073
     0.9465     1.3585    -1.2010     1.6449
     0.9909     1.3769    -1.2991     1.7673
     1.0442     1.3402    -1.3883     1.7955
     1.0620     1.3219    -1.4686     1.8426
     1.0887     1.3494    -1.5667     1.7767
     1.1509     1.2486    -1.6113     1.7861
     1.1598     1.2211    -1.6826     1.7202
     1.1420     1.1021    -1.6648     1.7202
     1.1953     1.0563    -1.7272     1.6637
     1.1509     0.8823    -1.7629     1.5696
     1.1598     0.7999    -1.7807     1.5037
     1.1242     0.6900    -1.8075     1.4566
     1.1153     0.6443    -1.7540     1.3719
     1.0353     0.4612    -1.7718     1.3625
     0.9465     0.3697    -1.7005     1.2590
     0.9020     0.2417    -1.6915     1.1931
     0.8132     0.1045    -1.6202     1.0519
     0.6621     0.0404    -1.5756     0.9767
     0.6088    -0.1516    -1.4775     0.8073
     0.4932    -0.2613    -1.4507     0.7038
     0.4399    -0.3710    -1.3437     0.5533
     0.3421    -0.4898    -1.2545     0.4028
     0.2265    -0.6086    -1.1386     0.2429
     0.1021    -0.7273    -1.0137     0.0548
     0.0665    -0.7639    -0.8977    -0.1145
    -0.0491    -0.8461    -0.7728    -0.2085
    -0.1469    -0.9374    -0.6568    -0.3589
    -0.2358    -1.0105    -0.5586    -0.5093
    -0.2713    -1.0653    -0.3891    -0.5845
    -0.3781    -1.1109    -0.2820    -0.7067
    -0.4314    -1.1109    -0.1392    -0.8101
    -0.4759    -1.1383     0.0215    -0.9041
    -0.5648    -1.1657     0.1911    -0.9886
    -0.6626    -1.2296     0.3607    -1.0826
    -0.7071    -1.1931     0.5303    -1.1578
    -0.7338    -1.2753     0.6553    -1.2047
    -0.7693    -1.2844     0.8339    -1.2893
    -0.8494    -1.2662     0.9768    -1.3363
    -0.8761    -1.2935     1.1197    -1.3456
    -0.8938    -1.2935     1.2268    -1.3269
    -0.9205    -1.2844     1.3072    -1.3644
    -0.9917    -1.2205     1.4680    -1.3644
    -1.0362    -1.1931     1.5127    -1.3926
    -1.0006    -1.2023     1.6467    -1.3738
    -1.0806    -1.0927     1.6645    -1.3926
    -1.0984    -1.0470     1.7449    -1.3363
    -1.0984    -1.0014     1.7985    -1.3269
    -1.0895    -0.9466     1.7985    -1.2893
    -1.0717    -0.8644     1.7717    -1.1953
    -1.0628    -0.7365     1.7807    -1.1859
    -1.0539    -0.7182     1.7271    -1.0826
    -1.0628    -0.5629     1.6735    -1.0356
    -1.0095    -0.5355     1.6377    -0.9416
    -0.9828    -0.3984     1.5573    -0.8571
    -0.9205    -0.2887     1.4859    -0.7725
    -0.8583    -0.1881     1.4055    -0.6973
    -0.7604    -0.0693     1.2715    -0.5845
    -0.6893     0.0404     1.1464    -0.4905
    -0.5826     0.1776     0.9768    -0.3683
    -0.4670     0.3149     0.8250    -0.3025
    -0.3514     0.4338     0.7089    -0.2367
    -0.2625     0.5345     0.6017    -0.1051
    -0.1824     0.6260     0.4410     0.0360
    -0.0224     0.7084     0.3250     0.2147
     0.0398     0.7999     0.1732     0.3369
     0.1910     0.8365     0.0661     0.4780
     0.2799     0.9922    -0.1035     0.5721
     0.3865     1.0654    -0.2642     0.7132
     0.4843     1.1295    -0.4248     0.8826
     0.5910     1.1662    -0.5408     1.0613
     0.6799     1.2120    -0.6300     1.1555
     0.7243     1.3127    -0.7817     1.3060
     0.8132     1.2669    -0.8352     1.3625
     0.8843     1.3494    -1.0047     1.4755
     0.9020     1.3219    -1.0315     1.5414
     0.9376     1.3036    -1.1386     1.6449
     1.0265     1.2898    -1.2367     1.6637
     1.0353     1.2761    -1.3170     1.7296
     1.0531     1.2669    -1.3794     1.7014
     1.0798     1.2669    -1.4062     1.7014
     1.1242     1.2211    -1.4418     1.6826
     1.1864     1.1295    -1.5043     1.6449
     1.1509     1.1204    -1.5399     1.6167
     1.1686     1.0105    -1.6024     1.5414
     1.1864     0.9281    -1.6202     1.4755
     1.1864     0.8090    -1.6380     1.4378
     1.1686     0.6992    -1.6113     1.4002
     1.1686     0.6168    -1.6470     1.2872
     1.0976     0.4704    -1.6024     1.2119
     1.0265     0.3697    -1.6113     1.1272
     1.0176     0.2051    -1.5578     1.0331
     0.9287     0.0770    -1.5310     0.9390
     0.7687    -0.0053    -1.5310     0.8449
     0.7065    -0.1881    -1.4240     0.6944
     0.6176    -0.3618    -1.3794     0.6003
     0.5465    -0.4715    -1.3080     0.4404
     0.4576    -0.5629    -1.1653     0.2617
     0.3421    -0.6268    -1.0315     0.1300
     0.1910    -0.7822    -0.9601    -0.0580
     0.1465    -0.8370    -0.7817    -0.1615
     0.0398    -0.9192    -0.6479    -0.2931
    -0.0580    -0.9831    -0.5676    -0.4435
    -0.1735    -1.0288    -0.4159    -0.5845
    -0.2358    -1.1109    -0.2909    -0.7067
    -0.3158    -1.1383    -0.1035    -0.7913
    -0.4225    -1.1749     0.0750    -0.8759
    -0.5203    -1.1840     0.1911    -1.0074
    -0.5826    -1.2205     0.3607    -1.0732
    -0.6537    -1.2205     0.4589    -1.1484
    -0.7249    -1.2296     0.5749    -1.1859
    -0.7160    -1.2205     0.7267    -1.2705
    -0.8227    -1.2570     0.8339    -1.2893
    -0.8316    -1.2570     0.9410    -1.3269
    -0.8761    -1.2205     1.0661    -1.3550
    -0.9116    -1.2296     1.2179    -1.4208
    -0.9561    -1.2205     1.3429    -1.4208
    -0.9561    -1.1657     1.4501    -1.4396
    -0.9917    -1.1475     1.5216    -1.4020
    -1.0451    -1.1292     1.5931    -1.4114
    -1.0717    -1.1109     1.7092    -1.4302
    -1.0451    -1.0196     1.7360    -1.3738
    -1.0895    -1.0288     1.8164    -1.3550
    -1.1073    -0.9374     1.8521    -1.2799
    -1.1073    -0.8826     1.7896    -1.2799
    -1.0451    -0.7548     1.8253    -1.1671
    -1.0806    -0.7091     1.7360    -1.1484
    -1.0006    -0.5812     1.7092    -1.0732
    -0.9650    -0.4806     1.6020    -1.0074
    -0.9383    -0.3893     1.5216    -0.9041
    -0.8850    -0.2887     1.4323    -0.8101
    -0.7960    -0.1699     1.3072    -0.6879
          3          3          3          3
