    4   2048 0.020000  2016   1  21  13  17
         16         10         11         42
    -1.5431    -0.9898    -0.3633     0.1666
    -1.3829    -1.1724    -0.3366     0.7027
    -1.1605    -1.3732    -0.3455     1.2485
    -0.9382    -1.6196    -0.3455     1.8321
    -0.5646    -1.6379    -0.3455     2.3030
    -0.2623    -1.6242    -0.3544     2.6798
     0.1200    -1.6105    -0.3455     2.6986
     0.4312    -1.4463    -0.3009     2.6892
     0.8756    -1.3002    -0.2652     2.7175
     1.2399    -1.1085    -0.2562     2.5008
     1.6397    -0.8619    -0.2116     1.8227
     1.9063    -0.6883    -0.1938     1.2108
     2.1727    -0.3228    -0.1491     0.6086
     2.4125     0.0886    -0.1491     0.0725
     2.4037     0.6284    -0.1224    -0.2660
     2.3948     1.1228    -0.0510    -0.6232
     1.7997     1.4801    -0.0510    -0.9427
     1.0266     1.8009     0.0026    -1.1119
     0.5200     2.0209     0.0026    -1.2904
    -0.0311     2.1860     0.0561    -1.4219
    -0.4312     2.1493     0.0204    -1.4970
    -0.8581     2.0576     0.0294    -1.5252
    -1.1516     1.8467     0.0651    -1.4501
    -1.3295     1.5534     0.0472    -1.3937
    -1.5075     1.1137     0.0561    -1.1776
    -1.5253     0.6010     0.0651    -0.9897
    -1.5342     0.0703     0.0204    -0.7078
    -1.4630    -0.3502     0.0561    -0.4258
    -1.4363    -0.6701     0.0472    -0.0685
    -1.2762    -0.9624     0.0294     0.3358
    -1.0182    -1.1815     0.0115     0.6651
    -0.6891    -1.4189    -0.0242     1.0791
    -0.3601    -1.6014    -0.0599     1.4367
    -0.0489    -1.7018    -0.0599     1.7286
     0.3956    -1.7109    -0.0510     2.0675
     0.8489    -1.6014    -0.0688     2.1617
     1.3910    -1.5558    -0.0778     2.1711
     1.8174    -1.3367    -0.0778     2.0864
     2.3681    -1.0720    -0.1045     1.8510
     2.6434    -0.6792    -0.0956     1.6156
     2.7411    -0.1674    -0.0510     1.3332
     2.5458     0.3997    -0.0331     0.8250
     2.2349     0.9855    -0.0153     0.4111
     1.7286     1.4526     0.0294     0.0255
     1.2488     1.9292     0.0204    -0.3506
     0.8400     2.3878     0.1186    -0.6514
     0.4045     2.4428     0.1097    -0.8112
     0.0400     2.5071     0.1811    -1.0179
    -0.2267     2.4887     0.2168    -1.1588
    -0.5202     2.2685     0.2793    -1.2246
    -0.8047     1.7825     0.2704    -1.2199
    -1.0716     1.2053     0.3061    -1.2152
    -1.2317     0.6467     0.3775    -1.1025
    -1.3384     0.1618     0.4310    -0.9427
    -1.3118    -0.3685     0.4757    -0.6702
    -1.3829    -0.7614     0.4667    -0.4258
    -1.4007    -1.0080     0.4846    -0.1438
    -1.4096    -1.2363     0.4935     0.3264
    -1.2317    -1.4189     0.5292     0.7874
    -1.0360    -1.6196     0.5114     1.4085
    -0.7247    -1.6926     0.5203     1.9640
    -0.4401    -1.7109     0.5292     2.5008
     0.0044    -1.7109     0.5382     2.7269
     0.5112    -1.5740     0.4935     2.7929
     1.0711    -1.3915     0.4757     2.7552
     1.6753    -1.0537     0.4489     2.7269
     2.1816    -0.7523     0.3775     2.2559
     2.5014    -0.3319     0.3685     1.5779
     2.7056     0.3265     0.3150     0.8909
     2.6434     1.0770     0.2346     0.2888
     2.4658     1.6359     0.1989    -0.2284
     2.1283     2.2869     0.1811    -0.6326
     1.7819     2.4520     0.1186    -0.9991
     1.1599     2.5162     0.0829    -1.3280
     0.4934     2.5621     0.0561    -1.5064
    -0.0845     2.5162     0.0383    -1.5910
    -0.5824     2.4795     0.0294    -1.6379
    -1.0093     2.2685    -0.0242    -1.6098
    -1.3118     1.8100    -0.0778    -1.6098
    -1.5697     1.2053    -0.0822    -1.5440
    -1.6765     0.6559    -0.0867    -1.2904
    -1.6320     0.1527    -0.0599    -1.0555
    -1.5964    -0.3685    -0.0421    -0.7548
    -1.6053    -0.7706    -0.0599    -0.2566
    -1.5520    -1.0080    -0.0153     0.2042
    -1.3562    -1.2363    -0.0153     0.8062
    -1.1961    -1.4371     0.0561     1.4179
    -0.8848    -1.6653     0.0472     1.9075
    -0.6358    -1.7291     0.1186     2.5196
    -0.2089    -1.7474     0.1365     2.7552
     0.2534    -1.7109     0.1900     2.7363
     0.6978    -1.6196     0.1632     2.7363
     1.0711    -1.4006     0.1989     2.6233
     1.5509    -1.0811     0.2614     2.2371
     1.8796    -0.7066     0.2614     1.6533
     2.2349    -0.2405     0.2614     0.9944
     2.4836     0.2624     0.2614     0.3358
     2.5191     0.7840     0.3061    -0.1532
     2.3593     1.3518     0.2614    -0.5950
     2.0573     1.8192     0.2704    -0.9709
     1.7108     2.2685     0.2079    -1.2622
     1.1066     2.4428     0.1811    -1.5722
     0.5378     2.4887     0.1543    -1.7788
     0.0133     2.5254     0.1632    -1.8352
    -0.5024     2.4612     0.0651    -1.8821
    -0.9115     2.2135     0.0740    -1.9103
    -1.2317     1.8467    -0.0421    -1.8258
    -1.5520     1.3610    -0.0867    -1.7319
    -1.7299     0.8024    -0.1402    -1.5064
    -1.7210     0.2441    -0.1402    -1.1776
    -1.7121    -0.2771    -0.1938    -0.7924
    -1.7032    -0.6975    -0.2295    -0.3318
    -1.7210    -1.0263    -0.2652     0.2324
    -1.6498    -1.2820    -0.3276     0.8062
    -1.4452    -1.5010    -0.3633     1.4650
    -1.1605    -1.7565    -0.3544     2.0675
    -0.7336    -1.9024    -0.3276     2.5385
    -0.3156    -1.9937    -0.3633     2.7175
     0.1823    -1.9572    -0.3366     2.7269
     0.9289    -1.8751    -0.2830     2.6892
     1.5154    -1.6196    -0.2562     2.3878
     2.0928    -1.3276    -0.1670     1.7756
     2.6701    -0.9989    -0.1670     1.2203
     2.7012    -0.6792    -0.1045     0.5804
     2.7323    -0.1857    -0.0510    -0.0403
     2.2438     0.4180     0.0383    -0.4352
     1.7019     1.1320     0.1008    -0.8112
     1.1688     1.6634     0.1722    -1.1870
     0.6267     2.1218     0.1900    -1.5064
     0.1734     2.4612     0.2971    -1.7225
    -0.3067     2.4704     0.3864    -1.7882
    -0.7692     2.4428     0.4489    -1.7506
    -1.0449     2.1493     0.4578    -1.6379
    -1.2495     1.7917     0.4757    -1.5628
    -1.4363     1.3702     0.5382    -1.3655
    -1.6320     0.9580     0.5203    -1.1401
    -1.7121     0.4729     0.5650    -0.9239
    -1.7744     0.0429     0.5471    -0.6138
    -1.6498    -0.4965     0.5560    -0.2002
    -1.5431    -0.9076     0.4846     0.2982
    -1.3206    -1.2089     0.4489     0.8250
    -1.1338    -1.4463     0.3775     1.3614
    -0.7959    -1.6653     0.3685     1.8227
    -0.5468    -1.8112     0.2882     2.3878
    -0.1912    -1.8295     0.2079     2.6233
     0.1200    -1.8477     0.1454     2.7081
     0.5823    -1.7474     0.1186     2.7081
     1.0800    -1.5101     0.0026     2.6139
     1.4532    -1.1907    -0.0599     2.3124
     1.8885    -0.8162    -0.1313     1.8416
     2.2438    -0.2680    -0.1224     1.3991
     2.4037     0.3539    -0.2295     0.8438
     2.3504     0.9488    -0.2295     0.3264
     2.1194     1.4526    -0.2652    -0.1061
     1.8085     1.9109    -0.2652    -0.5198
     1.3821     2.2410    -0.3098    -0.8957
     0.9200     2.3786    -0.2830    -1.1401
     0.4489     2.4520    -0.2741    -1.3092
    -0.0578     2.4153    -0.2473    -1.4313
    -0.5646     2.2410    -0.1581    -1.4970
    -1.0538     2.0117    -0.1224    -1.5252
    -1.4185     1.6909    -0.0688    -1.4125
    -1.6231     1.2694    -0.0242    -1.1964
    -1.8367     0.7932     0.0294    -0.9615
    -1.9167     0.3265     0.1186    -0.7360
    -1.8723    -0.0485     0.2257    -0.3694
    -1.7299    -0.3776     0.2525    -0.0591
    -1.5964    -0.6335     0.3328     0.5804
    -1.3473    -0.8162     0.4310     1.1073
    -1.1072    -1.0902     0.4489     1.6533
    -0.7336    -1.2272     0.5382     2.1617
    -0.4046    -1.3550     0.5471     2.5856
    -0.0400    -1.4189     0.5828     2.7929
     0.4223    -1.4371     0.6185     2.7740
     0.8756    -1.3367     0.6096     2.7646
     1.1955    -1.2089     0.5917     2.7646
     1.6309    -1.0446     0.5650     2.4349
     1.9240    -0.7158     0.5560     1.8133
     2.2438    -0.3685     0.4846     1.2579
     2.4125     0.1069     0.4667     0.5992
     2.3504     0.6193     0.3864    -0.0215
     2.1194     1.1412     0.2882    -0.4352
     1.7641     1.6176     0.2079    -0.9051
     1.3821     1.9567     0.1632    -1.2998
     0.9200     2.2777     0.0472    -1.4783
     0.3156     2.4153     0.0294    -1.6567
    -0.2445     2.4337    -0.0778    -1.7506
    -0.7069     2.3694    -0.1313    -1.7788
    -1.0449     2.2227    -0.2384    -1.7506
    -1.3740     1.9017    -0.2473    -1.6849
    -1.6231     1.4526    -0.3544    -1.4877
    -1.8011     0.9031    -0.3455    -1.2340
    -1.7833     0.3265    -0.4258    -0.9709
    -1.7744    -0.1765    -0.3990    -0.6232
    -1.6676    -0.5330    -0.4169    -0.1626
    -1.5786    -0.7523    -0.3812     0.3829
    -1.3295    -1.0811    -0.3723     0.9568
    -1.0716    -1.3002    -0.3455     1.5120
    -0.6358    -1.4280    -0.2919     2.0487
    -0.1912    -1.5649    -0.2562     2.5762
     0.3067    -1.6653    -0.1581     2.7175
     0.7156    -1.6653    -0.0956     2.7081
     1.2133    -1.5375    -0.0421     2.6986
     1.7375    -1.3550     0.0561     2.5196
     2.1727    -1.0902     0.1275     2.0205
     2.4747    -0.7797     0.2436     1.3708
     2.4481    -0.4965     0.3328     0.8062
     2.4214     0.0521     0.4043     0.2136
     2.2172     0.6467     0.4400    -0.3224
     1.8796     1.1503     0.5203    -0.7736
     1.4887     1.5534     0.5560    -1.1307
     0.9911     1.9384     0.6364    -1.5346
     0.5467     2.2043     0.6453    -1.7788
     0.1823     2.3144     0.6810    -1.8446
    -0.2178     2.1034     0.6632    -1.9572
    -0.4579     1.8650     0.6274    -1.9197
    -0.7870     1.4984     0.6096    -1.8446
    -1.0538     1.0862     0.6542    -1.7225
    -1.3740     0.7200     0.6364    -1.4031
    -1.4897     0.2075     0.5650    -1.1401
    -1.5075    -0.2405     0.4935    -0.7078
    -1.5253    -0.7340     0.4310    -0.2378
    -1.4541    -1.0172     0.3596     0.3076
    -1.4007    -1.3732     0.2971     0.8062
    -1.3384    -1.6105     0.2257     1.3332
    -1.1783    -1.8112     0.1543     1.9451
    -0.9382    -1.8933     0.0740     2.5291
    -0.5557    -1.9024     0.0472     2.7269
    -0.1556    -1.8112    -0.0421     2.7740
     0.3156    -1.6561    -0.0688     2.7740
     0.9378    -1.4463    -0.1581     2.4443
     1.6131    -1.1541    -0.1759     1.7474
     2.3060    -0.6975    -0.2384     1.0979
     2.6790    -0.0943    -0.2473     0.4863
     2.7411     0.4729    -0.2652    -0.0591
     2.6079     0.9946    -0.2473    -0.5010
     2.3149     1.4435    -0.2652    -0.7736
     1.9063     1.8742    -0.2027    -1.1213
     1.4798     2.2227    -0.1759    -1.3092
     1.1333     2.3878    -0.1224    -1.4970
     0.6445     2.3970    -0.1045    -1.7225
     0.1467     2.2685    -0.0153    -1.7694
    -0.3779     2.0668     0.0115    -1.7225
    -0.8670     1.7734     0.0829    -1.5064
    -1.2050     1.2969     0.1275    -1.2810
    -1.4630     0.7474     0.1989    -0.9897
    -1.6943     0.3539     0.2704    -0.5950
    -1.8011    -0.1217     0.3685    -0.2566
    -1.8144    -0.5056     0.4221     0.2230
    -1.8278    -0.7614     0.4667     0.7403
    -1.7477    -0.9989     0.4846     1.2955
    -1.5431    -1.2272     0.5560     1.9169
    -1.3295    -1.4097     0.5650     2.5479
    -1.0093    -1.5558     0.5739     2.7929
    -0.6002    -1.6561     0.5650     2.8871
    -0.1111    -1.6926     0.5739     2.9625
     0.4489    -1.6470     0.5471     3.0096
     0.9200    -1.5010     0.5114     2.9059
     1.4176    -1.3276     0.5203     2.3595
     1.8885    -1.0354     0.4489     1.6815
     2.3326    -0.6609     0.4132     1.0320
     2.5990    -0.1491     0.3775     0.4393
     2.6079     0.2990     0.2971    -0.0685
     2.6168     0.8481     0.1989    -0.4258
     2.2616     1.4251     0.1543    -0.9051
     1.8707     1.8009     0.0740    -1.3280
     1.4443     2.2135     0.0472    -1.6192
     0.9733     2.3786    -0.0421    -1.8821
     0.4489     2.4153    -0.0778    -2.0511
    -0.0489     2.4337    -0.1313    -2.0887
    -0.5113     2.2318    -0.2027    -2.0230
    -0.8581     1.8467    -0.2473    -1.9385
    -1.0983     1.3793    -0.2830    -1.7788
    -1.3829     0.8390    -0.3544    -1.4501
    -1.5342     0.3905    -0.3633    -1.1025
    -1.5386    -0.0028    -0.3901    -0.5574
    -1.5431    -0.3959    -0.3901    -0.0403
    -1.4630    -0.6427    -0.4079     0.5428
    -1.3562    -0.8984    -0.3901     1.0791
    -1.2317    -1.0811    -0.3455     1.5215
    -1.0093    -1.2363    -0.3187     2.0581
    -0.6447    -1.3459    -0.2652     2.6044
    -0.2000    -1.4097    -0.2562     2.8965
     0.1911    -1.4919    -0.1848     2.9248
     0.6089    -1.5193    -0.1224     2.9436
     1.0622    -1.4280    -0.0510     2.7269
     1.5420    -1.1359     0.0115     2.3784
     2.0395    -0.8984     0.0561     1.9545
     2.4303    -0.5970     0.0829     1.4650
     2.6523    -0.2405     0.1722     0.8344
     2.6257     0.1435     0.1811     0.3358
     2.5990     0.4729     0.2346    -0.1438
     2.3504     0.7749     0.2614    -0.4728
     1.9151     1.1503     0.3061    -0.8300
     1.4265     1.5442     0.3507    -1.1494
     0.7778     1.6176     0.3864    -1.3373
     0.2534     1.6726     0.3596    -1.4877
    -0.1378     1.7092     0.3775    -1.6285
    -0.5291     1.5992     0.3061    -1.7412
    -0.7514     1.4251     0.2971    -1.7600
    -1.1161     1.2511     0.2525    -1.7319
    -1.3473     1.0129     0.2436    -1.5722
    -1.4719     0.7840     0.2079    -1.3186
    -1.4897     0.4546     0.1722    -1.0179
    -1.3740     0.2167     0.1008    -0.6608
    -1.3384    -0.0943     0.0294    -0.3130
    -1.1961    -0.3137    -0.0153     0.1383
    -1.0538    -0.5878    -0.0421     0.5992
    -0.7781    -0.8436    -0.0867     1.2014
    -0.5024    -1.0263    -0.1848     1.7286
    -0.1022    -1.2546    -0.1670     2.2371
     0.3067    -1.5010    -0.2473     2.7740
     0.8045    -1.6835    -0.3009     2.9625
     1.2755    -1.6561    -0.3098     2.9907
     1.7908    -1.6196    -0.3455     2.8494
     2.1461    -1.3915    -0.3366     2.2371
     2.4925    -1.1267    -0.3098     1.5779
     2.5724    -0.7888    -0.3187     0.9003
     2.4214    -0.4416    -0.3009     0.2606
     2.2083     0.1618    -0.2116    -0.2190
     1.7730     0.8298    -0.1938    -0.5950
     1.3288     1.5259    -0.1313    -1.0367
     0.9289     2.2502    -0.0867    -1.4407
     0.4045     2.6172    -0.0421    -1.5628
    -0.0311     2.7640     0.0026    -1.5816
    -0.4579     2.8007     0.1097    -1.5957
    -0.7247     2.7824     0.1275    -1.6098
    -1.0538     2.2869     0.2436    -1.4595
    -1.3918     1.5351     0.2436    -1.2810
    -1.6231     0.7383     0.3685    -0.9991
    -1.7388     0.2167     0.3953    -0.6608
    -1.7210    -0.3319     0.4846    -0.2002
    -1.7655    -0.7432     0.4846     0.2700
    -1.7477    -1.0720     0.5560     0.7215
    -1.6320    -1.3915     0.5650     1.1261
    -1.3740    -1.4919     0.6096     1.5309
    -1.1161    -1.6014     0.5739     1.9922
    -0.7336    -1.7200     0.6274     2.4349
    -0.2890    -1.7109     0.5828     2.7458
     0.2000    -1.5923     0.6096     2.8777
     0.6889    -1.5010     0.5828     2.8588
     1.1599    -1.2454     0.5560     2.7081
     1.7019    -0.9806     0.4846     2.3595
     2.1372    -0.7340     0.4489     1.9545
     2.2882    -0.3776     0.4578     1.3991
     2.3060     0.2533     0.3775     0.9379
     2.1017     0.8756     0.2971     0.3358
     1.8352     1.5442     0.2793    -0.1908
     1.5509     2.1676     0.2257    -0.7548
     1.0977     2.5529     0.1811    -1.2716
     0.6267     2.7273     0.1543    -1.6285
     0.1289     2.6906     0.1186    -1.8164
    -0.4668     2.5713     0.1008    -1.9385
    -0.9293     2.1768     0.0561    -2.0605
    -1.3740     1.7550    -0.0242    -2.0324
    -1.6587     1.1228    -0.0688    -1.8539
    -1.9612     0.6742    -0.0510    -1.5346
    -2.0680     0.2624    -0.0688    -1.1870
    -2.0547    -0.2497    -0.1402    -0.8112
    -2.0413    -0.5056    -0.1402    -0.3694
    -2.0057    -0.7888    -0.1581     0.0631
    -1.8723    -0.9350    -0.1045     0.5804
    -1.6943    -1.1085    -0.1001     1.1073
    -1.3384    -1.3002    -0.0956     1.6627
    -0.8314    -1.3824    -0.0778     2.3218
    -0.2801    -1.4097    -0.0331     2.8965
     0.1467    -1.3641    -0.0153     2.9813
     0.8045    -1.3185     0.0383     3.0850
     1.3199    -1.1998     0.0918     3.1038
     1.8085    -1.0902     0.1275     2.9907
     2.2172    -0.8802     0.2346     2.3124
     2.3593    -0.5696     0.2525     1.5779
     2.3326    -0.1491     0.3685     0.9379
     2.3149     0.2716     0.4400     0.3170
     2.1106     0.8115     0.5203    -0.2096
     1.7552     1.3793     0.5471    -0.5480
     1.3465     1.9751     0.5739    -0.9709
     0.8222     2.3786     0.6096    -1.3655
     0.3156     2.6814     0.6721    -1.6004
    -0.1111     2.7457     0.6453    -1.6943
    -0.5824     2.5805     0.6096    -1.7225
    -0.8581     2.2685     0.6542    -1.7131
    -1.1872     1.8375     0.5650    -1.6943
    -1.4541     1.2602     0.5203    -1.5722
    -1.6231     0.6650     0.4132    -1.3467
    -1.5786     0.0703     0.3150    -1.1588
    -1.5697    -0.3594     0.1722    -0.7548
    -1.5253    -0.8619    -0.0153    -0.3788
    -1.4541    -1.1724    -0.1670     0.1289
    -1.3562    -1.4189    -0.3098     0.7780
    -1.0894    -1.5740    -0.4169     1.3708
    -0.8047    -1.7200    -0.5418     2.0393
    -0.3601    -1.8021    -0.6578     2.7929
    -0.0044    -1.7565    -0.7381     3.0944
     0.4845    -1.6653    -0.7470     3.1792
     1.0178    -1.4919    -0.8005     3.3866
     1.5687    -1.2089    -0.7470     3.3677
     2.0217    -0.9532    -0.6399     2.9907
     2.4570    -0.6153    -0.5596     2.0864
     2.6701    -0.2223    -0.3723     1.2485
     2.7323     0.2075    -0.2027     0.5522
     2.5902     0.8939     0.0740    -0.0967
     2.2882     1.4709     0.3328    -0.5856
     1.9240     1.9384     0.6274    -0.8957
     1.5598     2.3878     0.6989    -1.2528
     1.0355     2.5805     1.0739    -1.6004
     0.5112     2.6631     1.6366    -1.7882
    -0.0222     2.5162     2.0297    -1.8539
    -0.3779     2.3236     2.0565    -1.8492
    -0.6713     2.0117     1.9672    -1.8446
    -0.9826     1.6084     1.5473    -1.7037
    -1.2317     1.0587     0.9846    -1.4689
    -1.4452     0.6193     0.4132    -1.1682
    -1.5253     0.1069    -0.0421    -0.7548
    -1.4808    -0.3137    -0.4615    -0.4070
    -1.4096    -0.6518    -0.8005     0.0913
    -1.3562    -0.9350    -1.0414     0.6180
    -1.1872    -1.1176    -1.2287     1.3050
    -1.0093    -1.2363    -1.3714     1.8416
    -0.6625    -1.4371    -1.3714     2.5102
    -0.1912    -1.5101    -1.3714     3.0567
     0.3512    -1.4919    -1.3090     3.3206
     0.9289    -1.3550    -1.1306     3.3395
     1.4976    -1.2454    -0.8719     3.3395
     2.1372    -1.1633    -0.5418     3.1604
     2.6523    -0.9350    -0.2027     2.6327
     2.9809    -0.6609     0.3061     1.9169
     3.1496    -0.3502     0.9578     1.1920
     3.1052     0.0246     1.3150     0.5240
     2.7855     0.3631     1.9403    -0.1061
     2.0750     0.8115     2.0118    -0.5104
     1.4887     1.2419     2.0654    -0.9521
     0.8578     1.6726     2.0565    -1.3467
     0.2889     1.9476     2.0208    -1.6755
    -0.2178     2.2043     1.7349    -1.8258
    -0.6625     2.2594     1.1811    -1.9291
    -1.0360     2.0851     0.6632    -2.0042
    -1.2406     1.8834     0.2257    -2.0511
    -1.4452     1.5534    -0.2116    -1.9385
    -1.5786     0.9946    -0.6221    -1.7037
    -1.6587     0.5735    -0.9700    -1.4501
    -1.6231     0.1710    -1.1841    -1.1401
    -1.4808    -0.2131    -1.3893    -0.7924
    -1.4007    -0.5787    -1.4963    -0.4164
    -1.2406    -0.7614    -1.6122     0.1195
    -1.0182    -0.9624    -1.6657     0.7215
    -0.6891    -1.1450    -1.5409     1.2391
    -0.2356    -1.2637    -1.4249     1.8604
     0.2534    -1.3185    -1.1752     2.4914
     0.8756    -1.4189    -0.8987     3.0379
     1.4976    -1.4554    -0.5329     3.2169
     2.2349    -1.4097    -0.1491     3.2311
     2.8743    -1.2454     0.3328     3.2452
     3.1318    -1.0080     1.0561     2.9059
     3.1229    -0.7066     1.6723     2.3595
     2.7589    -0.4233     1.9940     1.7756
     2.1905    -0.2040     2.3961     1.0414
     1.5420     0.1618     2.4944     0.4017
     0.9733     0.6193     2.5033    -0.1720
     0.4578     1.1320     2.1637    -0.6608
    -0.0845     1.5351     1.6009    -1.0555
    -0.5735     1.9017     1.0025    -1.4783
    -0.9293     2.1034     0.5114    -1.8352
    -1.1961     2.2777     0.0115    -1.9103
    -1.4274     2.2869    -0.3723    -1.9854
    -1.4986     2.1493    -0.8095    -2.0042
    -1.6765     1.8834    -1.0771    -1.9103
    -1.7210     1.5626    -1.3001    -1.7037
    -1.6676     1.0770    -1.4874    -1.4407
    -1.5520     0.5827    -1.5409    -1.1401
    -1.4897     0.0429    -1.5453    -0.8394
    -1.3651    -0.4325    -1.5498    -0.4634
    -1.1427    -0.8528    -1.4517    -0.0309
    -0.8403    -1.1633    -1.2822     0.5992
    -0.3690    -1.3550    -1.0682     1.2579
     0.0578    -1.6196    -0.8005     1.7568
     0.5467    -1.8021    -0.4793     2.2559
     1.0888    -1.8933    -0.1135     2.6892
     1.6842    -1.8933     0.3150     2.9719
     2.2527    -1.8568     0.8417     3.0002
     2.6612    -1.7200     1.2883     2.6704
     2.6834    -1.5010     1.8778     2.0958
     2.7056    -1.0446     2.3246     1.5120
     2.4037    -0.4782     2.4765     0.9097
     1.8885     0.0521     2.5033     0.2700
     1.3554     0.6284     2.4407    -0.3130
     0.6978     1.3335     2.3514    -0.7548
     0.2089     1.9017     2.0029    -1.1213
    -0.3156     2.4612     1.6366    -1.4595
    -0.7959     2.7273     1.2257    -1.7600
    -1.2317     2.7181     0.8507    -1.8821
    -1.4363     2.6539     0.4310    -1.9760
    -1.7210     2.3786     0.0472    -2.0042
    -1.8634     1.9476    -0.1848    -2.0042
    -1.9612     1.4526    -0.3901    -1.8539
    -1.9434     0.8298    -0.5864    -1.7037
    -1.9434     0.3722    -0.6845    -1.3749
    -1.8901    -0.1034    -0.8184    -0.9709
    -1.6854    -0.5147    -0.9165    -0.5762
    -1.4363    -0.8528    -0.9433    -0.1250
    -1.0716    -1.1633    -0.8630     0.4675
    -0.6002    -1.3732    -0.7024     1.0132
    -0.1734    -1.5649    -0.6489     1.5874
     0.2445    -1.6926    -0.4436     2.1523
     0.7067    -1.7656    -0.2741     2.5479
     1.2577    -1.8021    -0.0688     2.8965
     1.7197    -1.7656     0.2257     3.0567
     2.1816    -1.6014     0.5560     3.0002
     2.4481    -1.4189     0.9668     2.7646
     2.4792    -1.1815     1.3150     2.3218
     2.5102    -0.9258     1.7974     1.8227
     2.0839    -0.4965     2.1280     1.2955
     1.5776    -0.0485     2.2620     0.7780
     0.9289     0.3814     2.2754     0.1948
     0.3067     0.9031     2.2888    -0.2754
    -0.1556     1.4801     2.1905    -0.6984
    -0.6180     2.0301     1.9225    -1.0837
    -1.0627     2.4337     1.6277    -1.3843
    -1.3740     2.6355     1.2972    -1.6473
    -1.5164     2.6906     0.8417    -1.8539
    -1.6765     2.6355     0.3507    -1.9478
    -1.8812     2.4428    -0.0510    -1.9291
    -1.9790     1.9292    -0.3455    -1.8446
    -1.9345     1.3518    -0.5596    -1.6661
    -1.7477     0.8939    -0.7738    -1.4125
    -1.6409     0.4271    -1.0325    -1.1213
    -1.4363    -0.1034    -1.1841    -0.6796
    -1.1161    -0.4873    -1.3447    -0.0497
    -0.7069    -0.8071    -1.3447     0.6086
    -0.3423    -1.0720    -1.2466     1.1920
     0.0667    -1.3002    -1.0325     1.7474
     0.6356    -1.5101    -0.7113     2.3030
     1.1155    -1.6470    -0.4347     2.7269
     1.6131    -1.7383     0.0115     3.0379
     2.1816    -1.7291     0.5382     3.1981
     2.7855    -1.6196     1.1186     3.1227
     3.1585    -1.4189     1.7438     2.9248
     3.1585    -1.2363     2.3692     2.5950
     2.6434    -0.8254     2.8072     2.1241
     1.8707    -0.3411     3.0664     1.5215
     1.2399     0.1892     3.0575     1.0226
     0.6000     0.7840     2.7446     0.5522
     0.1111     1.4984     2.0118     0.1572
    -0.3423     2.1126     1.3776    -0.2660
    -0.7158     2.5438     0.8328    -0.5856
    -1.0538     2.8007     0.2971    -0.8769
    -1.2495     2.8375    -0.1313    -0.9803
    -1.3118     2.8375    -0.5864    -1.0837
    -1.3206     2.8007    -0.9968    -1.1870
    -1.4096     2.6539    -1.2198    -1.2152
    -1.3918     2.1034    -1.4785    -1.2246
    -1.2940     1.5076    -1.5587    -1.1588
    -1.0627     0.9855    -1.6746    -0.9709
    -0.8314     0.4271    -1.6390    -0.8112
    -0.6002    -0.1125    -1.5230    -0.5762
    -0.4846    -0.5330    -1.4428    -0.3882
    -0.2890    -0.8710    -1.2555    -0.1061
     0.0400    -1.1907    -1.1306     0.2230
     0.5112    -1.4280    -0.8005     0.6180
     0.9644    -1.6014    -0.4615     0.9662
     1.4532    -1.7839    -0.0064     1.4744
     1.8618    -1.8204     0.5203     1.8980
     2.2882    -1.7656     1.0114     2.1900
     2.6434    -1.6653     1.5115     2.3407
     2.8566    -1.4554     2.1012     2.3878
     2.8122    -1.1815     2.5390     2.2277
     2.5902    -0.7066     2.8072     2.0299
     2.2349    -0.2405     2.8966     1.7192
     1.8618     0.2716     2.6374     1.3991
     1.4443     0.8664     2.3156     0.9379
     0.8578     1.4435     1.9135     0.4205
     0.2889     2.1768     1.3329    -0.1155
    -0.2890     2.5805     0.7792    -0.6702
    -0.7158     2.8099     0.2793    -1.1119
    -1.1427     2.7457    -0.2116    -1.4501
    -1.3918     2.6355    -0.6132    -1.6098
    -1.6053     2.1401    -1.0146    -1.7037
    -1.7655     1.5534    -1.2020    -1.8446
    -1.8812     1.0221    -1.4428    -1.8821
    -1.8901     0.3997    -1.6033    -1.8258
    -1.8545    -0.0120    -1.6033    -1.5816
    -1.5875    -0.4599    -1.6479    -1.2434
    -1.2851    -0.8436    -1.5498    -0.7830
    -0.8403    -1.0902    -1.4606    -0.1438
    -0.2000    -1.3002    -1.2466     0.5804
     0.4756    -1.4006    -0.9700     1.2955
     1.2843    -1.5284    -0.6578     2.1617
     1.9684    -1.5101    -0.2652     3.0850
     2.6346    -1.4645     0.1186     3.6411
     3.1673    -1.4189     0.6096     3.8108
     3.1318    -1.3093     1.2079     3.7542
     3.0785    -1.1176     1.6277     3.0756
     2.9010    -0.9167     2.0297     2.2182
     2.5102    -0.6609     2.2978     1.5120
     1.9684    -0.2954     2.3961     0.7874
     1.3821     0.0978     2.3514     0.2230
     0.8667     0.4912     2.0654    -0.2660
     0.3245     0.8390     1.7081    -0.6420
    -0.2445     1.1503     1.3240    -1.0743
    -0.6625     1.4343     0.8328    -1.4501
    -1.0004     1.7000     0.2079    -1.6849
    -1.2673     1.9476    -0.2919    -1.7882
    -1.4630     2.1218    -0.7738    -1.8539
    -1.5342     2.1310    -1.1038    -1.8633
    -1.6053     1.9751    -1.4249    -1.8258
    -1.5964     1.7459    -1.5676    -1.7131
    -1.5875     1.4801    -1.6836    -1.5158
    -1.4986     1.1503    -1.7906    -1.2998
    -1.3295     0.6925    -1.7460    -0.9991
    -1.1338     0.2441    -1.6925    -0.7360
    -0.6980    -0.2314    -1.5498    -0.3412
    -0.2178    -0.6335    -1.2644     0.0725
     0.2711    -0.9350    -0.9879     0.5898
     0.7423    -1.2728    -0.6935     1.0226
     1.3110    -1.5466    -0.2205     1.4462
     1.8352    -1.7291     0.4221     1.8416
     2.2349    -1.8477     1.0739     2.1900
     2.5724    -1.8249     1.6187     2.4820
     2.6434    -1.8021     2.3424     2.4678
     2.4658    -1.7018     2.7804     2.4537
     2.1639    -1.5193     2.9770     2.1617
     1.8618    -1.2180     2.9770     1.8039
     1.4532    -0.8802     2.9770     1.4838
     0.9555    -0.3137     2.6195     1.1073
     0.6089     0.2990     2.0029     0.6651
     0.2534     0.8939     1.4401     0.2042
    -0.1556     1.4801     0.8596    -0.2096
    -0.5379     2.1676     0.1900    -0.6702
    -0.8848     2.5897    -0.3455    -0.9991
    -1.0894     2.7457    -0.8273    -1.2622
    -1.3295     2.7457    -1.2466    -1.4595
    -1.5431     2.5254    -1.5141    -1.6473
    -1.6943     2.0301    -1.6657    -1.7976
    -1.7655     1.5076    -1.8262    -1.9009
    -1.8812     1.0221    -1.8530    -1.8633
    -1.8278     0.4637    -1.7638    -1.7506
    -1.7210    -0.0211    -1.7014    -1.5346
    -1.4986    -0.4690    -1.5141    -1.3561
    -1.1605    -0.8893    -1.2733    -1.0931
    -0.7514    -1.2089    -0.9790    -0.8300
    -0.3957    -1.4280    -0.6132    -0.4822
     0.1022    -1.5193    -0.1938    -0.0873
     0.6978    -1.6926     0.4400     0.5334
     1.3288    -1.6653     0.9400     1.1167
     1.9773    -1.6288     1.3508     1.6909
     2.5813    -1.5740     1.8599     2.3878
     3.0075    -1.4645     2.3692     2.7834
     2.9809    -1.3641     2.6642     3.1792
     2.7767    -1.0994     2.7893     3.0473
     2.1461    -0.8254     2.7804     2.5668
     1.5154    -0.4416     2.7714     1.9545
     0.7778    -0.0577     2.5659     1.2767
     0.1823     0.3082     2.2978     0.6369
    -0.3334     0.7383     1.8778     0.0725
    -0.8136     1.1503     1.3061    -0.3318
    -1.2228     1.4709     0.8239    -0.7172
    -1.4541     1.9384     0.3864    -1.0649
    -1.5964     2.3144    -0.0778    -1.3749
    -1.6053     2.4612    -0.5061    -1.5064
    -1.6498     2.5254    -0.6935    -1.6098
    -1.6676     2.3786    -0.9790    -1.5910
    -1.6587     2.0759    -1.2020    -1.5158
    -1.6498     1.5901    -1.3268    -1.4501
    -1.5608     1.0221    -1.4517    -1.3561
    -1.3206     0.4271    -1.3803    -1.1776
    -1.0449    -0.2040    -1.2912    -0.8769
    -0.7158    -0.7614    -1.1752    -0.5292
    -0.3245    -1.1541    -1.0057    -0.1814
     0.0578    -1.5466    -0.8273     0.2700
     0.5023    -1.7383    -0.6042     0.8815
     1.0089    -1.9389    -0.2384     1.4650
     1.4621    -1.9435     0.0918     1.9922
     1.7908    -1.9481     0.4935     2.4537
     2.1372    -1.8295     0.9221     2.7834
     2.2260    -1.7018     1.4490     3.0850
     2.2793    -1.4189     1.8599     3.1038
     2.0662    -0.9989     2.0744     2.8965
     1.7730    -0.4325     2.2888     2.6044
     1.4443     0.3814     2.3424     2.1617
     1.1244     1.1228     2.2173     1.5591
     0.8489     1.7825     2.1190     0.8250
     0.4845     2.3694     1.9046     0.2136
     0.1022     2.7365     1.6187    -0.3036
    -0.2534     2.9017     1.2972    -0.6984
    -0.4668     2.9476     0.8775    -1.0743
    -0.6002     2.9935     0.4132    -1.3561
    -0.8937     2.9384     0.0026    -1.5346
    -1.1694     2.4520    -0.3366    -1.6661
    -1.4452     1.7825    -0.5507    -1.7225
    -1.5608     1.1320    -0.7738    -1.6943
    -1.6409     0.6376    -1.0146    -1.5064
    -1.6587     0.0978    -1.1930    -1.2904
    -1.5697    -0.4599    -1.2555    -1.0367
    -1.4986    -0.8893    -1.3625    -0.6984
    -1.2762    -1.1359    -1.3625    -0.3224
    -0.9915    -1.3276    -1.2376     0.1007
    -0.4935    -1.4828    -1.1306     0.5522
     0.0756    -1.6653    -0.9700     1.2673
     0.6534    -1.7383    -0.6935     1.8227
     1.2221    -1.7656    -0.3990     2.2842
     1.8974    -1.6835     0.0115     2.6798
     2.5724    -1.4828     0.4043     2.9342
     3.1052    -1.2089     0.8775     2.9813
     3.0963    -0.9624     1.3418     2.8023
     2.8921    -0.6244     1.6455     2.5196
     2.4747    -0.2497     1.9493     2.1523
     1.9240     0.2075     2.1548     1.6533
     1.3910     0.6650     2.2084     0.9285
     0.7689     1.1961     2.1101     0.3076
     0.2089     1.6359     1.9314    -0.2472
    -0.2623     2.0668     1.7259    -0.6514
    -0.7069     2.5438     1.4312    -0.9803
    -0.9826     2.7732     1.1007    -1.2904
    -1.1783     2.8650     0.7257    -1.4970
    -1.3206     2.6172     0.2793    -1.5816
    -1.5253     2.2869    -0.1313    -1.7037
    -1.6231     1.8559    -0.3723    -1.8070
    -1.6320     1.4068    -0.6667    -1.7694
    -1.6409     0.9031    -0.9790    -1.6473
    -1.5431     0.3722    -1.2109    -1.4501
    -1.3473    -0.1125    -1.3536    -1.1776
    -1.1605    -0.4508    -1.4695    -0.8018
    -0.7870    -0.8345    -1.5141    -0.4446
    -0.3868    -1.1541    -1.4874    -0.0779
     0.1111    -1.4371    -1.3803     0.4205
     0.5645    -1.6288    -1.2644     1.0509
     0.9911    -1.7109    -1.0236     1.5403
     1.4265    -1.7474    -0.8095     2.1523
     1.7819    -1.8112    -0.4615     2.6327
     2.0928    -1.8204    -0.0331     3.2452
     2.2438    -1.8021     0.4667     3.2970
     2.2527    -1.5649     0.9132     3.3489
     2.1727    -1.2911     1.3240     2.6704
     2.0129    -0.9989     1.6723     1.8980
     1.8441    -0.4782     1.9403     1.2014
     1.5154     0.1527     2.1101     0.5428
     0.9822     0.9305     2.0744    -0.0121
     0.5378     1.5717     1.9135    -0.4540
     0.0044     2.1768     1.7349    -0.8769
    -0.3868     2.6539     1.3597    -1.2716
    -0.6180     2.6722     0.9668    -1.5064
    -0.8848     2.6906     0.4578    -1.6849
    -1.2139     2.3970     0.0026    -1.8352
    -1.4363     1.9567    -0.3990    -1.9009
    -1.7032     1.5534    -0.6489    -1.8539
    -1.7210     1.1228    -0.8987    -1.7037
    -1.7388     0.7108    -1.0592    -1.5628
    -1.6587     0.3173    -1.2198    -1.4125
    -1.5342    -0.1217    -1.3625    -1.1401
    -1.3918    -0.3685    -1.3982    -0.8676
    -1.1783    -0.6061    -1.3447    -0.5292
    -0.8225    -0.7158    -1.3090    -0.1250
    -0.3512    -0.8619    -1.1038     0.3170
     0.2000    -1.0811    -0.8808     0.7498
     0.7511    -1.2089    -0.6399     1.2673
     1.4087    -1.3459    -0.2295     1.7003
     1.9773    -1.4463     0.2436     2.1146
     2.6257    -1.4554     0.8507     2.3124
     2.9010    -1.3732     1.4937     2.4255
     2.8388    -1.2820     2.0922     2.3972
     2.5191    -1.0902     2.8072     2.1617
     2.1106    -0.9167     2.8251     1.8980
     1.5953    -0.5970     2.8429     1.5874
     1.0355    -0.1125     2.4854     1.3144
     0.5378     0.2716     1.8510     0.8627
     0.0044     0.5918     1.1364     0.4581
    -0.4046     0.9855     0.4310     0.0725
    -0.7692     1.3885    -0.1224    -0.3318
    -0.9915     1.7184    -0.6042    -0.6420
    -1.2050     2.1034    -1.0592    -0.9333
    -1.4808     2.3786    -1.4071    -1.1588
    -1.7744     2.3603    -1.6033    -1.3655
    -1.9434     2.1126    -1.7906    -1.6004
    -1.9790     1.6267    -1.8262    -1.7600
    -1.9078     1.1412    -1.8173    -1.9103
    -1.7833     0.5827    -1.7638    -1.9854
    -1.4719     0.0795    -1.5676    -2.0042
    -1.2317    -0.4599    -1.2644    -1.9103
    -0.7692    -0.9076    -1.0146    -1.6567
    -0.3156    -1.2454    -0.7024    -1.3092
     0.2089    -1.5740    -0.3098    -0.8488
     0.7334    -1.7200     0.1097    -0.3412
     1.3021    -1.8204     0.7703     0.2606
     1.6930    -1.8751     1.4222     0.8438
     2.1372    -1.7747     1.9850     1.2861
     2.3593    -1.5284     2.5659     1.7851
     2.3859    -1.2728     2.8429     2.3124
     2.1994    -0.9350     2.9234     2.6421
     1.9862    -0.6061     2.9681     2.7646
     1.5953    -0.1217     2.8429     2.7458
     1.1333     0.3448     2.3514     2.5196
     0.6445     0.7932     1.7617     2.1994
     0.2445     1.1869     1.2347     1.7097
    -0.2178     1.5351     0.7435     1.1638
    -0.6447     1.7367     0.2525     0.5804
    -0.9382     1.9017    -0.1402     0.0443
    -1.1427     1.8192    -0.5864    -0.3600
    -1.3918     1.6817    -0.8630    -0.7548
    -1.6765     1.4068    -1.0860    -1.1307
    -1.9078     1.2053    -1.1930    -1.3655
    -1.9256     0.9031    -1.3714    -1.5816
    -1.8100     0.5186    -1.4517    -1.7506
    -1.6231     0.1892    -1.5587    -1.7882
    -1.4363    -0.1583    -1.5587    -1.7600
    -1.1072    -0.4965    -1.3982    -1.5816
    -0.6180    -0.7980    -1.2822    -1.3467
    -0.1823    -1.0994    -1.0592    -1.0931
     0.3245    -1.3459    -0.8362    -0.7736
     0.8933    -1.5284    -0.4704    -0.4164
     1.4532    -1.6288    -0.1402    -0.0685
     1.9240    -1.6926     0.0918     0.4111
     2.4747    -1.6926     0.5025     0.8250
     2.8299    -1.6288     0.8685     1.2579
     3.0874    -1.4554     1.2079     1.5968
     2.9809    -1.3185     1.6187     1.9734
     2.4925    -1.0628     2.0118     2.2182
     1.7552    -0.7066     2.2441     2.2324
     1.0266    -0.2497     2.2978     2.2465
     0.5200     0.4546     2.1995     2.0958
    -0.0311     1.0862     2.0297     1.6815
    -0.4135     1.7459     1.7170     1.2767
    -0.8403     2.3144     1.4133     0.7215
    -1.1338     2.6447     1.0382     0.2418
    -1.2495     2.8283     0.6899    -0.2096
    -1.3829     2.7457     0.2971    -0.5950
    -1.5253     2.4520    -0.0331    -0.8769
    -1.6409     2.0301    -0.3187    -1.0461
    -1.6943     1.4435    -0.5061    -1.1213
    -1.6053     0.8207    -0.7559    -1.2246
    -1.3562     0.3631    -0.9700    -1.3186
    -1.1605    -0.1857    -1.1574    -1.3843
    -0.7870    -0.6244    -1.3179    -1.3561
    -0.3690    -0.9532    -1.3135    -1.2528
     0.2000    -1.0994    -1.3090    -1.0273
     0.6978    -1.2728    -1.1930    -0.6796
     1.3021    -1.4736    -1.0682    -0.3694
     1.7997    -1.5193    -0.8362     0.1572
     2.3415    -1.5010    -0.6399     0.7027
     2.8122    -1.4371    -0.3901     1.3144
     3.0075    -1.3732     0.0026     1.8698
     2.9720    -1.1633     0.4489     2.4160
     2.5813    -0.9167     0.8775     2.8682
     2.1283    -0.7066     1.2704     3.0096
     1.5776    -0.3959     1.6813     2.7458
     0.8845    -0.1400     1.9403     2.2936
     0.3245     0.1801     2.1637     1.7568
    -0.1912     0.5003     2.2263     1.2108
    -0.7425     0.8298     2.0565     0.6651
    -1.1516     1.2144     1.9135     0.1195
    -1.4096     1.4893     1.5919    -0.2284
    -1.5786     1.7275     1.1900    -0.5198
    -1.6587     1.9751     0.6899    -0.8018
    -1.7210     2.1401     0.1632    -1.0555
    -1.8634     2.1585    -0.3901    -1.2340
    -1.8634     2.0393    -0.7738    -1.3092
    -1.9078     1.7734    -1.1306    -1.3655
    -1.7655     1.5259    -1.3625    -1.3655
    -1.6142     1.1412    -1.5587    -1.3280
    -1.3295     0.6650    -1.7281    -1.2528
    -0.9293     0.2807    -1.7638    -1.1025
    -0.3957    -0.0577    -1.7103    -0.9615
     0.0578    -0.4782    -1.6033    -0.6608
     0.5556    -0.7249    -1.4249    -0.3882
     1.1155    -1.0446    -1.2109     0.0161
     1.5598    -1.2546    -0.9076     0.4769
     1.9329    -1.4554    -0.5061     1.0603
     2.3504    -1.5375     0.0383     1.6721
     2.5724    -1.5649     0.6007     2.2559
     2.5458    -1.4280     1.0739     2.6515
     2.3237    -1.3185     1.5294     2.6704
     1.9507    -1.0080     1.8867     2.6892
     1.4532    -0.7249     2.3961     2.3407
     0.8845    -0.3594     2.6463     1.7568
     0.3512     0.0429     2.6820     1.1920
    -0.1467     0.3448     2.4854     0.5804
    -0.6891     0.6010     2.2799    -0.0027
    -1.1161     0.8573     1.9493    -0.4258
    -1.3295     1.1228     1.5741    -0.7454
    -1.4986     1.3518     1.0918    -1.0555
    -1.6587     1.5259     0.5828    -1.2152
    -1.8100     1.6359     0.1097    -1.2716
    -1.9345     1.6451    -0.3009    -1.2904
    -1.9256     1.5901    -0.6221    -1.3843
    -1.7744     1.4160    -0.9344    -1.4783
    -1.5520     1.2144    -1.2109    -1.4313
    -1.1872     0.8756    -1.3982    -1.4313
    -0.7959     0.5278    -1.6301    -1.4313
    -0.2890     0.2075    -1.7281    -1.2434
     0.0845    -0.1857    -1.7281    -1.0461
     0.5734    -0.6061    -1.7281    -0.7736
     0.9467    -1.0080    -1.6479    -0.4070
     1.4798    -1.3276    -1.4695    -0.0215
     1.9151    -1.5558    -1.1484     0.4581
     2.3326    -1.6835    -0.8184     0.9944
     2.7323    -1.8204    -0.3366     1.3991
     2.7367    -1.9024     0.1900     1.8227
     2.7411    -1.7656     0.9221     2.1806
     2.2260    -1.4645     1.5115     2.2559
     1.5598    -1.0720     2.0654     2.0958
     0.9289    -0.5604     2.5569     1.8792
     0.3689    -0.0394     2.7804     1.5874
    -0.1111     0.4820     2.8251     1.2767
    -0.5202     1.0129     2.7446     0.9097
    -0.9382     1.5259     2.4139     0.4863
    -1.0716     1.9934     2.0118     0.0443
    -1.1694     2.4337     1.5115    -0.2848
    -1.3118     2.6814     0.8864    -0.5668
    -1.5164     2.6080     0.3775    -0.8300
    -1.5697     2.4153    -0.0956    -0.9521
    -1.5431     2.0393    -0.4972    -1.0837
    -1.4185     1.5168    -0.9165    -1.2152
    -1.2050     0.9946    -1.2020    -1.3186
    -0.9204     0.5003    -1.3536    -1.3937
    -0.7158    -0.0028    -1.5230    -1.4219
    -0.3779    -0.4782    -1.6122    -1.3186
    -0.0667    -0.8528    -1.6657    -1.2246
     0.4134    -1.1176    -1.6211    -1.0649
     0.8933    -1.3459    -1.5409    -0.8112
     1.3999    -1.4463    -1.3268    -0.4822
     1.9507    -1.5193    -0.9879    -0.1061
     2.4125    -1.5375    -0.6399     0.4017
     2.6257    -1.4097    -0.3544     0.8627
     2.6346    -1.3185     0.0829     1.3991
     2.3859    -1.1724     0.5560     2.1052
     1.9063    -1.0446     1.0025     2.8023
     1.2577    -0.8162     1.6009     2.9530
     0.6800    -0.5147     2.0476     2.5668
     0.1467    -0.1034     2.3692     2.0675
    -0.2801     0.3265     2.5301     1.5497
    -0.6713     0.6010     2.6374     0.9473
    -1.0538     1.0038     2.5837     0.4863
    -1.3562     1.3243     2.3871     0.0067
    -1.4541     1.6451     2.1369    -0.3694
    -1.5786     1.8559     1.7974    -0.7360
    -1.6231     2.0209     1.3061    -1.0837
    -1.6854     2.0759     0.6632    -1.2998
    -1.7477     1.9201     0.1989    -1.4125
    -1.6320     1.7734    -0.2295    -1.5440
    -1.3918     1.5626    -0.7202    -1.5722
    -0.9915     1.2877    -0.9700    -1.5252
    -0.5824     0.9397    -1.1841    -1.4407
    -0.0845     0.5278    -1.3893    -1.3092
     0.5112     0.1892    -1.5766    -1.0743
     1.1688    -0.2405    -1.6122    -0.7360
     1.8974    -0.6518    -1.5587    -0.4070
     2.4125    -0.8984    -1.5052    -0.0685
     2.6612    -1.1998    -1.3268     0.4675
     2.7411    -1.3367    -1.1306     1.1356
     2.5369    -1.5101    -0.8273     1.8039
     2.1283    -1.4919    -0.4793     2.4066
     1.6309    -1.5284    -0.1224     2.6986
     1.1599    -1.4554     0.4489     2.7458
     0.6445    -1.2728     1.0650     2.6610
     0.1289    -1.0994     1.5741     2.4255
    -0.3067    -0.7706     1.9761     2.1335
    -0.6802    -0.3502     2.2084     1.7851
    -1.0538     0.2258     2.3871     1.3332
    -1.2228     0.7017     2.3961     0.9191
    -1.3118     1.2144     2.4050     0.4958
    -1.3829     1.8284     2.2173     0.0443
    -1.4185     2.6080     2.0744    -0.3130
    -1.5431     2.9293     1.6902    -0.5762
    -1.4719     2.8375     1.2436    -0.8582
    -1.3829     2.4612     0.8953    -0.9897
    -1.2228     1.8284     0.5382    -1.1401
    -1.0182     1.3060     0.1008    -1.2340
    -0.7870     0.7566    -0.2562    -1.3467
    -0.5379     0.2624    -0.4615    -1.3843
    -0.1645    -0.2223    -0.7292    -1.3843
     0.2534    -0.5604    -0.9433    -1.3937
     0.7334    -0.8710    -1.1930    -1.2904
     1.2932    -1.1724    -1.3179    -1.1401
     1.8796    -1.3641    -1.4160    -0.9051
     2.3237    -1.5558    -1.4071    -0.6138
     2.5546    -1.5740    -1.3803    -0.1626
     2.5236    -1.5923    -1.2466     0.3547
     2.4925    -1.4189    -1.1484     0.9756
     2.1372    -1.2089    -0.9700     1.5874
     1.6131    -0.9532    -0.6756     2.1052
     0.9822    -0.6792    -0.3276     2.5291
     0.3778    -0.4142     0.0294     2.7552
    -0.1111    -0.0394     0.5025     2.7834
    -0.5824     0.4088     0.9400     2.6233
    -1.0182     0.8756     1.3776     2.3501
    -1.3473     1.3610     1.8421     1.9734
    -1.5075     1.7092     2.1548     1.4932
    -1.6053     1.9567     2.3692     0.9285
    -1.6409     1.9705     2.4765     0.3735
    -1.7299     1.9842     2.4944    -0.1344
    -1.7477     1.7459     2.3335    -0.5668
    -1.6587     1.5168     1.9940    -0.9521
    -1.4719     1.1412     1.6009    -1.2058
    -1.2050     0.7932     1.1454    -1.3937
    -0.8225     0.4363     0.6096    -1.5064
    -0.4668     0.1344    -0.0867    -1.5534
    -0.0222    -0.3045    -0.6489    -1.5722
     0.5378    -0.5056    -1.1038    -1.5064
     1.0800    -0.7340    -1.4071    -1.4125
     1.5953    -0.9806    -1.6301    -1.2340
     2.1550    -1.1085    -1.8619    -1.0273
     2.5369    -1.1998    -1.9511    -0.7642
     2.6967    -1.2363    -1.9422    -0.4540
     2.6434    -1.2180    -1.8708    -0.0967
     2.4481    -1.1450    -1.6836     0.3358
     2.1550    -1.0902    -1.3714     0.7686
     1.6753    -1.0080    -1.0592     1.1826
     1.1333    -0.9258    -0.7202     1.5874
     0.4845    -0.8162    -0.0510     1.9169
     0.0133    -0.6518     0.5203     2.1806
    -0.4401    -0.4965     1.1096     2.1806
    -0.8047    -0.1765     1.6545     2.0770
    -1.1694     0.1161     2.1727     1.8416
    -1.3295     0.3448     2.5212     1.4744
    -1.5075     0.6559     2.6731     1.1544
    -1.5253     0.9031     2.7357     0.6839
    -1.7032     1.0954     2.6016     0.2418
    -1.7299     1.3060     2.3603    -0.1344
    -1.7121     1.4435     1.9850    -0.4822
    -1.5697     1.5442     1.5294    -0.7830
    -1.3473     1.5259     0.9846    -0.9991
    -1.0271     1.4251     0.5114    -1.2434
    -0.7425     1.2694     0.1097    -1.4219
    -0.3067     0.8847    -0.3544    -1.5816
     0.1556     0.5827    -0.7559    -1.5816
     0.6445     0.1710    -1.0592    -1.5722
     1.0977    -0.2040    -1.2466    -1.4407
     1.4709    -0.5239    -1.3893    -1.2246
     1.8441    -0.7797    -1.5409    -0.9239
     2.1905    -0.9076    -1.6301    -0.5480
     2.4214    -1.0811    -1.5855    -0.0967
     2.4925    -1.1998    -1.5409     0.4675
     2.2882    -1.3185    -1.3358     1.0603
     1.9684    -1.3002    -1.0860     1.5779
     1.5598    -1.2089    -0.8719     2.0958
     1.1244    -1.0172    -0.5061     2.5573
     0.5378    -0.7523    -0.1938     2.8023
     0.1022    -0.4508     0.1097     2.8211
    -0.2445    -0.0668     0.5471     2.8400
    -0.6447     0.3448     1.0382     2.3407
    -0.9826     0.7840     1.5383     1.6627
    -1.1249     1.2053     1.9046     1.0226
    -1.3206     1.5076     2.1727     0.3923
    -1.5164     1.9384     2.2352    -0.1626
    -1.6765     2.0301     2.2263    -0.5574
    -1.7388     1.8375     2.0744    -0.8957
    -1.7477     1.5901     1.7795    -1.1870
    -1.6053     1.3335     1.4044    -1.3843
    -1.4274     1.0038     1.0293    -1.5064
    -1.2762     0.6925     0.6274    -1.6098
    -0.9293     0.2990     0.2436    -1.6192
    -0.5468    -0.0760    -0.1224    -1.5346
    -0.0845    -0.3319    -0.3633    -1.3843
     0.5023    -0.5696    -0.5150    -1.1401
     1.0444    -0.7523    -0.6756    -0.9145
     1.6486    -0.8984    -0.8184    -0.6514
     2.2793    -0.9989    -0.8987    -0.3130
     2.7944    -1.0446    -0.8808    -0.0121
     3.0874    -1.0811    -0.9433     0.4017
     2.9809    -1.1450    -0.8362     0.8062
     2.5813    -1.1176    -0.7202     1.2297
     1.9329    -1.0446    -0.5686     1.6909
     1.3643    -0.7980    -0.3901     2.0770
     0.7511    -0.5239    -0.2384     2.3689
     0.2800    -0.1674     0.1186     2.3689
    -0.2000     0.2624     0.5203     2.3689
    -0.6980     0.6742     0.9042     2.1335
    -1.0627     1.0221     1.3418     1.8321
    -1.3384     1.4618     1.9225     1.5497
    -1.4897     1.7734     2.5390     1.1356
    -1.5786     2.0484     2.8519     0.7309
    -1.6498     2.0530     2.7982     0.3829
    -1.7210     2.0576     2.4407    -0.0873
    -1.7210     1.8467     1.9493    -0.4728
    -1.5964     1.5809     1.4222    -0.7924
    -1.4185     1.2419     0.9221    -1.0179
    -1.1072     0.8756     0.4578    -1.2434
    -0.8403     0.4912    -0.0064    -1.4219
    -0.4757     0.0795    -0.5953    -1.5534
    -0.0578    -0.2314    -1.0146    -1.5816
     0.4756    -0.5422    -1.2555    -1.5346
     1.0711    -0.7797    -1.3536    -1.3655
     1.6397    -1.0263    -1.4785    -1.2152
     2.1550    -1.1176    -1.6211    -0.9427
     2.6257    -1.2089    -1.5944    -0.6796
     2.7855    -1.2089    -1.5230    -0.3882
     2.8033    -1.1359    -1.3268    -0.0497
     2.6346    -1.0811    -1.1841     0.3264
     2.2704    -1.0263    -0.9344     0.6651
     1.7375    -0.9076    -0.4436     1.0791
     1.1155    -0.7158     0.1097     1.4556
     0.5378    -0.4599     0.7346     1.7851
    -0.0578    -0.1125     1.3508     2.0864
    -0.5646     0.1710     2.1905     2.2842
    -1.1338     0.4637     2.7267     2.2465
    -1.4274     0.7200     2.9413     2.0958
    -1.6142     0.8298     2.9502     1.8227
    -1.7655     1.0404     2.8519     1.5026
    -1.8723     1.2053     2.3961     1.0979
    -1.8634     1.3243     1.8331     0.6275
    -1.8545     1.4618     1.2257     0.2606
    -1.7388     1.4618     0.6096    -0.1344
    -1.5697     1.4893     0.1454    -0.4634
    -1.2139     1.3793    -0.4169    -0.8112
    -0.8759     1.1869    -0.8808    -1.1119
    -0.3868     0.9122    -1.3090    -1.2998
     0.1467     0.6376    -1.5320    -1.4125
     0.6711     0.3082    -1.7549    -1.4219
     1.2221    -0.0302    -1.8797    -1.4313
     1.8085    -0.4051    -1.9422    -1.3186
     2.3593    -0.6975    -1.8976    -1.1119
     2.7767    -0.9258    -1.8084    -0.8488
     3.0075    -1.1267    -1.7192    -0.5198
     3.0342    -1.2637    -1.5230    -0.1908
     2.9098    -1.3276    -1.2555     0.2606
     2.4747    -1.3185    -1.0057     0.7215
     1.8352    -1.2272    -0.5864     1.2485
     1.1955    -1.0172    -0.1135     1.7097
     0.5556    -0.8254     0.4132     2.1052
    -0.0133    -0.5422     1.0650     2.4255
    -0.5291    -0.2497     1.5205     2.4113
    -0.9471     0.0886     1.8867     2.3972
    -1.2851     0.4271     2.2888     2.1241
    -1.4541     0.7291     2.4944     1.7568
    -1.5075     1.0129     2.4810     1.3803
    -1.5875     1.2969     2.4675     0.8156
    -1.7210     1.6451     2.2799     0.3170
    -1.8011     1.7825     2.0208    -0.0967
    -1.8545     1.7275     1.6991    -0.4916
    -1.7655     1.5717     1.4044    -0.8112
    -1.5608     1.3152     1.0650    -0.9991
    -1.2940     1.0587     0.6721    -1.1588
    -0.9559     0.7200     0.2168    -1.2998
    -0.5113     0.3539    -0.0956    -1.3655
     0.0400     0.0063    -0.3544    -1.3467
     0.6800    -0.3502    -0.6221    -1.2528
     1.3554    -0.5970    -0.9254    -1.1119
     2.0129    -0.7888    -1.1395    -0.9239
     2.6523    -0.9806    -1.2912    -0.6702
     3.1407    -1.1085    -1.4517    -0.4540
     3.3271    -1.1724    -1.5498    -0.2002
     3.3360    -1.1907    -1.5141     0.0725
     3.1407    -1.1541    -1.4874     0.4393
     2.4481    -1.0720    -1.3982     0.8438
     1.7997    -0.9806    -1.2555     1.2579
     1.0977    -0.7523    -1.0146     1.5591
     0.4667    -0.5239    -0.7202     1.7286
    -0.0845    -0.1765    -0.4079     1.8980
    -0.5468     0.1344     0.0204     1.8416
    -0.9648     0.4180     0.4667     1.7380
    -1.3295     0.6559     0.8328     1.4744
    -1.5164     0.8847     1.2257     1.2767
    -1.5786     1.0313     1.6723     1.0038
    -1.7032     1.1503     2.0118     0.6745
    -1.7922     1.2327     2.3335     0.3735
    -1.8545     1.2877     2.6016     0.0537
    -1.8367     1.2602     2.6374    -0.1814
    -1.7833     1.2785     2.5212    -0.3600
    -1.5608     1.1961     2.2620    -0.5856
    -1.2851     1.1412     1.9940    -0.7830
    -0.9026     1.0679     1.6455    -0.9051
    -0.3690     1.0129     1.2704    -0.9897
     0.2089     0.7840     0.7971    -1.0931
     0.7689     0.4820     0.3507    -1.1213
     1.3377     0.1527    -0.0867    -1.0743
     1.9063    -0.2771    -0.4169    -1.0461
     2.4658    -0.6975    -0.7470    -1.0461
     3.0519    -1.1176    -0.9344    -0.9615
     3.2561    -1.4097    -1.1574    -0.8582
     3.3360    -1.6926    -1.2376    -0.7078
     3.0519    -1.8386    -1.2733    -0.4634
     2.2438    -1.8523    -1.2198    -0.1532
     1.5509    -1.8660    -1.2555     0.3547
     0.8578    -1.6470    -1.1395     0.8156
     0.3245    -1.4006    -1.0057     1.1920
    -0.2445    -1.0172    -0.7470     1.5874
    -0.7870    -0.6153    -0.4615     1.9263
    -1.1961    -0.1948    -0.2473     2.1711
    -1.4541     0.3265     0.0204     2.1711
    -1.5075     0.7657     0.2971     2.0016
    -1.5697     1.0313     0.5471     1.7662
    -1.6409     1.4526     0.8060     1.3803
    -1.7566     1.7734     1.0471     0.8627
    -1.8278     1.9384     1.2436     0.3923
    -1.8011     2.0026     1.3865    -0.0591
    -1.6053     1.9842     1.5830    -0.4164
    -1.3295     1.8926     1.6813    -0.7266
    -0.9293     1.7917     1.6723    -0.9145
    -0.4846     1.5717     1.5294    -1.1025
     0.0400     1.2419     1.4044    -1.2528
     0.6445     0.8939     1.1900    -1.2998
     1.2488     0.4912     0.8417    -1.2998
     1.9151     0.0063     0.4578    -1.2152
     2.5191    -0.4142     0.0829    -1.1213
     2.9809    -0.7158    -0.2295    -0.9615
     2.9853    -0.9167    -0.4436    -0.7078
     2.9898    -1.0446    -0.6221    -0.3976
     2.6257    -1.1450    -0.8362    -0.0309
     2.1283    -1.2454    -0.9433     0.3641
     1.6575    -1.2272    -1.0057     0.6839
     1.0266    -1.1815    -0.9968     1.0603
     0.5734    -0.9989    -0.9433     1.2955
     0.0667    -0.7797    -0.7470     1.4838
    -0.4312    -0.5330    -0.4615     1.5403
    -0.8937    -0.3228    -0.0599     1.6438
    -1.2050    -0.1217     0.3328     1.6627
    -1.4007     0.0703     0.9042     1.5874
    -1.4897     0.3082     1.8957     1.4744
    -1.6320     0.5461     2.6195     1.2955
    -1.8011     0.8481     2.6016     1.0885
    -1.8989     1.0313     2.3246     0.7498
    -1.9256     1.2602     1.7706     0.4581
    -1.7566     1.4801     1.2615     0.1948
    -1.4630     1.5076     0.7882    -0.0967
    -1.0983     1.4160     0.2882    -0.3318
    -0.6625     1.1778    -0.3009    -0.4916
    -0.2000     1.0038    -0.7738    -0.6890
     0.4845     0.7566    -1.1841    -0.8769
     1.2044     0.4180    -1.5052    -1.0555
     1.8707     0.1984    -1.7281    -1.2622
     2.6257    -0.1674    -1.8084    -1.4407
     3.1318    -0.4051    -1.8976    -1.6098
     3.2295    -0.6061    -1.9065    -1.6098
     3.0075    -0.7340    -1.8173    -1.4125
     2.6701    -0.8802    -1.6836    -1.1776
     2.3060    -0.9258    -1.4428    -0.8394
     1.7997    -0.9487    -1.0860    -0.4540
     1.1866    -0.9715    -0.6489     0.1007
     0.6623    -0.9624    -0.0867     0.7686
     0.1200    -0.7614     0.5025     1.3897
    -0.4490    -0.5970     1.1275     2.0487
    -0.9471    -0.4233     1.8242     2.5385
    -1.3829    -0.2405     2.5033     2.7552
    -1.6943     0.0338     2.8697     2.7834
    -1.9434     0.2807     3.0575     2.6139
    -1.9968     0.5735     3.0575     2.2842
    -2.0858     0.7749     3.0485     1.7568
    -2.1481     1.0404     2.9144     1.3144
    -2.1837     1.2877     2.4854     0.8344
    -2.0858     1.4526     1.9672     0.3453
    -1.8100     1.4343     1.3508    -0.0779
    -1.3473     1.3243     0.7703    -0.4446
    -0.8937     1.0221     0.2436    -0.7454
    -0.3423     0.6834    -0.2562    -0.9803
     0.0756     0.3722    -0.6667    -1.1682
     0.7245    -0.0760    -1.0325    -1.2528
     1.3821    -0.3868    -1.2198    -1.2810
     2.0306    -0.7523    -1.3893    -1.2716
     2.6790    -1.0263    -1.5052    -1.2434
     3.1407    -1.2454    -1.6568    -1.1682
     3.2827    -1.3459    -1.7014    -0.9427
     3.2561    -1.3595    -1.7192    -0.7078
     3.0785    -1.3732    -1.6746    -0.4916
     2.5369    -1.2363    -1.5676    -0.2284
     2.0040    -1.0811    -1.3536     0.0631
     1.3910    -0.8345    -1.0057     0.2982
     0.7334    -0.5056    -0.6935     0.6086
     0.1467    -0.0760    -0.4169     0.8721
    -0.3512     0.4363    -0.0331     1.1356
    -0.8848     0.8298     0.3685     1.2861
    -1.2940     1.3610     0.7882     1.5026
    -1.4897     1.7825     1.1275     1.5779
    -1.6320     2.1860     1.4937     1.6156
    -1.7032     2.3786     1.8331     1.5591
    -1.6765     2.3236     2.0833     1.4179
    -1.8100     2.0026     2.1905     1.2955
    -1.8723     1.6451     2.1369     1.0603
    -1.8456     1.1869     2.0476     0.8156
    -1.6320     0.7108     1.9314     0.6180
    -1.3829     0.2899     1.7349     0.4299
    -0.9471    -0.1583     1.5562     0.1760
    -0.5557    -0.5147     1.2347    -0.0967
    -0.1200    -0.8345     0.9400    -0.3600
     0.3156    -1.0172     0.5382    -0.5574
     0.9733    -1.2089     0.1097    -0.8018
     1.5242    -1.3824    -0.2295    -0.9709
     2.1283    -1.4645    -0.4704    -1.1307
     2.8033    -1.4645    -0.7827    -1.2152
     3.2472    -1.3732    -0.9790    -1.2528
     3.3005    -1.1724    -1.0771    -1.1870
     3.2472    -0.9167    -1.1841    -1.0085
     2.9187    -0.6335    -1.3358    -0.7830
     2.3060    -0.2405    -1.3268    -0.5104
     1.7197     0.1161    -1.2198    -0.2378
     1.0178     0.4912    -0.9344     0.0349
     0.4667     0.8664    -0.6132     0.3453
    -0.1200     1.2144    -0.3455     0.6086
    -0.6625     1.4984    -0.0510     0.9191
    -1.1605     1.6817     0.2704     1.1638
    -1.4630     1.7734     0.6185     1.3614
    -1.7655     1.7367     0.9400     1.4932
    -1.8723     1.5901     1.1811     1.5215
    -2.0769     1.3885     1.3776     1.4367
    -2.2193     1.0862     1.4669     1.2861
    -2.2371     0.7657     1.4758     1.1073
    -2.0502     0.3356     1.4848     0.7874
    -1.8989    -0.0577     1.4133     0.4958
    -1.5964    -0.4325     1.2347     0.1948
    -1.1605    -0.7249     1.0293    -0.0779
    -0.6269    -1.0172     0.8239    -0.2566
     0.0133    -1.1450     0.5203    -0.4634
     0.8222    -1.3367     0.1543    -0.5762
     1.5776    -1.3550    -0.0599    -0.6984
     2.3593    -1.2546    -0.3187    -0.7830
     3.0874    -1.1724    -0.5507    -0.8394
     3.3183    -1.0080    -0.6756    -0.8300
     3.2827    -0.8619    -0.8362    -0.7736
     3.1851    -0.7340    -0.8987    -0.6326
     2.6701    -0.5970    -0.9433    -0.4446
     2.1994    -0.3228    -0.9433    -0.2378
     1.6486    -0.0211    -0.9254    -0.0121
     1.0533     0.3082    -0.8005     0.3076
     0.4934     0.6376    -0.6310     0.6086
    -0.1467     0.9672    -0.4793     1.0038
    -0.7692     1.3152    -0.2919     1.3614
    -1.1961     1.5626     0.0115     1.8227
    -1.5342     1.7917     0.3150     1.8039
    -1.8189     1.7825     0.6274     1.7851
    -2.0057     1.7734     0.9132     1.5874
    -2.0057     1.6267     1.2347     1.2108
    -2.1303     1.3427     1.4848     0.6557
    -2.1392     1.0587     1.7349     0.1854
    -1.9612     0.6467     1.9582    -0.2190
    -1.6587     0.3082     2.0744    -0.4916
    -1.2851    -0.1308     2.0297    -0.7172
    -0.9204    -0.3868     1.8153    -0.7642
    -0.4579    -0.6244     1.5115    -0.8394
     0.0667    -0.8071     1.0739    -0.9521
     0.6178    -0.9167     0.6007    -1.0367
     1.1333    -0.9350     0.0829    -1.1682
     1.7108    -0.8619    -0.3723    -1.1729
     2.3237    -0.8984    -0.7738    -1.1776
     2.9809    -0.8619    -1.0146    -0.9897
     3.3005    -0.8162    -1.2912    -0.6796
     3.3449    -0.6975    -1.4606    -0.2660
     3.2117    -0.6701    -1.6657     0.2418
     2.9010    -0.5787    -1.6746     0.8156
     2.3326    -0.4233    -1.5766     1.4367
     1.7197    -0.2680    -1.4339     1.9075
     1.1066     0.0063    -1.2555     2.2842
     0.4400     0.2350    -0.9790     2.4443
    -0.2000     0.3905    -0.6132     2.3595
    -0.8937     0.6010    -0.1848     2.1617
    -1.3473     0.7932     0.3328     1.8604
    -1.7121     1.0129     0.7882     1.3897
    -1.8989     1.1137     1.2615     0.8344
    -1.9701     1.1320     1.6902     0.3170
    -2.0591     1.0679     1.9493    -0.1626
    -2.0502     0.8847     2.2173    -0.5856
    -1.9256     0.8115     2.3335    -0.9803
    -1.6943     0.5827     2.2978    -1.2810
    -1.4630     0.4729     2.1190    -1.4689
    -1.1605     0.3448     1.7885    -1.5816
    -0.7781     0.1892     1.4044    -1.6849
    -0.2534    -0.0302     1.0739    -1.7225
     0.2711    -0.1400     0.7614    -1.5910
     0.8134    -0.3228     0.4043    -1.4219
     1.4087    -0.4965     0.0383    -1.0837
     1.9596    -0.5970    -0.3098    -0.7924
     2.5280    -0.6701    -0.5061    -0.3130
     2.9187    -0.6609    -0.6935     0.1854
     3.1407    -0.6609    -0.8362     0.6651
     3.1229    -0.6701    -0.9968     1.1544
     2.8654    -0.6746    -1.0682     1.5874
     2.4392    -0.6792    -1.1128     1.8980
     1.9596    -0.5878    -1.0592     2.1241
     1.3465    -0.4508    -0.9344     2.2936
     0.7600    -0.2588    -0.7559     2.2747
     0.1823    -0.0485    -0.6489     2.1052
    -0.3779     0.1801    -0.4436     1.7756
    -0.8759     0.4088    -0.1313     1.3238
    -1.2139     0.6101     0.2525     0.8627
    -1.4096     0.7200     0.6096     0.5052
    -1.5342     0.8024     0.9221     0.1477
    -1.7833     0.9397     1.2257    -0.1814
    -2.0146     0.9122     1.4669    -0.4258
    -2.1570     0.8939     1.6634    -0.5292
    -2.1748     0.8573     1.6991    -0.6138
    -1.9612     0.6925     1.6813    -0.7830
    -1.7566     0.4820     1.5383    -0.9145
    -1.3740     0.2350     1.4222    -1.0743
    -0.9204     0.0429     1.1543    -1.1401
    -0.3512    -0.2405     0.8417    -1.2058
     0.3067    -0.4690     0.5114    -1.1588
     1.2577    -0.6061     0.1989    -1.0931
     2.2616    -0.6427    -0.1045    -0.9615
     3.2561    -0.6609    -0.3990    -0.8018
     3.7444    -0.6701    -0.6845    -0.5762
     3.8154    -0.6244    -0.8808    -0.3318
     3.5491    -0.5330    -1.0236    -0.1061
     2.8033    -0.4965    -1.1395     0.2794
     2.1461    -0.3685    -1.2198     0.5804
     1.5509    -0.1125    -1.2020     0.8909
     0.9022     0.1069    -1.1930     1.1920
     0.3156     0.3814    -1.0771     1.5026
    -0.2356     0.6193    -0.8630     1.7945
    -0.7959     0.8481    -0.4793     2.0299
    -1.2406     1.1778     0.0472     2.0158
    -1.5875     1.4618     0.6453     2.0016
    -1.7922     1.7734     1.2704     1.7945
    -1.9434     1.8192     1.8510     1.5026
    -1.9790     1.7000     2.4318     1.1920
    -1.9345     1.4343     2.9681     0.8627
    -1.8545     0.9122     3.0217     0.4487
    -1.7210     0.4912     3.0396     0.0631
    -1.5342    -0.0394     2.7804    -0.2472
    -1.2762    -0.4233     2.0297    -0.4540
    -0.8581    -0.7432     1.3508    -0.6326
    -0.4046    -1.0537     0.7792    -0.7830
     0.0756    -1.3276     0.2168    -0.9521
     0.6356    -1.4736    -0.1938    -1.0273
     1.2488    -1.4828    -0.6667    -1.1119
     1.8974    -1.4280    -1.1217    -1.2246
     2.4037    -1.3367    -1.3268    -1.2528
     2.9187    -1.1176    -1.5587    -1.2340
     3.1851    -0.8162    -1.6746    -1.0367
     3.1673    -0.4416    -1.7549    -0.7548
     2.8388    -0.0668    -1.7995    -0.4164
     2.4836     0.3265    -1.7460    -0.0591
     2.1194     0.7108    -1.6301     0.3735
     1.4887     1.1045    -1.3803     0.6839
     1.0178     1.4801    -1.1395     1.0885
     0.4400     1.8559    -0.7113     1.4179
    -0.1200     2.2135    -0.3098     1.6627
    -0.5824     2.3236     0.0740     1.8886
    -1.0004     2.3970     0.6185     1.9169
    -1.2673     2.1218     1.0739     1.8886
    -1.5253     1.6817     1.5205     1.7192
    -1.7566     1.2144     1.9761     1.4932
    -1.7566     0.7657     2.3514     1.1826
    -1.7299     0.2441     2.5837     0.9097
    -1.6854    -0.2497     2.5122     0.6180
    -1.6409    -0.6335     2.2888     0.2982
    -1.4808    -0.9350     1.9403     0.0067
    -1.3562    -1.1541     1.5830    -0.2284
    -1.0538    -1.2637     1.2525    -0.4070
    -0.5735    -1.4463     0.8864    -0.6044
     0.0044    -1.5101     0.5560    -0.7548
     0.5200    -1.5193     0.1632    -0.8769
     1.0533    -1.3824    -0.1045    -0.8910
     1.5864    -1.2272    -0.3812    -0.9051
     2.0573    -1.0994    -0.5329    -0.8112
     2.4125    -0.7980    -0.6845    -0.6044
     2.6879    -0.4325    -0.8273    -0.4258
     2.6790    -0.0851    -0.9611    -0.2848
     2.4658     0.3539    -1.0771    -0.0779
     2.2349     0.7749    -1.0325     0.1572
     1.7997     1.2144    -0.9790     0.3923
     1.3199     1.5901    -0.8541     0.5898
     0.8489     1.9292    -0.6845     0.7498
     0.2623     2.1585    -0.6042     0.8533
    -0.2623     2.1493    -0.4079     1.0038
    -0.7158     1.9842    -0.1581     1.1544
    -1.1072     1.7275     0.1454     1.2297
    -1.3029     1.3793     0.4400     1.2108
    -1.4007     0.9580     0.7257     1.1544
    -1.6409     0.5461     0.9489     0.9379
    -1.8456     0.0978     1.2079     0.5992
    -1.8411    -0.3137     1.4133     0.2136
    -1.8367    -0.6335     1.4669    -0.1155
    -1.6409    -0.8436     1.5473    -0.3600
    -1.4986    -1.0172     1.5026    -0.5668
    -1.2139    -1.2272     1.3240    -0.7736
    -0.8759    -1.2546     1.1186    -0.8863
    -0.4846    -1.2409     0.8596    -1.0461
    -0.0578    -1.2272     0.6185    -1.0649
     0.5289    -1.1085     0.2525    -1.0085
     1.0711    -0.9989    -0.0778    -0.8488
     1.6753    -0.8254    -0.3812    -0.6138
     2.3504    -0.6244    -0.6399    -0.2848
     2.9454    -0.4142    -0.8273     0.1948
     3.3982    -0.1125    -0.9968     0.7968
     3.3183     0.1344    -1.0949     1.4744
     2.9542     0.3448    -1.1217     2.6892
     2.4037     0.6101    -1.0503     2.6610
     1.7286     0.8207    -1.0682     2.6327
     1.0266     1.0496    -1.0146     2.0770
     0.4223     1.2602    -0.8719     1.5026
    -0.1022     1.3885    -0.6845     0.9097
    -0.5913     1.4984    -0.3901     0.3735
    -1.0627     1.5534    -0.1313    -0.0873
    -1.3651     1.5076     0.2346    -0.4258
    -1.5520     1.3243     0.6274    -0.8300
    -1.7388     1.0862     1.0828    -1.2528
    -1.8723     0.8390     1.5830    -1.4031
    -1.8278     0.5095     2.1637    -1.6004
    -1.7477     0.2716     2.6731    -1.6098
    -1.5786    -0.0120     2.9055    -1.5534
    -1.4185    -0.2040     2.9413    -1.4125
    -1.1694    -0.4599     2.6642    -1.1776
    -0.7781    -0.5878     2.0922    -0.9333
    -0.3868    -0.7980     1.4222    -0.6514
     0.0578    -0.9167     0.7524    -0.2566
     0.6178    -0.9898     0.0829     0.2512
     1.1333    -1.0354    -0.3812     0.8250
     1.6486    -1.1450    -0.8451     1.4462
     2.1194    -1.1450    -1.2555     1.9640
     2.4747    -1.0811    -1.5052     2.2936
     2.7323    -0.9350    -1.7192     2.4349
     2.6967    -0.7888    -1.8173     2.3689
     2.5724    -0.6244    -1.8262     2.1052
     2.2793    -0.3594    -1.8352     1.7568
     1.9507     0.0429    -1.7281     1.3238
     1.4087     0.4363    -1.4606     0.8815
     0.9467     0.8481    -1.2198     0.3923
     0.4667     1.1320    -0.8630    -0.0121
    -0.0578     1.4801    -0.4704    -0.3882
    -0.5735     1.6451    -0.0421    -0.7172
    -1.0093     1.7734     0.5471    -0.9615
    -1.1783     1.7550     1.1900    -0.9709
    -1.5164     1.5442     1.6545    -0.9239
    -1.7566     1.3610     2.0476    -0.9803
    -1.9167     0.9946     2.3156    -0.9333
    -1.9523     0.6376     2.4139    -0.9427
    -1.9523     0.2533     2.3603    -0.9239
    -1.9345    -0.0760     2.1637    -0.8676
    -1.7833    -0.4416     1.9672    -0.7736
    -1.6498    -0.7523     1.5919    -0.6514
    -1.3562    -1.0263     1.2883    -0.5950
    -0.8314    -1.2272     0.9221    -0.5292
    -0.3423    -1.4280     0.5828    -0.4728
     0.1734    -1.4371     0.1632    -0.3318
     0.8045    -1.4736    -0.2027    -0.2096
     1.4709    -1.2911    -0.4704     0.0913
     2.1372    -1.1815    -0.6845     0.4393
     2.7500    -0.8984    -0.8451     0.7874
     3.1673    -0.6518    -0.9879     1.2014
     3.1807    -0.3685    -1.1038     1.5309
     3.1940    -0.0302    -1.1038     1.8886
     2.7056     0.3448    -0.9968     2.3030
     2.1816     0.7383    -0.9076     2.4820
     1.5065     1.0587    -0.7381     2.5008
     0.9378     1.3702    -0.6042     2.2936
     0.3600     1.5717    -0.4079     1.9357
    -0.1823     1.6451    -0.2027     1.5215
    -0.6536     1.6359     0.0383     1.0509
    -1.0093     1.4984     0.3239     0.5146
    -1.2940     1.3427     0.6007     0.0913
    -1.4363     1.1137     0.9042    -0.3224
    -1.5520     0.8390     1.1632    -0.7078
    -1.6320     0.4729     1.5383    -1.0461
    -1.7121     0.1984     1.7349    -1.2434
    -1.7388    -0.1765     1.8510    -1.3843
    -1.6231    -0.3959     1.9046    -1.5440
    -1.3384    -0.5604     1.7527    -1.5158
    -0.9915    -0.7158     1.6098    -1.5346
    -0.6002    -0.8710     1.3597    -1.5440
    -0.1556    -0.9806     0.9578    -1.4595
     0.3067    -0.9167     0.4578    -1.2434
     0.7689    -0.9350     0.0115    -0.9615
     1.2843    -0.8345    -0.4436    -0.5856
     1.7819    -0.6883    -0.8541    -0.1532
     2.1639    -0.4782    -1.1395     0.4299
     2.5191    -0.2680    -1.3893     1.1073
     2.6257    -0.0028    -1.5944     1.5309
     2.6079     0.1892    -1.6479     1.8886
     2.4037     0.3814    -1.6122     2.1994
     2.0839     0.5186    -1.4517     2.4255
     1.5687     0.7017    -1.2733     2.4396
     0.9822     0.8481    -0.9968     2.4537
     0.5112     1.0404    -0.6845     2.1806
     0.1200     1.1686    -0.3187     1.8133
    -0.2623     1.1686     0.1454     1.4085
    -0.6091     1.1686     0.7614     0.9944
    -0.8937     1.1137     1.4133     0.5334
    -1.0093     0.9946     2.0565     0.1383
    -1.1783     0.9031     2.7357    -0.1908
    -1.3829     0.7291     3.0307    -0.4916
    -1.4541     0.5735     2.9770    -0.7830
    -1.5786     0.3448     2.9055    -0.9333
    -1.5164     0.0886     2.2263    -1.0837
    -1.5253    -0.2497     1.6277    -1.2152
    -1.4007    -0.4782     1.0471    -1.3186
    -1.3118    -0.6883     0.4757    -1.3280
    -1.0627    -0.8619    -0.0331    -1.3373
    -0.7870    -1.0537    -0.4526    -1.2716
    -0.3512    -1.1176    -0.8362    -1.0649
     0.1111    -1.1633    -1.1663    -0.8300
     0.7334    -1.2363    -1.3714    -0.5480
     1.4532    -1.2363    -1.5230    -0.2754
     2.1905    -1.1085    -1.6211    -0.0121
     2.9720    -0.8893    -1.6301     0.3923
     3.4869    -0.6335    -1.6122     0.7592
     3.3982    -0.3502    -1.5052     1.1732
     2.7589     0.0429    -1.3893     1.5120
     2.1017     0.4363    -1.3001     1.7097
     1.4265     0.8115    -1.1038     1.7756
     0.8578     1.1778    -0.8719     1.8133
     0.2534     1.5351    -0.5596     1.7003
    -0.2089     1.8100    -0.2741     1.5215
    -0.6625     1.9842     0.0204     1.3520
    -1.0271     1.9292     0.4489     1.0791
    -1.2762     1.8467     0.8060     0.6651
    -1.4363     1.5351     1.1989     0.3358
    -1.5342     1.1320     1.6098     0.0443
    -1.5697     0.6742     2.0386    -0.2378
    -1.4808     0.3082     2.4765    -0.4540
    -1.4541    -0.1308     2.7625    -0.5950
    -1.2851    -0.4508     2.8251    -0.8206
    -1.1605    -0.7523     2.6374    -1.0273
    -0.8848    -1.0263     2.2888    -1.2340
    -0.7336    -1.2454     1.8242    -1.3749
    -0.4312    -1.3367     1.3865    -1.3749
    -0.1912    -1.3824     0.9935    -1.3749
     0.1911    -1.2728     0.4935    -1.1964
     0.6711    -1.1176    -0.0153    -0.9615
     1.0711    -0.9989    -0.4347    -0.6232
     1.4087    -0.8619    -0.7559    -0.2378
     1.7819    -0.6883    -0.9611     0.1854
     2.0750    -0.4142    -1.1752     0.6745
     2.3326    -0.1583    -1.3268     1.2108
     2.3415     0.0612    -1.4339     1.8321
     2.3504     0.3448    -1.5052     2.4255
     2.1639     0.5095    -1.3803     2.8871
     1.8174     0.7474    -1.2822     2.9907
     1.4532     0.9214    -1.0949     2.4160
     0.9111     1.2419    -0.9344     1.5685
     0.3867     1.4343    -0.6935     0.8344
    -0.0756     1.5717    -0.3901     0.1760
    -0.5735     1.5397    -0.1135    -0.3224
    -1.0004     1.5076     0.2436    -0.7454
    -1.3206     1.2602     0.5382    -1.0837
    -1.5253     0.8573     0.8150    -1.5158
    -1.7388     0.5003     1.0918    -1.7225
    -1.8278     0.1892     1.2704    -1.7506
    -1.8901    -0.1400     1.4401    -1.7412
    -1.9078    -0.3594     1.5473    -1.7694
    -1.8545    -0.5787     1.5651    -1.6473
    -1.5964    -0.7340     1.5741    -1.4219
    -1.3118    -0.9076     1.4401    -1.1964
    -0.8403    -0.9715     1.3508    -0.8863
    -0.3423    -1.0080     1.2168    -0.4540
     0.1823    -1.0354     1.0561     0.0631
     0.8311    -0.9624     0.8328     0.6933
     1.4087    -0.8254     0.5828     1.4367
     1.9329    -0.6518     0.3685     2.1711
     2.4658    -0.4690     0.0472     2.7552
     2.4614    -0.3045    -0.2205     3.0944
     2.4570    -0.1583    -0.4793     3.0614
     2.2527     0.0886    -0.6489     3.0284
     1.9151     0.2350    -0.7738     2.5950
     1.5687     0.4271    -0.8808     1.9734
     1.1244     0.5735    -0.9611     1.3708
     0.6800     0.6834    -0.9700     0.7686
     0.2800     0.7749    -0.9700     0.1760
    -0.1467     0.8847    -0.8541    -0.3130
    -0.5113     0.8939    -0.7202    -0.6608
    -0.8848     0.8756    -0.5864    -1.0461
    -1.0805     0.7749    -0.4079    -1.3843
    -1.2584     0.5644    -0.2830    -1.5722
    -1.3829     0.3722    -0.1045    -1.7319
    -1.5164     0.1252     0.0204    -1.8070
    -1.5297    -0.1217     0.1811    -1.8352
    -1.5431    -0.3502     0.3239    -1.7506
    -1.3918    -0.4873     0.5114    -1.5722
    -1.1872    -0.6701     0.6632    -1.3186
    -0.8314    -0.7249     0.8150    -1.1213
    -0.4935    -0.7523     1.0025    -0.8582
    -0.1556    -0.5970     1.0739    -0.5292
     0.2889    -0.4782     1.1632    -0.1908
     0.7067    -0.3776     1.1811     0.3170
     1.0355    -0.2223     1.0739     0.7780
     1.3999    -0.1308     1.0293     1.2485
     1.6575     0.0246     0.8685     1.7003
     1.9507     0.1161     0.7257     2.0016
     2.1461     0.3265     0.5292     2.2088
     2.4481     0.4454     0.3328     2.2559
     2.4259     0.5644     0.1365     2.1335
     2.4037     0.8024    -0.1224     1.8133
     2.0750     0.9855    -0.2830     1.5120
     1.5598     1.2877    -0.4615     1.1732
     0.8134     1.5442    -0.6042     0.7686
     0.1289     1.5992    -0.6845     0.3547
    -0.5202     1.4618    -0.7202    -0.0497
    -1.0538     1.1869    -0.7113    -0.3882
    -1.5164     0.7566    -0.6845    -0.7360
    -1.7388     0.3082    -0.5686    -1.0273
    -1.8901    -0.1674    -0.4258    -1.2058
    -2.0057    -0.6061    -0.2741    -1.2528
    -2.0057    -0.9532    -0.1135    -1.2528
    -1.9701    -1.2180     0.0204    -1.1870
    -1.8011    -1.4736     0.1543    -1.0931
    -1.4986    -1.6561     0.2793    -0.9615
    -1.1072    -1.6561     0.4043    -0.8112
    -0.6358    -1.5558     0.5471    -0.5950
    -0.1823    -1.4371     0.6810    -0.3882
     0.3245    -1.2180     0.7614    -0.1250
     0.9022    -0.9258     0.7971     0.2230
     1.4176    -0.7249     0.7257     0.6086
     1.8618    -0.4599     0.6810     0.9662
     2.3149    -0.1857     0.6274     1.3144
     2.7234     0.2075     0.5114     1.5497
     2.7323     0.5095     0.3775     1.8039
     2.7411     0.8207     0.1989     1.9545
     2.4747     1.1412     0.0383     1.9263
     2.0395     1.4801    -0.1402     1.7003
     1.5687     1.8009    -0.2919     1.3426
     1.1244     2.0209    -0.3276     0.9379
     0.5556     2.1768    -0.3187     0.4863
     0.0489     2.2502    -0.1670     0.0067
    -0.4135     2.1034     0.0561    -0.2566
    -0.8225     1.9384     0.3418    -0.5386
    -1.1249     1.4984     1.3418    -0.7830
    -1.3029     0.9672     1.8421    -0.8769
    -1.5253     0.3722     2.3067    -0.9709
    -1.5697    -0.1034     2.2531    -1.0367
    -1.6053    -0.4325     2.1995    -1.0179
    -1.5786    -0.7340     1.6366    -0.9051
    -1.4541    -0.9258     1.0382    -0.8488
    -1.2317    -1.0537     0.5560    -0.8112
    -0.9026    -1.2180     0.0383    -0.7454
    -0.5291    -1.1907    -0.4704    -0.6420
    -0.2000    -1.1176    -0.8362    -0.4258
     0.1911    -0.9898    -1.2466    -0.1438
     0.5645    -0.8984    -1.5587     0.2324
     0.8134    -0.6975    -1.7460     0.8533
     1.1155    -0.6244    -1.8441     1.3614
     1.3377    -0.5878    -1.8797     1.6627
     1.4532    -0.5239    -1.8262     2.0393
     1.6309    -0.3411    -1.6746     2.3313
     1.7641    -0.1217    -1.4249     2.5762
     1.7819     0.0978    -1.2287     2.6139
     1.7464     0.3997    -0.9522     2.4820
     1.6042     0.5369    -0.6399     1.8227
     1.3821     0.8024    -0.2027     1.1356
     1.1155     1.0496     0.3328     0.4958
     0.7778     1.2511     0.9846    -0.0873
     0.4400     1.3610     1.7438    -0.6232
     0.2000     1.3747     2.3246    -1.0273
    -0.0578     1.3885     2.6642    -1.4595
    -0.3779     1.1320     2.8608    -1.7506
    -0.8047     0.9122     2.7982    -1.9666
    -1.2050     0.6193     2.5659    -2.1920
    -1.4274     0.3997     2.1816    -2.2295
    -1.6943     0.2350     1.8421    -2.1544
    -1.8189     0.0246     1.4133    -1.9572
    -1.8812    -0.1765     1.0203    -1.6661
    -1.8723    -0.3411     0.6899    -1.3186
    -1.7566    -0.4325     0.2882    -0.8018
    -1.4363    -0.4873    -0.1313    -0.1438
    -0.9559    -0.5970    -0.5418     0.4111
    -0.3334    -0.6701    -0.7202     0.9379
     0.2800    -0.7432    -0.9254     1.4744
     1.1244    -0.7797    -1.1217     1.9922
     1.9862    -0.6609    -1.2912     2.4914
     2.7145    -0.5787    -1.4339     2.7175
     3.0697    -0.4325    -1.4562     2.7458
     3.0519    -0.3411    -1.4785     2.5008
     2.8122    -0.1583    -1.4160     2.2653
     2.3504    -0.0394    -1.2644     1.9169
     1.9329     0.1069    -1.1306     1.4650
     1.3377     0.1801    -0.9879     0.9285
     0.7689     0.2441    -0.6845     0.4017
     0.2800     0.3814    -0.3366    -0.1061
    -0.2801     0.4363     0.0204    -0.5292
    -0.7069     0.5186     0.4132    -0.9615
    -1.0627     0.5552     0.7257    -1.2904
    -1.3473     0.5278     0.9489    -1.4031
    -1.6231     0.5369     1.3150    -1.4970
    -1.6854     0.5369     1.5026    -1.5722
    -1.7210     0.5278     1.7349    -1.6943
    -1.6498     0.4637     1.8867    -1.6755
    -1.5875     0.4271     1.8778    -1.5722
    -1.4452     0.3356     1.9135    -1.2904
    -1.2584     0.2807     1.7617    -1.0179
    -0.9648     0.1801     1.5741    -0.7078
    -0.5113     0.0246     1.3865    -0.3694
    -0.1378    -0.1308     1.1096     0.0443
     0.2534    -0.3319     0.8239     0.4205
     0.6267    -0.5422     0.5560     0.8062
     1.0178    -0.6883     0.3061     1.2014
     1.4265    -0.8436     0.0740     1.4556
     1.7552    -1.0080    -0.1759     1.6156
     1.9063    -0.9989    -0.4972     1.6250
     2.0040    -0.9441    -0.7024     1.6156
     1.9862    -0.8254    -0.9076     1.4650
     1.8707    -0.6153    -1.0503     1.3897
     1.6842    -0.3228    -1.1484     1.1920
     1.3910     0.0521    -1.2198     0.9568
     1.0178     0.3722    -1.2064     0.6933
     0.6000     0.6834    -1.1930     0.4487
     0.2356     1.0313    -1.0860     0.1289
    -0.1111     1.3793    -0.8808    -0.2096
    -0.4401     1.5809    -0.6310    -0.4352
    -0.7959     1.6038    -0.4526    -0.5950
    -1.1427     1.6267    -0.2741    -0.6514
    -1.4096     1.5351    -0.0599    -0.7736
    -1.6320     1.2511     0.0918    -0.8300
    -1.7210     0.8207     0.2614    -0.8769
    -1.7388     0.3997     0.4400    -0.9051
    -1.6320     0.0155     0.6453    -0.9803
    -1.5164    -0.4690     0.8775    -1.0461
    -1.3118    -0.9167     1.0293    -0.9991
    -0.9915    -1.2637     1.1900    -0.8769
    -0.5735    -1.5010     1.2347    -0.7078
    -0.1912    -1.6926     1.1811    -0.5574
     0.2889    -1.6926     1.1186    -0.3224
     0.7245    -1.6926     1.0382    -0.0685
     1.0800    -1.6105     0.9221     0.2136
     1.4176    -1.4463     0.7614     0.4958
     1.6664    -1.1359     0.6721     0.6933
     1.9151    -0.8254     0.4935     0.9756
     1.9151    -0.5330     0.3061     1.2108
     1.9151    -0.2314     0.0829     1.4179
     1.6486     0.1069    -0.1224     1.5591
     1.3821     0.4912    -0.2830     1.4932
     1.0444     0.9214    -0.4436     1.3897
     0.6889     1.2327    -0.5596     1.2391
     0.3245     1.4526    -0.6756     1.0509
    -0.0756     1.7367    -0.8362     0.7309
    -0.3957     1.8100    -0.8897     0.4958
    -0.6980     1.8559    -0.8808     0.2794
    -0.9826     1.7550    -0.7916     0.1195
    -1.2050     1.6267    -0.7202    -0.0685
    -1.4185     1.4435    -0.5864    -0.2378
    -1.5164     1.0679    -0.5329    -0.3788
    -1.5431     0.7108    -0.3723    -0.4634
    -1.5431     0.1892    -0.1491    -0.6608
    -1.3918    -0.2405     0.0383    -0.8300
    -1.2050    -0.5878     0.2704    -1.0085
    -0.9382    -0.8436     0.4221    -1.2152
    -0.6002    -1.0354     0.5471    -1.2810
    -0.2356    -1.1998     0.6364    -1.2622
     0.1467    -1.3550     0.6542    -1.2434
     0.5378    -1.3550     0.7524    -1.1025
     0.8845    -1.2546     0.6989    -0.8769
     1.1688    -1.1450     0.6899    -0.5856
     1.4976    -0.9258     0.7257    -0.2848
     1.6842    -0.7523     0.6899     0.1760
     1.9063    -0.4508     0.6185     0.6651
     2.0839    -0.1583     0.5739     1.1920
     2.1194     0.1618     0.4935     1.7662
     2.0573     0.4271     0.3775     2.3878
     1.8707     0.7566     0.2614     2.9154
     1.6220     1.0313     0.1275     2.9907
     1.1777     1.2144     0.0026     2.5385
     0.6267     1.3060    -0.1224     1.9075
    -0.0133     1.3518    -0.2116     1.2579
    -0.6091     1.3060    -0.2919     0.6275
    -1.0271     1.1686    -0.2919     0.1101
    -1.3740     1.0313    -0.3901    -0.3224
    -1.5342     0.7840    -0.4258    -0.6984
    -1.7121     0.5918    -0.3812    -1.1307
    -1.7032     0.3814    -0.4704    -1.3749
    -1.7121     0.1069    -0.4883    -1.4407
    -1.6409    -0.1308    -0.4347    -1.4595
    -1.4363    -0.3228    -0.4169    -1.4219
    -1.2406    -0.5239    -0.3366    -1.3937
    -0.9115    -0.6701    -0.1848    -1.3373
    -0.5113    -0.7980     0.0561    -1.2434
    -0.1289    -0.8254     0.1989    -1.0649
     0.1911    -0.8528     0.4310    -0.7454
     0.6978    -0.8619     0.5382    -0.3224
     1.1599    -0.7888     0.7257     0.1854
     1.4798    -0.7523     0.8239     0.7968
     1.7286    -0.7706     0.8328     1.4744
     1.8796    -0.7797     0.7971     2.1052
     1.9063    -0.7523     0.6989     2.5385
     1.8174    -0.6153     0.5203     2.5432
     1.6397    -0.4965     0.2436     2.5479
     1.3732    -0.3045    -0.0331     2.1335
     1.0977     0.0155    -0.2830     1.6533
     0.7689     0.3448    -0.5150     1.1167
     0.3778     0.7566    -0.6578     0.5522
    -0.0489     1.2511    -0.6399     0.0067
    -0.3779     1.7367    -0.5953    -0.4822
    -0.6625     2.0576    -0.4079    -0.9427
    -0.8314     2.1401    -0.1224    -1.3561
    -0.9648     1.9017     0.2525    -1.6098
    -1.0627     1.4526     0.8417    -1.6192
    -1.1427     0.9580     1.7349    -1.6567
    -1.1694     0.5278     1.8689    -1.6473
    -1.0894     0.2258     1.8510    -1.5722
    -1.0004    -0.1308     1.8331    -1.4501
    -0.8047    -0.4325     1.4758    -1.3186
    -0.6269    -0.7249     1.0293    -1.0649
    -0.4046    -0.8254     0.5114    -0.7078
    -0.2356    -0.9258    -0.0064    -0.1155
    -0.0133    -1.1541    -0.4793     0.3547
     0.3156    -1.2820    -0.8719     0.8721
     0.6445    -1.3002    -1.1574     1.4367
     0.9022    -1.3093    -1.3179     2.0958
     1.0977    -1.3185    -1.4249     2.5856
     1.1866    -1.2546    -1.4963     2.8211
     1.3732    -1.1633    -1.4606     2.7081
     1.3821    -0.9076    -1.3625     2.2371
     1.4265    -0.6335    -1.1930     1.6533
     1.4087    -0.2771    -1.0146     1.0320
     1.2843     0.0338    -0.7202     0.4863
     1.1422     0.4912    -0.3812    -0.0309
     0.8845     0.8939     0.1097    -0.4258
     0.6000     1.2053     0.7167    -0.7642
     0.2711     1.5259     1.2704    -1.1119
    -0.1289     1.6909     1.8153    -1.3092
    -0.4579     1.7917     2.3335    -1.4407
    -0.7247     1.7825     2.5390    -1.4877
    -0.9826     1.5809     2.5748    -1.5722
    -1.2139     1.3335     2.5390    -1.6098
    -1.3384     1.1320     2.2352    -1.5816
    -1.5342     0.8115     1.8778    -1.4031
    -1.6854     0.5735     1.4401    -1.1870
    -1.7566     0.2533     0.9935    -0.9145
    -1.6320     0.0338     0.5471    -0.6232
    -1.4363    -0.2314     0.1008    -0.2848
    -1.1694    -0.5422    -0.3366     0.1760
    -0.7781    -0.7249    -0.6845     0.5522
    -0.3423    -0.8436    -0.9700     0.8815
     0.2711    -0.9441    -1.1574     1.2767
     0.8222    -1.1085    -1.3358     1.6533
     1.3643    -1.1998    -1.4339     1.9451
     1.8796    -1.2637    -1.4874     2.1994
     2.1461    -1.2637    -1.4428     2.1806
     2.2083    -1.1998    -1.3090     2.1617
     1.9507    -1.1815    -1.1484     1.8980
     1.6486    -1.1085    -1.0057     1.6344
     1.2932    -0.9076    -0.7738     1.2579
     0.9911    -0.6975    -0.5418     0.7780
     0.6445    -0.5147    -0.3455     0.3453
     0.2800    -0.1308    -0.0956    -0.0309
    -0.0578     0.1892     0.2168    -0.3976
    -0.2890     0.4729     0.4757    -0.8112
    -0.4668     0.7657     0.7435    -1.0931
    -0.6713     1.1228     1.0471    -1.4031
    -0.7959     1.4526     1.3240    -1.7037
    -0.8848     1.6726     1.5205    -1.8446
    -0.9471     1.7092     1.6723    -1.8164
    -1.0004     1.6359     1.7706    -1.7131
    -1.0271     1.3885     1.8778    -1.4595
    -1.0004     1.0313     1.8421    -1.1213
    -0.8403     0.7108     1.6902    -0.7548
    -0.6802     0.4180     1.5294    -0.4258
    -0.5113     0.1344     1.3061    -0.0309
    -0.2356    -0.2040     1.0828     0.4487
    -0.0400    -0.4325     0.7792     0.8815
     0.2889    -0.5696     0.4310     1.2861
     0.5823    -0.7066     0.0740     1.7192
     0.9378    -0.8345    -0.3187     2.1900
     1.1333    -1.0172    -0.5864     2.5950
     1.2755    -1.1633    -0.8719     2.8588
     1.4176    -1.2637    -1.0682     2.9625
     1.4176    -1.2637    -1.1930     2.6892
     1.3465    -1.2637    -1.2733     2.0016
     1.2577    -1.1724    -1.3090     1.1544
     1.1955    -0.9989    -1.3625     0.3358
     1.0178    -0.8162    -1.3714    -0.3412
     0.8756    -0.5056    -1.3358    -0.7266
     0.6356    -0.1400    -1.1217    -1.0837
     0.4134     0.3356    -0.9790    -1.4031
     0.1823     0.9397    -0.7470    -1.6755
    -0.0756     1.5534    -0.5418    -1.7788
    -0.2623     2.0759    -0.2652    -1.7929
    -0.5646     2.3327     0.0204    -1.8070
    -0.8314     2.4061     0.2882    -1.7882
    -1.1694     2.1126     0.5650    -1.6379
    -1.3651     1.6176     0.8507    -1.4501
    -1.4719     1.0862     1.0739    -1.2152
    -1.4585     0.5735     1.2168    -0.8582
    -1.4452     0.0795     1.4222    -0.3882
    -1.3206    -0.3228     1.5383     0.1477
    -1.0360    -0.7158     1.5741     0.7309
    -0.7514    -0.9989     1.6277     1.3520
    -0.4135    -1.1815     1.5205     1.8510
    -0.0222    -1.3824     1.3240     2.3407
     0.5112    -1.5284     1.1275     2.6892
     0.7956    -1.6379     0.8150     2.8494
     1.1422    -1.6379     0.5025     2.7740
     1.4354    -1.7200     0.1900     2.4820
     1.6220    -1.6926    -0.0778     2.1335
     1.7730    -1.6470    -0.3276     1.6438
     1.7908    -1.4097    -0.5329     1.1261
     1.7375    -1.0080    -0.6132     0.5992
     1.5331    -0.5239    -0.6667     0.1101
     1.2310    -0.0851    -0.7024    -0.3318
     0.8756     0.5552    -0.7381    -0.6984
     0.5645     1.0587    -0.7738    -1.0555
     0.2000     1.6451    -0.7470    -1.2622
    -0.1467     2.1493    -0.6221    -1.3843
    -0.3423     2.3786    -0.5329    -1.5816
    -0.6002     2.5988    -0.4079    -1.7131
    -0.7870     2.5162    -0.2295    -1.8352
    -1.0449     2.2594    -0.1670    -1.8446
    -1.1783     1.7917    -0.0599    -1.6379
    -1.2673     1.2969     0.0829    -1.4407
    -1.2317     0.6834     0.2079    -1.1588
    -1.1249     0.2258     0.2614    -0.9145
    -0.8670    -0.2314     0.3864    -0.7172
    -0.6802    -0.5970     0.4578    -0.3318
    -0.3957    -0.8802     0.4935     0.1572
    -0.0489    -1.0446     0.4935     0.5710
     0.2445    -1.1633     0.5292     1.0979
     0.6000    -1.2272     0.5025     1.5968
     0.8845    -1.2180     0.3864     2.0581
     1.1688    -1.1541     0.3507     2.4255
     1.3732    -1.1267     0.2257     2.7363
     1.6131    -1.0628     0.1543     2.9530
     1.7286    -0.9350     0.0651     2.9813
     1.7019    -0.8802     0.0115     2.8400
     1.6131    -0.6792    -0.0153     2.2747
     1.4709    -0.5239     0.0383     1.5026
     1.1155    -0.3868     0.1097     0.8062
     0.8045    -0.2223     0.2704     0.1854
     0.3867    -0.0028     0.3953    -0.2754
     0.0756     0.2716     0.6007    -0.6890
    -0.2712     0.5003     0.7524    -1.0931
    -0.6091     0.8481     0.8864    -1.5346
    -0.8848     1.2236     1.0382    -1.8446
    -1.1161     1.5351     1.2704    -1.8727
    -1.2762     1.7642     1.5294    -1.8539
    -1.3740     1.9659     1.7259    -1.8446
    -1.3562     1.9476     1.7349    -1.7600
    -1.2851     1.9292     1.5830    -1.6567
    -1.1072     1.6726     1.1632    -1.4595
    -0.8581     1.3885     0.6542    -1.2716
    -0.6002     1.0129     0.1097    -0.9803
    -0.3601     0.5918    -0.3723    -0.5198
    -0.1645     0.1252    -0.8005    -0.1250
     0.0934    -0.3045    -1.1930     0.4111
     0.3423    -0.5970    -1.4339     0.9850
     0.5112    -0.8345    -1.5944     1.5779
     0.7423    -1.0354    -1.6836     2.1617
     0.8489    -1.1724    -1.7638     2.6610
     0.8756    -1.2728    -1.7371     2.8400
     0.9378    -1.3185    -1.5855     2.8494
     0.9822    -1.2180    -1.3803     2.7269
     1.0178    -1.1907    -1.1038     2.5385
     1.0444    -1.0354    -0.8005     2.2182
     1.0000    -0.7797    -0.4615     1.7286
     0.8222    -0.4873    -0.0153     1.2108
     0.7245    -0.0668     0.6007     0.6369
     0.5378     0.3356     1.2168     0.0725
     0.3512     0.8298     1.6187    -0.3788
     0.1645     1.2877     2.0744    -0.7360
    -0.0756     1.6176     2.3067    -0.9897
    -0.3601     2.0393     2.3156    -1.1025
    -0.6536     2.3511     2.3246    -1.1401
    -0.8848     2.3878     2.1727    -1.2810
    -1.0271     2.1585     1.9046    -1.3843
    -1.0716     1.7459     1.5562    -1.3843
    -1.1249     1.2694     1.2615    -1.3467
    -1.0182     0.7474     0.9489    -1.2810
    -0.9382     0.1801     0.6185    -1.1776
    -0.7870    -0.3502     0.2704    -0.9145
    -0.5646    -0.8162    -0.0153    -0.6044
    -0.4135    -1.2089    -0.1938    -0.2754
    -0.1645    -1.4463    -0.3723     0.1854
     0.0400    -1.6470    -0.6042     0.5992
     0.3689    -1.6835    -0.8005     1.0603
     0.5734    -1.6196    -1.0146     1.5026
     0.8578    -1.5466    -1.1663     1.8886
          3          3          3          3
