    4   2048 0.020000  2016   1  21  14  51
         16         10         11         42
     1.2877     2.5670     0.1852    -0.6218
     1.6876     2.5670     0.2209    -0.7346
     1.9185     2.3377     0.2566    -0.8473
     2.1317     2.0533     0.2655    -0.9695
     2.2561     1.6775     0.2388    -0.9883
     2.1850     1.2102     0.2388    -1.0635
     2.0429     0.8347     0.2477    -1.0917
     1.8030     0.4229     0.1852    -1.0447
     1.4388     0.0478     0.1763    -0.9037
     0.9856    -0.3910     0.0781    -0.8003
     0.6212    -0.7017     0.0335    -0.6218
     0.1946    -0.9209    -0.0112    -0.4150
    -0.2144    -1.0670    -0.0736    -0.1799
    -0.4100    -1.2953    -0.1183     0.1398
    -0.7657    -1.4048    -0.1629     0.4502
    -1.0326    -1.5873    -0.2164     0.7983
    -1.2549    -1.6421    -0.2254     1.1747
    -1.4329    -1.6695    -0.2432     1.6171
    -1.5485    -1.5508    -0.2878     1.9560
    -1.6197    -1.4505    -0.2967     1.9843
    -1.6019    -1.2496    -0.2878     2.0408
    -1.5218    -1.0579    -0.2789     2.1256
    -1.3528    -0.7474    -0.2700     2.1444
    -1.1660    -0.4824    -0.2789     2.0408
    -0.8636    -0.0710    -0.2075     1.7112
    -0.5523     0.2948    -0.2075     1.1276
    -0.2322     0.6791    -0.1361     0.5725
     0.2123     1.0270    -0.1093    -0.0389
     0.6123     1.3568    -0.0469    -0.5842
     0.9501     1.7233    -0.0112    -0.9507
     1.3499     1.8883     0.0870    -1.2890
     1.6964     1.9892     0.1763    -1.5614
     1.8919     2.0625     0.2477    -1.7305
     2.0518     1.9250     0.2566    -1.7774
     2.2916     1.7966     0.2745    -1.7915
     2.2472     1.5675     0.3370    -1.8056
     2.1051     1.3934     0.2923    -1.7305
     1.8919     1.1369     0.3280    -1.5332
     1.5809     0.7798     0.3370    -1.2138
     1.1811     0.4778     0.3102    -0.8849
     0.7368     0.1667     0.2834    -0.3962
     0.2746    -0.0345     0.3280     0.1398
    -0.1700    -0.3362     0.3459     0.5537
    -0.5167    -0.6195     0.3191     1.0147
    -0.7657    -0.8661     0.3280     1.5606
    -1.0415    -1.1401     0.3637     1.9655
    -1.2905    -1.2862     0.3548     2.1161
    -1.5129    -1.4596     0.3280     2.0691
    -1.6642    -1.4596     0.3191     2.1067
    -1.6998    -1.4596     0.3459     2.1444
    -1.6998    -1.3409     0.2745     2.0408
    -1.6108    -1.2131     0.2120     2.0502
    -1.4240    -1.0670     0.1584     1.9655
    -1.2905    -0.8296     0.0602     1.6359
    -1.0326    -0.5738     0.0335     1.1747
    -0.7035    -0.2630    -0.0647     0.7512
    -0.2767     0.1576    -0.0915     0.3185
     0.0879     0.5235    -0.2164    -0.1517
     0.4079     0.9080    -0.2521    -0.4996
     0.7634     1.2285    -0.2700    -0.7909
     1.1100     1.5583    -0.2700    -0.8943
     1.3944     2.0625    -0.3146    -1.0729
     1.7142     2.3193    -0.3146    -1.2608
     1.9629     2.3835    -0.2700    -1.3171
     2.0873     2.4019    -0.2432    -1.4205
     2.1051     2.2551    -0.1986    -1.4487
     2.1228     2.0625    -0.1986    -1.3453
     1.9274     1.7875    -0.1629    -1.1762
     1.6343     1.3751    -0.0647    -1.0541
     1.2255     0.8714    -0.0379    -0.8661
     0.7368     0.4229     0.0424    -0.6124
     0.2568     0.0204     0.1495    -0.3680
    -0.1877    -0.4184     0.1763    -0.1705
    -0.4990    -0.7108     0.2477     0.1398
    -0.8102    -0.9575     0.2566     0.4408
    -1.0770    -1.2040     0.2700     0.7230
    -1.3350    -1.4048     0.2834     1.0335
    -1.5218    -1.5965     0.2923     1.2782
    -1.6642    -1.6421     0.3013     1.5041
    -1.7264    -1.6421     0.2923     1.6265
    -1.7175    -1.6786     0.3280     1.7489
    -1.7175    -1.5052     0.3191     1.7677
    -1.5129    -1.3318     0.2923     1.5983
    -1.3795    -1.1218     0.3013     1.3817
    -1.1037    -0.8844     0.2745     1.1464
    -0.8013    -0.6560     0.2834     0.8735
    -0.4634    -0.1808     0.2031     0.5442
    -0.0544     0.2125     0.1674     0.2338
     0.3457     0.6700     0.0781    -0.0765
     0.6035     1.2193    -0.0112    -0.3680
     0.8790     1.6225    -0.0469    -0.5936
     1.2433     1.9892    -0.1807    -0.7534
     1.5010     2.2918    -0.2164    -0.9883
     1.6964     2.4386    -0.2254    -1.1011
     1.8830     2.4569    -0.3414    -1.2984
     1.9896     2.2459    -0.3324    -1.3171
     1.9896     1.9892    -0.4128    -1.3735
     1.8119     1.6316    -0.4306    -1.3171
     1.6076     1.0362    -0.4752    -1.2514
     1.2611     0.5327    -0.4931    -1.1574
     0.8256     0.0113    -0.4306    -1.0447
     0.3101    -0.3819    -0.4484    -0.8849
    -0.1077    -0.8661    -0.4128    -0.6970
    -0.5701    -1.1492    -0.4128    -0.4432
    -0.8280    -1.3409    -0.3146    -0.2363
    -1.1571    -1.5691    -0.2343     0.1868
    -1.3439    -1.6877    -0.1807     0.5442
    -1.6197    -1.7972    -0.1540     0.8453
    -1.7798    -1.8063    -0.0379     1.1653
    -1.8021    -1.8154     0.0067     1.4100
    -1.8243    -1.7333     0.1138     1.7583
    -1.8154    -1.6238     0.2209     1.8713
    -1.6553    -1.3774     0.2477     1.8901
    -1.5129    -1.0214     0.2655     1.8431
    -1.2727    -0.7200     0.3191     1.6359
    -0.9436    -0.2813     0.2655     1.3817
    -0.5612     0.1759     0.3191     1.0617
    -0.1344     0.6517     0.2923     0.6007
     0.2123     1.2010     0.2745     0.1680
     0.5412     1.6316     0.2655    -0.1611
     0.8879     1.9617     0.2834    -0.4714
     1.1900     2.1817     0.3280    -0.7534
     1.4299     2.3744     0.3191    -0.9977
     1.6964     2.4202     0.3013    -1.1198
     1.8652     2.2184     0.2745    -1.2514
     1.9541     1.9525     0.2120    -1.3171
     1.9274     1.5767     0.1584    -1.3359
     1.8030     1.1094     0.1495    -1.3359
     1.5365     0.6151     0.0870    -1.2796
     1.1900     0.1576    -0.0290    -1.1856
     0.8079    -0.2813    -0.0736    -1.0071
     0.3101    -0.6651    -0.1540    -0.8379
    -0.1344    -0.9575    -0.1807    -0.5842
    -0.5434    -1.1401    -0.2075    -0.3115
    -0.8013    -1.3957    -0.3057     0.0834
    -1.1571    -1.5417    -0.3592     0.5066
    -1.3706    -1.6877    -0.3503     0.8359
    -1.5752    -1.7698    -0.3503     1.2500
    -1.7353    -1.7972    -0.2878     1.5512
    -1.8332    -1.7424    -0.2610     1.9560
    -1.7798    -1.6330    -0.2700     2.0408
    -1.7976    -1.4413    -0.2432     2.0502
    -1.6019    -1.1310    -0.2075     2.0973
    -1.4418    -0.7748    -0.1272     2.0879
    -1.2105    -0.3727    -0.0736     1.9937
    -0.9436     0.0295     0.0335     1.8148
    -0.5612     0.4961     0.1227     1.4288
    -0.1344     1.0362     0.1852     0.9865
     0.1857     1.5950     0.2298     0.4126
     0.5501     2.0442     0.2834    -0.1235
     0.7901     2.4478     0.2655    -0.4808
     1.0923     2.5762     0.2834    -0.7909
     1.4033     2.5670     0.2745    -1.0917
     1.5898     2.5579     0.2745    -1.2796
     1.7942     2.5395     0.3102    -1.4675
     1.9096     2.4202     0.2745    -1.5708
     1.9452     1.8883     0.2923    -1.5990
     1.8208     1.2285     0.2789    -1.5708
     1.6165     0.6974     0.2655    -1.4956
     1.3855     0.1850     0.2923    -1.3547
     0.9234    -0.3362     0.2745    -1.0541
     0.5146    -0.7382     0.2388    -0.7158
     0.0256    -1.0853     0.1763    -0.3774
    -0.3922    -1.2679     0.1317     0.0552
    -0.6857    -1.4870     0.0781     0.5631
    -1.0237    -1.6421    -0.0201     0.9865
    -1.2905    -1.8246    -0.0558     1.3347
    -1.5485    -1.8884    -0.1629     1.7206
    -1.6553    -1.9340    -0.2075     1.9090
    -1.7442    -1.8063    -0.2254     2.0314
    -1.7487    -1.5782    -0.3414     2.0314
    -1.7531    -1.3957    -0.3057     2.0502
    -1.6108    -1.1127    -0.3949     1.9560
    -1.4240    -0.7382    -0.3860     1.8148
    -1.1838    -0.3636    -0.4217     1.5418
    -0.8814     0.0936    -0.3681     1.2029
    -0.4812     0.5327    -0.3235     0.6854
    -0.1255     1.0545    -0.2789     0.2809
     0.2657     1.6225    -0.2521    -0.0859
     0.6123     2.1267    -0.2075    -0.4338
     0.8967     2.4478    -0.1718    -0.6594
     1.1989     2.5395    -0.0558    -0.8661
     1.4121     2.5854     0.0156    -1.0259
     1.6964     2.4753     0.0602    -1.2796
     1.9541     2.2643     0.1674    -1.4956
     2.1228     1.9341     0.1763    -1.5990
     2.1584     1.3842     0.2209    -1.6647
     2.0784     0.8622     0.2745    -1.6835
     1.8297     0.4869     0.3013    -1.6177
     1.5188    -0.0162     0.2923    -1.4487
     1.1189    -0.4550     0.2745    -1.2420
     0.6479    -0.7930     0.3191    -0.9977
     0.1679    -1.0122     0.3013    -0.7534
    -0.2589    -1.2496     0.2923    -0.3774
    -0.5078    -1.3592     0.3013     0.0552
    -0.7746    -1.6056     0.3102     0.4314
    -1.0504    -1.6786     0.2834     1.0147
    -1.3261    -1.8428     0.2923     1.4194
    -1.5752    -1.8428     0.2477     1.8148
    -1.6464    -1.6786     0.1941     2.0031
    -1.6909    -1.6147     0.1763     2.0596
    -1.7353    -1.3683     0.0602     2.0973
    -1.5485    -1.1401    -0.0022     2.0314
    -1.4506    -0.8844    -0.0558     2.0596
    -1.2549    -0.6469    -0.1004     1.8807
    -0.9436    -0.2905    -0.2075     1.4382
    -0.6323     0.1119    -0.2164     0.8830
    -0.2678     0.4595    -0.2789     0.2432
     0.1590     0.8164    -0.2700    -0.3398
     0.4701     1.1003    -0.3414    -0.7252
     0.8612     1.4759    -0.3324    -1.1480
     1.1989     1.7508    -0.2967    -1.4299
     1.4832     1.9158    -0.2343    -1.6365
     1.7675     2.0625    -0.2521    -1.8056
     1.8919     1.9892    -0.2075    -1.9371
     2.0873     1.7966    -0.1540    -2.0497
     2.0962     1.6591    -0.0647    -1.9934
     1.9896     1.3476    -0.0112    -1.8995
     1.7853     0.9538     0.0335    -1.7117
     1.5188     0.6059     0.1495    -1.4581
     1.1633     0.2125     0.2209    -1.1104
     0.6923    -0.2173     0.2298    -0.7815
     0.2479    -0.5098     0.2923    -0.2927
    -0.2144    -0.7474     0.3370     0.2527
    -0.4990    -0.9757     0.3102     0.8265
    -0.7657    -1.2588     0.2923     1.2688
    -1.1215    -1.4596     0.3191     1.7960
    -1.4329    -1.6512     0.2834     2.0596
    -1.6197    -1.7516     0.2923     2.1067
    -1.8154    -1.7060     0.3280     2.1350
    -1.8510    -1.5965     0.3548     2.1538
    -1.7442    -1.4231     0.3280     2.1538
    -1.6553    -1.2770     0.3370     2.0879
    -1.5129    -1.1310     0.2923     1.7960
    -1.2994    -0.8661     0.2745     1.2970
    -0.9614    -0.5464     0.2388     0.7324
    -0.6146    -0.2082     0.1584     0.3279
    -0.2233     0.2765     0.0692     0.0081
     0.1857     0.6517    -0.0558    -0.3304
     0.5235     0.9904    -0.0647    -0.6876
     0.8256     1.4392    -0.1540    -0.9413
     1.1545     1.7416    -0.2789    -1.0823
     1.4743     2.0625    -0.3146    -1.2420
     1.6964     2.1817    -0.3681    -1.3923
     1.9541     2.2459    -0.3860    -1.4675
     2.0074     2.0992    -0.4752    -1.4769
     1.9985     2.0075    -0.4574    -1.4769
     1.9274     1.6591    -0.4931    -1.3735
     1.7586     1.3659    -0.4752    -1.2044
     1.4743     0.9171    -0.5198    -0.9507
     1.1633     0.5235    -0.3771    -0.7064
     0.7545     0.1210    -0.3324    -0.4714
     0.2568    -0.2539    -0.3414    -0.2175
    -0.1522    -0.5555    -0.2254     0.0646
    -0.4901    -0.8022    -0.1093     0.4126
    -0.8191    -1.0214    -0.0379     0.7418
    -1.0948    -1.2862     0.0513     1.0335
    -1.3439    -1.4870     0.1138     1.3535
    -1.5752    -1.5965     0.2120     1.5794
    -1.6820    -1.6238     0.2923     1.7112
    -1.6909    -1.5508     0.2834     1.8525
    -1.6998    -1.4778     0.3191     1.8242
    -1.5752    -1.3957     0.3459     1.8431
    -1.3706    -1.2862     0.3102     1.6642
    -1.1215    -1.0305     0.3459     1.4006
    -0.8369    -0.7291     0.3191     1.1559
    -0.5167    -0.3636     0.3280     0.7700
    -0.0455     0.1119     0.3459     0.4784
     0.3990     0.5052     0.3102     0.1774
     0.6746     0.9446     0.2655    -0.1329
     1.0923     1.4117     0.3191    -0.3586
     1.3944     1.8058     0.2655    -0.5842
     1.5898     2.1359     0.1941    -0.7815
     1.8919     2.4019     0.1138    -1.0353
     2.0607     2.4294    -0.0469    -1.1762
     2.0873     2.3468    -0.1629    -1.2796
     2.1317     2.1359    -0.2164    -1.3735
     2.0518     1.7875    -0.3860    -1.3923
     1.9452     1.2743    -0.4128    -1.3923
     1.6520     0.7981    -0.5823    -1.3359
     1.2966     0.3405    -0.6269    -1.1856
     0.8079    -0.1076    -0.6537    -1.0353
     0.2923    -0.5646    -0.7072    -0.8849
    -0.1255    -0.9209    -0.7518    -0.6782
    -0.4723    -1.1583    -0.6983    -0.3492
    -0.7924    -1.3227    -0.7161    -0.0107
    -1.0504    -1.5508    -0.6537     0.3843
    -1.3973    -1.7242    -0.6091     0.7512
    -1.5129    -1.8337    -0.4931     1.1653
    -1.6731    -1.8884    -0.4484     1.5512
    -1.6642    -1.7698    -0.3235     1.8995
    -1.6642    -1.6786    -0.1540     2.1256
    -1.5396    -1.4778    -0.0558     2.1067
    -1.3172    -1.2496     0.0870     2.0879
    -1.1126    -0.9392     0.2566     2.0596
    -0.8369    -0.6743     0.2923     1.8619
    -0.5968    -0.2082     0.3370     1.4947
    -0.2144     0.2765     0.3191     0.9865
     0.2390     0.7524     0.3548     0.5160
     0.5501     1.2835     0.4173     0.0081
     0.8345     1.8241     0.4709    -0.3492
     1.1900     2.1542     0.5780    -0.6030
     1.5365     2.5670     0.5423    -0.9601
     1.8030     2.5854     0.5869    -1.1104
     1.9274     2.6038     0.5512    -1.3265
     2.0429     2.5946     0.5334    -1.4675
     2.0695     2.3377     0.5155    -1.5426
     1.9629     1.7508     0.5423    -1.5567
     1.8208     1.1919     0.4798    -1.5708
     1.5632     0.6791     0.3727    -1.4862
     1.2255     0.1850     0.2120    -1.3171
     0.7012    -0.3544     0.0335    -1.1386
     0.2479    -0.7748    -0.0558    -0.8191
    -0.1877    -1.1492    -0.1718    -0.4996
    -0.5968    -1.3135    -0.3860    -0.0953
    -0.9080    -1.5508    -0.4128     0.3091
    -1.2371    -1.6238    -0.5377     0.7512
    -1.4951    -1.8246    -0.5555     1.2500
    -1.7087    -1.8246    -0.6804     1.6547
    -1.8243    -1.8519    -0.6894     2.0031
    -1.9311    -1.6603    -0.6983     2.1067
    -1.8955    -1.5052    -0.5912     2.1350
    -1.8332    -1.2679    -0.5198     2.1444
    -1.6642    -1.0214    -0.4484     2.0691
    -1.4240    -0.7017    -0.3057     1.9184
    -1.1838    -0.2905    -0.2164     1.6077
    -0.8547     0.1484    -0.0647     1.2311
    -0.4456     0.5784     0.0424     0.6383
    -0.0277     0.9995     0.1852     0.2715
     0.2390     1.4667     0.3013    -0.1141
     0.6479     2.0167     0.4798    -0.4244
     0.9501     2.3010     0.5244    -0.7346
     1.2789     2.4661     0.5869    -1.0165
     1.5454     2.5487     0.5423    -1.1292
     1.7853     2.5395     0.5691    -1.2796
     1.9185     2.4661     0.5691    -1.4205
     1.9629     2.2826     0.5780    -1.4581
     1.8741     1.7875     0.5959    -1.4581
     1.7764     1.3201     0.5959    -1.4205
     1.5898     0.7890     0.5423    -1.2796
     1.2078     0.3131     0.5378    -1.1198
     0.7457    -0.1990     0.5334    -0.8285
     0.2746    -0.6195     0.5066    -0.5654
    -0.3122    -0.9301     0.4084    -0.2457
    -0.6501    -1.1583     0.3102     0.0458
    -0.9703    -1.3774     0.2566     0.4031
    -1.2460    -1.5782     0.1674     0.8171
    -1.5040    -1.7972     0.1049     1.1747
    -1.6553    -1.8610     0.0335     1.5888
    -1.8243    -1.8702    -0.0558     1.9184
    -1.9311    -1.7789    -0.0647     2.0596
    -1.8688    -1.5782    -0.1183     2.1161
    -1.7531    -1.3044    -0.1718     2.1161
    -1.6464    -1.0396    -0.2075     2.0691
    -1.4151    -0.7291    -0.2075     1.9090
    -1.1838    -0.3819    -0.1629     1.6359
    -0.8102     0.1667    -0.1540     1.1276
    -0.4100     0.5784    -0.1495     0.6571
    -0.0633     1.0728    -0.1450     0.1304
     0.3990     1.6225    -0.1897    -0.2269
     0.7279     2.0717    -0.2164    -0.5372
     1.0656     2.3652    -0.2521    -0.8003
     1.3944     2.4753    -0.2521    -1.0635
     1.6964     2.5854    -0.2789    -1.1668
     1.8919     2.5762    -0.2878    -1.2890
     1.9541     2.4294    -0.3414    -1.4017
     2.0607     2.0625    -0.3771    -1.4158
     2.0162     1.6316    -0.4663    -1.4299
     1.9363     1.2010    -0.5020    -1.3735
     1.7497     0.7707    -0.5377    -1.2796
     1.4566     0.2856    -0.5466    -1.0071
     0.9945    -0.1076    -0.5198    -0.7346
     0.5679    -0.4824    -0.5020    -0.4902
     0.0701    -0.7565    -0.4128    -0.2269
    -0.3389    -1.0305    -0.2967     0.1774
    -0.5968    -1.2040    -0.1718     0.4690
    -0.9614    -1.4048     0.0156     0.8547
    -1.2016    -1.5143     0.2477     1.2782
    -1.3795    -1.6968     0.5066     1.6171
    -1.5307    -1.7242     0.6048     1.8713
    -1.6286    -1.6421     1.2299     2.0125
    -1.6019    -1.5052     1.8105     2.1161
    -1.5663    -1.3501     2.2572     2.1444
    -1.4329    -1.1036     2.3823     2.0502
    -1.1660    -0.9118     2.4091     1.8431
    -0.9525    -0.6651     2.0785     1.5324
    -0.6235    -0.2813     1.4264     1.0900
    -0.2233     0.2216     1.0066     0.6948
     0.1590     0.5784     0.5869     0.1868
     0.6035     1.0545     0.1584    -0.2081
     0.8967     1.5034    -0.1807    -0.5560
     1.2078     1.8516    -0.4931    -0.8661
     1.5188     2.1909    -0.8053    -1.0729
     1.8030     2.4478    -1.2246    -1.1574
     2.0695     2.4524    -1.4833    -1.2890
     2.2294     2.4569    -1.6616    -1.4299
     2.2339     2.3835    -1.8935    -1.5050
     2.2383     2.1909    -1.8578    -1.4956
     2.0873     1.7783    -1.8221    -1.3641
     1.8652     1.3018    -1.7865    -1.2326
     1.5632     0.8164    -1.6973    -1.0071
     1.1456     0.3863    -1.5457    -0.7346
     0.7012    -0.2082    -1.3049    -0.5278
     0.1590    -0.6012    -1.0194    -0.2457
    -0.2233    -0.8753    -0.6804     0.1492
    -0.5256    -1.0944    -0.1450     0.5631
    -0.8280    -1.3774     0.3637     0.9488
    -1.0859    -1.5417     0.8905     1.4194
    -1.3617    -1.7698     1.4978     1.7677
    -1.5841    -1.7835     1.9266     2.0031
    -1.6731    -1.7972     2.2393     2.1161
    -1.6197    -1.6877     2.2438     2.1821
    -1.5930    -1.5600     2.2483     2.1350
    -1.4240    -1.3044     2.0964     1.9655
    -1.2194    -1.1310     1.9087     1.7489
    -0.9792    -0.7930     1.6229     1.3723
    -0.7035    -0.3727     1.3370     0.9394
    -0.2944     0.1210     1.1763     0.5066
     0.1679     0.5418     0.9352     0.0552
     0.5412     0.9263     0.6584    -0.3021
     0.8790     1.4209     0.3637    -0.5936
     1.2344     1.7691    -0.0022    -0.9131
     1.5454     2.2276    -0.2075    -1.0259
     1.8563     2.4019    -0.4395    -1.1480
     2.0340     2.4478    -0.5734    -1.2702
     2.1939     2.4019    -0.8053    -1.3359
     2.1584     2.2643    -1.0105    -1.3547
     2.1140     1.9617    -1.0640    -1.3359
     1.9008     1.6042    -1.0730    -1.2232
     1.7409     1.1736    -1.0819    -1.1292
     1.3677     0.7707    -1.2068    -0.9507
     1.0212     0.3131    -1.1711    -0.7534
     0.4968    -0.1716    -1.0908    -0.4808
    -0.0099    -0.4641    -1.0016    -0.2645
    -0.3656    -0.8022    -0.8946     0.0740
    -0.6412    -1.0031    -0.6894     0.3749
    -0.9525    -1.2679    -0.5644     0.6665
    -1.2727    -1.4505    -0.2967     0.9582
    -1.4862    -1.6238    -0.1004     1.2311
    -1.6642    -1.7151     0.2031     1.4759
    -1.7531    -1.6786     0.4977     1.7301
    -1.7531    -1.5417     0.6762     1.8619
    -1.6820    -1.4231     0.8816     1.9184
    -1.4951    -1.2588     1.0334     1.8807
    -1.3350    -1.0214     1.1138     1.7677
    -1.0681    -0.7839     1.2567     1.6077
    -0.7302    -0.4184     1.2656     1.3064
    -0.3122     0.0204     1.3013     0.9300
     0.1145     0.4046     1.2209     0.5442
     0.4701     0.8439     1.1227     0.1492
     0.7545     1.2010     0.9619    -0.2175
     1.0745     1.6042     0.8012    -0.4620
     1.4033     2.0350     0.6494    -0.7909
     1.7142     2.2276     0.3994    -1.0729
     1.8830     2.2276     0.2209    -1.2326
     2.0251     2.2276    -0.0290    -1.4393
     2.0607     2.0809    -0.2432    -1.5802
     2.0074     1.8333    -0.3860    -1.6365
     1.8830     1.4667    -0.5198    -1.6177
     1.6876     0.9995    -0.5644    -1.6084
     1.3411     0.5876    -0.7518    -1.5238
     0.9234     0.2033    -0.7786    -1.3078
     0.4079    -0.2996    -0.8410    -1.1011
    -0.0544    -0.6195    -0.8767    -0.7721
    -0.4723    -0.8204    -0.7875    -0.4432
    -0.7835    -1.0488    -0.6983    -0.0859
    -1.0592    -1.3501    -0.5466     0.3091
    -1.3795    -1.6330    -0.3860     0.7042
    -1.5663    -1.7242    -0.2254     1.2123
    -1.7353    -1.7607     0.0781     1.6077
    -1.8154    -1.6877     0.2655     1.9090
    -1.8421    -1.5782     0.6048     2.1538
    -1.7709    -1.4322     0.8101     2.1915
    -1.6375    -1.3592     1.0602     2.1350
    -1.4951    -1.0944     1.2120     2.0691
    -1.2549    -0.8479     1.4710     1.7866
    -1.0059    -0.5281     1.6318     1.3159
    -0.5701    -0.1259     1.6675     0.8735
    -0.2055     0.2765     1.6318     0.4502
     0.2212     0.7249     1.5157    -0.0295
     0.5768     1.1278     1.3192    -0.3115
     0.9590     1.5308     1.1048    -0.7064
     1.3411     1.9800     0.8369    -0.9507
     1.6520     2.1726     0.6048    -1.1292
     1.8386     2.3010     0.3370    -1.2984
     2.0251     2.2643     0.1406    -1.4675
     2.0429     2.1451    -0.0469    -1.5332
     2.0340     1.9617    -0.2164    -1.5332
     1.9274     1.5217    -0.3949    -1.5144
     1.6609     1.0362    -0.5198    -1.3829
     1.3766     0.5052    -0.6358    -1.2232
     0.8790     0.0478    -0.6715    -1.0071
     0.3812    -0.4276    -0.7607    -0.7158
    -0.0899    -0.7565    -0.7697    -0.4808
    -0.5256    -1.1310    -0.7697    -0.1987
    -0.8013    -1.2953    -0.7340     0.1962
    -1.1037    -1.3683    -0.5466     0.6101
    -1.2816    -1.6056    -0.3949     0.9300
    -1.5307    -1.7789    -0.1807     1.3159
    -1.7087    -1.7242     0.0156     1.7018
    -1.7976    -1.6238     0.2655     1.9466
    -1.8065    -1.4687     0.5244     2.1161
    -1.8154    -1.2862     0.8101     2.2103
    -1.6464    -1.0670     1.0870     2.2480
    -1.4506    -0.8844     1.3549     2.1821
    -1.2283    -0.5189     1.5335     2.1726
    -0.9792    -0.1990     1.7211     1.9655
    -0.5879     0.3039     1.8105     1.5324
    -0.1700     0.7707     1.7569     1.0617
     0.2034     1.1369     1.6675     0.5631
     0.6390     1.5858     1.4531     0.1210
     1.0656     1.8975     1.2656    -0.2457
     1.4388     2.2184     0.9798    -0.5184
     1.7675     2.3744     0.6316    -0.7440
     1.9807     2.3881     0.2834    -0.9789
     2.1406     2.4019    -0.0290    -1.1950
     2.1761     2.2826    -0.3681    -1.4299
     2.2383     1.9617    -0.5734    -1.5332
     2.1051     1.5492    -0.8143    -1.5238
     1.9096     1.0728    -0.9481    -1.5144
     1.5809     0.7340    -1.0194    -1.4205
     1.0923     0.2856    -1.0640    -1.2044
     0.6301    -0.1990    -1.1086    -0.9131
     0.0701    -0.5646    -1.0908    -0.5560
    -0.2944    -0.8022    -0.9927    -0.2363
    -0.6235    -0.9483    -0.9124     0.1962
    -0.9258    -1.1766    -0.6894     0.7136
    -1.1749    -1.3409    -0.5020     1.2594
    -1.3350    -1.4778    -0.2254     1.7960
    -1.4951    -1.4596     0.1049     2.0973
    -1.6642    -1.4413     0.4530     2.2668
    -1.6731    -1.3318     0.8637     2.2951
    -1.5930    -1.2223     1.2656     2.3045
    -1.4240    -1.0762     1.6318     2.2668
    -1.2549    -0.8570     2.0517     2.2197
    -1.0948    -0.5921     2.3644     2.0879
    -0.8280    -0.2539     2.4091     1.6359
    -0.4100     0.0661     2.4181     1.1841
     0.0701     0.5693     2.2393     0.6383
     0.4968     0.9263     1.8283     0.2244
     0.8434     1.4117     1.1227    -0.2363
     1.2255     1.7875     0.5155    -0.5748
     1.6165     2.1175    -0.0022    -0.8943
     1.8741     2.2918    -0.4484    -1.1011
     2.1228     2.4019    -0.8499    -1.2608
     2.2561     2.3652    -1.2781    -1.4111
     2.3715     2.1726    -1.4119    -1.5896
     2.3804     2.0258    -1.6170    -1.5802
     2.2117     1.5217    -1.8043    -1.6084
     1.9807     1.1003    -1.8756    -1.4581
     1.6343     0.7066    -1.8489    -1.2420
     1.1900     0.2674    -1.6527    -1.0635
     0.7545    -0.1716    -1.4208    -0.8191
     0.1946    -0.5372    -1.2157    -0.4714
    -0.1966    -0.8479    -0.8589    -0.2081
    -0.4990    -1.0488    -0.5198     0.1868
    -0.8102    -1.2588    -0.2164     0.6195
    -1.1304    -1.4687     0.2834     1.0523
    -1.2816    -1.6147     0.8012     1.4570
    -1.4240    -1.6330     1.2656     1.9184
    -1.5396    -1.6512     1.8462     2.1632
    -1.5530    -1.5235     2.3466     2.2197
    -1.5663    -1.4322     2.4717     2.2480
    -1.4151    -1.2679     2.6415     2.1915
    -1.2549    -1.0305     2.6415     2.2197
    -0.9792    -0.7565     2.6236     1.9372
    -0.7035    -0.4367     2.0338     1.5794
    -0.3211    -0.0985     1.4978     1.1182
     0.0790     0.3314     0.9262     0.6289
     0.5323     0.7707     0.4709     0.2715
     0.9145     1.1186    -0.1004    -0.1799
     1.2344     1.6225    -0.5555    -0.4902
     1.6876     1.9617    -0.8678    -0.8097
     1.9274     2.1726    -1.1532    -0.9601
     2.1495     2.3193    -1.3316    -1.1574
     2.2561     2.2643    -1.4922    -1.3265
     2.2561     2.2184    -1.5992    -1.4393
     2.2383     1.9341    -1.7419    -1.5520
     2.1228     1.5583    -1.7597    -1.5802
     1.9718     1.1552    -1.7419    -1.4956
     1.6431     0.7340    -1.5724    -1.4205
     1.2167     0.3222    -1.4387    -1.2232
     0.7545    -0.0893    -1.2603    -0.9977
     0.2923    -0.5372    -1.0908    -0.7158
    -0.1433    -0.8113    -0.8053    -0.3868
    -0.4812    -1.0396    -0.4306    -0.0577
    -0.8191    -1.2405    -0.0379     0.3749
    -1.1393    -1.3866     0.3102     0.7983
    -1.2905    -1.5691     0.6584     1.2782
    -1.4684    -1.5828     1.0691     1.6547
    -1.6108    -1.5965     1.4085     2.0220
    -1.6241    -1.5235     1.7390     2.2103
    -1.6375    -1.3683     2.0874     2.2574
    -1.5574    -1.1857     2.3019     2.2668
    -1.2994    -0.9666     2.2885     2.1726
    -1.1304    -0.6743     2.2751     2.0408
    -0.8102    -0.4184     2.0517     1.6453
    -0.4812    -0.1350     1.7926     1.2406
    -0.0988     0.3131     1.5871     0.8171
     0.3990     0.6425     1.2120     0.4031
     0.7101     0.9995     0.8012    -0.0013
     1.1367     1.2926     0.3905    -0.3680
     1.5010     1.6225    -0.0826    -0.6970
     1.7409     1.9708    -0.4306    -0.8849
     1.9807     2.1451    -0.5644    -1.0917
     2.0518     2.1405    -0.8143    -1.2796
     2.1051     2.1359    -1.0551    -1.4581
     2.0607     1.9983    -1.2514    -1.6084
     1.9985     1.6958    -1.3049    -1.7023
     1.7942     1.2743    -1.4030    -1.7117
     1.4654     0.7981    -1.5278    -1.6177
     1.0745     0.4137    -1.4833    -1.5144
     0.6035    -0.1168    -1.4208    -1.2796
     0.1501    -0.5372    -1.2424    -1.0353
    -0.2944    -0.8204    -1.0462    -0.7909
    -0.6501    -1.0488    -0.8321    -0.4338
    -0.9614    -1.3135    -0.5644    -0.0201
    -1.2549    -1.5143    -0.2343     0.3655
    -1.4329    -1.7151     0.1406     0.8171
    -1.6286    -1.8154     0.5244     1.2594
    -1.8065    -1.7972     0.8548     1.6924
    -1.8243    -1.6786     1.1763     2.0314
    -1.8421    -1.4778     1.4710     2.1256
    -1.6909    -1.4139     1.7658     2.2197
    -1.5129    -1.1857     2.0070     2.1726
    -1.3083    -1.0031     2.2304     2.0973
    -1.0415    -0.5646     2.2170     1.8525
    -0.7391    -0.2448     2.2036     1.4476
    -0.2767     0.1942     1.9891     0.9959
     0.1412     0.5418     1.6765     0.6101
     0.5057     0.9171     1.4442     0.2527
     0.9234     1.3201     1.0870    -0.1329
     1.2433     1.7233     0.7834    -0.5090
     1.5898     1.9708     0.4352    -0.7627
     1.8386     2.1817     0.0959    -1.0071
     1.9363     2.3652    -0.1450    -1.2044
     1.9985     2.3285    -0.4038    -1.3829
     2.0340     2.2184    -0.6269    -1.4581
     1.9008     1.9158    -0.8499    -1.5520
     1.7053     1.4484    -0.9748    -1.5990
     1.4477     0.8988    -1.1265    -1.5050
     1.0745     0.4595    -1.1532    -1.4111
     0.5857     0.0021    -1.1532    -1.1950
     0.1501    -0.5007    -1.1532    -0.9131
    -0.3033    -0.8570    -1.0373    -0.6218
    -0.6501    -1.1492    -0.9392    -0.3115
    -0.9525    -1.2862    -0.7340     0.0928
    -1.1571    -1.5143    -0.5109     0.5348
    -1.4684    -1.6512    -0.2967     1.0147
    -1.6019    -1.8246     0.0692     1.4006
    -1.7531    -1.7972     0.4619     1.8807
    -1.7976    -1.7242     0.8280     2.1161
    -1.7442    -1.5052     1.1941     2.2386
    -1.6820    -1.3501     1.4799     2.2386
    -1.4329    -1.1401     1.6943     2.2668
    -1.2905    -0.8296     1.8105     2.1632
    -1.0770    -0.4367     1.7971     2.0314
    -0.7035    -0.0893     1.7837     1.6453
    -0.2322     0.4137     1.7033     1.2688
     0.2123     0.7981     1.6139     0.8359
     0.6212     1.2377     1.4174     0.4408
     1.0212     1.7325     1.1763     0.0458
     1.4299     2.0900     0.9441    -0.3115
     1.8030     2.3927     0.7298    -0.5748
     1.9629     2.6496     0.4709    -0.7534
     2.1850     2.6313     0.2031    -0.9601
     2.2383     2.6772    -0.1093    -1.1950
     2.2028     2.5487    -0.3771    -1.3078
     2.1317     2.2093    -0.6180    -1.4205
     1.8830     1.7050    -0.8946    -1.4205
     1.5987     1.0820    -0.9659    -1.3171
     1.1722     0.6242    -1.0194    -1.1950
     0.6923     0.1667    -1.1354    -1.0729
     0.1857    -0.3087    -1.1443    -0.8943
    -0.2055    -0.7565    -1.1711    -0.5466
    -0.5167    -0.9848    -1.0194    -0.2269
    -0.8013    -1.2588    -0.8856     0.2338
    -1.1482    -1.4505    -0.7161     0.6383
    -1.3083    -1.6603    -0.4128     1.1182
    -1.4862    -1.6786    -0.1361     1.5983
    -1.6553    -1.6695     0.1941     1.9466
    -1.6553    -1.6603     0.5334     2.1915
    -1.6286    -1.5143     0.9887     2.2668
    -1.5485    -1.3318     1.3549     2.2480
    -1.3528    -1.1675     1.5961     2.2009
    -1.1215    -0.9209     1.8194     2.0691
    -0.8725    -0.5372     1.8998     1.7018
    -0.4812    -0.1716     1.8909     1.4194
    -0.0277     0.3314     1.7479     0.9865
     0.4079     0.7432     1.6139     0.5819
     0.8523     1.2010     1.4174     0.1492
     1.3055     1.6408     1.1227    -0.1987
     1.6876     1.9983     0.8637    -0.5090
     1.9185     2.4478     0.6226    -0.6594
     2.1495     2.6038     0.2923    -0.8285
     2.2916     2.6129     0.0245    -1.0541
     2.3182     2.6221    -0.3146    -1.1762
     2.2649     2.4936    -0.5644    -1.3078
     2.0962     2.2459    -0.8321    -1.3923
     1.8030     1.7600    -1.0016    -1.3453
     1.4921     1.1827    -1.1711    -1.2514
     1.0745     0.7432    -1.2246    -1.0729
     0.6212     0.2125    -1.2870    -0.8849
     0.0790    -0.2448    -1.3495    -0.6876
    -0.3478    -0.7017    -1.3495    -0.4056
    -0.6590    -1.0031    -1.2335    -0.0859
    -1.0059    -1.2588    -1.0373     0.2432
    -1.2638    -1.4596    -0.7964     0.6571
    -1.4862    -1.6238    -0.4931     1.0429
    -1.6464    -1.7607    -0.1183     1.4382
    -1.7175    -1.7151     0.3102     1.7866
    -1.7442    -1.6238     0.7655     2.0691
    -1.6375    -1.4870     1.2656     2.1726
    -1.4951    -1.3866     1.8015     2.2103
    -1.2638    -1.1310     2.4002     2.0973
    -1.0237    -0.9209     2.6683     1.9749
    -0.6946    -0.5829     2.6236     1.7112
    -0.3033    -0.2265     2.5879     1.3064
     0.1234     0.1484     2.2661     0.9300
     0.5768     0.5968     1.9087     0.4972
     1.0212     0.9538     1.3728     0.0740
     1.4121     1.4209     0.8994    -0.2363
     1.7053     1.7691     0.4619    -0.5090
     1.9096     2.0717    -0.0201    -0.8097
     2.1672     2.4019    -0.4484    -0.9507
     2.2738     2.4845    -0.7875    -1.0917
     2.2916     2.4569    -1.0819    -1.3078
     2.2561     2.3377    -1.3227    -1.4299
     2.1051     2.0533    -1.5635    -1.4440
     1.7764     1.6316    -1.7151    -1.4581
     1.4299     1.2285    -1.8043    -1.3641
     1.0034     0.7890    -1.7597    -1.2138
     0.4701     0.4046    -1.6884    -0.9695
     0.0256    -0.1350    -1.6259    -0.7721
    -0.3300    -0.4184    -1.5189    -0.4526
    -0.6679    -0.7382    -1.3049    -0.1517
    -1.0148    -0.9575    -1.0016     0.2432
    -1.2549    -1.2131    -0.6001     0.6760
    -1.4506    -1.5600    -0.1807     1.0617
    -1.5930    -1.6877     0.3637     1.3629
    -1.7175    -1.6923     0.9262     1.7677
    -1.7264    -1.6968     1.6050     2.0220
    -1.7264    -1.5600     2.1410     2.1915
    -1.5218    -1.4322     2.6147     2.1726
    -1.3439    -1.3135     2.6862     2.1161
    -1.1037    -1.0944     2.7309     1.9372
    -0.8280    -0.8204     2.6683     1.5700
    -0.4456    -0.5189     2.5789     1.1935
    -0.0099     0.0021     2.0964     0.8171
     0.4257     0.3863     1.6675     0.3373
     0.8079     0.7615     1.1941    -0.0295
     1.1456     1.1369     0.7030    -0.3304
     1.4832     1.6042     0.1763    -0.6030
     1.7497     1.9617    -0.1986    -0.8567
     1.9541     2.2001    -0.5555    -0.9695
     2.0695     2.3744    -0.8589    -1.1950
     2.1495     2.3193    -1.0105    -1.3078
     2.1228     2.1817    -1.2603    -1.3923
     1.9985     2.0625    -1.4297    -1.5050
     1.8475     1.5950    -1.5635    -1.4769
     1.5276     1.2377    -1.6081    -1.4299
     1.0656     0.7615    -1.4654    -1.2890
     0.6479     0.3314    -1.3495    -1.0635
     0.0968    -0.0893    -1.1711    -0.8473
    -0.3300    -0.5098    -1.0997    -0.5654
    -0.7480    -0.7291    -0.9481    -0.2927
    -1.0237    -0.9757    -0.6091     0.0834
    -1.3083    -1.2679    -0.1897     0.5819
    -1.5218    -1.4961     0.2031     0.9394
    -1.6286    -1.6695     0.6405     1.3253
    -1.7620    -1.6877     1.1316     1.6265
    -1.7709    -1.7060     1.4710     1.9655
    -1.7798    -1.6603     1.9355     2.1161
    -1.6108    -1.5143     2.1768     2.2009
    -1.3617    -1.3318     2.3108     2.1915
    -1.1660    -1.1492     2.3108     2.0596
    -0.8814    -0.9209     2.3019     1.7395
    -0.4367    -0.5555     2.2304     1.3441
    -0.0099    -0.1533     2.0517     0.9018
     0.3368     0.2765     1.8462     0.4126
     0.7545     0.6700     1.5425     0.0175
     1.1367     1.0087     1.1405    -0.3210
     1.4477     1.4117     0.7298    -0.6124
     1.7853     1.7783     0.4173    -0.9319
     2.0518     2.1175     0.0513    -1.0259
     2.1761     2.3102    -0.2967    -1.1480
     2.3005     2.3652    -0.5734    -1.2984
     2.3005     2.3652    -0.7964    -1.3453
     2.1939     2.1726    -1.0819    -1.3923
     2.0074     1.7600    -1.1711    -1.3829
     1.7142     1.2468    -1.3138    -1.2796
     1.2877     0.8805    -1.3852    -1.0823
     0.7101     0.4961    -1.4030    -0.8849
     0.2301    -0.0345    -1.3673    -0.6970
    -0.1700    -0.4276    -1.2157    -0.4150
    -0.6057    -0.7474    -1.0373    -0.1705
    -0.9169    -0.9575    -0.8946     0.1962
    -1.1304    -1.2040    -0.5912     0.5725
    -1.2994    -1.4687    -0.2700     0.9018
    -1.4506    -1.5873     0.0424     1.2688
    -1.5396    -1.6786     0.4530     1.6359
    -1.5441    -1.6695     0.8816     1.9466
    -1.5485    -1.6056     1.3370     2.0785
    -1.4062    -1.4596     1.6675     2.2292
    -1.1304    -1.3135     1.9623     2.1915
    -0.8903    -1.1310     2.2215     2.0408
    -0.5434    -0.8661     2.2215     1.7112
    -0.2144    -0.4641     2.2215     1.3912
     0.2568    -0.0162     2.0696     1.0147
     0.6746     0.4137     1.8462     0.5631
     1.0389     0.7432     1.6586     0.1304
     1.4743     1.2102     1.3817    -0.2269
     1.7853     1.5858     1.0870    -0.4808
     1.9896     2.0258     0.7387    -0.6970
     2.2294     2.3835     0.3637    -0.8003
     2.4248     2.5762    -0.0022    -0.8473
     2.4515     2.5762    -0.2610    -1.0165
     2.3538     2.5670    -0.5644    -1.0823
     2.1761     2.2459    -0.7607    -1.1386
     1.9452     1.8516    -0.9927    -1.1198
     1.5365     1.3018    -1.1711    -1.0165
     0.9856     0.9355    -1.2335    -0.8661
     0.4257     0.4778    -1.3852    -0.8097
    -0.0010     0.0021    -1.3138    -0.6594
    -0.4634    -0.3636    -1.1889    -0.4150
    -0.7835    -0.6469    -1.0462    -0.1705
    -1.1037    -0.8113    -0.9213     0.1962
    -1.3973    -0.9940    -0.7607     0.5819
    -1.5663    -1.2588    -0.5912     0.9300
    -1.6642    -1.4596    -0.4395     1.2782
    -1.7175    -1.4961    -0.0290     1.5983
    -1.7620    -1.5098     0.3370     1.9278
    -1.6731    -1.5235     0.8101     2.1726
    -1.5218    -1.3957     1.1405     2.2009
    -1.2994    -1.2314     1.5067     2.2292
    -0.9792    -1.0762     1.7658     2.1161
    -0.6679    -0.8570     1.9177     1.8713
    -0.3033    -0.3910     1.9177     1.4665
     0.1501     0.0021     1.8998     1.1182
     0.5679     0.4320     1.7390     0.6383
     0.9590     0.8988     1.6497     0.2432
     1.2966     1.3384     1.4264    -0.1047
     1.6520     1.8150     1.2031    -0.4338
     1.8386     2.2001     0.9173    -0.6688
     2.0429     2.4569     0.5512    -0.8473
     2.1939     2.6772     0.1674    -1.0259
     2.2205     2.7139    -0.1183    -1.1950
     2.1228     2.5946    -0.3949    -1.2702
     1.9274     2.3835    -0.6537    -1.2984
     1.6787     1.8975    -0.9035    -1.3171
     1.1989     1.4484    -1.0908    -1.2044
     0.6746     0.9721    -1.2424    -1.1104
     0.1145     0.4778    -1.3227    -0.9695
    -0.3922    -0.0528    -1.3316    -0.8849
    -0.7124    -0.5007    -1.3406    -0.6594
    -1.0326    -0.7565    -1.2692    -0.3492
    -1.3261    -1.0305    -1.1443    -0.0013
    -1.5574    -1.2679    -0.9927     0.3373
    -1.7175    -1.4231    -0.7607     0.7700
    -1.7264    -1.5782    -0.5020     1.1276
    -1.8421    -1.6603    -0.1450     1.4947
    -1.7976    -1.6695     0.2834     1.8054
    -1.6731    -1.5782     0.7298     2.0314
    -1.4329    -1.4961     1.2388     2.0596
    -1.2283    -1.3501     1.7390     1.9749
    -0.9080    -1.1949     2.3555     1.8713
    -0.5256    -0.9666     2.5700     1.5794
    -0.0633    -0.5646     2.5521     1.3441
     0.3990    -0.1808     2.3644     0.9582
     0.7901     0.2856     2.1232     0.5725
     1.1722     0.7157     1.8462     0.2056
     1.4743     1.1186     1.5871    -0.1329
     1.7942     1.5950     1.2031    -0.4150
     2.0518     1.9433     0.7209    -0.6312
     2.2383     2.2918     0.2120    -0.7627
     2.4337     2.4845    -0.2075    -0.9883
     2.4603     2.5579    -0.6001    -1.1950
     2.4337     2.4202    -0.8499    -1.3547
     2.1939     2.1451    -1.0730    -1.4299
     1.7764     1.7875    -1.3138    -1.4299
     1.3499     1.3568    -1.4297    -1.3547
     0.7812     0.8805    -1.4387    -1.2514
     0.2657     0.4503    -1.4476    -1.1386
    -0.1877     0.0021    -1.4833    -0.9977
    -0.5879    -0.4184    -1.4030    -0.7721
    -0.8725    -0.7382    -1.3495    -0.4808
    -1.1571    -0.9757    -1.0997    -0.1705
    -1.4329    -1.1675    -0.8410     0.2715
    -1.5396    -1.3501    -0.4663     0.6854
    -1.6375    -1.5143    -0.1183     1.1182
    -1.6419    -1.6238     0.3191     1.5606
    -1.6464    -1.6330     0.7566     1.8525
    -1.5663    -1.5691     1.1584     1.9937
    -1.3706    -1.4139     1.6497     2.0973
    -1.1304    -1.3683     2.2304     2.0502
    -0.8191    -1.1857     2.6147     1.8901
    -0.5167    -0.9940     2.6594     1.7206
    -0.0899    -0.6103     2.5164     1.3817
     0.3279    -0.2539     2.3644     0.9959
     0.7190     0.1576     2.0428     0.6571
     1.0923     0.5693     1.7658     0.2527
     1.4299     1.0179     1.3817    -0.0953
     1.7320     1.5125     0.8726    -0.3586
     2.0074     1.8516     0.4084    -0.6688
     2.2028     2.3102    -0.0201    -0.8755
     2.4070     2.4386    -0.4038    -1.0259
     2.4159     2.4478    -0.6447    -1.2326
     2.3982     2.4569    -0.8678    -1.4017
     2.1672     2.2276    -1.0551    -1.5144
     1.8475     1.7691    -1.2603    -1.5144
     1.3855     1.3842    -1.4476    -1.4487
     0.8523     0.9446    -1.4743    -1.3359
     0.3190     0.4869    -1.5368    -1.2138
    -0.1611     0.0661    -1.5145    -1.0165
    -0.5701    -0.2996    -1.4922    -0.8003
    -0.8725    -0.6469    -1.3673    -0.4620
    -1.2371    -0.8570    -1.1978    -0.0483
    -1.3439    -0.9848    -0.8678     0.3561
    -1.5485    -1.2314    -0.4931     0.8547
    -1.6731    -1.4322    -0.0469     1.3159
    -1.7087    -1.5965     0.4173     1.6924
    -1.7087    -1.5600     0.9619     1.9655
    -1.6197    -1.4322     1.4799     2.1821
    -1.3884    -1.4413     1.9713     2.2103
    -1.2016    -1.3592     2.4091     2.2009
    -0.9080    -1.2405     2.5789     2.0596
    -0.5879    -1.0214     2.5968     1.8619
    -0.1166    -0.6926     2.6325     1.5135
     0.2746    -0.2905     2.6057     1.1370
     0.6035     0.1210     2.3555     0.7042
     0.9412     0.6334     1.8819     0.3467
     1.1989     1.0911     1.4799    -0.0201
     1.5454     1.4942     1.0334    -0.3586
     1.8297     1.9250     0.5780    -0.5936
     2.1228     2.3102     0.0870    -0.8755
     2.2383     2.5120    -0.3235    -0.9789
     2.3538     2.5212    -0.6091    -1.1574
     2.2916     2.3835    -0.8946    -1.2702
     2.0962     2.0992    -1.1176    -1.3829
     1.8652     1.7600    -1.3584    -1.3829
     1.4654     1.3476    -1.5635    -1.3359
     0.9234     0.9080    -1.5591    -1.1574
     0.3635     0.5144    -1.5546    -1.0071
    -0.1522     0.0570    -1.4030    -0.8379
    -0.5256    -0.4001    -1.3049    -0.5936
    -0.7924    -0.6926    -1.2068    -0.2833
    -1.0948    -0.8753    -1.0551     0.0269
    -1.3261    -1.1310    -0.7518     0.4596
    -1.5040    -1.2953    -0.3949     0.9206
    -1.5930    -1.5143     0.0959     1.2876
    -1.6909    -1.6330     0.5869     1.6453
    -1.7353    -1.6603     1.0066     1.9466
    -1.5841    -1.5417     1.3728     2.1256
    -1.4418    -1.4231     1.6675     2.1821
    -1.2371    -1.3044     1.9713     2.1350
    -0.9525    -1.1492     2.1142     2.0220
    -0.6057    -1.0031     2.1232     1.7018
    -0.1877    -0.6469     2.0874     1.4382
     0.2212    -0.2813     1.9713     1.0523
     0.6035     0.1576     1.7747     0.6383
     0.9234     0.5418     1.6050     0.2527
     1.2522     0.9538     1.3013    -0.1047
     1.5454     1.4117     0.9352    -0.3868
     1.8652     1.7783     0.6405    -0.6312
     2.0251     2.1909     0.3280    -0.8191
     2.2561     2.3285    -0.0112    -1.0071
     2.2738     2.4111    -0.2521    -1.1856
     2.2916     2.2551    -0.5555    -1.3547
     2.1317     1.9892    -0.8856    -1.4769
     1.8297     1.7050    -1.1265    -1.4769
     1.3144     1.2193    -1.3584    -1.4205
     0.8434     0.7981    -1.3406    -1.2984
     0.2568     0.4320    -1.3852    -1.1198
    -0.2233    -0.0070    -1.4833    -0.9037
    -0.5968    -0.4367    -1.4743    -0.6970
    -0.8725    -0.7200    -1.4119    -0.3962
    -1.1215    -0.8844    -1.1800    -0.0483
    -1.3083    -1.2223    -0.9748     0.3373
    -1.5396    -1.4870    -0.7250     0.7512
    -1.6286    -1.6421    -0.4663     1.1088
    -1.6731    -1.6603    -0.1718     1.5041
    -1.6642    -1.6786     0.1674     1.7583
    -1.5129    -1.6786     0.5869     1.9560
    -1.3172    -1.4870     1.0155     1.9325
    -1.1037    -1.4322     1.3728     1.9090
    -0.8191    -1.1766     1.6765     1.7960
    -0.4812    -1.0396     1.9981     1.6077
    -0.0988    -0.6743     2.1857     1.2782
     0.2835    -0.3270     2.2036     0.9582
     0.6923     0.0661     2.0874     0.6007
     1.0300     0.4961     1.8909     0.1492
     1.2877     0.9355     1.6139    -0.1141
     1.5987     1.4392     1.4531    -0.3962
     1.9185     1.8241     1.0691    -0.6312
     2.1406     2.2368     0.6673    -0.8285
     2.3094     2.4202     0.2834    -0.9413
     2.3360     2.3973    -0.0826    -1.1668
     2.1584     2.3744    -0.4038    -1.2984
     1.9541     2.1175    -0.6804    -1.4487
     1.5543     1.7508    -1.0016    -1.5144
     1.0567     1.3384    -1.2424    -1.4862
     0.5235     0.8256    -1.4387    -1.3453
     0.0168     0.4686    -1.5011    -1.1668
    -0.4990     0.0478    -1.5724    -1.0071
    -0.8458    -0.3819    -1.5858    -0.7252
    -1.0681    -0.6743    -1.5992    -0.4902
    -1.3350    -0.9118    -1.4119    -0.0953
    -1.4684    -1.1857    -1.2335     0.3843
    -1.6464    -1.4231    -1.0105     0.7794
    -1.6909    -1.6056    -0.7518     1.1747
    -1.6998    -1.7060    -0.4306     1.5606
    -1.6197    -1.7607    -0.0647     1.7960
    -1.5396    -1.6512     0.4084     1.9278
    -1.3528    -1.4961     0.9619     1.9325
    -1.0681    -1.3866     1.3906     1.9372
    -0.7302    -1.1857     1.7926     1.8336
    -0.4189    -0.9575     2.2572     1.6265
    -0.0277    -0.5464     2.4449     1.4006
     0.3723    -0.1350     2.3466     1.0712
     0.7812     0.3131     2.1410     0.6289
     1.0567     0.7157     1.8641     0.3185
     1.4121     1.1278     1.6050    -0.0295
     1.7142     1.6133     1.3460    -0.3115
     1.9629     1.9892     1.0245    -0.6312
     2.1761     2.3652     0.7387    -0.7721
     2.3538     2.5120     0.3102    -0.9413
     2.3360     2.5303    -0.0022    -1.1011
     2.3182     2.4019    -0.2967    -1.2890
     1.9363     2.1726    -0.5823    -1.3641
     1.4743     1.8150    -0.8232    -1.4299
     0.9056     1.3476    -1.0194    -1.4393
     0.3723     0.8897    -1.1800    -1.3453
    -0.1877     0.5418    -1.2870    -1.2138
    -0.6057     0.0753    -1.3495    -1.0353
    -0.9525    -0.3727    -1.3406    -0.7158
    -1.1927    -0.6469    -1.3049    -0.4150
    -1.3261    -0.8661    -1.1978     0.0081
    -1.5218    -1.1310    -1.0462     0.4502
    -1.6464    -1.3592    -0.8143     0.8735
    -1.6998    -1.5691    -0.5377     1.2970
    -1.6731    -1.5965    -0.2254     1.6453
    -1.5930    -1.5873     0.1852     1.9184
    -1.4151    -1.5782     0.6048     2.0596
    -1.2549    -1.4413     1.0155     2.0596
    -0.9881    -1.2679     1.4799     2.0596
    -0.7035    -1.1310     1.9266     1.9090
    -0.3300    -0.8479     2.3108     1.7960
     0.0968    -0.5189     2.5521     1.4947
     0.4968    -0.1533     2.5521     1.1370
     0.7723     0.1942     2.3466     0.6854
     1.0567     0.5876     2.1232     0.3091
     1.3499     0.9904     1.8283    -0.1235
     1.7142     1.4209     1.4889    -0.4244
     2.0074     1.8241     1.1405    -0.7346
     2.3005     2.1634     0.8101    -0.9413
     2.4692     2.3560     0.2834    -0.9977
     2.4603     2.4569    -0.1004    -1.2608
     2.3538     2.4019    -0.3949    -1.3829
     2.0962     2.2368    -0.6983    -1.5144
     1.5809     1.9158    -0.9927    -1.5238
     1.0567     1.5034    -1.2514    -1.5050
     0.5146     1.0362    -1.3584    -1.4393
    -0.0544     0.7249    -1.5278    -1.2608
    -0.4723     0.2491    -1.5546    -1.0917
    -0.8191    -0.1259    -1.5011    -0.7346
    -1.1037    -0.5098    -1.5189    -0.3962
    -1.2816    -0.7108    -1.4833    -0.0295
    -1.4151    -0.8844    -1.3138     0.4314
    -1.5485    -1.2588    -1.0462     0.8830
    -1.6642    -1.3957    -0.7697     1.2594
    -1.6909    -1.5326    -0.4128     1.6359
    -1.5930    -1.5143     0.0067     1.8148
    -1.4506    -1.5235     0.5691     1.9278
    -1.2371    -1.4322     1.0602     1.9560
    -1.0504    -1.3592     1.5782     1.9466
    -0.7657    -1.1766     2.0606     1.8619
    -0.4189    -1.0762     2.3823     1.7206
    -0.0722    -0.8935     2.3868     1.5229
     0.2746    -0.6195     2.3912     1.1747
     0.5146    -0.1990     2.1500     0.7700
     0.8967     0.1942     1.9534     0.3467
     1.1989     0.5784     1.6139    -0.0389
     1.5987     0.9904     1.2834    -0.3586
     1.8475     1.4026     0.8994    -0.6688
     2.1850     1.7966     0.4977    -0.8191
     2.4692     2.0625     0.0513    -1.0447
     2.4603     2.2459    -0.3414    -1.1856
     2.4426     2.2826    -0.6983    -1.3923
     2.2117     2.1634    -0.9927    -1.5238
     1.6964     1.8150    -1.2335    -1.5238
     1.1278     1.5675    -1.3852    -1.4581
     0.5857     1.1552    -1.5635    -1.3359
     0.0434     0.8164    -1.5724    -1.1762
    -0.4545     0.3771    -1.5814    -0.9507
    -0.7835    -0.0253    -1.5903    -0.6782
    -1.0859    -0.2950    -1.5903    -0.3680
    -1.2283    -0.5646    -1.4654    -0.0389
    -1.4418    -0.8570    -1.2870     0.4126
    -1.5307    -1.1127    -0.9481     0.8641
    -1.6019    -1.3592    -0.6715     1.1935
    -1.6286    -1.4687    -0.3503     1.5700
    -1.5841    -1.5508     0.1138     1.7395
    -1.4862    -1.5508     0.5512     1.9655
    -1.2371    -1.4505     0.9977     2.0596
    -1.0681    -1.3683     1.4442     2.0408
    -0.7391    -1.2223     1.8194     1.9937
    -0.3834    -1.0853     2.1500     1.9090
    -0.0277    -0.8113     2.3376     1.6830
     0.3190    -0.5829     2.2840     1.3347
     0.6035    -0.1259     2.1947     0.9676
     0.8790     0.2216     2.0160     0.5442
     1.2078     0.6334     1.8194     0.2150
     1.5543     0.9355     1.5335    -0.1893
     1.9008     1.3568     1.0870    -0.4996
     2.3005     1.7233     0.6316    -0.7627
     2.4692     2.0625     0.1674    -0.9225
     2.5136     2.2918    -0.1272    -1.0729
     2.4603     2.3744    -0.4306    -1.2796
     2.1939     2.2184    -0.6626    -1.4487
     1.7764     2.0350    -0.9481    -1.5144
     1.2433     1.7050    -1.1532    -1.4675
     0.6212     1.3018    -1.3495    -1.3547
     0.0612     0.8622    -1.5814    -1.2232
    -0.4189     0.4046    -1.5368    -1.0541
    -0.7746     0.0204    -1.5100    -0.7627
    -1.0504    -0.4458    -1.4476    -0.4996
    -1.2727    -0.6834    -1.3852    -0.1799
    -1.3973    -0.9757    -1.1978     0.2527
    -1.5752    -1.2314    -0.9659     0.6571
    -1.6108    -1.5052    -0.6447     1.0147
    -1.6241    -1.6330    -0.3414     1.2782
    -1.6375    -1.6330     0.0781     1.5512
    -1.5129    -1.6330     0.5244     1.7206
    -1.3795    -1.5417     0.9262     1.7348
    -1.1126    -1.4048     1.3996     1.7489
    -0.8725    -1.2131     1.7479     1.7112
    -0.5078    -1.1036     2.0785     1.6265
    -0.1344    -0.7656     2.2661     1.4382
     0.2479    -0.5189     2.2617     1.1370
     0.5412    -0.0436     2.2572     0.8077
     0.8345     0.3314     2.0428     0.4596
     1.2255     0.7066     1.8641     0.1210
     1.5987     1.1186     1.6675    -0.2081
     1.9096     1.5125     1.3192    -0.5184
     2.2738     1.9341     0.9441    -0.8003
     2.4515     2.1451     0.5423    -0.9413
     2.4959     2.2735     0.1227    -1.1292
     2.4781     2.2276    -0.2967    -1.3359
     2.1406     2.1542    -0.6180    -1.4487
     1.5987     1.7691    -0.9035    -1.5332
     1.0300     1.2835    -1.2068    -1.5050
     0.4346     0.8622    -1.4030    -1.4205
    -0.0633     0.2765    -1.4253    -1.2984
    -0.5612    -0.1076    -1.4476    -1.0541
    -0.8991    -0.5098    -1.3941    -0.8473
    -1.1304    -0.9027    -1.2781    -0.5842
    -1.3172    -1.1492    -1.2424    -0.1893
    -1.5218    -1.2770    -1.1354     0.1868
    -1.5930    -1.4778    -0.9392     0.5537
    -1.6998    -1.6786    -0.6983     0.9300
    -1.7887    -1.7698    -0.3949     1.2311
    -1.6197    -1.7789     0.0424     1.4665
    -1.5663    -1.6786     0.4977     1.6736
    -1.3350    -1.5508     0.9530     1.7866
    -1.1571    -1.3135     1.4264     1.7866
    -0.8102    -1.1766     1.8551     1.7866
    -0.5167    -0.9301     2.2215     1.6642
    -0.0899    -0.5738     2.3823     1.5135
     0.2923    -0.1168     2.3823     1.1653
     0.6568     0.3131     2.2125     0.8265
     0.9678     0.7615     1.9802     0.3937
     1.3944     1.1278     1.6943     0.0175
     1.6787     1.5583     1.4442    -0.2833
     2.0607     1.9983     1.1763    -0.6124
     2.3449     2.2826     0.7923    -0.8567
     2.4426     2.4569     0.4441    -0.9977
     2.4515     2.5303    -0.0201    -1.2138
     2.4337     2.4019    -0.4484    -1.3735
     2.2028     2.1726    -0.7161    -1.5332
     1.7320     1.6866    -1.0640    -1.5285
     1.1722     1.1919    -1.2781    -1.5238
     0.5412     0.7615    -1.4922    -1.4581
    -0.0277     0.2491    -1.6349    -1.2514
    -0.4545    -0.1808    -1.6259    -1.0917
    -0.7480    -0.5921    -1.6081    -0.7440
    -0.9614    -0.8570    -1.6170    -0.4338
    -1.2371    -1.0762    -1.5189    -0.0953
    -1.4418    -1.2314    -1.4119     0.3655
    -1.5663    -1.4596    -1.1711     0.8735
    -1.6731    -1.5965    -0.9302     1.3347
    -1.6998    -1.7698    -0.4752     1.6359
    -1.7087    -1.8519    -0.0736     1.9184
    -1.6019    -1.6603     0.3459     2.0879
    -1.4418    -1.5691     0.7834     2.2009
    -1.2371    -1.3318     1.2120     2.1821
    -1.0237    -1.1492     1.7211     2.0502
    -0.6323    -0.8935     2.1500     1.8619
    -0.2233    -0.5921     2.3198     1.4759
     0.1145    -0.2996     2.3019     0.9959
     0.5057     0.1667     2.2840     0.6195
     0.9234     0.5235     2.1142     0.0646
     1.2966     0.9812     1.7837    -0.2927
     1.6254     1.3751     1.5067    -0.6782
     1.9896     1.7691     1.1763    -0.9977
     2.2916     2.1267     0.8012    -1.2044
     2.4248     2.3285     0.4619    -1.3265
     2.4159     2.3377     0.0067    -1.4769
     2.4070     2.2368    -0.4217    -1.6271
     2.1228     1.9983    -0.6804    -1.6835
     1.6964     1.5767    -1.0284    -1.6741
     1.1011     1.1644    -1.2603    -1.5708
     0.5146     0.6425    -1.4476    -1.4299
    -0.0188     0.3314    -1.5903    -1.1668
    -0.4901    -0.0710    -1.5814    -0.8661
    -0.8102    -0.4550    -1.5814    -0.5936
    -1.0681    -0.7930    -1.5011    -0.1611
    -1.3439    -0.9301    -1.4833     0.3185
    -1.4595    -1.0670    -1.2870     0.7418
    -1.6375    -1.3227    -1.0462     1.2311
    -1.7175    -1.5143    -0.7518     1.6359
    -1.7620    -1.6512    -0.4752     1.9278
    -1.7531    -1.6786    -0.0379     2.0220
    -1.6019    -1.6238     0.3994     2.0502
    -1.4329    -1.5417     0.8816     2.0691
    -1.2194    -1.3318     1.2745     2.0879
    -1.0326    -1.2223     1.7479     2.0408
    -0.6590    -1.0670     2.0696     1.7489
    -0.2322    -0.7108     2.3108     1.3912
     0.0612    -0.4276     2.3555     0.9582
     0.4879    -0.1442     2.2661     0.4408
     0.8168     0.2582     2.0964    -0.0577
     1.2344     0.5876     1.8730    -0.4150
     1.5721     1.0087     1.6139    -0.7534
     1.9629     1.3751     1.2924    -1.0071
     2.3094     1.7141     0.9084    -1.1386
     2.4159     1.9617     0.4530    -1.2514
     2.4159     2.1267     0.0424    -1.4205
     2.3449     2.2093    -0.3771    -1.4675
     2.1051     2.0717    -0.7607    -1.5238
     1.6076     1.7966    -1.0551    -1.5802
     1.1633     1.5583    -1.2157    -1.4581
     0.6568     1.1461    -1.4119    -1.3453
     0.1323     0.7890    -1.5368    -1.1011
    -0.3478     0.4229    -1.5814    -0.9037
    -0.8191     0.0204    -1.5189    -0.6218
    -0.9881    -0.2813    -1.4476    -0.3210
    -1.2727    -0.5829    -1.4208    -0.0483
    -1.5040    -0.6926    -1.3316     0.3843
    -1.6197    -0.9666    -1.1711     0.7324
    -1.6909    -1.2496    -0.7786     1.0900
    -1.7264    -1.4505    -0.4841     1.3535
    -1.7087    -1.4778    -0.0736     1.6171
    -1.6375    -1.4961     0.3637     1.8336
    -1.4773    -1.4231     0.7655     1.9560
    -1.2371    -1.3683     1.2834     1.9937
    -1.0148    -1.2588     1.6675     1.9749
    -0.6590    -1.1675     2.0338     1.7960
    -0.2589    -0.9848     2.2483     1.4665
     0.1145    -0.7108     2.2349     1.0617
     0.5235    -0.4733     2.2215     0.6289
     0.8612    -0.1076     2.0428     0.1586
     1.2522     0.2399     1.8641    -0.1423
     1.6609     0.6242     1.5961    -0.4808
     1.9718     0.9446     1.3370    -0.7534
     2.3005     1.2651     0.9352    -0.9601
     2.3982     1.5400     0.4977    -1.0541
     2.4515     1.8425     0.0602    -1.2326
     2.2827     1.9983    -0.3235    -1.3641
     1.9629     1.9800    -0.6537    -1.4487
     1.5454     1.9066    -0.9838    -1.4862
     1.0745     1.6225    -1.1532    -1.4205
     0.4523     1.3201    -1.3762    -1.4017
    -0.0899     0.9538    -1.4833    -1.2326
    -0.5345     0.5693    -1.4922    -1.0823
    -0.8013     0.1667    -1.4565    -0.8379
    -1.1037    -0.2356    -1.4743    -0.5748
    -1.3528    -0.5555    -1.4922    -0.2739
    -1.6286    -0.7291    -1.3762     0.0175
    -1.6553    -1.0122    -1.1622     0.4220
    -1.7442    -1.1857    -0.9748     0.7700
    -1.7620    -1.4048    -0.5644     1.0617
    -1.7798    -1.5417    -0.2967     1.2876
    -1.6464    -1.5052     0.1138     1.5324
    -1.4951    -1.4139     0.5780     1.6642
    -1.2905    -1.3592     1.0423     1.8242
    -1.0059    -1.2588     1.4710     1.8619
    -0.6768    -1.0396     1.9087     1.7583
    -0.3300    -0.8296     2.1589     1.6077
     0.0434    -0.6651     2.2304     1.2782
     0.5146    -0.2905     2.2393     0.9488
     0.7901     0.1393     2.1232     0.5442
     1.1278     0.4320     1.9087     0.1680
     1.5632     0.8256     1.7122    -0.1423
     1.9185     1.1552     1.3817    -0.4714
     2.2383     1.5675     0.9798    -0.6594
     2.3449     1.8883     0.4887    -0.8567
     2.3271     2.1084     0.0513    -1.0259
     2.1761     2.1909    -0.3860    -1.1950
     1.8652     2.1817    -0.7607    -1.3453
     1.4477     2.0258    -1.0194    -1.3735
     1.0123     1.6683    -1.2335    -1.3876
     0.4257     1.1736    -1.4297    -1.4017
    -0.0899     0.7066    -1.4743    -1.2984
    -0.4901     0.3039    -1.5278    -1.0729
    -0.9080    -0.1716    -1.5546    -0.8755
    -1.1749    -0.6103    -1.5724    -0.5654
    -1.4240    -0.9575    -1.5635    -0.2833
    -1.6019    -1.1036    -1.4387    -0.0013
    -1.6998    -1.3774    -1.1978     0.4031
    -1.7620    -1.5600    -0.9748     0.6760
    -1.7442    -1.7242    -0.6447     0.9865
    -1.6998    -1.7242    -0.3324     1.1841
    -1.6108    -1.7242     0.0870     1.4476
    -1.4506    -1.5782     0.5334     1.5794
    -1.2016    -1.4687     0.9530     1.6736
    -0.8903    -1.3044     1.4531     1.7018
    -0.5968    -1.0944     1.8819     1.6077
    -0.1522    -0.7656     2.1947     1.4570
     0.2123    -0.3362     2.3912     1.2123
     0.5768     0.1393     2.4359     0.9300
     0.8879     0.5510     2.3108     0.5725
     1.2700     0.9721     2.0696     0.1962
     1.5898     1.3659     1.8015    -0.2081
     1.9541     1.8608     1.5693    -0.4150
     2.3182     2.1542     1.1763    -0.7064
     2.3715     2.2826     0.7566    -0.9131
     2.3538     2.4386     0.2388    -1.0823
     2.2649     2.3835    -0.2254    -1.2890
     1.9185     2.2093    -0.5466    -1.3923
     1.5276     1.6225    -0.8499    -1.5144
     1.0834     1.0453    -1.1265    -1.5050
     0.5057     0.5784    -1.3227    -1.4299
    -0.0277     0.0753    -1.4833    -1.2890
    -0.4456    -0.4458    -1.5457    -1.1480
    -0.7746    -0.8935    -1.4297    -0.9225
    -1.0059    -1.1949    -1.4565    -0.6312
    -1.3172    -1.3409    -1.5011    -0.3492
    -1.5307    -1.5143    -1.5011    -0.0201
    -1.5930    -1.6056    -1.3049     0.4031
    -1.7531    -1.7060    -1.0194     0.7983
    -1.7887    -1.8519    -0.6626     1.1370
    -1.7709    -1.8246    -0.4038     1.4570
    -1.6375    -1.7607    -0.0022     1.7395
    -1.5040    -1.5508     0.4084     1.9090
    -1.2549    -1.3501     0.9262     1.9655
    -0.9525    -1.0670     1.3817     1.8713
    -0.6946    -0.7748     1.7837     1.7866
    -0.3211    -0.4550     2.0160     1.5700
     0.1145    -0.0893     2.2125     1.1559
     0.4968     0.3771     2.2572     0.7889
     0.8790     0.6974     2.1947     0.3467
     1.1722     1.1186     1.9891    -0.0765
     1.5987     1.4942     1.7747    -0.4338
     1.9008     1.8425     1.4621    -0.8285
     2.2117     2.1359     1.1584    -1.0541
     2.3360     2.2368     0.7209    -1.1574
     2.3271     2.2230     0.2566    -1.3547
     2.1850     2.2093    -0.1986    -1.5708
     1.8208     1.9525    -0.5377    -1.6647
     1.4210     1.5583    -0.7875    -1.7023
     0.9945     1.1186    -1.0373    -1.6835
     0.4435     0.5601    -1.2424    -1.5332
    -0.0010     0.1393    -1.3495    -1.3453
    -0.5256    -0.2905    -1.4743    -1.1480
    -0.8636    -0.6195    -1.4208    -0.8379
    -1.1304    -0.9209    -1.3852    -0.5372
    -1.3973    -1.0944    -1.3762    -0.0483
    -1.5752    -1.2223    -1.3584     0.3843
    -1.6909    -1.4048    -1.1889     0.8547
    -1.7798    -1.5873    -0.9035     1.3347
    -1.8688    -1.6603    -0.6447     1.7771
    -1.8599    -1.6603    -0.3146     1.9843
    -1.7976    -1.5873     0.0781     2.1726
    -1.5752    -1.4687     0.4352     2.1632
    -1.3528    -1.2679     0.8369     2.1821
    -1.0504    -1.0762     1.2567     2.1067
    -0.6946    -0.8296     1.6318     1.9372
    -0.3033    -0.5372     2.0070     1.5135
     0.0701    -0.2539     2.1232     1.0335
     0.5235     0.0570     2.1410     0.5254
     0.9501     0.3771     2.1589    -0.0013
     1.3055     0.7615     1.9891    -0.3492
     1.7053     1.0087     1.7211    -0.7064
     2.0429     1.3384     1.4442    -1.0447
     2.3271     1.6316     1.1227    -1.2138
     2.4248     1.8608     0.6941    -1.2984
     2.4070     2.0167     0.2745    -1.5144
     2.2383     2.0717    -0.1361    -1.5990
     2.0518     2.0167    -0.4574    -1.6835
     1.6609     1.6958    -0.8053    -1.6553
     1.1722     1.4209    -1.0819    -1.5708
     0.6390     0.9721    -1.2603    -1.3359
     0.1768     0.5510    -1.4654    -1.1011
    -0.2944     0.2856    -1.4654    -0.7909
    -0.7213    -0.1533    -1.4922    -0.5090
    -0.9792    -0.5098    -1.5100    -0.2081
    -1.2994    -0.6743    -1.4833     0.3279
    -1.4862    -0.8204    -1.4297     0.6665
    -1.6464    -1.1218    -1.2246     1.1088
    -1.8154    -1.2953    -0.9124     1.4570
    -1.8110    -1.4596    -0.5823     1.7771
    -1.8065    -1.4778    -0.2521     1.9937
    -1.7264    -1.4048     0.1317     2.0502
    -1.5663    -1.3409     0.5512     2.1444
    -1.3884    -1.2588     0.9352     2.1632
    -1.0681    -1.1036     1.4531     2.0691
    -0.7124    -0.9848     1.8730     1.9372
    -0.2500    -0.7839     2.1232     1.5983
     0.1679    -0.5646     2.3644     1.1559
     0.6390    -0.2265     2.3555     0.7042
     1.0656     0.0570     2.2483     0.2244
     1.4210     0.3497     1.9891    -0.2175
     1.7497     0.6883     1.6675    -0.5372
     2.0518     0.9721     1.3728    -0.7909
     2.2827     1.2651     1.0423    -0.9789
     2.4159     1.5400     0.6048    -1.1386
     2.3626     1.8058     0.1227    -1.3453
     2.2649     1.9708    -0.2967    -1.4769
    -1.8599    -0.9940    -1.2068     0.6007
    -1.7976    -0.9940    -1.1978     0.6195
    -1.8065    -0.9940    -1.2157     0.6760
    -1.8777    -1.0488    -1.1354     0.6760
    -1.8955    -1.0396    -1.0819     0.6854
    -1.8510    -1.0122    -1.0284     0.7794
    -1.8243    -1.0944    -1.0551     0.7842
    -1.8243    -1.1218    -1.0105     0.7889
    -1.8510    -1.1310    -1.0551     0.8265
    -1.8688    -1.2131    -1.0640     0.7700
    -1.9400    -1.2405    -1.0105     0.7889
    -1.9222    -1.2496    -0.8767     0.9112
    -1.9845    -1.4139    -0.5555     1.1559
    -1.9400    -1.5143    -0.1450     1.3817
    -1.8243    -1.5600     0.3191     1.4853
    -1.6998    -1.4505     0.7923     1.6359
    -1.3884    -1.3774     1.2924     1.7866
    -1.0681    -1.2131     1.7747     1.7583
    -0.7124    -1.0488     2.2125     1.7206
    -0.2322    -0.9027     2.5432     1.5324
     0.2479    -0.7017     2.5879     1.2500
     0.6479    -0.4001     2.4672     0.9770
     1.1189    -0.0253     2.3466     0.5819
     1.4921     0.3039     2.0249     0.2809
     1.7942     0.6425     1.7122    -0.1235
     2.0607     0.9904     1.3549    -0.3210
     2.3182     1.2835     0.9887    -0.5842
     2.3893     1.5034     0.4619    -0.8191
     2.3893     1.8150    -0.0290    -1.0165
     2.2649     1.9525    -0.4574    -1.2044
     2.0340     1.9387    -0.8321    -1.3359
     1.6876     1.9250    -1.1532    -1.3359
     1.2078     1.8516    -1.3495    -1.3359
     0.6923     1.5400    -1.5992    -1.2890
     0.1501     1.1278    -1.7240    -1.1198
    -0.2855     0.7066    -1.7419    -0.9601
    -0.6235     0.2856    -1.6795    -0.7909
    -0.9525    -0.1808    -1.5903    -0.5372
    -1.1749    -0.5738    -1.5011    -0.3586
    -1.4151    -0.8570    -1.4565    -0.0201
    -1.6553    -1.1310    -1.2870     0.3091
    -1.7264    -1.3227    -1.0284     0.5725
    -1.8421    -1.5691    -0.6983     0.9018
    -1.8421    -1.6056    -0.3146     1.1182
    -1.7264    -1.6330     0.1495     1.2500
    -1.5752    -1.4870     0.5869     1.4100
    -1.3083    -1.3957     1.0870     1.5418
    -0.9703    -1.2223     1.4799     1.5700
    -0.6946    -1.0122     1.9445     1.5606
    -0.2322    -0.6926     2.3823     1.5229
     0.1946    -0.4184     2.4896     1.3064
     0.6568     0.0021     2.4985     1.1464
     1.0745     0.4137     2.3555     0.8359
     1.4566     0.7340     2.2125     0.4596
     1.8563     1.2010     1.9534     0.1774
     2.0873     1.5308     1.6318    -0.1517
     2.3626     1.8425     1.3192    -0.4056
     2.4248     1.9983     0.9352    -0.6876
     2.3982     2.1359     0.4798    -0.8943
     2.2383     2.1175     0.0424    -1.1011
     1.9541     2.0992    -0.3592    -1.2232
     1.6076     1.8883    -0.6804    -1.3641
     1.1456     1.5858    -0.9392    -1.3641
     0.6301     1.0179    -1.1086    -1.3641
     0.1057     0.5418    -1.3049    -1.2984
    -0.3211     0.0478    -1.4208    -1.1011
    -0.7568    -0.4276    -1.4833    -0.9413
    -1.0148    -0.8844    -1.4565    -0.7440
    -1.3172    -1.2223    -1.4610    -0.4902
    -1.5396    -1.4048    -1.4654    -0.1423
    -1.6820    -1.5508    -1.3673     0.2338
    -1.7442    -1.7333    -1.1086     0.6007
    -1.9044    -1.8884    -0.8946     0.9770
    -1.8688    -1.9066    -0.5912     1.2782
    -1.8065    -1.7881    -0.2789     1.4759
    -1.6108    -1.6603     0.0513     1.6924
    -1.3350    -1.4505     0.4977     1.7583
    -1.0059    -1.1127     0.8459     1.7866
    -0.7391    -0.8113     1.2299     1.7112
    -0.2233    -0.4550     1.5514     1.5512
     0.1946    -0.0802     1.7837     1.4100
     0.6657     0.3680     2.0338     1.0617
     1.1100     0.8256     2.0338     0.6948
     1.5099     1.1736     1.9713     0.2903
     1.8919     1.5125     1.8462    -0.0295
     2.1051     1.8241     1.6675    -0.3398
     2.3182     1.9983     1.4531    -0.6406
     2.3227     2.0625     1.2209    -0.8097
     2.3271     2.0579     0.8816    -1.0071
     2.2649     2.0533     0.5423    -1.2420
     2.0429     1.9708     0.1763    -1.4299
     1.7231     1.6591    -0.1361    -1.4769
     1.2700     1.1736    -0.3860    -1.4487
     0.7012     0.6883    -0.6715    -1.4017
     0.1857     0.2399    -0.8767    -1.2984
    -0.2500    -0.1808    -0.9748    -1.1668
    -0.6590    -0.6195    -1.0819    -0.9319
    -0.9614    -0.9757    -1.1978    -0.6688
    -1.2371    -1.0214    -1.2781    -0.2833
    -1.4773    -1.1675    -1.3316     0.1210
    -1.6286    -1.4139    -1.2246     0.5442
    -1.7531    -1.5417    -1.0640     1.0806
    -1.7487    -1.6421    -0.9392     1.4947
    -1.7442    -1.6330    -0.7250     1.9278
    -1.7087    -1.4778    -0.4663     2.1444
    -1.5040    -1.3227    -0.1718     2.1915
    -1.2638    -1.2131     0.0959     2.1726
    -0.9792    -0.9848     0.4709     2.1444
    -0.5879    -0.6377     0.8280     1.9937
    -0.1433    -0.4276     1.1852     1.7018
     0.2746    -0.0070     1.4889     1.2594
     0.7723     0.4137     1.7033     0.8171
     1.0923     0.6883     1.7301     0.3937
     1.5543     1.0087     1.7211    -0.0953
     1.8475     1.2926     1.5782    -0.4432
     2.0340     1.5492     1.4531    -0.7627
     2.2472     1.8058     1.2299    -1.0447
     2.3804     1.8883     0.9977    -1.1950
     2.3182     1.9525     0.7476    -1.3547
     2.2205     1.9387     0.5334    -1.5332
     2.0251     1.9250     0.1941    -1.6647
     1.7231     1.6866     0.0067    -1.6929
     1.3233     1.4026    -0.3324    -1.5896
     0.8079     1.0545    -0.5644    -1.3829
     0.2923     0.6151    -0.8410    -1.2608
    -0.1433     0.2033    -0.9392    -1.0165
    -0.5879    -0.2630    -1.0016    -0.7252
    -0.9169    -0.5098    -1.1443    -0.3492
    -1.2105    -0.7017    -1.1532     0.1022
    -1.3617    -0.9027    -1.1978     0.6007
    -1.5218    -1.2131    -1.1622     1.0335
    -1.6731    -1.4231    -1.0373     1.5606
    -1.7709    -1.5691    -0.7875     1.9184
    -1.7887    -1.6056    -0.5734     2.0785
    -1.7175    -1.4687    -0.3324     2.1444
    -1.5396    -1.3774    -0.0558     2.1632
    -1.3083    -1.2953     0.3191     2.0785
    -1.0415    -1.0853     0.7298     1.9655
    -0.7035    -0.9118     1.1405     1.7866
    -0.2055    -0.6377     1.5782     1.5512
     0.2123    -0.2905     2.0249     1.1841
     0.7190     0.0387     2.2929     0.7889
     1.0567     0.4229     2.2706     0.4408
     1.4566     0.6791     2.2483     0.0175
     1.8030     0.9721     1.9713    -0.3680
     2.0340     1.2010     1.5871    -0.7064
     2.1672     1.4301     1.2120    -0.8943
     2.3005     1.6408     0.8369    -1.0353
     2.3094     1.7325     0.3637    -1.2702
     2.2472     1.8425    -0.0826    -1.3547
     2.0695     1.8058    -0.4395    -1.4956
     1.7764     1.7600    -0.7786    -1.5097
     1.3144     1.5492    -1.0462    -1.5238
     0.7812     1.2560    -1.3406    -1.3359
     0.3368     0.9263    -1.5011    -1.1574
    -0.1344     0.5784    -1.6081    -0.9883
    -0.4634     0.1942    -1.6259    -0.7721
    -0.8102    -0.1808    -1.5368    -0.4620
    -1.2016    -0.4276    -1.5368    -0.1423
    -1.3795    -0.6834    -1.3673     0.2432
    -1.5485    -1.0122    -1.1800     0.5819
    -1.7887    -1.2588    -0.9035     1.0335
    -1.8065    -1.4322    -0.5555     1.2970
    -1.7887    -1.4596    -0.2075     1.5418
    -1.7353    -1.4687     0.3370     1.6547
    -1.5841    -1.3501     0.8191     1.7018
    -1.3884    -1.2314     1.4799     1.7112
    -1.0415    -1.0853     2.1947     1.6924
    -0.6857    -1.0122     2.6504     1.4853
    -0.2678    -0.7382     3.2046     1.3817
     0.1857    -0.5281     3.2315     1.1276
     0.5768    -0.1168     3.2315     0.8830
     0.9590     0.2216     2.7845     0.5913
     1.3055     0.5876     2.1500     0.2432
     1.6431     0.9263     1.6586    -0.0389
     1.9363     1.1369     1.0959    -0.2645
     2.0873     1.4759     0.6226    -0.4808
     2.1584     1.6225     0.0692    -0.6876
     2.2117     1.7691    -0.5020    -0.8943
     2.1850     1.7737    -0.9659    -1.1574
     2.0607     1.7783    -1.3227    -1.2890
     1.7942     1.6958    -1.5368    -1.4017
     1.4033     1.5400    -1.7865    -1.4111
     0.9234     1.1644    -1.8489    -1.2796
     0.4079     0.7707    -1.9559    -1.2138
    -0.0277     0.4595    -1.9380    -1.0635
    -0.4812     0.0113    -1.8667    -0.8567
    -0.8102    -0.4184    -1.6616    -0.6312
    -1.0504    -0.6926    -1.4476    -0.3774
    -1.3706    -0.8935    -1.2068    -0.0859
    -1.5574    -1.2040    -0.8946     0.2903
    -1.7353    -1.3683    -0.4663     0.7418
    -1.8866    -1.5235    -0.0112     1.0712
    -1.8599    -1.5189     0.4441     1.4288
    -1.8065    -1.5143     0.9530     1.6924
    -1.6375    -1.3774     1.5067     1.8431
    -1.4418    -1.2314     1.9177     1.8713
    -1.1749    -1.1310     2.3823     1.7771
    -0.7835    -0.9209     2.6772     1.6924
    -0.3300    -0.6195     2.8024     1.5418
     0.0612    -0.2722     2.7309     1.3535
     0.4879     0.0844     2.5164     1.1559
     0.8523     0.5510     2.2483     0.8641
     1.2700     0.8714     2.0249     0.5066
     1.6254     1.3110     1.6765     0.1868
     1.8652     1.6225     1.3281    -0.0953
     2.0873     1.8700     0.8994    -0.3586
     2.1939     1.9983     0.4441    -0.6124
     2.2383     2.0533     0.0067    -0.8943
     2.2028     2.0442    -0.2254    -1.1668
     2.0607     1.8608    -0.4931    -1.2702
     1.8030     1.7141    -0.8410    -1.3078
     1.4299     1.3384    -1.0194    -1.3171
     0.9056     0.8531    -1.2335    -1.3359
     0.4346     0.5510    -1.3941    -1.2138
    -0.0366     0.1301    -1.5189    -1.0541
    -0.4189    -0.3179    -1.5189    -0.9131
    -0.7302    -0.7291    -1.4743    -0.7721
    -0.9881    -0.9301    -1.4476    -0.5090
    -1.2460    -1.0762    -1.3316    -0.2175
    -1.4951    -1.3135    -1.2424     0.1962
    -1.6731    -1.5417    -0.9481     0.5725
    -1.7976    -1.6603    -0.7072     0.9582
    -1.7709    -1.6512    -0.3860     1.3253
    -1.7442    -1.6603    -0.1093     1.6077
    -1.6197    -1.4505     0.2566     1.8054
    -1.3973    -1.3866     0.6405     1.8242
    -1.1482    -1.1766     0.9441     1.8431
    -0.8191    -0.9848     1.2924     1.6547
    -0.4367    -0.6560     1.5246     1.4382
    -0.0010    -0.1990     1.8551     1.3253
     0.4790     0.2216     2.0160     1.0147
     0.7901     0.5968     2.0606     0.7042
     1.1900     1.0270     2.0428     0.3749
     1.5099     1.4209     1.9534    -0.0107
     1.7853     1.7141     1.8015    -0.2363
     2.0340     1.9250     1.6229    -0.4996
     2.2117     2.0167     1.3549    -0.6876
     2.2472     2.0075     0.9977    -0.8285
     2.2117     1.9800     0.6316    -1.0823
     2.0251     1.7508     0.3013    -1.2984
     1.8119     1.4484    -0.0469    -1.3078
     1.4388     1.1369    -0.2967    -1.3453
     0.9856     0.7981    -0.5109    -1.2608
     0.4879     0.3680    -0.7875    -1.1950
     0.0168     0.0387    -0.9124    -1.0447
    -0.3656    -0.3910    -1.0462    -0.9507
    -0.6412    -0.5738    -1.1443    -0.6782
    -0.8991    -0.7565    -1.1978    -0.4338
    -1.2016    -0.9027    -1.1978    -0.1799
    -1.4240    -1.1492    -1.1354     0.2338
    -1.5129    -1.2770    -1.0462     0.6665
    -1.6375    -1.3866    -0.9124     1.0900
    -1.6909    -1.4231    -0.7964     1.5135
    -1.6731    -1.3866    -0.6001     1.8525
    -1.5663    -1.2953    -0.4395     2.1256
    -1.3528    -1.1583    -0.1361     2.1067
    -1.2105    -0.9757     0.1584     2.0879
    -0.8725    -0.8387     0.5066     1.9372
    -0.5078    -0.5007     0.8637     1.6547
    -0.1522    -0.1350     1.1941     1.3535
     0.2657     0.2674     1.4621     0.9959
     0.6123     0.6242     1.6229     0.5066
     0.9678     0.9812     1.6407     0.2432
     1.3855     1.3476     1.6943    -0.0859
     1.6964     1.5858     1.5961    -0.4150
     1.9718     1.8150     1.4978    -0.6124
     2.2117     1.9433     1.3013    -0.7909
     2.2117     1.9983     1.1138    -0.9601
     2.2117     1.8700     0.8637    -1.2044
     1.9985     1.7325     0.6137    -1.3453
     1.7853     1.4392     0.3459    -1.3218
     1.4210     1.2010     0.0602    -1.2984
     1.0123     0.8622    -0.2164    -1.2232
     0.6035     0.5327    -0.3949    -1.0729
     0.1145     0.1942    -0.5644    -0.9507
    -0.1700    -0.1533    -0.6715    -0.7909
    -0.4901    -0.3362    -0.7340    -0.6030
    -0.7835    -0.5646    -0.8053    -0.3115
    -1.0326    -0.7839    -0.8946    -0.0201
    -1.2905    -0.9848    -0.8678     0.3843
    -1.4862    -1.1766    -0.7875     0.7983
    -1.5663    -1.3044    -0.7250     1.1935
    -1.6108    -1.4048    -0.6626     1.5700
    -1.6019    -1.3592    -0.4931     1.9466
    -1.5841    -1.2953    -0.3146     2.0596
    -1.4240    -1.2588    -0.0469     2.0879
    -1.2016    -1.1492     0.2298     1.9278
    -0.9881    -0.9483     0.4709     1.7112
    -0.6235    -0.6743     0.8191     1.4288
    -0.2855    -0.4184     1.0245     1.1653
     0.1145     0.0570     1.3460     0.8830
     0.4879     0.3863     1.5335     0.4596
     0.8790     0.7340     1.6586     0.1774
     1.2611     1.1094     1.6943    -0.1611
     1.6254     1.4301     1.6407    -0.3680
     1.9008     1.7050     1.4621    -0.5842
     2.2028     1.8791     1.2031    -0.7909
     2.2649     1.8746     0.8459    -0.8661
     2.2561     1.8700     0.5780    -1.0635
     1.9896     1.7141     0.2298    -1.2044
     1.8208     1.4392    -0.0647    -1.3265
     1.5099     1.2102    -0.3146    -1.3265
     1.1189     0.8439    -0.5823    -1.2702
     0.6123     0.5327    -0.7697    -1.1856
     0.2301     0.1667    -0.9124    -1.1011
    -0.1788    -0.2539    -1.0640    -0.9601
    -0.4990    -0.4550    -1.1265    -0.8285
    -0.7835    -0.6195    -1.1889    -0.5748
    -1.0059    -0.8387    -1.0819    -0.2551
    -1.2905    -1.0579    -1.0284     0.0834
    -1.4684    -1.2314    -0.8767     0.4690
    -1.5930    -1.4505    -0.6537     0.8265
    -1.6820    -1.4231    -0.3949     1.2029
    -1.6553    -1.3592    -0.1272     1.5229
    -1.5930    -1.2770     0.2120     1.7301
    -1.4684    -1.2040     0.6226     1.8807
    -1.2638    -1.1036     1.0512     1.8054
    -0.9614    -0.8935     1.5782     1.6924
    -0.7213    -0.6286     2.3108     1.4665
    -0.2767    -0.3087     3.1152     1.2123
     0.1234     0.2308     3.3566     0.8735
     0.4879     0.5418     3.4282     0.5913
     0.7812     0.9538     3.2583     0.2527
     1.1722     1.3110     2.3198    -0.0389
     1.5276     1.5858     1.6765    -0.2645
     1.8652     1.8241     0.9619    -0.4244
     2.1406     2.0258     0.3191    -0.6030
     2.1584     2.0075    -0.3324    -0.7815
     2.1761     1.9617    -0.8321    -0.9883
     2.0429     1.7691    -1.2514    -1.1198
     1.8475     1.5125    -1.6259    -1.1762
     1.5721     1.0820    -1.8400    -1.1762
     1.1722     0.6974    -2.0005    -1.1856
     0.7368     0.3131    -2.0896    -1.1011
     0.3457    -0.1259    -2.0361    -1.0447
    -0.0633    -0.5281    -1.9915    -1.0259
    -0.4189    -0.7200    -1.8221    -0.8097
    -0.6857    -0.9392    -1.6259    -0.6406
    -1.0148    -1.1675    -1.3584    -0.3398
    -1.3172    -1.3683    -1.0284    -0.0389
    -1.4418    -1.5143    -0.5823     0.2903
    -1.5663    -1.6056    -0.1004     0.6665
    -1.6286    -1.5873     0.5512     1.0523
    -1.6464    -1.4505     1.1495     1.3629
    -1.6464    -1.3957     1.6675     1.7018
    -1.4506    -1.2223     2.1947     1.9372
    -1.2727    -1.0853     2.7577     2.1256
    -0.9792    -0.8479     3.0974     2.0220
    -0.7480    -0.5007     3.0929     1.8713
    -0.4189    -0.1899     3.0884     1.5229
    -0.0722     0.2765     2.7487     1.2594
     0.2479     0.5784     2.4181     0.8830
     0.6035     0.9995     2.0160     0.5160
     0.9323     1.4301     1.6229     0.1868
     1.2877     1.7508     1.1941    -0.1517
     1.5898     1.8975     0.6494    -0.3304
     1.9274     2.0625     0.2298    -0.5748
     2.0162     2.0992    -0.2075    -0.8003
     2.0518     1.9341    -0.4663    -0.9789
     1.9985     1.7508    -0.7875    -1.1574
     1.8119     1.4759    -1.0284    -1.2232
     1.5721     1.0453    -1.2246    -1.2044
     1.2433     0.6791    -1.4476    -1.1668
     0.8345     0.3863    -1.5635    -1.1480
     0.4168    -0.0985    -1.5680    -1.0447
     0.0079    -0.4276    -1.5724    -0.9225
    -0.2944    -0.6743    -1.4743    -0.8003
    -0.5523    -0.8753    -1.3227    -0.6030
    -0.8458    -0.9940    -1.2514    -0.3021
    -1.0948    -1.2679    -1.0105     0.0175
    -1.3528    -1.3409    -0.8499     0.3843
    -1.5218    -1.4322    -0.5466     0.7042
    -1.5663    -1.4048    -0.1986     1.1182
    -1.5841    -1.3774     0.2655     1.4100
    -1.5040    -1.2770     0.6137     1.7018
    -1.4151    -1.1583     0.9441     1.9466
    -1.2194    -0.9483     1.2745     2.0031
    -0.9258    -0.8113     1.5603     2.0314
    -0.7213    -0.4641     1.8105     1.9184
    -0.4100    -0.1625     2.0070     1.6265
    -0.0544     0.1942     2.1947     1.3253
     0.2301     0.5418     2.2215     0.9018
     0.5412     0.8622     2.1768     0.5254
     0.8790     1.2193     1.9981     0.1586
     1.2611     1.5492     1.7747    -0.1517
     1.5632     1.7508     1.5603    -0.4338
     1.8475     1.8241     1.1941    -0.6970
     2.1140     1.8150     0.8905    -0.8285
     2.1140     1.8058     0.5512    -1.0635
     2.1140     1.6225     0.2031    -1.1762
     1.9718     1.4667    -0.1272    -1.2232
     1.7586     1.1644    -0.3592    -1.1762
     1.4388     0.8073    -0.6269    -1.0635
     1.0212     0.5693    -0.8053    -1.0165
     0.5768     0.1667    -0.9213    -0.8661
     0.1679    -0.0985    -1.0730    -0.7721
    -0.1700    -0.3453    -1.1800    -0.5748
    -0.4812    -0.5098    -1.3049    -0.3680
    -0.7568    -0.7017    -1.2424    -0.0671
    -1.0681    -0.9757    -1.1532     0.2056
    -1.2460    -1.1218    -1.0730     0.5348
    -1.4151    -1.1766    -0.9659     0.9206
    -1.5129    -1.2953    -0.7964     1.1747
    -1.5663    -1.2953    -0.5555     1.4382
    -1.5218    -1.2223    -0.3324     1.7301
    -1.4240    -1.1949    -0.0379     1.9372
    -1.2549    -1.0762     0.2388     2.0125
    -1.0504    -0.8204     0.5512     2.0314
    -0.7124    -0.6012     0.8637     1.8619
    -0.4456    -0.3544     1.1673     1.5606
    -0.1255     0.1393     1.4442     1.2406
     0.1590     0.4686     1.6854     0.8641
     0.4435     0.8439     1.8194     0.4126
     0.7457     1.1644     1.8015     0.0740
     1.1633     1.5125     1.8373    -0.2457
     1.4743     1.7691     1.7211    -0.5372
     1.8563     1.9525     1.4621    -0.7440
     2.0607     2.0075     1.2924    -0.9601
     2.2649     1.9525     0.9441    -1.1011
     2.2028     1.8791     0.6584    -1.1762
     2.1495     1.6591     0.4352    -1.1762
     1.8475     1.3659     0.1852    -1.1480
     1.5543     1.0545    -0.0112    -1.0635
     1.2344     0.6883    -0.2610    -0.9695
     0.8168     0.3222    -0.3860    -0.8849
     0.3368     0.0021    -0.5734    -0.6688
    -0.0277    -0.2722    -0.6180    -0.4996
    -0.3567    -0.5098    -0.7697    -0.3210
    -0.6323    -0.7017    -0.8856    -0.1235
    -0.9169    -1.0122    -0.9035     0.1398
    -1.1304    -1.2131    -0.9481     0.4878
    -1.2549    -1.3227    -0.9124     0.7042
    -1.3884    -1.4505    -0.8232     0.9959
    -1.4506    -1.4413    -0.7429     1.3159
    -1.4373    -1.4322    -0.5555     1.5135
    -1.4240    -1.2953    -0.3414     1.7301
    -1.2371    -1.1218    -0.0915     1.7583
    -1.0237    -0.9575     0.1763     1.7677
    -0.8547    -0.6195     0.5155     1.6736
    -0.5434    -0.2813     0.8637     1.4570
    -0.2855     0.1393     1.2299     1.1841
     0.0701     0.5693     1.4710     0.8735
     0.3901     0.9538     1.6586     0.4972
     0.7279     1.3201     1.6720     0.1586
     1.0745     1.7050     1.6854    -0.1705
     1.4388     1.9433     1.5335    -0.3868
     1.7675     2.1542     1.3996    -0.6030
     1.9985     2.1909     1.2031    -0.7440
     2.1228     2.0625     0.9173    -0.8755
     2.1850     1.8608     0.6762    -1.0071
     1.9807     1.6133     0.3994    -1.0447
     1.8475     1.2743     0.0692    -1.0823
     1.5809     0.8988    -0.1807    -1.0071
     1.1900     0.5784    -0.3681    -0.9883
     0.7634     0.1667    -0.5466    -0.8943
     0.3101    -0.1899    -0.6447    -0.8191
    -0.0544    -0.4915    -0.6804    -0.7158
    -0.3567    -0.6103    -0.7607    -0.4996
    -0.6679    -0.9392    -0.7518    -0.3115
    -1.0059    -1.1675    -0.7697    -0.1235
    -1.1571    -1.3774    -0.7875     0.1868
    -1.3884    -1.5143    -0.7072     0.4690
    -1.4773    -1.5326    -0.6091     0.6948
    -1.5307    -1.4505    -0.4395     1.0335
    -1.5307    -1.3957    -0.2700     1.2594
    -1.5307    -1.2314     0.0067     1.4665
    -1.3172    -1.0762     0.3013     1.6547
    -1.1660    -0.7930     0.5780     1.7206
    -0.8991    -0.5007     0.9709     1.7018
    -0.6235    -0.1442     1.3728     1.5606
    -0.3033     0.3131     1.9802     1.3723
     0.0079     0.6791     2.4002     1.0617
     0.3635     0.9812     2.7756     0.6477
     0.6923     1.3934     2.8113     0.2432
     1.0834     1.7508     2.4806     0.0081
     1.4654     1.9892     2.0070    -0.2269
     1.7764     2.0258     1.4710    -0.5278
     2.0429     2.0350     0.9173    -0.6876
     2.2028     1.9250     0.3905    -0.8191
     2.2383     1.6316    -0.1183    -0.9977
     2.1939     1.3568    -0.4574    -1.0823
     2.0340     0.9812    -0.8499    -1.0917
     1.8119     0.6425    -1.0908    -1.1198
     1.4033     0.3131    -1.2514    -1.0917
     1.0212    -0.1076    -1.4476    -0.9883
     0.5501    -0.4093    -1.5814    -0.9507
     0.1412    -0.5921    -1.6259    -0.8191
    -0.2144    -0.7200    -1.6616    -0.6406
    -0.5167    -0.9757    -1.5992    -0.4056
    -0.8814    -1.0944    -1.5368    -0.1517
    -1.0948    -1.3318    -1.3316     0.0834
    -1.2105    -1.4048    -1.0194     0.4220
    -1.3528    -1.3957    -0.6804     0.6948
    -1.4062    -1.4322    -0.3146     1.0147
    -1.4062    -1.3409     0.1852     1.3535
    -1.4240    -1.2131     0.8191     1.5983
    -1.2194    -1.0670     1.3728     1.7395
    -1.0948    -0.8387     1.9534     1.8619
    -0.8369    -0.5189     2.7398     1.7960
    -0.5701    -0.2173     3.3924     1.6924
    -0.2678     0.2308     3.3790     1.4288
     0.0168     0.5235     3.3656     1.1653
     0.3546     0.9721     2.7845     0.8171
     0.7190     1.2560     2.2036     0.4220
     1.0212     1.6133     1.6139     0.1304
     1.2966     1.8516     1.0691    -0.1705
     1.6343     1.9892     0.6494    -0.4056
     1.9008     1.9983     0.0692    -0.6124
     2.0074     1.8883    -0.3949    -0.8097
     2.0207     1.6683    -0.7786    -0.9883
     2.0340     1.4209    -1.0462    -1.0635
     1.8741     1.1186    -1.2424    -1.0729
     1.6876     0.8164    -1.4743    -1.0917
     1.3499     0.4229    -1.6349    -1.0447
     0.8967     0.0478    -1.7419    -1.0447
     0.4523    -0.2630    -1.8310    -0.9601
     0.0168    -0.4001    -1.7865    -0.8379
    -0.2678    -0.5829    -1.6527    -0.6312
    -0.5790    -0.7565    -1.5368    -0.4150
    -0.9258    -0.9666    -1.3049    -0.1799
    -1.1571    -1.1857    -0.9927     0.0834
    -1.2727    -1.3409    -0.5734     0.4126
    -1.3973    -1.4322    -0.2610     0.6571
    -1.5129    -1.4231     0.1317     0.9300
    -1.5396    -1.4231     0.4619     1.3064
    -1.4506    -1.3318     0.8994     1.4947
    -1.2905    -1.1218     1.3728     1.7206
    -1.0770    -0.9666     1.6765     1.7583
    -0.8547    -0.6834     2.0964     1.6736
    -0.5612    -0.3179     2.2929     1.5512
    -0.2678     0.0204     2.4896     1.3723
     0.0345     0.3588     2.4538     1.0994
     0.3635     0.7157     2.3198     0.7042
     0.5946     1.0911     2.1142     0.3749
     0.9145     1.4301     1.8373     0.0552
     1.2433     1.6591     1.5782    -0.2081
     1.5010     1.8516     1.1941    -0.4150
     1.7586     1.9433     0.8459    -0.6124
     1.9541     1.9158     0.3905    -0.7815
     2.1228     1.7508     0.1138    -0.9131
     2.1495     1.5583    -0.2075    -1.0071
     2.0251     1.2560    -0.4752    -1.0165
     1.8563     0.8988    -0.7607    -1.0541
     1.5010     0.6059    -0.9302    -1.0541
     1.1278     0.2765    -1.1532    -1.0071
     0.7190    -0.1259    -1.2514    -0.9507
     0.2479    -0.3727    -1.3049    -0.7815
    -0.1522    -0.5464    -1.2781    -0.6124
    -0.4367    -0.7474    -1.2157    -0.4150
    -0.7657    -1.0305    -1.2068    -0.1705
    -0.9792    -1.2314    -1.0730     0.0552
    -1.1927    -1.3774    -0.9302     0.3561
    -1.3528    -1.4505    -0.7518     0.6665
    -1.4595    -1.4596    -0.5020     1.0241
    -1.4551    -1.3774    -0.1986     1.2876
    -1.4506    -1.3135     0.1049     1.5229
    -1.3261    -1.1310     0.3637     1.7395
    -1.0770    -0.8935     0.6584     1.8525
    -0.8725    -0.6743     0.9441     1.7960
    -0.6590    -0.3270     1.2567     1.6171
    -0.4456     0.1850     1.5067     1.2970
    -0.1344     0.5235     1.7747     1.0241
     0.1412     0.9446     1.9713     0.6101
     0.4523     1.2835     2.0070     0.2997
     0.7634     1.6408     1.9891     0.0081
     1.0567     1.9892     1.7926    -0.2457
     1.3588     2.1175     1.6050    -0.4902
     1.5632     2.2184     1.3281    -0.6312
     1.8741     2.2001     0.9619    -0.7440
     2.0162     2.0442     0.6762    -0.8567
     1.9807     1.7966     0.3459    -0.9413
     1.9807     1.4301     0.0424    -0.9601
     1.8119     1.1278    -0.1629    -0.8943
     1.5276     0.7524    -0.4128    -0.8473
     1.0567     0.3222    -0.6358    -0.8379
     0.6212    -0.0345    -0.8232    -0.7815
     0.2479    -0.4001    -0.9035    -0.6312
    -0.1255    -0.5555    -0.9748    -0.5466
    -0.4456    -0.8387    -1.0194    -0.3774
    -0.7657    -1.0488    -0.9570    -0.2081
    -1.0948    -1.2131    -0.9302    -0.0013
    -1.2105    -1.3501    -0.8053     0.2997
    -1.3795    -1.4505    -0.7250     0.5537
    -1.4951    -1.4870    -0.6180     0.9300
    -1.4862    -1.4505    -0.4841     1.2500
    -1.5040    -1.3957    -0.2610     1.5229
    -1.3795    -1.2588    -0.0647     1.7583
    -1.1838    -0.9757     0.2477     1.7630
    -0.9525    -0.6469     0.6048     1.7677
    -0.7480    -0.2996     0.8726     1.6359
    -0.4456     0.2033     1.2299     1.3253
    -0.1700     0.6059     1.6139     1.0712
     0.2034     1.0087     1.8730     0.7230
     0.4346     1.4301     2.0338     0.3937
     0.7190     1.7416     2.0517     0.1116
     1.0034     2.0258     1.8730    -0.2081
     1.2700     2.1267     1.6675    -0.4150
     1.5188     2.1221     1.3638    -0.4996
     1.7675     2.1175     0.9619    -0.6688
     1.8119     1.9617     0.5959    -0.8191
     1.8652     1.7508     0.1941    -0.8849
     1.8652     1.4575    -0.1004    -0.9131
     1.6964     1.0911    -0.3503    -0.9225
     1.4477     0.6334    -0.6180    -0.9883
     1.1633     0.2856    -0.7964    -0.9695
     0.7368    -0.1533    -0.9392    -0.9789
     0.2923    -0.4733    -1.0551    -0.9413
    -0.0988    -0.6743    -1.0908    -0.8191
    -0.4278    -0.9301    -1.1176    -0.6876
    -0.7924    -1.1218    -1.0819    -0.5184
    -1.0415    -1.3135    -0.9927    -0.2551
    -1.2638    -1.4505    -0.9302    -0.0201
    -1.3706    -1.5235    -0.8143     0.3467
    -1.5218    -1.4961    -0.7340     0.7136
    -1.6019    -1.4413    -0.5377     1.0523
    -1.5752    -1.3957    -0.3414     1.4665
    -1.4773    -1.2131     0.0067     1.6547
    -1.2460    -0.9940     0.3102     1.6736
    -0.9614    -0.6560     0.7387     1.6453
    -0.7657    -0.2996     1.1138     1.4853
    -0.5345     0.0936     1.5157     1.2782
    -0.1877     0.5144     1.9266     0.9959
     0.0968     0.8622     2.4181     0.6948
     0.4701     1.2743     2.8113     0.3561
     0.7634     1.6408     2.8471     0.1398
     0.9945     1.8883     2.4449    -0.1611
     1.2789     1.9892     1.9981    -0.3774
     1.4743     2.0258     1.4621    -0.4808
     1.6343     2.0625     0.9709    -0.6124
          3          3          3          3
